1.2600000000
1.2600000000
1.5570000000
1.5570000000
1.5570000000
1.5570000000
1.5590000000
1.5590000000
1.5590000000
1.5590000000
1.2190000000
1.2190000000
1.2190000000
1.2190000000
1.3480000000
1.3480000000
1.3480000000
1.3480000000
1.3440000000
1.3440000000
1.3440000000
1.3440000000
1.3770000000
1.3770000000
1.3770000000
1.3770000000
1.6130000000
1.6130000000
1.6130000000
1.6130000000
1.7410000000
1.7410000000
1.7410000000
1.7410000000
1.6850000000
1.6850000000
1.6850000000
1.6850000000
1.8800000000
1.8800000000
1.8800000000
1.8800000000
1.7710000000
1.7710000000
1.7710000000
1.7710000000
1.7150000000
1.7150000000
1.7150000000
1.7150000000
1.9360000000
1.9360000000
1.9360000000
1.9360000000
1.8540000000
1.8540000000
1.8540000000
1.8540000000
1.9960000000
1.9960000000
1.9960000000
1.9960000000
2.1850000000
2.1850000000
2.1850000000
2.1850000000
2.2500000000
2.2500000000
2.2500000000
2.2500000000
2.0150000000
2.0150000000
2.0150000000
2.0150000000
2.1080000000
2.1080000000
2.1080000000
2.1080000000
2.0820000000
2.0820000000
2.0820000000
2.0820000000
1.8130000000
1.8130000000
1.8130000000
1.8130000000
2.0890000000
2.0890000000
2.0890000000
2.0890000000
2.1470000000
2.1470000000
2.1470000000
2.1470000000
2.1090000000
2.1090000000
2.1090000000
2.1090000000
2.0850000000
2.0850000000
2.0850000000
2.0850000000
2.2190000000
2.2190000000
2.2190000000
2.2190000000
2.2760000000
2.2760000000
2.2760000000
2.2760000000
2.2450000000
2.2450000000
2.2450000000
2.2450000000
2.0280000000
2.0280000000
2.0280000000
2.0280000000
2.1600000000
2.1600000000
2.1600000000
2.1600000000
2.1610000000
2.1610000000
2.1610000000
2.1610000000
2.4940000000
2.4940000000
2.4940000000
2.4940000000
2.2340000000
2.2340000000
2.2340000000
2.2340000000
1.3760000000
1.3760000000
1.3760000000
1.3760000000
1.0780000000
1.0780000000
1.0780000000
1.0780000000
0.4770000000
0.4770000000
0.4770000000
0.4770000000
0.6810000000
0.6810000000
0.6810000000
0.6810000000
1.4830000000
1.4830000000
1.4830000000
1.4830000000
1.2890000000
1.2890000000
1.2890000000
1.2890000000
1.4360000000
1.4360000000
1.4360000000
1.4360000000
1.5620000000
1.5620000000
1.5620000000
1.5620000000
1.4660000000
1.4660000000
1.4660000000
1.4660000000
1.3340000000
1.3340000000
1.3340000000
1.3340000000
1.2330000000
1.2330000000
1.2330000000
1.2330000000
1.2260000000
1.2260000000
1.2260000000
1.2260000000
1.1980000000
1.1980000000
1.1980000000
1.1980000000
1.3850000000
1.3850000000
1.3850000000
1.3850000000
1.3380000000
1.3380000000
1.3380000000
1.3380000000
1.5620000000
1.5620000000
1.5620000000
1.5620000000
1.3100000000
1.3100000000
1.3100000000
1.3100000000
1.6420000000
1.6420000000
1.6420000000
1.6420000000
1.5530000000
1.5530000000
1.5530000000
1.5530000000
2.0810000000
2.0810000000
2.0810000000
2.0810000000
1.5660000000
1.5660000000
1.5660000000
1.5660000000
1.9760000000
1.9760000000
1.9760000000
1.9760000000
1.9640000000
1.9640000000
1.9640000000
1.9640000000
1.8230000000
1.8230000000
1.8230000000
1.8230000000
1.5450000000
1.5450000000
1.5450000000
1.5450000000
1.4340000000
1.4340000000
1.4340000000
1.4340000000
1.3960000000
1.3960000000
1.3960000000
1.3960000000
1.3080000000
1.3080000000
1.3080000000
1.3080000000
1.2410000000
1.2410000000
1.2410000000
1.2410000000
1.2870000000
1.2870000000
1.2870000000
1.2870000000
1.3810000000
1.3810000000
1.3810000000
1.3810000000
1.7320000000
1.7320000000
1.7320000000
1.7320000000
1.5810000000
1.5810000000
1.5810000000
1.5810000000
1.6930000000
1.6930000000
1.6930000000
1.6930000000
1.7800000000
1.7800000000
1.7800000000
1.7800000000
2.0190000000
2.0190000000
2.0190000000
2.0190000000
1.8920000000
1.8920000000
1.8920000000
1.8920000000
1.9130000000
1.9130000000
1.9130000000
1.9130000000
2.0800000000
2.0800000000
2.0800000000
2.0800000000
2.1250000000
2.1250000000
2.1250000000
2.1250000000
2.2940000000
2.2940000000
2.2940000000
2.2940000000
2.0520000000
2.0520000000
2.0520000000
2.0520000000
2.1940000000
2.1940000000
2.1940000000
2.1940000000
2.2450000000
2.2450000000
2.2450000000
2.2450000000
2.5370000000
2.5370000000
2.5370000000
2.5370000000
2.7470000000
2.7470000000
2.7470000000
2.7470000000
2.5730000000
2.5730000000
2.5730000000
2.5730000000
2.5690000000
2.5690000000
2.5690000000
2.5690000000
2.6380000000
2.6380000000
2.6380000000
2.6380000000
2.6160000000
2.6160000000
2.6160000000
2.6160000000
2.9050000000
2.9050000000
2.9050000000
2.9050000000
2.7840000000
2.7840000000
2.7840000000
2.7840000000
2.6780000000
2.6780000000
2.6780000000
2.6780000000
2.6690000000
2.6690000000
2.6690000000
2.6690000000
2.7650000000
2.7650000000
2.7650000000
2.7650000000
3.1650000000
3.1650000000
3.1650000000
3.1650000000
3.2470000000
3.2470000000
3.2470000000
3.2470000000
3.1910000000
3.1910000000
3.1910000000
3.1910000000
3.1020000000
3.1020000000
3.1020000000
3.1020000000
2.9560000000
2.9560000000
2.9560000000
2.9560000000
2.9670000000
2.9670000000
2.9670000000
2.9670000000
3.2200000000
3.2200000000
3.2200000000
3.2200000000
3.1270000000
3.1270000000
3.1270000000
3.1270000000
2.6230000000
2.6230000000
2.6230000000
2.6230000000
2.4960000000
2.4960000000
2.4960000000
2.4960000000
2.2210000000
2.2210000000
2.2210000000
2.2210000000
2.2720000000
2.2720000000
2.2720000000
2.2720000000
1.9160000000
1.9160000000
1.9160000000
1.9160000000
1.9810000000
1.9810000000
1.9810000000
1.9810000000
2.0750000000
2.0750000000
2.0750000000
2.0750000000
2.4020000000
2.4020000000
2.4020000000
2.4020000000
2.6270000000
2.6270000000
2.6270000000
2.6270000000
2.8520000000
2.8520000000
2.8520000000
2.8520000000
2.7490000000
2.7490000000
2.7490000000
2.7490000000
2.9330000000
2.9330000000
2.9330000000
2.9330000000
2.5890000000
2.5890000000
2.5890000000
2.5890000000
2.4290000000
2.4290000000
2.4290000000
2.4290000000
2.6380000000
2.6380000000
2.6380000000
2.6380000000
2.6560000000
2.6560000000
2.6560000000
2.6560000000
2.2390000000
2.2390000000
2.2390000000
2.2390000000
2.4200000000
2.4200000000
2.4200000000
2.4200000000
2.0470000000
2.0470000000
2.0470000000
2.0470000000
2.0090000000
2.0090000000
2.0090000000
2.0090000000
2.2100000000
2.2100000000
2.2100000000
2.2100000000
2.1470000000
2.1470000000
2.1470000000
2.1470000000
2.1530000000
2.1530000000
2.1530000000
2.1530000000
2.3300000000
2.3300000000
2.3300000000
2.3300000000
2.5180000000
2.5180000000
2.5180000000
2.5180000000
2.4940000000
2.4940000000
2.4940000000
2.4940000000
2.5420000000
2.5420000000
2.5420000000
2.5420000000
2.6000000000
2.6000000000
2.6000000000
2.6000000000
2.7180000000
2.7180000000
2.7180000000
2.7180000000
2.1670000000
2.1670000000
2.1670000000
2.1670000000
2.3060000000
2.3060000000
2.3060000000
2.3060000000
1.8880000000
1.8880000000
1.8880000000
1.8880000000
2.4860000000
2.4860000000
2.4860000000
2.4860000000
2.8910000000
2.8910000000
2.8910000000
2.8910000000
2.2690000000
2.2690000000
2.2690000000
2.2690000000
0.7690000000
0.7690000000
0.7690000000
0.7690000000
-0.0650000000
-0.0650000000
-0.0650000000
-0.0650000000
0.2180000000
0.2180000000
0.2180000000
0.2180000000
-0.4060000000
-0.4060000000
-0.4060000000
-0.4060000000
-0.4770000000
-0.4770000000
-0.4770000000
-0.4770000000
-0.2490000000
-0.2490000000
-0.2490000000
-0.2490000000
-0.8320000000
-0.8320000000
-0.8320000000
-0.8320000000
-1.0870000000
-1.0870000000
-1.0870000000
-1.0870000000
-1.2940000000
-1.2940000000
-1.2940000000
-1.2940000000
-0.9860000000
-0.9860000000
-0.9860000000
-0.9860000000
-1.6770000000
-1.6770000000
-1.6770000000
-1.6770000000
-3.6180000000
-3.6180000000
-3.6180000000
-3.6180000000
-3.3160000000
-3.3160000000
-3.3160000000
-3.3160000000
-3.1980000000
-3.1980000000
-3.1980000000
-3.1980000000
-3.7470000000
-3.7470000000
-3.7470000000
-3.7470000000
-3.0650000000
-3.0650000000
-3.0650000000
-3.0650000000
-2.6700000000
-2.6700000000
-2.6700000000
-2.6700000000
-2.9290000000
-2.9290000000
-2.9290000000
-2.9290000000
-3.7890000000
-3.7890000000
-3.7890000000
-3.7890000000
-4.2190000000
-4.2190000000
-4.2190000000
-4.2190000000
-4.3400000000
-4.3400000000
-4.3400000000
-4.3400000000
-4.2500000000
-4.2500000000
-4.2500000000
-4.2500000000
-2.8400000000
-2.8400000000
-2.8400000000
-2.8400000000
-2.9090000000
-2.9090000000
-2.9090000000
-2.9090000000
-2.7330000000
-2.7330000000
-2.7330000000
-2.7330000000
-2.3450000000
-2.3450000000
-2.3450000000
-2.3450000000
-2.0210000000
-2.0210000000
-2.0210000000
-2.0210000000
-2.7790000000
-2.7790000000
-2.7790000000
-2.7790000000
-2.5660000000
-2.5660000000
-2.5660000000
-2.5660000000
-3.7100000000
-3.7100000000
-3.7100000000
-3.7100000000
1.0660000000
1.0660000000
1.0660000000
1.0660000000
2.3040000000
2.3040000000
2.3040000000
2.3040000000
4.0220000000
4.0220000000
4.0220000000
4.0220000000
4.4790000000
4.4790000000
4.4790000000
4.4790000000
4.2400000000
4.2400000000
4.2400000000
4.2400000000
3.8090000000
3.8090000000
3.8090000000
3.8090000000
3.6130000000
3.6130000000
3.6130000000
3.6130000000
2.2370000000
2.2370000000
2.2370000000
2.2370000000
2.8430000000
2.8430000000
2.8430000000
2.8430000000
3.7340000000
3.7340000000
3.7340000000
3.7340000000
2.4730000000
2.4730000000
2.4730000000
2.4730000000
1.6560000000
1.6560000000
1.6560000000
1.6560000000
0.7850000000
0.7850000000
0.7850000000
0.7850000000
1.6780000000
1.6780000000
1.6780000000
1.6780000000
2.2170000000
2.2170000000
2.2170000000
2.2170000000
3.3410000000
3.3410000000
3.3410000000
3.3410000000
3.8510000000
3.8510000000
3.8510000000
3.8510000000
4.1700000000
4.1700000000
4.1700000000
4.1700000000
4.5030000000
4.5030000000
4.5030000000
4.5030000000
5.2650000000
5.2650000000
5.2650000000
5.2650000000
5.4590000000
5.4590000000
5.4590000000
5.4590000000
5.1630000000
5.1630000000
5.1630000000
5.1630000000
4.5940000000
4.5940000000
4.5940000000
4.5940000000
5.1180000000
5.1180000000
5.1180000000
5.1180000000
5.0680000000
5.0680000000
5.0680000000
5.0680000000
5.5650000000
5.5650000000
5.5650000000
5.5650000000
5.7040000000
5.7040000000
5.7040000000
5.7040000000
5.4880000000
5.4880000000
5.4880000000
5.4880000000
5.3970000000
5.3970000000
5.3970000000
5.3970000000
5.4270000000
5.4270000000
5.4270000000
5.4270000000
5.4770000000
5.4770000000
5.4770000000
5.4770000000
5.1840000000
5.1840000000
5.1840000000
5.1840000000
5.0840000000
5.0840000000
5.0840000000
5.0840000000
5.4080000000
5.4080000000
5.4080000000
5.4080000000
5.8050000000
5.8050000000
5.8050000000
5.8050000000
5.1980000000
5.1980000000
5.1980000000
5.1980000000
4.3720000000
4.3720000000
4.3720000000
4.3720000000
4.1890000000
4.1890000000
4.1890000000
4.1890000000
4.8760000000
4.8760000000
4.8760000000
4.8760000000
4.9340000000
4.9340000000
4.9340000000
4.9340000000
4.9800000000
4.9800000000
4.9800000000
4.9800000000
4.9550000000
4.9550000000
4.9550000000
4.9550000000
5.5350000000
5.5350000000
5.5350000000
5.5350000000
3.0300000000
3.0300000000
3.0300000000
3.0300000000
5.0340000000
5.0340000000
5.0340000000
5.0340000000
5.5400000000
5.5400000000
5.5400000000
5.5400000000
5.3200000000
5.3200000000
5.3200000000
5.3200000000
5.5480000000
5.5480000000
5.5480000000
5.5480000000
5.3350000000
5.3350000000
5.3350000000
5.3350000000
5.5210000000
5.5210000000
5.5210000000
5.5210000000
5.1270000000
5.1270000000
5.1270000000
5.1270000000
5.3350000000
5.3350000000
5.3350000000
5.3350000000
5.0110000000
5.0110000000
5.0110000000
5.0110000000
5.1130000000
5.1130000000
5.1130000000
5.1130000000
5.4180000000
5.4180000000
5.4180000000
5.4180000000
5.2710000000
5.2710000000
5.2710000000
5.2710000000
4.9040000000
4.9040000000
4.9040000000
4.9040000000
4.6350000000
4.6350000000
4.6350000000
4.6350000000
3.8220000000
3.8220000000
3.8220000000
3.8220000000
4.4220000000
4.4220000000
4.4220000000
4.4220000000
5.1240000000
5.1240000000
5.1240000000
5.1240000000
5.2090000000
5.2090000000
5.2090000000
5.2090000000
5.2880000000
5.2880000000
5.2880000000
5.2880000000
5.5330000000
5.5330000000
5.5330000000
5.5330000000
5.6020000000
5.6020000000
5.6020000000
5.6020000000
5.6050000000
5.6050000000
5.6050000000
5.6050000000
5.6990000000
5.6990000000
5.6990000000
5.6990000000
5.7120000000
5.7120000000
5.7120000000
5.7120000000
5.8800000000
5.8800000000
5.8800000000
5.8800000000
6.1350000000
6.1350000000
6.1350000000
6.1350000000
6.1170000000
6.1170000000
6.1170000000
6.1170000000
4.9090000000
4.9090000000
4.9090000000
4.9090000000
1.7760000000
1.7760000000
1.7760000000
1.7760000000
2.1310000000
2.1310000000
2.1310000000
2.1310000000
2.3850000000
2.3850000000
2.3850000000
2.3850000000
1.9520000000
1.9520000000
1.9520000000
1.9520000000
1.9610000000
1.9610000000
1.9610000000
1.9610000000
2.3280000000
2.3280000000
2.3280000000
2.3280000000
2.6570000000
2.6570000000
2.6570000000
2.6570000000
2.9050000000
2.9050000000
2.9050000000
2.9050000000
2.6920000000
2.6920000000
2.6920000000
2.6920000000
2.4500000000
2.4500000000
2.4500000000
2.4500000000
2.2660000000
2.2660000000
2.2660000000
2.2660000000
2.4250000000
2.4250000000
2.4250000000
2.4250000000
2.4980000000
2.4980000000
2.4980000000
2.4980000000
2.4480000000
2.4480000000
2.4480000000
2.4480000000
2.5810000000
2.5810000000
2.5810000000
2.5810000000
2.6930000000
2.6930000000
2.6930000000
2.6930000000
2.6000000000
2.6000000000
2.6000000000
2.6000000000
2.5140000000
2.5140000000
2.5140000000
2.5140000000
2.2690000000
2.2690000000
2.2690000000
2.2690000000
2.1260000000
2.1260000000
2.1260000000
2.1260000000
2.2280000000
2.2280000000
2.2280000000
2.2280000000
2.3940000000
2.3940000000
2.3940000000
2.3940000000
2.4090000000
2.4090000000
2.4090000000
2.4090000000
2.5540000000
2.5540000000
2.5540000000
2.5540000000
2.5540000000
2.5540000000
2.5540000000
2.5540000000
2.5460000000
2.5460000000
2.5460000000
2.5460000000
2.8950000000
2.8950000000
2.8950000000
2.8950000000
3.0220000000
3.0220000000
3.0220000000
3.0220000000
3.1110000000
3.1110000000
3.1110000000
3.1110000000
4.3440000000
4.3440000000
4.3440000000
4.3440000000
3.6760000000
3.6760000000
3.6760000000
3.6760000000
3.9270000000
3.9270000000
3.9270000000
3.9270000000
3.2640000000
3.2640000000
3.2640000000
3.2640000000
3.6450000000
3.6450000000
3.6450000000
3.6450000000
3.7950000000
3.7950000000
3.7950000000
3.7950000000
3.3800000000
3.3800000000
3.3800000000
3.3800000000
3.5240000000
3.5240000000
3.5240000000
3.5240000000
3.7660000000
3.7660000000
3.7660000000
3.7660000000
3.5900000000
3.5900000000
3.5900000000
3.5900000000
2.2100000000
2.2100000000
2.2100000000
2.2100000000
2.1560000000
2.1560000000
2.1560000000
2.1560000000
2.2280000000
2.2280000000
2.2280000000
2.2280000000
1.9030000000
1.9030000000
1.9030000000
1.9030000000
1.8060000000
1.8060000000
1.8060000000
1.8060000000
1.5160000000
1.5160000000
1.5160000000
1.5160000000
1.3880000000
1.3880000000
1.3880000000
1.3880000000
2.1710000000
2.1710000000
2.1710000000
2.1710000000
2.3550000000
2.3550000000
2.3550000000
2.3550000000
0.9660000000
0.9660000000
0.9660000000
0.9660000000
1.4210000000
1.4210000000
1.4210000000
1.4210000000
1.5470000000
1.5470000000
1.5470000000
1.5470000000
1.6480000000
1.6480000000
1.6480000000
1.6480000000
1.6840000000
1.6840000000
1.6840000000
1.6840000000
1.4670000000
1.4670000000
1.4670000000
1.4670000000
1.5300000000
1.5300000000
1.5300000000
1.5300000000
1.6720000000
1.6720000000
1.6720000000
1.6720000000
1.7970000000
1.7970000000
1.7970000000
1.7970000000
1.8780000000
1.8780000000
1.8780000000
1.8780000000
2.1110000000
2.1110000000
2.1110000000
2.1110000000
3.1820000000
3.1820000000
3.1820000000
3.1820000000
2.7610000000
2.7610000000
2.7610000000
2.7610000000
1.0330000000
1.0330000000
1.0330000000
1.0330000000
0.7640000000
0.7640000000
0.7640000000
0.7640000000
1.8930000000
1.8930000000
1.8930000000
1.8930000000
1.8730000000
1.8730000000
1.8730000000
1.8730000000
1.7600000000
1.7600000000
1.7600000000
1.7600000000
1.9870000000
1.9870000000
1.9870000000
1.9870000000
1.7840000000
1.7840000000
1.7840000000
1.7840000000
1.8780000000
1.8780000000
1.8780000000
1.8780000000
2.5500000000
2.5500000000
2.5500000000
2.5500000000
2.8760000000
2.8760000000
2.8760000000
2.8760000000
2.8960000000
2.8960000000
2.8960000000
2.8960000000
2.7610000000
2.7610000000
2.7610000000
2.7610000000
2.4290000000
2.4290000000
2.4290000000
2.4290000000
2.9500000000
2.9500000000
2.9500000000
2.9500000000
2.9900000000
2.9900000000
2.9900000000
2.9900000000
2.7540000000
2.7540000000
2.7540000000
2.7540000000
2.6770000000
2.6770000000
2.6770000000
2.6770000000
2.6020000000
2.6020000000
2.6020000000
2.6020000000
2.0500000000
2.0500000000
2.0500000000
2.0500000000
2.2380000000
2.2380000000
2.2380000000
2.2380000000
2.7030000000
2.7030000000
2.7030000000
2.7030000000
3.0080000000
3.0080000000
3.0080000000
3.0080000000
3.0070000000
3.0070000000
3.0070000000
3.0070000000
3.0760000000
3.0760000000
3.0760000000
3.0760000000
2.7640000000
2.7640000000
2.7640000000
2.7640000000
2.8000000000
2.8000000000
2.8000000000
2.8000000000
3.2950000000
3.2950000000
3.2950000000
3.2950000000
4.5060000000
4.5060000000
4.5060000000
4.5060000000
4.7740000000
4.7740000000
4.7740000000
4.7740000000
5.1550000000
5.1550000000
5.1550000000
5.1550000000
5.4410000000
5.4410000000
5.4410000000
5.4410000000
4.9310000000
4.9310000000
4.9310000000
4.9310000000
-1.7160000000
-1.7160000000
-1.7160000000
-1.7160000000
-3.7220000000
-3.7220000000
-3.7220000000
-3.7220000000
-1.9590000000
-1.9590000000
-1.9590000000
-1.9590000000
0.0780000000
0.0780000000
0.0780000000
0.0780000000
1.7830000000
1.7830000000
1.7830000000
1.7830000000
1.7500000000
1.7500000000
1.7500000000
1.7500000000
0.8290000000
0.8290000000
0.8290000000
0.8290000000
1.1300000000
1.1300000000
1.1300000000
1.1300000000
3.8740000000
3.8740000000
3.8740000000
3.8740000000
3.9290000000
3.9290000000
3.9290000000
3.9290000000
3.7080000000
3.7080000000
3.7080000000
3.7080000000
1.4860000000
1.4860000000
1.4860000000
1.4860000000
2.2220000000
2.2220000000
2.2220000000
2.2220000000
-2.3120000000
-2.3120000000
-2.3120000000
-2.3120000000
-2.9980000000
-2.9980000000
-2.9980000000
-2.9980000000
-1.6250000000
-1.6250000000
-1.6250000000
-1.6250000000
7.4180000000
7.4180000000
7.4180000000
7.4180000000
6.6290000000
6.6290000000
6.6290000000
6.6290000000
5.7710000000
5.7710000000
5.7710000000
5.7710000000
2.5750000000
2.5750000000
2.5750000000
2.5750000000
2.4810000000
2.4810000000
2.4810000000
2.4810000000
5.4080000000
5.4080000000
5.4080000000
5.4080000000
5.0810000000
5.0810000000
5.0810000000
5.0810000000
5.4630000000
5.4630000000
5.4630000000
5.4630000000
5.4890000000
5.4890000000
5.4890000000
5.4890000000
5.1300000000
5.1300000000
5.1300000000
5.1300000000
1.1100000000
1.1100000000
1.1100000000
1.1100000000
6.0640000000
6.0640000000
6.0640000000
6.0640000000
3.3670000000
3.3670000000
3.3670000000
3.3670000000
1.4620000000
1.4620000000
1.4620000000
1.4620000000
-0.6770000000
-0.6770000000
-0.6770000000
-0.6770000000
-2.0980000000
-2.0980000000
-2.0980000000
-2.0980000000
-3.6040000000
-3.6040000000
-3.6040000000
-3.6040000000
-5.0260000000
-5.0260000000
-5.0260000000
-5.0260000000
-4.8590000000
-4.8590000000
-4.8590000000
-4.8590000000
-6.0010000000
-6.0010000000
-6.0010000000
-6.0010000000
-3.6600000000
-3.6600000000
-3.6600000000
-3.6600000000
-1.6380000000
-1.6380000000
-1.6380000000
-1.6380000000
0.1170000000
0.1170000000
0.1170000000
0.1170000000
3.4020000000
3.4020000000
3.4020000000
3.4020000000
3.5500000000
3.5500000000
3.5500000000
3.5500000000
4.3700000000
4.3700000000
4.3700000000
4.3700000000
5.1340000000
5.1340000000
5.1340000000
5.1340000000
3.8330000000
3.8330000000
3.8330000000
3.8330000000
3.2080000000
3.2080000000
3.2080000000
3.2080000000
3.8870000000
3.8870000000
3.8870000000
3.8870000000
1.3370000000
1.3370000000
1.3370000000
1.3370000000
2.5560000000
2.5560000000
2.5560000000
2.5560000000
0.6790000000
0.6790000000
0.6790000000
0.6790000000
2.0040000000
2.0040000000
2.0040000000
2.0040000000
-0.2490000000
-0.2490000000
-0.2490000000
-0.2490000000
3.6360000000
3.6360000000
3.6360000000
3.6360000000
2.5760000000
2.5760000000
2.5760000000
2.5760000000
1.5020000000
1.5020000000
1.5020000000
1.5020000000
0.0620000000
0.0620000000
0.0620000000
0.0620000000
4.6360000000
4.6360000000
4.6360000000
4.6360000000
6.4520000000
6.4520000000
6.4520000000
6.4520000000
6.4050000000
6.4050000000
6.4050000000
6.4050000000
7.0400000000
7.0400000000
7.0400000000
7.0400000000
6.0940000000
6.0940000000
6.0940000000
6.0940000000
4.7980000000
4.7980000000
4.7980000000
4.7980000000
4.0170000000
4.0170000000
4.0170000000
4.0170000000
3.7700000000
3.7700000000
3.7700000000
3.7700000000
1.4680000000
1.4680000000
1.4680000000
1.4680000000
-1.6420000000
-1.6420000000
-1.6420000000
-1.6420000000
-2.0340000000
-2.0340000000
-2.0340000000
-2.0340000000
4.7940000000
4.7940000000
4.7940000000
4.7940000000
4.4200000000
4.4200000000
4.4200000000
4.4200000000
3.3540000000
3.3540000000
3.3540000000
3.3540000000
3.6470000000
3.6470000000
3.6470000000
3.6470000000
3.6950000000
3.6950000000
3.6950000000
3.6950000000
4.1960000000
4.1960000000
4.1960000000
4.1960000000
3.4500000000
3.4500000000
3.4500000000
3.4500000000
6.0540000000
6.0540000000
6.0540000000
6.0540000000
4.4730000000
4.4730000000
4.4730000000
4.4730000000
6.1010000000
6.1010000000
6.1010000000
6.1010000000
5.6020000000
5.6020000000
5.6020000000
5.6020000000
5.5050000000
5.5050000000
5.5050000000
5.5050000000
1.8710000000
1.8710000000
1.8710000000
1.8710000000
2.0690000000
2.0690000000
2.0690000000
2.0690000000
1.8650000000
1.8650000000
1.8650000000
1.8650000000
1.2670000000
1.2670000000
1.2670000000
1.2670000000
0.6200000000
0.6200000000
0.6200000000
0.6200000000
1.7220000000
1.7220000000
1.7220000000
1.7220000000
1.8540000000
1.8540000000
1.8540000000
1.8540000000
1.2560000000
1.2560000000
1.2560000000
1.2560000000
2.5050000000
2.5050000000
2.5050000000
2.5050000000
2.5590000000
2.5590000000
2.5590000000
2.5590000000
2.3350000000
2.3350000000
2.3350000000
2.3350000000
2.7370000000
2.7370000000
2.7370000000
2.7370000000
3.8620000000
3.8620000000
3.8620000000
3.8620000000
3.7440000000
3.7440000000
3.7440000000
3.7440000000
4.2450000000
4.2450000000
4.2450000000
4.2450000000
4.6110000000
4.6110000000
4.6110000000
4.6110000000
2.3280000000
2.3280000000
2.3280000000
2.3280000000
0.7730000000
0.7730000000
0.7730000000
0.7730000000
4.4740000000
4.4740000000
4.4740000000
4.4740000000
2.8250000000
2.8250000000
2.8250000000
2.8250000000
3.7450000000
3.7450000000
3.7450000000
3.7450000000
5.3370000000
5.3370000000
5.3370000000
5.3370000000
4.8760000000
4.8760000000
4.8760000000
4.8760000000
5.0840000000
5.0840000000
5.0840000000
5.0840000000
5.2860000000
5.2860000000
5.2860000000
5.2860000000
3.0400000000
3.0400000000
3.0400000000
3.0400000000
3.4540000000
3.4540000000
3.4540000000
3.4540000000
4.6150000000
4.6150000000
4.6150000000
4.6150000000
5.5090000000
5.5090000000
5.5090000000
5.5090000000
5.6200000000
5.6200000000
5.6200000000
5.6200000000
5.6190000000
5.6190000000
5.6190000000
5.6190000000
5.7390000000
5.7390000000
5.7390000000
5.7390000000
5.6960000000
5.6960000000
5.6960000000
5.6960000000
5.1870000000
5.1870000000
5.1870000000
5.1870000000
4.8300000000
4.8300000000
4.8300000000
4.8300000000
5.0000000000
5.0000000000
5.0000000000
5.0000000000
6.0110000000
6.0110000000
6.0110000000
6.0110000000
6.6050000000
6.6050000000
6.6050000000
6.6050000000
6.8190000000
6.8190000000
6.8190000000
6.8190000000
6.9080000000
6.9080000000
6.9080000000
6.9080000000
6.3490000000
6.3490000000
6.3490000000
6.3490000000
7.0800000000
7.0800000000
7.0800000000
7.0800000000
6.9670000000
6.9670000000
6.9670000000
6.9670000000
6.4460000000
6.4460000000
6.4460000000
6.4460000000
6.3820000000
6.3820000000
6.3820000000
6.3820000000
6.7880000000
6.7880000000
6.7880000000
6.7880000000
6.9270000000
6.9270000000
6.9270000000
6.9270000000
6.8300000000
6.8300000000
6.8300000000
6.8300000000
6.8930000000
6.8930000000
6.8930000000
6.8930000000
6.4900000000
6.4900000000
6.4900000000
6.4900000000
6.0960000000
6.0960000000
6.0960000000
6.0960000000
5.5230000000
5.5230000000
5.5230000000
5.5230000000
6.4300000000
6.4300000000
6.4300000000
6.4300000000
6.2700000000
6.2700000000
6.2700000000
6.2700000000
6.0270000000
6.0270000000
6.0270000000
6.0270000000
5.6050000000
5.6050000000
5.6050000000
5.6050000000
5.6850000000
5.6850000000
5.6850000000
5.6850000000
5.7630000000
5.7630000000
5.7630000000
5.7630000000
5.7690000000
5.7690000000
5.7690000000
5.7690000000
6.0480000000
6.0480000000
6.0480000000
6.0480000000
6.0430000000
6.0430000000
6.0430000000
6.0430000000
5.2320000000
5.2320000000
5.2320000000
5.2320000000
4.9520000000
4.9520000000
4.9520000000
4.9520000000
5.4070000000
5.4070000000
5.4070000000
5.4070000000
4.8610000000
4.8610000000
4.8610000000
4.8610000000
5.1210000000
5.1210000000
5.1210000000
5.1210000000
5.1500000000
5.1500000000
5.1500000000
5.1500000000
5.7080000000
5.7080000000
5.7080000000
5.7080000000
5.9890000000
5.9890000000
5.9890000000
5.9890000000
5.9860000000
5.9860000000
5.9860000000
5.9860000000
5.7870000000
5.7870000000
5.7870000000
5.7870000000
5.9130000000
5.9130000000
5.9130000000
5.9130000000
6.4760000000
6.4760000000
6.4760000000
6.4760000000
6.5580000000
6.5580000000
6.5580000000
6.5580000000
6.8170000000
6.8170000000
6.8170000000
6.8170000000
6.9890000000
6.9890000000
6.9890000000
6.9890000000
6.7780000000
6.7780000000
6.7780000000
6.7780000000
6.7130000000
6.7130000000
6.7130000000
6.7130000000
6.3570000000
6.3570000000
6.3570000000
6.3570000000
6.0750000000
6.0750000000
6.0750000000
6.0750000000
5.6460000000
5.6460000000
5.6460000000
5.6460000000
5.4690000000
5.4690000000
5.4690000000
5.4690000000
5.5080000000
5.5080000000
5.5080000000
5.5080000000
5.3510000000
5.3510000000
5.3510000000
5.3510000000
5.3340000000
5.3340000000
5.3340000000
5.3340000000
5.6930000000
5.6930000000
5.6930000000
5.6930000000
6.5020000000
6.5020000000
6.5020000000
6.5020000000
6.5420000000
6.5420000000
6.5420000000
6.5420000000
5.7450000000
5.7450000000
5.7450000000
5.7450000000
5.5020000000
5.5020000000
5.5020000000
5.5020000000
5.4590000000
5.4590000000
5.4590000000
5.4590000000
5.1920000000
5.1920000000
5.1920000000
5.1920000000
4.9180000000
4.9180000000
4.9180000000
4.9180000000
5.3050000000
5.3050000000
5.3050000000
5.3050000000
5.2310000000
5.2310000000
5.2310000000
5.2310000000
5.2130000000
5.2130000000
5.2130000000
5.2130000000
5.8040000000
5.8040000000
5.8040000000
5.8040000000
5.6230000000
5.6230000000
5.6230000000
5.6230000000
6.5400000000
6.5400000000
6.5400000000
6.5400000000
6.5390000000
6.5390000000
6.5390000000
6.5390000000
5.8970000000
5.8970000000
5.8970000000
5.8970000000
5.8780000000
5.8780000000
5.8780000000
5.8780000000
5.6760000000
5.6760000000
5.6760000000
5.6760000000
5.5930000000
5.5930000000
5.5930000000
5.5930000000
5.6580000000
5.6580000000
5.6580000000
5.6580000000
5.5170000000
5.5170000000
5.5170000000
5.5170000000
5.3430000000
5.3430000000
5.3430000000
5.3430000000
5.1180000000
5.1180000000
5.1180000000
5.1180000000
4.8910000000
4.8910000000
4.8910000000
4.8910000000
5.3570000000
5.3570000000
5.3570000000
5.3570000000
4.6730000000
4.6730000000
4.6730000000
4.6730000000
4.5520000000
4.5520000000
4.5520000000
4.5520000000
4.5160000000
4.5160000000
4.5160000000
4.5160000000
3.7670000000
3.7670000000
3.7670000000
3.7670000000
3.1250000000
3.1250000000
3.1250000000
3.1250000000
2.6990000000
2.6990000000
2.6990000000
2.6990000000
1.6580000000
1.6580000000
1.6580000000
1.6580000000
3.2930000000
3.2930000000
3.2930000000
3.2930000000
3.7290000000
3.7290000000
3.7290000000
3.7290000000
4.1140000000
4.1140000000
4.1140000000
4.1140000000
4.7520000000
4.7520000000
4.7520000000
4.7520000000
4.2680000000
4.2680000000
4.2680000000
4.2680000000
4.4670000000
4.4670000000
4.4670000000
4.4670000000
4.4290000000
4.4290000000
4.4290000000
4.4290000000
4.0150000000
4.0150000000
4.0150000000
4.0150000000
3.9350000000
3.9350000000
3.9350000000
3.9350000000
4.0130000000
4.0130000000
4.0130000000
4.0130000000
4.0110000000
4.0110000000
4.0110000000
4.0110000000
4.0580000000
4.0580000000
4.0580000000
4.0580000000
3.8890000000
3.8890000000
3.8890000000
3.8890000000
4.5180000000
4.5180000000
4.5180000000
4.5180000000
4.3450000000
4.3450000000
4.3450000000
4.3450000000
4.8950000000
4.8950000000
4.8950000000
4.8950000000
4.7250000000
4.7250000000
4.7250000000
4.7250000000
4.6820000000
4.6820000000
4.6820000000
4.6820000000
4.5290000000
4.5290000000
4.5290000000
4.5290000000
4.2300000000
4.2300000000
4.2300000000
4.2300000000
4.4230000000
4.4230000000
4.4230000000
4.4230000000
4.4970000000
4.4970000000
4.4970000000
4.4970000000
4.4890000000
4.4890000000
4.4890000000
4.4890000000
3.8980000000
3.8980000000
3.8980000000
3.8980000000
2.9080000000
2.9080000000
2.9080000000
2.9080000000
3.0610000000
3.0610000000
3.0610000000
3.0610000000
2.6950000000
2.6950000000
2.6950000000
2.6950000000
2.4300000000
2.4300000000
2.4300000000
2.4300000000
1.3960000000
1.3960000000
1.3960000000
1.3960000000
1.3080000000
1.3080000000
1.3080000000
1.3080000000
0.7750000000
0.7750000000
0.7750000000
0.7750000000
1.3360000000
1.3360000000
1.3360000000
1.3360000000
1.1560000000
1.1560000000
1.1560000000
1.1560000000
0.7460000000
0.7460000000
0.7460000000
0.7460000000
1.7150000000
1.7150000000
1.7150000000
1.7150000000
1.9670000000
1.9670000000
1.9670000000
1.9670000000
1.8110000000
1.8110000000
1.8110000000
1.8110000000
1.2020000000
1.2020000000
1.2020000000
1.2020000000
3.1050000000
3.1050000000
3.1050000000
3.1050000000
3.0750000000
3.0750000000
3.0750000000
3.0750000000
2.3410000000
2.3410000000
2.3410000000
2.3410000000
2.6100000000
2.6100000000
2.6100000000
2.6100000000
2.6660000000
2.6660000000
2.6660000000
2.6660000000
2.8050000000
2.8050000000
2.8050000000
2.8050000000
2.7510000000
2.7510000000
2.7510000000
2.7510000000
2.7920000000
2.7920000000
2.7920000000
2.7920000000
2.3780000000
2.3780000000
2.3780000000
2.3780000000
2.7620000000
2.7620000000
2.7620000000
2.7620000000
0.8080000000
0.8080000000
0.8080000000
0.8080000000
1.7190000000
1.7190000000
1.7190000000
1.7190000000
1.8880000000
1.8880000000
1.8880000000
1.8880000000
2.4250000000
2.4250000000
2.4250000000
2.4250000000
2.9310000000
2.9310000000
2.9310000000
2.9310000000
2.5590000000
2.5590000000
2.5590000000
2.5590000000
2.0520000000
2.0520000000
2.0520000000
2.0520000000
1.7030000000
1.7030000000
1.7030000000
1.7030000000
2.8930000000
2.8930000000
2.8930000000
2.8930000000
3.6810000000
3.6810000000
3.6810000000
3.6810000000
3.6300000000
3.6300000000
3.6300000000
3.6300000000
3.5360000000
3.5360000000
3.5360000000
3.5360000000
2.1160000000
2.1160000000
2.1160000000
2.1160000000
1.4830000000
1.4830000000
1.4830000000
1.4830000000
1.5890000000
1.5890000000
1.5890000000
1.5890000000
2.5930000000
2.5930000000
2.5930000000
2.5930000000
1.6790000000
1.6790000000
1.6790000000
1.6790000000
1.2620000000
1.2620000000
1.2620000000
1.2620000000
1.3400000000
1.3400000000
1.3400000000
1.3400000000
1.2340000000
1.2340000000
1.2340000000
1.2340000000
1.6200000000
1.6200000000
1.6200000000
1.6200000000
0.6170000000
0.6170000000
0.6170000000
0.6170000000
1.4900000000
1.4900000000
1.4900000000
1.4900000000
0.6980000000
0.6980000000
0.6980000000
0.6980000000
1.4620000000
1.4620000000
1.4620000000
1.4620000000
2.2180000000
2.2180000000
2.2180000000
2.2180000000
1.9970000000
1.9970000000
1.9970000000
1.9970000000
2.5050000000
2.5050000000
2.5050000000
2.5050000000
1.6680000000
1.6680000000
1.6680000000
1.6680000000
1.7260000000
1.7260000000
1.7260000000
1.7260000000
1.2710000000
1.2710000000
1.2710000000
1.2710000000
2.0880000000
2.0880000000
2.0880000000
2.0880000000
1.0520000000
1.0520000000
1.0520000000
1.0520000000
0.8340000000
0.8340000000
0.8340000000
0.8340000000
0.4770000000
0.4770000000
0.4770000000
0.4770000000
-0.1060000000
-0.1060000000
-0.1060000000
-0.1060000000
0.1730000000
0.1730000000
0.1730000000
0.1730000000
0.1990000000
0.1990000000
0.1990000000
0.1990000000
0.1610000000
0.1610000000
0.1610000000
0.1610000000
0.2160000000
0.2160000000
0.2160000000
0.2160000000
0.4840000000
0.4840000000
0.4840000000
0.4840000000
1.1190000000
1.1190000000
1.1190000000
1.1190000000
1.9510000000
1.9510000000
1.9510000000
1.9510000000
1.6110000000
1.6110000000
1.6110000000
1.6110000000
1.4750000000
1.4750000000
1.4750000000
1.4750000000
1.8320000000
1.8320000000
1.8320000000
1.8320000000
1.9430000000
1.9430000000
1.9430000000
1.9430000000
1.7020000000
1.7020000000
1.7020000000
1.7020000000
1.8660000000
1.8660000000
1.8660000000
1.8660000000
1.8410000000
1.8410000000
1.8410000000
1.8410000000
1.8900000000
1.8900000000
1.8900000000
1.8900000000
1.8450000000
1.8450000000
1.8450000000
1.8450000000
1.7430000000
1.7430000000
1.7430000000
1.7430000000
1.7090000000
1.7090000000
1.7090000000
1.7090000000
1.7850000000
1.7850000000
1.7850000000
1.7850000000
1.7680000000
1.7680000000
1.7680000000
1.7680000000
1.6910000000
1.6910000000
1.6910000000
1.6910000000
1.6200000000
1.6200000000
1.6200000000
1.6200000000
1.7480000000
1.7480000000
1.7480000000
1.7480000000
1.7510000000
1.7510000000
1.7510000000
1.7510000000
2.0840000000
2.0840000000
2.0840000000
2.0840000000
2.7510000000
2.7510000000
2.7510000000
2.7510000000
2.7030000000
2.7030000000
2.7030000000
2.7030000000
2.7530000000
2.7530000000
2.7530000000
2.7530000000
2.2510000000
2.2510000000
2.2510000000
2.2510000000
1.7800000000
1.7800000000
1.7800000000
1.7800000000
2.3040000000
2.3040000000
2.3040000000
2.3040000000
3.5060000000
3.5060000000
3.5060000000
3.5060000000
2.6380000000
2.6380000000
2.6380000000
2.6380000000
3.5320000000
3.5320000000
3.5320000000
3.5320000000
3.8730000000
3.8730000000
3.8730000000
3.8730000000
4.1020000000
4.1020000000
4.1020000000
4.1020000000
4.2680000000
4.2680000000
4.2680000000
4.2680000000
4.1050000000
4.1050000000
4.1050000000
4.1050000000
3.4610000000
3.4610000000
3.4610000000
3.4610000000
3.9620000000
3.9620000000
3.9620000000
3.9620000000
4.4720000000
4.4720000000
4.4720000000
4.4720000000
4.4910000000
4.4910000000
4.4910000000
4.4910000000
4.4280000000
4.4280000000
4.4280000000
4.4280000000
4.2660000000
4.2660000000
4.2660000000
4.2660000000
4.6230000000
4.6230000000
4.6230000000
4.6230000000
4.4550000000
4.4550000000
4.4550000000
4.4550000000
4.4860000000
4.4860000000
4.4860000000
4.4860000000
4.5430000000
4.5430000000
4.5430000000
4.5430000000
2.7520000000
2.7520000000
2.7520000000
2.7520000000
3.8520000000
3.8520000000
3.8520000000
3.8520000000
3.8640000000
3.8640000000
3.8640000000
3.8640000000
2.7090000000
2.7090000000
2.7090000000
2.7090000000
2.0040000000
2.0040000000
2.0040000000
2.0040000000
2.4710000000
2.4710000000
2.4710000000
2.4710000000
2.6330000000
2.6330000000
2.6330000000
2.6330000000
2.7210000000
2.7210000000
2.7210000000
2.7210000000
2.9410000000
2.9410000000
2.9410000000
2.9410000000
2.0630000000
2.0630000000
2.0630000000
2.0630000000
1.6520000000
1.6520000000
1.6520000000
1.6520000000
2.5530000000
2.5530000000
2.5530000000
2.5530000000
3.1420000000
3.1420000000
3.1420000000
3.1420000000
0.8900000000
0.8900000000
0.8900000000
0.8900000000
1.7150000000
1.7150000000
1.7150000000
1.7150000000
1.9990000000
1.9990000000
1.9990000000
1.9990000000
1.9200000000
1.9200000000
1.9200000000
1.9200000000
3.4490000000
3.4490000000
3.4490000000
3.4490000000
3.2830000000
3.2830000000
3.2830000000
3.2830000000
3.5670000000
3.5670000000
3.5670000000
3.5670000000
4.4250000000
4.4250000000
4.4250000000
4.4250000000
4.4570000000
4.4570000000
4.4570000000
4.4570000000
4.3500000000
4.3500000000
4.3500000000
4.3500000000
4.6350000000
4.6350000000
4.6350000000
4.6350000000
5.1630000000
5.1630000000
5.1630000000
5.1630000000
5.4460000000
5.4460000000
5.4460000000
5.4460000000
5.6610000000
5.6610000000
5.6610000000
5.6610000000
5.6440000000
5.6440000000
5.6440000000
5.6440000000
5.7090000000
5.7090000000
5.7090000000
5.7090000000
5.7030000000
5.7030000000
5.7030000000
5.7030000000
5.1670000000
5.1670000000
5.1670000000
5.1670000000
5.2800000000
5.2800000000
5.2800000000
5.2800000000
4.8900000000
4.8900000000
4.8900000000
4.8900000000
4.6820000000
4.6820000000
4.6820000000
4.6820000000
4.4740000000
4.4740000000
4.4740000000
4.4740000000
3.8020000000
3.8020000000
3.8020000000
3.8020000000
3.5190000000
3.5190000000
3.5190000000
3.5190000000
4.2240000000
4.2240000000
4.2240000000
4.2240000000
4.5770000000
4.5770000000
4.5770000000
4.5770000000
4.9210000000
4.9210000000
4.9210000000
4.9210000000
5.3810000000
5.3810000000
5.3810000000
5.3810000000
5.1310000000
5.1310000000
5.1310000000
5.1310000000
4.3400000000
4.3400000000
4.3400000000
4.3400000000
4.1920000000
4.1920000000
4.1920000000
4.1920000000
4.9100000000
4.9100000000
4.9100000000
4.9100000000
4.2650000000
4.2650000000
4.2650000000
4.2650000000
3.3150000000
3.3150000000
3.3150000000
3.3150000000
3.7910000000
3.7910000000
3.7910000000
3.7910000000
3.9950000000
3.9950000000
3.9950000000
3.9950000000
4.2910000000
4.2910000000
4.2910000000
4.2910000000
4.4490000000
4.4490000000
4.4490000000
4.4490000000
4.2550000000
4.2550000000
4.2550000000
4.2550000000
2.0830000000
2.0830000000
2.0830000000
2.0830000000
2.2390000000
2.2390000000
2.2390000000
2.2390000000
1.8270000000
1.8270000000
1.8270000000
1.8270000000
1.8600000000
1.8600000000
1.8600000000
1.8600000000
2.6900000000
2.6900000000
2.6900000000
2.6900000000
2.2290000000
2.2290000000
2.2290000000
2.2290000000
2.4210000000
2.4210000000
2.4210000000
2.4210000000
2.5660000000
2.5660000000
2.5660000000
2.5660000000
2.3950000000
2.3950000000
2.3950000000
2.3950000000
2.0920000000
2.0920000000
2.0920000000
2.0920000000
2.1700000000
2.1700000000
2.1700000000
2.1700000000
2.7810000000
2.7810000000
2.7810000000
2.7810000000
3.7710000000
3.7710000000
3.7710000000
3.7710000000
4.1880000000
4.1880000000
4.1880000000
4.1880000000
4.4080000000
4.4080000000
4.4080000000
4.4080000000
4.3260000000
4.3260000000
4.3260000000
4.3260000000
4.4230000000
4.4230000000
4.4230000000
4.4230000000
4.5180000000
4.5180000000
4.5180000000
4.5180000000
4.6810000000
4.6810000000
4.6810000000
4.6810000000
4.7490000000
4.7490000000
4.7490000000
4.7490000000
4.7940000000
4.7940000000
4.7940000000
4.7940000000
4.8510000000
4.8510000000
4.8510000000
4.8510000000
4.7820000000
4.7820000000
4.7820000000
4.7820000000
4.0430000000
4.0430000000
4.0430000000
4.0430000000
4.2120000000
4.2120000000
4.2120000000
4.2120000000
4.6450000000
4.6450000000
4.6450000000
4.6450000000
4.6780000000
4.6780000000
4.6780000000
4.6780000000
4.3820000000
4.3820000000
4.3820000000
4.3820000000
4.6480000000
4.6480000000
4.6480000000
4.6480000000
4.6790000000
4.6790000000
4.6790000000
4.6790000000
4.6970000000
4.6970000000
4.6970000000
4.6970000000
4.5920000000
4.5920000000
4.5920000000
4.5920000000
4.1400000000
4.1400000000
4.1400000000
4.1400000000
4.4600000000
4.4600000000
4.4600000000
4.4600000000
4.2060000000
4.2060000000
4.2060000000
4.2060000000
4.4730000000
4.4730000000
4.4730000000
4.4730000000
4.1080000000
4.1080000000
4.1080000000
4.1080000000
4.3880000000
4.3880000000
4.3880000000
4.3880000000
4.5720000000
4.5720000000
4.5720000000
4.5720000000
4.8050000000
4.8050000000
4.8050000000
4.8050000000
4.6130000000
4.6130000000
4.6130000000
4.6130000000
4.7760000000
4.7760000000
4.7760000000
4.7760000000
4.6660000000
4.6660000000
4.6660000000
4.6660000000
4.7740000000
4.7740000000
4.7740000000
4.7740000000
4.7270000000
4.7270000000
4.7270000000
4.7270000000
4.5070000000
4.5070000000
4.5070000000
4.5070000000
4.4400000000
4.4400000000
4.4400000000
4.4400000000
4.4790000000
4.4790000000
4.4790000000
4.4790000000
4.5940000000
4.5940000000
4.5940000000
4.5940000000
4.4780000000
4.4780000000
4.4780000000
4.4780000000
4.5050000000
4.5050000000
4.5050000000
4.5050000000
4.4170000000
4.4170000000
4.4170000000
4.4170000000
4.3020000000
4.3020000000
4.3020000000
4.3020000000
3.7720000000
3.7720000000
3.7720000000
3.7720000000
4.0100000000
4.0100000000
4.0100000000
4.0100000000
3.7690000000
3.7690000000
3.7690000000
3.7690000000
3.5030000000
3.5030000000
3.5030000000
3.5030000000
3.5120000000
3.5120000000
3.5120000000
3.5120000000
3.4710000000
3.4710000000
3.4710000000
3.4710000000
3.4960000000
3.4960000000
3.4960000000
3.4960000000
3.4320000000
3.4320000000
3.4320000000
3.4320000000
2.9980000000
2.9980000000
2.9980000000
2.9980000000
2.8670000000
2.8670000000
2.8670000000
2.8670000000
2.6770000000
2.6770000000
2.6770000000
2.6770000000
2.7850000000
2.7850000000
2.7850000000
2.7850000000
3.2260000000
3.2260000000
3.2260000000
3.2260000000
2.5910000000
2.5910000000
2.5910000000
2.5910000000
2.4600000000
2.4600000000
2.4600000000
2.4600000000
2.4990000000
2.4990000000
2.4990000000
2.4990000000
2.7870000000
2.7870000000
2.7870000000
2.7870000000
2.8710000000
2.8710000000
2.8710000000
2.8710000000
2.7690000000
2.7690000000
2.7690000000
2.7690000000
2.5610000000
2.5610000000
2.5610000000
2.5610000000
2.4660000000
2.4660000000
2.4660000000
2.4660000000
2.0170000000
2.0170000000
2.0170000000
2.0170000000
1.9880000000
1.9880000000
1.9880000000
1.9880000000
1.9840000000
1.9840000000
1.9840000000
1.9840000000
2.3420000000
2.3420000000
2.3420000000
2.3420000000
2.5050000000
2.5050000000
2.5050000000
2.5050000000
2.5230000000
2.5230000000
2.5230000000
2.5230000000
1.7160000000
1.7160000000
1.7160000000
1.7160000000
2.3590000000
2.3590000000
2.3590000000
2.3590000000
3.0680000000
3.0680000000
3.0680000000
3.0680000000
3.0340000000
3.0340000000
3.0340000000
3.0340000000
3.3780000000
3.3780000000
3.3780000000
3.3780000000
3.2760000000
3.2760000000
3.2760000000
3.2760000000
3.3780000000
3.3780000000
3.3780000000
3.3780000000
3.4730000000
3.4730000000
3.4730000000
3.4730000000
3.2370000000
3.2370000000
3.2370000000
3.2370000000
3.0340000000
3.0340000000
3.0340000000
3.0340000000
2.6820000000
2.6820000000
2.6820000000
2.6820000000
2.7600000000
2.7600000000
2.7600000000
2.7600000000
2.7540000000
2.7540000000
2.7540000000
2.7540000000
2.7690000000
2.7690000000
2.7690000000
2.7690000000
3.3310000000
3.3310000000
3.3310000000
3.3310000000
3.7000000000
3.7000000000
3.7000000000
3.7000000000
3.6440000000
3.6440000000
3.6440000000
3.6440000000
3.6120000000
3.6120000000
3.6120000000
3.6120000000
3.2800000000
3.2800000000
3.2800000000
3.2800000000
3.3190000000
3.3190000000
3.3190000000
3.3190000000
3.3970000000
3.3970000000
3.3970000000
3.3970000000
3.3940000000
3.3940000000
3.3940000000
3.3940000000
3.4850000000
3.4850000000
3.4850000000
3.4850000000
3.7860000000
3.7860000000
3.7860000000
3.7860000000
3.6710000000
3.6710000000
3.6710000000
3.6710000000
3.7570000000
3.7570000000
3.7570000000
3.7570000000
3.6810000000
3.6810000000
3.6810000000
3.6810000000
3.6180000000
3.6180000000
3.6180000000
3.6180000000
3.5160000000
3.5160000000
3.5160000000
3.5160000000
3.4390000000
3.4390000000
3.4390000000
3.4390000000
3.5190000000
3.5190000000
3.5190000000
3.5190000000
3.6930000000
3.6930000000
3.6930000000
3.6930000000
3.4960000000
3.4960000000
3.4960000000
3.4960000000
3.7870000000
3.7870000000
3.7870000000
3.7870000000
4.0200000000
4.0200000000
4.0200000000
4.0200000000
4.0570000000
4.0570000000
4.0570000000
4.0570000000
4.0940000000
4.0940000000
4.0940000000
4.0940000000
3.9770000000
3.9770000000
3.9770000000
3.9770000000
3.9680000000
3.9680000000
3.9680000000
3.9680000000
3.9660000000
3.9660000000
3.9660000000
3.9660000000
3.9810000000
3.9810000000
3.9810000000
3.9810000000
3.7940000000
3.7940000000
3.7940000000
3.7940000000
3.8390000000
3.8390000000
3.8390000000
3.8390000000
3.8950000000
3.8950000000
3.8950000000
3.8950000000
3.9690000000
3.9690000000
3.9690000000
3.9690000000
3.9580000000
3.9580000000
3.9580000000
3.9580000000
3.8330000000
3.8330000000
3.8330000000
3.8330000000
3.6590000000
3.6590000000
3.6590000000
3.6590000000
3.6380000000
3.6380000000
3.6380000000
3.6380000000
3.3770000000
3.3770000000
3.3770000000
3.3770000000
3.5420000000
3.5420000000
3.5420000000
3.5420000000
3.7180000000
3.7180000000
3.7180000000
3.7180000000
3.8810000000
3.8810000000
3.8810000000
3.8810000000
3.8310000000
3.8310000000
3.8310000000
3.8310000000
3.8640000000
3.8640000000
3.8640000000
3.8640000000
3.8930000000
3.8930000000
3.8930000000
3.8930000000
3.9760000000
3.9760000000
3.9760000000
3.9760000000
4.0650000000
4.0650000000
4.0650000000
4.0650000000
3.7420000000
3.7420000000
3.7420000000
3.7420000000
3.6220000000
3.6220000000
3.6220000000
3.6220000000
3.5360000000
3.5360000000
3.5360000000
3.5360000000
3.7050000000
3.7050000000
3.7050000000
3.7050000000
3.6400000000
3.6400000000
3.6400000000
3.6400000000
2.8990000000
2.8990000000
2.8990000000
2.8990000000
2.1540000000
2.1540000000
2.1540000000
2.1540000000
2.0170000000
2.0170000000
2.0170000000
2.0170000000
2.2500000000
2.2500000000
2.2500000000
2.2500000000
2.3490000000
2.3490000000
2.3490000000
2.3490000000
1.5240000000
1.5240000000
1.5240000000
1.5240000000
2.4220000000
2.4220000000
2.4220000000
2.4220000000
2.5880000000
2.5880000000
2.5880000000
2.5880000000
1.9920000000
1.9920000000
1.9920000000
1.9920000000
1.7000000000
1.7000000000
1.7000000000
1.7000000000
1.6240000000
1.6240000000
1.6240000000
1.6240000000
1.9090000000
1.9090000000
1.9090000000
1.9090000000
2.2210000000
2.2210000000
2.2210000000
2.2210000000
1.8170000000
1.8170000000
1.8170000000
1.8170000000
2.0140000000
2.0140000000
2.0140000000
2.0140000000
2.8100000000
2.8100000000
2.8100000000
2.8100000000
2.5030000000
2.5030000000
2.5030000000
2.5030000000
3.0030000000
3.0030000000
3.0030000000
3.0030000000
2.6140000000
2.6140000000
2.6140000000
2.6140000000
2.0810000000
2.0810000000
2.0810000000
2.0810000000
2.3940000000
2.3940000000
2.3940000000
2.3940000000
2.2530000000
2.2530000000
2.2530000000
2.2530000000
2.0630000000
2.0630000000
2.0630000000
2.0630000000
2.2390000000
2.2390000000
2.2390000000
2.2390000000
2.2070000000
2.2070000000
2.2070000000
2.2070000000
2.4500000000
2.4500000000
2.4500000000
2.4500000000
2.8950000000
2.8950000000
2.8950000000
2.8950000000
2.6450000000
2.6450000000
2.6450000000
2.6450000000
2.6410000000
2.6410000000
2.6410000000
2.6410000000
2.9050000000
2.9050000000
2.9050000000
2.9050000000
2.8420000000
2.8420000000
2.8420000000
2.8420000000
2.8480000000
2.8480000000
2.8480000000
2.8480000000
3.0000000000
3.0000000000
3.0000000000
3.0000000000
3.3050000000
3.3050000000
3.3050000000
3.3050000000
3.1480000000
3.1480000000
3.1480000000
3.1480000000
3.1120000000
3.1120000000
3.1120000000
3.1120000000
3.0580000000
3.0580000000
3.0580000000
3.0580000000
3.1920000000
3.1920000000
3.1920000000
3.1920000000
3.3200000000
3.3200000000
3.3200000000
3.3200000000
3.3750000000
3.3750000000
3.3750000000
3.3750000000
3.3660000000
3.3660000000
3.3660000000
3.3660000000
3.1940000000
3.1940000000
3.1940000000
3.1940000000
3.0340000000
3.0340000000
3.0340000000
3.0340000000
3.1450000000
3.1450000000
3.1450000000
3.1450000000
3.4830000000
3.4830000000
3.4830000000
3.4830000000
2.2750000000
2.2750000000
2.2750000000
2.2750000000
0.8400000000
0.8400000000
0.8400000000
0.8400000000
0.6500000000
0.6500000000
0.6500000000
0.6500000000
2.4960000000
2.4960000000
2.4960000000
2.4960000000
2.5380000000
2.5380000000
2.5380000000
2.5380000000
1.9840000000
1.9840000000
1.9840000000
1.9840000000
1.5440000000
1.5440000000
1.5440000000
1.5440000000
1.7070000000
1.7070000000
1.7070000000
1.7070000000
1.3600000000
1.3600000000
1.3600000000
1.3600000000
1.9220000000
1.9220000000
1.9220000000
1.9220000000
0.5690000000
0.5690000000
0.5690000000
0.5690000000
1.3190000000
1.3190000000
1.3190000000
1.3190000000
1.2290000000
1.2290000000
1.2290000000
1.2290000000
1.4090000000
1.4090000000
1.4090000000
1.4090000000
1.3890000000
1.3890000000
1.3890000000
1.3890000000
1.3060000000
1.3060000000
1.3060000000
1.3060000000
1.1670000000
1.1670000000
1.1670000000
1.1670000000
0.8320000000
0.8320000000
0.8320000000
0.8320000000
1.1790000000
1.1790000000
1.1790000000
1.1790000000
1.9940000000
1.9940000000
1.9940000000
1.9940000000
1.7380000000
1.7380000000
1.7380000000
1.7380000000
2.0010000000
2.0010000000
2.0010000000
2.0010000000
1.9440000000
1.9440000000
1.9440000000
1.9440000000
2.3370000000
2.3370000000
2.3370000000
2.3370000000
2.2680000000
2.2680000000
2.2680000000
2.2680000000
2.0970000000
2.0970000000
2.0970000000
2.0970000000
2.3230000000
2.3230000000
2.3230000000
2.3230000000
2.3020000000
2.3020000000
2.3020000000
2.3020000000
2.2870000000
2.2870000000
2.2870000000
2.2870000000
2.3620000000
2.3620000000
2.3620000000
2.3620000000
2.6990000000
2.6990000000
2.6990000000
2.6990000000
2.5210000000
2.5210000000
2.5210000000
2.5210000000
3.1470000000
3.1470000000
3.1470000000
3.1470000000
2.8480000000
2.8480000000
2.8480000000
2.8480000000
3.3250000000
3.3250000000
3.3250000000
3.3250000000
3.8750000000
3.8750000000
3.8750000000
3.8750000000
3.5020000000
3.5020000000
3.5020000000
3.5020000000
3.5160000000
3.5160000000
3.5160000000
3.5160000000
3.2520000000
3.2520000000
3.2520000000
3.2520000000
3.3540000000
3.3540000000
3.3540000000
3.3540000000
3.4600000000
3.4600000000
3.4600000000
3.4600000000
3.5100000000
3.5100000000
3.5100000000
3.5100000000
3.6180000000
3.6180000000
3.6180000000
3.6180000000
3.5430000000
3.5430000000
3.5430000000
3.5430000000
3.6930000000
3.6930000000
3.6930000000
3.6930000000
3.6920000000
3.6920000000
3.6920000000
3.6920000000
4.6750000000
4.6750000000
4.6750000000
4.6750000000
4.9160000000
4.9160000000
4.9160000000
4.9160000000
4.7040000000
4.7040000000
4.7040000000
4.7040000000
4.6310000000
4.6310000000
4.6310000000
4.6310000000
4.6150000000
4.6150000000
4.6150000000
4.6150000000
4.4920000000
4.4920000000
4.4920000000
4.4920000000
4.3710000000
4.3710000000
4.3710000000
4.3710000000
4.2850000000
4.2850000000
4.2850000000
4.2850000000
4.3500000000
4.3500000000
4.3500000000
4.3500000000
5.1140000000
5.1140000000
5.1140000000
5.1140000000
5.0430000000
5.0430000000
5.0430000000
5.0430000000
5.0860000000
5.0860000000
5.0860000000
5.0860000000
4.7620000000
4.7620000000
4.7620000000
4.7620000000
4.3000000000
4.3000000000
4.3000000000
4.3000000000
4.2810000000
4.2810000000
4.2810000000
4.2810000000
4.0300000000
4.0300000000
4.0300000000
4.0300000000
4.1030000000
4.1030000000
4.1030000000
4.1030000000
3.9750000000
3.9750000000
3.9750000000
3.9750000000
3.8540000000
3.8540000000
3.8540000000
3.8540000000
3.9390000000
3.9390000000
3.9390000000
3.9390000000
4.0910000000
4.0910000000
4.0910000000
4.0910000000
3.3400000000
3.3400000000
3.3400000000
3.3400000000
3.2440000000
3.2440000000
3.2440000000
3.2440000000
3.1000000000
3.1000000000
3.1000000000
3.1000000000
2.9550000000
2.9550000000
2.9550000000
2.9550000000
3.0970000000
3.0970000000
3.0970000000
3.0970000000
2.6940000000
2.6940000000
2.6940000000
2.6940000000
2.6300000000
2.6300000000
2.6300000000
2.6300000000
3.2020000000
3.2020000000
3.2020000000
3.2020000000
3.1630000000
3.1630000000
3.1630000000
3.1630000000
3.3290000000
3.3290000000
3.3290000000
3.3290000000
3.2130000000
3.2130000000
3.2130000000
3.2130000000
3.3850000000
3.3850000000
3.3850000000
3.3850000000
3.3150000000
3.3150000000
3.3150000000
3.3150000000
3.7830000000
3.7830000000
3.7830000000
3.7830000000
3.9580000000
3.9580000000
3.9580000000
3.9580000000
3.3320000000
3.3320000000
3.3320000000
3.3320000000
4.3660000000
4.3660000000
4.3660000000
4.3660000000
4.3770000000
4.3770000000
4.3770000000
4.3770000000
4.3600000000
4.3600000000
4.3600000000
4.3600000000
4.5800000000
4.5800000000
4.5800000000
4.5800000000
4.5160000000
4.5160000000
4.5160000000
4.5160000000
4.4890000000
4.4890000000
4.4890000000
4.4890000000
4.6520000000
4.6520000000
4.6520000000
4.6520000000
4.6790000000
4.6790000000
4.6790000000
4.6790000000
4.7290000000
4.7290000000
4.7290000000
4.7290000000
4.7450000000
4.7450000000
4.7450000000
4.7450000000
4.3420000000
4.3420000000
4.3420000000
4.3420000000
3.9270000000
3.9270000000
3.9270000000
3.9270000000
3.3740000000
3.3740000000
3.3740000000
3.3740000000
3.4580000000
3.4580000000
3.4580000000
3.4580000000
4.3840000000
4.3840000000
4.3840000000
4.3840000000
3.7840000000
3.7840000000
3.7840000000
3.7840000000
3.6550000000
3.6550000000
3.6550000000
3.6550000000
3.9390000000
3.9390000000
3.9390000000
3.9390000000
4.2200000000
4.2200000000
4.2200000000
4.2200000000
4.3940000000
4.3940000000
4.3940000000
4.3940000000
4.0510000000
4.0510000000
4.0510000000
4.0510000000
4.4760000000
4.4760000000
4.4760000000
4.4760000000
4.8930000000
4.8930000000
4.8930000000
4.8930000000
4.9090000000
4.9090000000
4.9090000000
4.9090000000
4.6340000000
4.6340000000
4.6340000000
4.6340000000
4.4300000000
4.4300000000
4.4300000000
4.4300000000
3.4800000000
3.4800000000
3.4800000000
3.4800000000
3.4160000000
3.4160000000
3.4160000000
3.4160000000
3.7180000000
3.7180000000
3.7180000000
3.7180000000
3.3660000000
3.3660000000
3.3660000000
3.3660000000
3.6260000000
3.6260000000
3.6260000000
3.6260000000
3.3860000000
3.3860000000
3.3860000000
3.3860000000
3.6250000000
3.6250000000
3.6250000000
3.6250000000
3.6120000000
3.6120000000
3.6120000000
3.6120000000
3.6780000000
3.6780000000
3.6780000000
3.6780000000
4.0980000000
4.0980000000
4.0980000000
4.0980000000
4.1980000000
4.1980000000
4.1980000000
4.1980000000
3.9890000000
3.9890000000
3.9890000000
3.9890000000
4.3860000000
4.3860000000
4.3860000000
4.3860000000
4.4800000000
4.4800000000
4.4800000000
4.4800000000
4.7260000000
4.7260000000
4.7260000000
4.7260000000
4.9080000000
4.9080000000
4.9080000000
4.9080000000
5.0720000000
5.0720000000
5.0720000000
5.0720000000
5.2150000000
5.2150000000
5.2150000000
5.2150000000
5.3390000000
5.3390000000
5.3390000000
5.3390000000
5.3200000000
5.3200000000
5.3200000000
5.3200000000
5.7430000000
5.7430000000
5.7430000000
5.7430000000
5.2250000000
5.2250000000
5.2250000000
5.2250000000
5.5660000000
5.5660000000
5.5660000000
5.5660000000
5.3390000000
5.3390000000
5.3390000000
5.3390000000
5.6450000000
5.6450000000
5.6450000000
5.6450000000
5.6980000000
5.6980000000
5.6980000000
5.6980000000
5.5680000000
5.5680000000
5.5680000000
5.5680000000
5.4540000000
5.4540000000
5.4540000000
5.4540000000
5.7190000000
5.7190000000
5.7190000000
5.7190000000
5.5880000000
5.5880000000
5.5880000000
5.5880000000
5.8570000000
5.8570000000
5.8570000000
5.8570000000
6.0770000000
6.0770000000
6.0770000000
6.0770000000
5.9860000000
5.9860000000
5.9860000000
5.9860000000
5.7550000000
5.7550000000
5.7550000000
5.7550000000
5.3580000000
5.3580000000
5.3580000000
5.3580000000
6.0880000000
6.0880000000
6.0880000000
6.0880000000
5.8070000000
5.8070000000
5.8070000000
5.8070000000
4.9640000000
4.9640000000
4.9640000000
4.9640000000
4.7360000000
4.7360000000
4.7360000000
4.7360000000
5.2480000000
5.2480000000
5.2480000000
5.2480000000
5.2900000000
5.2900000000
5.2900000000
5.2900000000
5.4470000000
5.4470000000
5.4470000000
5.4470000000
5.6020000000
5.6020000000
5.6020000000
5.6020000000
5.8680000000
5.8680000000
5.8680000000
5.8680000000
6.2470000000
6.2470000000
6.2470000000
6.2470000000
6.4410000000
6.4410000000
6.4410000000
6.4410000000
6.0160000000
6.0160000000
6.0160000000
6.0160000000
5.6850000000
5.6850000000
5.6850000000
5.6850000000
5.6530000000
5.6530000000
5.6530000000
5.6530000000
5.7380000000
5.7380000000
5.7380000000
5.7380000000
5.5430000000
5.5430000000
5.5430000000
5.5430000000
5.7770000000
5.7770000000
5.7770000000
5.7770000000
5.3290000000
5.3290000000
5.3290000000
5.3290000000
5.5250000000
5.5250000000
5.5250000000
5.5250000000
5.2100000000
5.2100000000
5.2100000000
5.2100000000
4.9270000000
4.9270000000
4.9270000000
4.9270000000
5.1740000000
5.1740000000
5.1740000000
5.1740000000
5.1600000000
5.1600000000
5.1600000000
5.1600000000
5.1910000000
5.1910000000
5.1910000000
5.1910000000
5.1670000000
5.1670000000
5.1670000000
5.1670000000
4.7960000000
4.7960000000
4.7960000000
4.7960000000
4.5710000000
4.5710000000
4.5710000000
4.5710000000
4.0570000000
4.0570000000
4.0570000000
4.0570000000
2.3920000000
2.3920000000
2.3920000000
2.3920000000
2.5280000000
2.5280000000
2.5280000000
2.5280000000
-1.1270000000
-1.1270000000
-1.1270000000
-1.1270000000
4.4200000000
4.4200000000
4.4200000000
4.4200000000
4.5500000000
4.5500000000
4.5500000000
4.5500000000
3.4840000000
3.4840000000
3.4840000000
3.4840000000
3.0380000000
3.0380000000
3.0380000000
3.0380000000
1.8990000000
1.8990000000
1.8990000000
1.8990000000
-0.1150000000
-0.1150000000
-0.1150000000
-0.1150000000
-0.0290000000
-0.0290000000
-0.0290000000
-0.0290000000
-1.5650000000
-1.5650000000
-1.5650000000
-1.5650000000
-3.3380000000
-3.3380000000
-3.3380000000
-3.3380000000
-3.2190000000
-3.2190000000
-3.2190000000
-3.2190000000
-0.6970000000
-0.6970000000
-0.6970000000
-0.6970000000
-1.9360000000
-1.9360000000
-1.9360000000
-1.9360000000
-4.0450000000
-4.0450000000
-4.0450000000
-4.0450000000
-5.2380000000
-5.2380000000
-5.2380000000
-5.2380000000
-4.3790000000
-4.3790000000
-4.3790000000
-4.3790000000
-1.7560000000
-1.7560000000
-1.7560000000
-1.7560000000
-2.3880000000
-2.3880000000
-2.3880000000
-2.3880000000
-2.7110000000
-2.7110000000
-2.7110000000
-2.7110000000
-4.0050000000
-4.0050000000
-4.0050000000
-4.0050000000
-4.3650000000
-4.3650000000
-4.3650000000
-4.3650000000
-4.0460000000
-4.0460000000
-4.0460000000
-4.0460000000
-3.4920000000
-3.4920000000
-3.4920000000
-3.4920000000
-2.8040000000
-2.8040000000
-2.8040000000
-2.8040000000
-2.8110000000
-2.8110000000
-2.8110000000
-2.8110000000
-2.4220000000
-2.4220000000
-2.4220000000
-2.4220000000
-2.6330000000
-2.6330000000
-2.6330000000
-2.6330000000
-2.3780000000
-2.3780000000
-2.3780000000
-2.3780000000
-2.5700000000
-2.5700000000
-2.5700000000
-2.5700000000
-2.4490000000
-2.4490000000
-2.4490000000
-2.4490000000
-2.5130000000
-2.5130000000
-2.5130000000
-2.5130000000
-3.0700000000
-3.0700000000
-3.0700000000
-3.0700000000
-1.5340000000
-1.5340000000
-1.5340000000
-1.5340000000
-1.0140000000
-1.0140000000
-1.0140000000
-1.0140000000
-0.1210000000
-0.1210000000
-0.1210000000
-0.1210000000
0.5640000000
0.5640000000
0.5640000000
0.5640000000
1.0140000000
1.0140000000
1.0140000000
1.0140000000
1.6680000000
1.6680000000
1.6680000000
1.6680000000
1.9820000000
1.9820000000
1.9820000000
1.9820000000
1.1220000000
1.1220000000
1.1220000000
1.1220000000
0.8750000000
0.8750000000
0.8750000000
0.8750000000
0.7920000000
0.7920000000
0.7920000000
0.7920000000
1.5000000000
1.5000000000
1.5000000000
1.5000000000
1.8580000000
1.8580000000
1.8580000000
1.8580000000
1.1650000000
1.1650000000
1.1650000000
1.1650000000
1.2470000000
1.2470000000
1.2470000000
1.2470000000
1.3620000000
1.3620000000
1.3620000000
1.3620000000
1.2670000000
1.2670000000
1.2670000000
1.2670000000
1.0200000000
1.0200000000
1.0200000000
1.0200000000
1.0750000000
1.0750000000
1.0750000000
1.0750000000
0.9740000000
0.9740000000
0.9740000000
0.9740000000
0.8500000000
0.8500000000
0.8500000000
0.8500000000
1.1700000000
1.1700000000
1.1700000000
1.1700000000
1.9670000000
1.9670000000
1.9670000000
1.9670000000
2.6300000000
2.6300000000
2.6300000000
2.6300000000
2.8600000000
2.8600000000
2.8600000000
2.8600000000
0.2020000000
0.2020000000
0.2020000000
0.2020000000
-2.8640000000
-2.8640000000
-2.8640000000
-2.8640000000
-2.5050000000
-2.5050000000
-2.5050000000
-2.5050000000
-0.6020000000
-0.6020000000
-0.6020000000
-0.6020000000
1.6520000000
1.6520000000
1.6520000000
1.6520000000
2.8400000000
2.8400000000
2.8400000000
2.8400000000
-0.2660000000
-0.2660000000
-0.2660000000
-0.2660000000
-3.3040000000
-3.3040000000
-3.3040000000
-3.3040000000
-3.5640000000
-3.5640000000
-3.5640000000
-3.5640000000
-2.9230000000
-2.9230000000
-2.9230000000
-2.9230000000
-3.7380000000
-3.7380000000
-3.7380000000
-3.7380000000
-4.3890000000
-4.3890000000
-4.3890000000
-4.3890000000
1.8460000000
1.8460000000
1.8460000000
1.8460000000
2.4950000000
2.4950000000
2.4950000000
2.4950000000
2.3390000000
2.3390000000
2.3390000000
2.3390000000
2.3880000000
2.3880000000
2.3880000000
2.3880000000
2.8100000000
2.8100000000
2.8100000000
2.8100000000
2.8120000000
2.8120000000
2.8120000000
2.8120000000
2.5420000000
2.5420000000
2.5420000000
2.5420000000
2.6730000000
2.6730000000
2.6730000000
2.6730000000
2.2640000000
2.2640000000
2.2640000000
2.2640000000
2.2000000000
2.2000000000
2.2000000000
2.2000000000
2.7920000000
2.7920000000
2.7920000000
2.7920000000
3.1220000000
3.1220000000
3.1220000000
3.1220000000
3.4590000000
3.4590000000
3.4590000000
3.4590000000
3.5770000000
3.5770000000
3.5770000000
3.5770000000
3.3370000000
3.3370000000
3.3370000000
3.3370000000
3.1640000000
3.1640000000
3.1640000000
3.1640000000
2.7970000000
2.7970000000
2.7970000000
2.7970000000
2.9570000000
2.9570000000
2.9570000000
2.9570000000
1.6560000000
1.6560000000
1.6560000000
1.6560000000
-0.4170000000
-0.4170000000
-0.4170000000
-0.4170000000
-0.9810000000
-0.9810000000
-0.9810000000
-0.9810000000
-0.6910000000
-0.6910000000
-0.6910000000
-0.6910000000
-0.5720000000
-0.5720000000
-0.5720000000
-0.5720000000
-0.9930000000
-0.9930000000
-0.9930000000
-0.9930000000
-0.0650000000
-0.0650000000
-0.0650000000
-0.0650000000
0.3910000000
0.3910000000
0.3910000000
0.3910000000
0.5710000000
0.5710000000
0.5710000000
0.5710000000
-0.4150000000
-0.4150000000
-0.4150000000
-0.4150000000
1.1020000000
1.1020000000
1.1020000000
1.1020000000
1.4730000000
1.4730000000
1.4730000000
1.4730000000
0.5040000000
0.5040000000
0.5040000000
0.5040000000
0.4180000000
0.4180000000
0.4180000000
0.4180000000
-0.5090000000
-0.5090000000
-0.5090000000
-0.5090000000
-1.4610000000
-1.4610000000
-1.4610000000
-1.4610000000
-2.7420000000
-2.7420000000
-2.7420000000
-2.7420000000
-2.9830000000
-2.9830000000
-2.9830000000
-2.9830000000
-3.1240000000
-3.1240000000
-3.1240000000
-3.1240000000
-2.8010000000
-2.8010000000
-2.8010000000
-2.8010000000
-1.6990000000
-1.6990000000
-1.6990000000
-1.6990000000
0.6870000000
0.6870000000
0.6870000000
0.6870000000
1.2050000000
1.2050000000
1.2050000000
1.2050000000
1.0870000000
1.0870000000
1.0870000000
1.0870000000
0.9070000000
0.9070000000
0.9070000000
0.9070000000
1.3290000000
1.3290000000
1.3290000000
1.3290000000
0.9800000000
0.9800000000
0.9800000000
0.9800000000
2.0140000000
2.0140000000
2.0140000000
2.0140000000
1.9520000000
1.9520000000
1.9520000000
1.9520000000
2.0260000000
2.0260000000
2.0260000000
2.0260000000
-0.6910000000
-0.6910000000
-0.6910000000
-0.6910000000
-4.9420000000
-4.9420000000
-4.9420000000
-4.9420000000
-5.0190000000
-5.0190000000
-5.0190000000
-5.0190000000
-4.8610000000
-4.8610000000
-4.8610000000
-4.8610000000
-4.6420000000
-4.6420000000
-4.6420000000
-4.6420000000
-4.3520000000
-4.3520000000
-4.3520000000
-4.3520000000
-4.5420000000
-4.5420000000
-4.5420000000
-4.5420000000
-4.0300000000
-4.0300000000
-4.0300000000
-4.0300000000
-3.8300000000
-3.8300000000
-3.8300000000
-3.8300000000
-4.0560000000
-4.0560000000
-4.0560000000
-4.0560000000
-2.2560000000
-2.2560000000
-2.2560000000
-2.2560000000
-2.7290000000
-2.7290000000
-2.7290000000
-2.7290000000
-3.7780000000
-3.7780000000
-3.7780000000
-3.7780000000
-2.7150000000
-2.7150000000
-2.7150000000
-2.7150000000
-2.0390000000
-2.0390000000
-2.0390000000
-2.0390000000
-2.9100000000
-2.9100000000
-2.9100000000
-2.9100000000
-3.5470000000
-3.5470000000
-3.5470000000
-3.5470000000
-3.1580000000
-3.1580000000
-3.1580000000
-3.1580000000
-3.5170000000
-3.5170000000
-3.5170000000
-3.5170000000
-2.2280000000
-2.2280000000
-2.2280000000
-2.2280000000
-2.4400000000
-2.4400000000
-2.4400000000
-2.4400000000
-2.3210000000
-2.3210000000
-2.3210000000
-2.3210000000
-1.7770000000
-1.7770000000
-1.7770000000
-1.7770000000
0.3610000000
0.3610000000
0.3610000000
0.3610000000
-0.2090000000
-0.2090000000
-0.2090000000
-0.2090000000
-2.4390000000
-2.4390000000
-2.4390000000
-2.4390000000
-1.8610000000
-1.8610000000
-1.8610000000
-1.8610000000
-1.8390000000
-1.8390000000
-1.8390000000
-1.8390000000
-1.3060000000
-1.3060000000
-1.3060000000
-1.3060000000
-1.7120000000
-1.7120000000
-1.7120000000
-1.7120000000
-1.0950000000
-1.0950000000
-1.0950000000
-1.0950000000
-0.2220000000
-0.2220000000
-0.2220000000
-0.2220000000
-0.4570000000
-0.4570000000
-0.4570000000
-0.4570000000
-2.1900000000
-2.1900000000
-2.1900000000
-2.1900000000
-2.1000000000
-2.1000000000
-2.1000000000
-2.1000000000
-1.1490000000
-1.1490000000
-1.1490000000
-1.1490000000
-1.8360000000
-1.8360000000
-1.8360000000
-1.8360000000
-0.2850000000
-0.2850000000
-0.2850000000
-0.2850000000
0.3020000000
0.3020000000
0.3020000000
0.3020000000
-2.2110000000
-2.2110000000
-2.2110000000
-2.2110000000
-1.3060000000
-1.3060000000
-1.3060000000
-1.3060000000
-2.1850000000
-2.1850000000
-2.1850000000
-2.1850000000
-3.2850000000
-3.2850000000
-3.2850000000
-3.2850000000
-2.6240000000
-2.6240000000
-2.6240000000
-2.6240000000
-2.3300000000
-2.3300000000
-2.3300000000
-2.3300000000
-2.7820000000
-2.7820000000
-2.7820000000
-2.7820000000
-2.7150000000
-2.7150000000
-2.7150000000
-2.7150000000
-3.0720000000
-3.0720000000
-3.0720000000
-3.0720000000
-3.3020000000
-3.3020000000
-3.3020000000
-3.3020000000
-3.3020000000
-3.3020000000
-3.3020000000
-3.3020000000
-3.6260000000
-3.6260000000
-3.6260000000
-3.6260000000
-3.9270000000
-3.9270000000
-3.9270000000
-3.9270000000
-3.4430000000
-3.4430000000
-3.4430000000
-3.4430000000
-3.8280000000
-3.8280000000
-3.8280000000
-3.8280000000
-3.5610000000
-3.5610000000
-3.5610000000
-3.5610000000
-3.7180000000
-3.7180000000
-3.7180000000
-3.7180000000
-3.7440000000
-3.7440000000
-3.7440000000
-3.7440000000
-3.6110000000
-3.6110000000
-3.6110000000
-3.6110000000
-3.7620000000
-3.7620000000
-3.7620000000
-3.7620000000
-3.8390000000
-3.8390000000
-3.8390000000
-3.8390000000
-3.3270000000
-3.3270000000
-3.3270000000
-3.3270000000
-2.9430000000
-2.9430000000
-2.9430000000
-2.9430000000
-1.2490000000
-1.2490000000
-1.2490000000
-1.2490000000
-0.6770000000
-0.6770000000
-0.6770000000
-0.6770000000
-0.7200000000
-0.7200000000
-0.7200000000
-0.7200000000
-2.6440000000
-2.6440000000
-2.6440000000
-2.6440000000
-3.9760000000
-3.9760000000
-3.9760000000
-3.9760000000
-4.1340000000
-4.1340000000
-4.1340000000
-4.1340000000
-4.2330000000
-4.2330000000
-4.2330000000
-4.2330000000
-4.5220000000
-4.5220000000
-4.5220000000
-4.5220000000
-4.3910000000
-4.3910000000
-4.3910000000
-4.3910000000
-4.5460000000
-4.5460000000
-4.5460000000
-4.5460000000
-4.3420000000
-4.3420000000
-4.3420000000
-4.3420000000
-3.2110000000
-3.2110000000
-3.2110000000
-3.2110000000
-1.8730000000
-1.8730000000
-1.8730000000
-1.8730000000
-2.5760000000
-2.5760000000
-2.5760000000
-2.5760000000
-2.4140000000
-2.4140000000
-2.4140000000
-2.4140000000
0.5480000000
0.5480000000
0.5480000000
0.5480000000
1.0380000000
1.0380000000
1.0380000000
1.0380000000
1.2170000000
1.2170000000
1.2170000000
1.2170000000
-4.3580000000
-4.3580000000
-4.3580000000
-4.3580000000
-3.9770000000
-3.9770000000
-3.9770000000
-3.9770000000
-3.9790000000
-3.9790000000
-3.9790000000
-3.9790000000
-3.7520000000
-3.7520000000
-3.7520000000
-3.7520000000
-3.2190000000
-3.2190000000
-3.2190000000
-3.2190000000
-2.2960000000
-2.2960000000
-2.2960000000
-2.2960000000
-1.6840000000
-1.6840000000
-1.6840000000
-1.6840000000
-1.5070000000
-1.5070000000
-1.5070000000
-1.5070000000
-1.5710000000
-1.5710000000
-1.5710000000
-1.5710000000
-0.7810000000
-0.7810000000
-0.7810000000
-0.7810000000
-0.8310000000
-0.8310000000
-0.8310000000
-0.8310000000
-0.7340000000
-0.7340000000
-0.7340000000
-0.7340000000
-2.4730000000
-2.4730000000
-2.4730000000
-2.4730000000
-2.4310000000
-2.4310000000
-2.4310000000
-2.4310000000
-2.5090000000
-2.5090000000
-2.5090000000
-2.5090000000
-2.4680000000
-2.4680000000
-2.4680000000
-2.4680000000
-2.8430000000
-2.8430000000
-2.8430000000
-2.8430000000
-2.6190000000
-2.6190000000
-2.6190000000
-2.6190000000
-3.4470000000
-3.4470000000
-3.4470000000
-3.4470000000
-3.5600000000
-3.5600000000
-3.5600000000
-3.5600000000
-3.3330000000
-3.3330000000
-3.3330000000
-3.3330000000
-0.5920000000
-0.5920000000
-0.5920000000
-0.5920000000
0.8650000000
0.8650000000
0.8650000000
0.8650000000
1.2960000000
1.2960000000
1.2960000000
1.2960000000
1.7970000000
1.7970000000
1.7970000000
1.7970000000
2.0200000000
2.0200000000
2.0200000000
2.0200000000
2.0370000000
2.0370000000
2.0370000000
2.0370000000
1.8240000000
1.8240000000
1.8240000000
1.8240000000
1.3500000000
1.3500000000
1.3500000000
1.3500000000
0.8170000000
0.8170000000
0.8170000000
0.8170000000
-0.6820000000
-0.6820000000
-0.6820000000
-0.6820000000
-1.1430000000
-1.1430000000
-1.1430000000
-1.1430000000
-1.6930000000
-1.6930000000
-1.6930000000
-1.6930000000
-0.6690000000
-0.6690000000
-0.6690000000
-0.6690000000
-1.1670000000
-1.1670000000
-1.1670000000
-1.1670000000
-1.4840000000
-1.4840000000
-1.4840000000
-1.4840000000
-2.4230000000
-2.4230000000
-2.4230000000
-2.4230000000
-2.4720000000
-2.4720000000
-2.4720000000
-2.4720000000
-3.2210000000
-3.2210000000
-3.2210000000
-3.2210000000
-3.3250000000
-3.3250000000
-3.3250000000
-3.3250000000
-3.0320000000
-3.0320000000
-3.0320000000
-3.0320000000
-2.4690000000
-2.4690000000
-2.4690000000
-2.4690000000
-3.3270000000
-3.3270000000
-3.3270000000
-3.3270000000
-0.4590000000
-0.4590000000
-0.4590000000
-0.4590000000
-0.0740000000
-0.0740000000
-0.0740000000
-0.0740000000
-2.0160000000
-2.0160000000
-2.0160000000
-2.0160000000
-1.9480000000
-1.9480000000
-1.9480000000
-1.9480000000
-1.1690000000
-1.1690000000
-1.1690000000
-1.1690000000
-2.1770000000
-2.1770000000
-2.1770000000
-2.1770000000
-4.8340000000
-4.8340000000
-4.8340000000
-4.8340000000
-3.9770000000
-3.9770000000
-3.9770000000
-3.9770000000
-0.3910000000
-0.3910000000
-0.3910000000
-0.3910000000
-1.4650000000
-1.4650000000
-1.4650000000
-1.4650000000
13.6300000000
13.6300000000
13.6300000000
13.6300000000
3.5460000000
3.5460000000
3.5460000000
3.5460000000
-4.6380000000
-4.6380000000
-4.6380000000
-4.6380000000
5.6880000000
5.6880000000
5.6880000000
5.6880000000
3.4310000000
3.4310000000
3.4310000000
3.4310000000
5.4410000000
5.4410000000
5.4410000000
5.4410000000
-1.2350000000
-1.2350000000
-1.2350000000
-1.2350000000
-2.4400000000
-2.4400000000
-2.4400000000
-2.4400000000
-7.5190000000
-7.5190000000
-7.5190000000
-7.5190000000
6.6040000000
6.6040000000
6.6040000000
6.6040000000
5.2150000000
5.2150000000
5.2150000000
5.2150000000
0.7840000000
0.7840000000
0.7840000000
0.7840000000
-0.0040000000
-0.0040000000
-0.0040000000
-0.0040000000
-0.2910000000
-0.2910000000
-0.2910000000
-0.2910000000
-1.1840000000
-1.1840000000
-1.1840000000
-1.1840000000
4.9040000000
4.9040000000
4.9040000000
4.9040000000
10.3500000000
10.3500000000
10.3500000000
10.3500000000
9.6460000000
9.6460000000
9.6460000000
9.6460000000
10.0220000000
10.0220000000
10.0220000000
10.0220000000
14.4830000000
14.4830000000
14.4830000000
14.4830000000
15.4460000000
15.4460000000
15.4460000000
15.4460000000
10.4050000000
10.4050000000
10.4050000000
10.4050000000
4.5300000000
4.5300000000
4.5300000000
4.5300000000
6.4310000000
6.4310000000
6.4310000000
6.4310000000
10.7550000000
10.7550000000
10.7550000000
10.7550000000
8.8410000000
8.8410000000
8.8410000000
8.8410000000
5.2470000000
5.2470000000
5.2470000000
5.2470000000
-1.3450000000
-1.3450000000
-1.3450000000
-1.3450000000
-1.6930000000
-1.6930000000
-1.6930000000
-1.6930000000
-5.0730000000
-5.0730000000
-5.0730000000
-5.0730000000
0.7420000000
0.7420000000
0.7420000000
0.7420000000
9.5320000000
9.5320000000
9.5320000000
9.5320000000
2.6950000000
2.6950000000
2.6950000000
2.6950000000
4.6670000000
4.6670000000
4.6670000000
4.6670000000
8.5150000000
8.5150000000
8.5150000000
8.5150000000
13.2800000000
13.2800000000
13.2800000000
13.2800000000
13.9850000000
13.9850000000
13.9850000000
13.9850000000
10.5470000000
10.5470000000
10.5470000000
10.5470000000
12.3430000000
12.3430000000
12.3430000000
12.3430000000
10.6140000000
10.6140000000
10.6140000000
10.6140000000
-3.3650000000
-3.3650000000
-3.3650000000
-3.3650000000
-5.4380000000
-5.4380000000
-5.4380000000
-5.4380000000
-4.8110000000
-4.8110000000
-4.8110000000
-4.8110000000
-6.8450000000
-6.8450000000
-6.8450000000
-6.8450000000
10.1890000000
10.1890000000
10.1890000000
10.1890000000
4.6100000000
4.6100000000
4.6100000000
4.6100000000
8.4860000000
8.4860000000
8.4860000000
8.4860000000
2.3170000000
2.3170000000
2.3170000000
2.3170000000
0.3400000000
0.3400000000
0.3400000000
0.3400000000
0.6280000000
0.6280000000
0.6280000000
0.6280000000
3.2090000000
3.2090000000
3.2090000000
3.2090000000
3.9880000000
3.9880000000
3.9880000000
3.9880000000
2.8500000000
2.8500000000
2.8500000000
2.8500000000
-1.4330000000
-1.4330000000
-1.4330000000
-1.4330000000
-0.8340000000
-0.8340000000
-0.8340000000
-0.8340000000
2.5220000000
2.5220000000
2.5220000000
2.5220000000
2.7520000000
2.7520000000
2.7520000000
2.7520000000
0.3310000000
0.3310000000
0.3310000000
0.3310000000
-0.9360000000
-0.9360000000
-0.9360000000
-0.9360000000
1.0270000000
1.0270000000
1.0270000000
1.0270000000
1.0730000000
1.0730000000
1.0730000000
1.0730000000
-3.1740000000
-3.1740000000
-3.1740000000
-3.1740000000
0.3410000000
0.3410000000
0.3410000000
0.3410000000
1.7990000000
1.7990000000
1.7990000000
1.7990000000
-1.7780000000
-1.7780000000
-1.7780000000
-1.7780000000
1.7410000000
1.7410000000
1.7410000000
1.7410000000
-0.0280000000
-0.0280000000
-0.0280000000
-0.0280000000
1.6770000000
1.6770000000
1.6770000000
1.6770000000
3.5190000000
3.5190000000
3.5190000000
3.5190000000
0.5540000000
0.5540000000
0.5540000000
0.5540000000
4.9950000000
4.9950000000
4.9950000000
4.9950000000
1.8510000000
1.8510000000
1.8510000000
1.8510000000
8.9900000000
8.9900000000
8.9900000000
8.9900000000
1.7980000000
1.7980000000
1.7980000000
1.7980000000
1.0050000000
1.0050000000
1.0050000000
1.0050000000
0.9460000000
0.9460000000
0.9460000000
0.9460000000
0.7500000000
0.7500000000
0.7500000000
0.7500000000
-0.0180000000
-0.0180000000
-0.0180000000
-0.0180000000
0.2360000000
0.2360000000
0.2360000000
0.2360000000
-1.9100000000
-1.9100000000
-1.9100000000
-1.9100000000
-1.1470000000
-1.1470000000
-1.1470000000
-1.1470000000
0.4330000000
0.4330000000
0.4330000000
0.4330000000
2.6720000000
2.6720000000
2.6720000000
2.6720000000
3.8510000000
3.8510000000
3.8510000000
3.8510000000
4.0450000000
4.0450000000
4.0450000000
4.0450000000
4.0640000000
4.0640000000
4.0640000000
4.0640000000
3.7340000000
3.7340000000
3.7340000000
3.7340000000
3.7630000000
3.7630000000
3.7630000000
3.7630000000
2.2740000000
2.2740000000
2.2740000000
2.2740000000
3.2080000000
3.2080000000
3.2080000000
3.2080000000
4.2720000000
4.2720000000
4.2720000000
4.2720000000
4.1460000000
4.1460000000
4.1460000000
4.1460000000
6.1060000000
6.1060000000
6.1060000000
6.1060000000
6.4530000000
6.4530000000
6.4530000000
6.4530000000
0.9500000000
0.9500000000
0.9500000000
0.9500000000
2.6670000000
2.6670000000
2.6670000000
2.6670000000
1.6960000000
1.6960000000
1.6960000000
1.6960000000
-1.2060000000
-1.2060000000
-1.2060000000
-1.2060000000
1.4560000000
1.4560000000
1.4560000000
1.4560000000
5.5810000000
5.5810000000
5.5810000000
5.5810000000
5.4100000000
5.4100000000
5.4100000000
5.4100000000
5.3970000000
5.3970000000
5.3970000000
5.3970000000
6.1480000000
6.1480000000
6.1480000000
6.1480000000
6.1100000000
6.1100000000
6.1100000000
6.1100000000
6.1640000000
6.1640000000
6.1640000000
6.1640000000
5.1660000000
5.1660000000
5.1660000000
5.1660000000
4.1350000000
4.1350000000
4.1350000000
4.1350000000
3.2320000000
3.2320000000
3.2320000000
3.2320000000
1.7830000000
1.7830000000
1.7830000000
1.7830000000
0.0320000000
0.0320000000
0.0320000000
0.0320000000
-4.6150000000
-4.6150000000
-4.6150000000
-4.6150000000
-0.0170000000
-0.0170000000
-0.0170000000
-0.0170000000
1.7680000000
1.7680000000
1.7680000000
1.7680000000
-0.7520000000
-0.7520000000
-0.7520000000
-0.7520000000
-9.0930000000
-9.0930000000
-9.0930000000
-9.0930000000
-9.5360000000
-9.5360000000
-9.5360000000
-9.5360000000
-7.9810000000
-7.9810000000
-7.9810000000
-7.9810000000
-6.5820000000
-6.5820000000
-6.5820000000
-6.5820000000
-4.2470000000
-4.2470000000
-4.2470000000
-4.2470000000
-0.6290000000
-0.6290000000
-0.6290000000
-0.6290000000
-1.8880000000
-1.8880000000
-1.8880000000
-1.8880000000
2.8810000000
2.8810000000
2.8810000000
2.8810000000
4.4930000000
4.4930000000
4.4930000000
4.4930000000
6.7570000000
6.7570000000
6.7570000000
6.7570000000
7.0200000000
7.0200000000
7.0200000000
7.0200000000
6.7580000000
6.7580000000
6.7580000000
6.7580000000
8.1800000000
8.1800000000
8.1800000000
8.1800000000
9.2620000000
9.2620000000
9.2620000000
9.2620000000
7.8370000000
7.8370000000
7.8370000000
7.8370000000
7.0240000000
7.0240000000
7.0240000000
7.0240000000
9.5200000000
9.5200000000
9.5200000000
9.5200000000
7.7000000000
7.7000000000
7.7000000000
7.7000000000
6.0030000000
6.0030000000
6.0030000000
6.0030000000
8.1820000000
8.1820000000
8.1820000000
8.1820000000
6.4750000000
6.4750000000
6.4750000000
6.4750000000
2.0140000000
2.0140000000
2.0140000000
2.0140000000
4.0550000000
4.0550000000
4.0550000000
4.0550000000
3.7800000000
3.7800000000
3.7800000000
3.7800000000
4.2690000000
4.2690000000
4.2690000000
4.2690000000
2.1880000000
2.1880000000
2.1880000000
2.1880000000
2.6130000000
2.6130000000
2.6130000000
2.6130000000
3.5080000000
3.5080000000
3.5080000000
3.5080000000
6.7820000000
6.7820000000
6.7820000000
6.7820000000
5.0320000000
5.0320000000
5.0320000000
5.0320000000
-2.5150000000
-2.5150000000
-2.5150000000
-2.5150000000
2.7570000000
2.7570000000
2.7570000000
2.7570000000
2.8860000000
2.8860000000
2.8860000000
2.8860000000
0.0060000000
0.0060000000
0.0060000000
0.0060000000
-0.9680000000
-0.9680000000
-0.9680000000
-0.9680000000
2.0220000000
2.0220000000
2.0220000000
2.0220000000
2.0180000000
2.0180000000
2.0180000000
2.0180000000
5.6900000000
5.6900000000
5.6900000000
5.6900000000
6.2610000000
6.2610000000
6.2610000000
6.2610000000
14.2780000000
14.2780000000
14.2780000000
14.2780000000
1.3570000000
1.3570000000
1.3570000000
1.3570000000
-14.6240000000
-14.6240000000
-14.6240000000
-14.6240000000
-14.6570000000
-14.6570000000
-14.6570000000
-14.6570000000
-15.4330000000
-15.4330000000
-15.4330000000
-15.4330000000
-15.3480000000
-15.3480000000
-15.3480000000
-15.3480000000
-15.0110000000
-15.0110000000
-15.0110000000
-15.0110000000
-13.8400000000
-13.8400000000
-13.8400000000
-13.8400000000
-12.3350000000
-12.3350000000
-12.3350000000
-12.3350000000
-11.6680000000
-11.6680000000
-11.6680000000
-11.6680000000
-12.8680000000
-12.8680000000
-12.8680000000
-12.8680000000
-14.5880000000
-14.5880000000
-14.5880000000
-14.5880000000
-14.6210000000
-14.6210000000
-14.6210000000
-14.6210000000
-13.6510000000
-13.6510000000
-13.6510000000
-13.6510000000
-13.8120000000
-13.8120000000
-13.8120000000
-13.8120000000
-12.9020000000
-12.9020000000
-12.9020000000
-12.9020000000
-5.9740000000
-5.9740000000
-5.9740000000
-5.9740000000
-2.9960000000
-2.9960000000
-2.9960000000
-2.9960000000
-1.1050000000
-1.1050000000
-1.1050000000
-1.1050000000
7.8870000000
7.8870000000
7.8870000000
7.8870000000
11.5880000000
11.5880000000
11.5880000000
11.5880000000
7.9700000000
7.9700000000
7.9700000000
7.9700000000
-12.7920000000
-12.7920000000
-12.7920000000
-12.7920000000
-13.5540000000
-13.5540000000
-13.5540000000
-13.5540000000
-13.1190000000
-13.1190000000
-13.1190000000
-13.1190000000
-12.8160000000
-12.8160000000
-12.8160000000
-12.8160000000
-13.2220000000
-13.2220000000
-13.2220000000
-13.2220000000
-4.6050000000
-4.6050000000
-4.6050000000
-4.6050000000
0.5680000000
0.5680000000
0.5680000000
0.5680000000
-1.2510000000
-1.2510000000
-1.2510000000
-1.2510000000
5.0450000000
5.0450000000
5.0450000000
