0.1374900000
-0.0129960000
-0.1617100000
-0.3112900000
-0.4633400000
-0.6178200000
-0.7723400000
-0.9214600000
-1.0565000000
-1.1664000000
-1.2397000000
-1.2684000000
-1.2507000000
-1.1919000000
-1.1030000000
-0.9971400000
-0.8868400000
-0.7820400000
-0.6898700000
-0.6150900000
-0.5608300000
-0.5292300000
-0.5219100000
-0.5401500000
-0.5848900000
-0.6565000000
-0.7541800000
-0.8751000000
-1.0131000000
-1.1574000000
-1.2921000000
-1.3976000000
-1.4555000000
-1.4542000000
-1.3940000000
-1.2862000000
-1.1480000000
-0.9961300000
-0.8429200000
-0.6953200000
-0.5556500000
-0.4231500000
-0.2952300000
-0.1684100000
-0.0388790000
0.0970910000
0.2428800000
0.4010700000
0.5726700000
0.7559500000
0.9447500000
1.1269000000
1.2840000000
1.3943000000
1.4392000000
1.4113000000
1.3176000000
1.1763000000
1.0086000000
0.8324400000
0.6593700000
0.4950900000
0.3410400000
0.1961700000
0.0582670000
-0.0751750000
-0.2064700000
-0.3373800000
-0.4687900000
-0.6003600000
-0.7302000000
-0.8545300000
-0.9676700000
-1.0625000000
-1.1319000000
-1.1703000000
-1.1755000000
-1.1499000000
-1.0998000000
-1.0339000000
-0.9619400000
-0.8925500000
-0.8329900000
-0.7887500000
-0.7638000000
-0.7607600000
-0.7811000000
-0.8250400000
-0.8912900000
-0.9764900000
-1.0746000000
-1.1764000000
-1.2698000000
-1.3412000000
-1.3786000000
-1.3748000000
-1.3297000000
-1.2502000000
-1.1468000000
-1.0307000000
-0.9112500000
-0.7942900000
-0.6828500000
-0.5776100000
-0.4777800000
-0.3817200000
-0.2874700000
-0.1929900000
-0.0963220000
0.0043000000
0.1104400000
0.2233600000
0.3438800000
0.4721000000
0.6069400000
0.7455900000
0.8828800000
1.0110000000
1.1197000000
1.1983000000
1.2381000000
1.2352000000
1.1920000000
1.1169000000
1.0212000000
0.9164900000
0.8129700000
0.7182000000
0.6375400000
0.5746100000
0.5319500000
0.5114800000
0.5147900000
0.5432500000
0.5978400000
0.6788600000
0.7852100000
0.9133900000
1.0561000000
1.2011000000
1.3310000000
1.4257000000
1.4678000000
1.4488000000
1.3726000000
1.2532000000
1.1086000000
0.9546600000
0.8023500000
0.6571100000
0.5201500000
0.3900000000
0.2636400000
0.1373600000
0.0072791000
-0.1303600000
-0.2788500000
-0.4405500000
-0.6159900000
-0.8025800000
-0.9927800000
-1.1726000000
-1.3222000000
-1.4191000000
-1.4466000000
-1.4005000000
-1.2914000000
-1.1394000000
-0.9657100000
-0.7870500000
-0.6134100000
-0.4491000000
-0.2945700000
-0.1481700000
-0.0072971000
0.1307400000
0.2682900000
0.4069100000
0.5470000000
0.6872800000
0.8243600000
0.9524000000
1.0634000000
1.1485000000
1.1998000000
1.2130000000
1.1890000000
1.1340000000
1.0578000000
0.9712500000
0.8846200000
0.8061700000
0.7421100000
0.6968800000
0.6735400000
0.6741800000
0.7000400000
0.7514200000
0.8273100000
0.9247600000
1.0379000000
1.1573000000
1.2695000000
1.3587000000
1.4097000000
1.4130000000
1.3675000000
1.2808000000
1.1659000000
1.0365000000
0.9034800000
0.7738800000
0.6509200000
0.5350100000
0.4248200000
0.3180800000
0.2120900000
0.1041100000
-0.0085433000
-0.1283000000
-0.2572100000
-0.3966700000
-0.5469000000
-0.7061100000
-0.8695000000
-1.0282000000
-1.1690000000
-1.2762000000
-1.3351000000
-1.3372000000
-1.2839000000
-1.1857000000
-1.0581000000
-0.9167700000
-0.7743100000
-0.6389700000
-0.5154200000
-0.4058500000
-0.3110200000
-0.2310600000
-0.1659700000
-0.1157800000
-0.0807520000
-0.0612770000
-0.0578920000
-0.0712190000
-0.1019200000
-0.1506800000
-0.2181600000
-0.3049200000
-0.4112200000
-0.5366000000
-0.6792000000
-0.8346500000
-0.9948100000
-1.1469000000
-1.2738000000
-1.3575000000
-1.3842000000
-1.3497000000
-1.2612000000
-1.1335000000
-0.9839600000
-0.8270000000
-0.6724200000
-0.5254100000
-0.3877600000
-0.2592200000
-0.1385000000
-0.0239400000
0.0860690000
0.1928900000
0.2975100000
0.4004600000
0.5017300000
0.6006800000
0.6960100000
0.7856900000
0.8671500000
0.9374800000
0.9939500000
1.0345000000
1.0585000000
1.0668000000
1.0621000000
1.0482000000
1.0300000000
1.0122000000
0.9994200000
0.9951300000
1.0018000000
1.0204000000
1.0504000000
1.0897000000
1.1346000000
1.1799000000
1.2194000000
1.2471000000
1.2579000000
1.2486000000
1.2190000000
1.1712000000
1.1089000000
1.0367000000
0.9590900000
0.8794800000
0.8003600000
0.7232200000
0.6487600000
0.5772300000
0.5085900000
0.4427900000
0.3798600000
0.3200000000
0.2636600000
0.2115000000
0.1644400000
0.1236100000
0.0903320000
0.0660550000
0.0523380000
0.0507930000
0.0630460000
0.0907090000
0.1353600000
0.1985300000
0.2816200000
0.3857400000
0.5113500000
0.6575000000
0.8206600000
0.9931400000
1.1616000000
1.3069000000
1.4075000000
1.4454000000
1.4135000000
1.3190000000
1.1790000000
1.0138000000
0.8400100000
0.6683700000
0.5037600000
0.3469200000
0.1961300000
0.0484650000
-0.0993410000
-0.2502700000
-0.4064800000
-0.5686300000
-0.7349600000
-0.9003500000
-1.0555000000
-1.1873000000
-1.2808000000
-1.3239000000
-1.3116000000
-1.2481000000
-1.1456000000
-1.0197000000
-0.8853600000
-0.7538500000
-0.6328000000
-0.5266200000
-0.4377300000
-0.3673700000
-0.3163800000
-0.2854700000
-0.2754900000
-0.2874500000
-0.3225000000
-0.3818200000
-0.4664000000
-0.5765700000
-0.7112700000
-0.8667300000
-1.0348000000
-1.2014000000
-1.3462000000
-1.4463000000
-1.4825000000
-1.4476000000
-1.3491000000
-1.2052000000
-1.0371000000
-0.8614500000
-0.6888300000
-0.5234200000
-0.3651500000
-0.2113100000
-0.0579560000
0.0992610000
0.2643800000
0.4404100000
0.6282800000
0.8252700000
1.0231000000
1.2064000000
1.3537000000
1.4422000000
1.4561000000
1.3944000000
1.2709000000
1.1078000000
0.9268700000
0.7439800000
0.5680300000
0.4023000000
0.2465000000
0.0985100000
-0.0444950000
-0.1852700000
-0.3260400000
-0.4680400000
-0.6110700000
-0.7529700000
-0.8891700000
-1.0126000000
-1.1143000000
-1.1853000000
-1.2188000000
-1.2129000000
-1.1712000000
-1.1023000000
-1.0171000000
-0.9266600000
-0.8404400000
-0.7658200000
-0.7080900000
-0.6709500000
-0.6569600000
-0.6677900000
-0.7043300000
-0.7664600000
-0.8525900000
-0.9588300000
-1.0780000000
-1.1991000000
-1.3073000000
-1.3861000000
-1.4214000000
-1.4064000000
-1.3435000000
-1.2430000000
-1.1191000000
-0.9850900000
-0.8506400000
-0.7213500000
-0.5992400000
-0.4838800000
-0.3734100000
-0.2652300000
-0.1565000000
-0.0443610000
0.0738720000
0.2005900000
0.3376300000
0.4858900000
0.6445600000
0.8101400000
0.9752200000
1.1278000000
1.2523000000
1.3321000000
1.3555000000
1.3199000000
1.2332000000
1.1103000000
0.9679200000
0.8202900000
0.6772600000
0.5445400000
0.4248300000
0.3189900000
0.2269900000
0.1485200000
0.0832680000
0.0311000000
-0.0079704000
-0.0338080000
-0.0462340000
-0.0450870000
-0.0302760000
-0.0017985000
0.0402640000
0.0957620000
0.1644900000
0.2461700000
0.3403600000
0.4462700000
0.5624200000
0.6862100000
0.8133000000
0.9372100000
1.0493000000
1.1395000000
1.1982000000
1.2191000000
1.2008000000
1.1475000000
1.0682000000
0.9733500000
0.8734400000
0.7770300000
0.6905400000
0.6185700000
0.5643100000
0.5301700000
0.5180300000
0.5295600000
0.5661100000
0.6286200000
0.7170800000
0.8298500000
0.9624200000
1.1061000000
1.2470000000
1.3668000000
1.4456000000
1.4685000000
1.4308000000
1.3402000000
1.2123000000
1.0649000000
0.9124300000
0.7639500000
0.6234500000
0.4912100000
0.3652100000
0.2422000000
0.1184700000
-0.0098327000
-0.1463300000
-0.2941600000
-0.4554700000
-0.6305600000
-0.8164400000
-1.0052000000
-1.1825000000
-1.3281000000
-1.4201000000
-1.4426000000
-1.3923000000
-1.2807000000
-1.1277000000
-0.9544500000
-0.7769500000
-0.6048400000
-0.4421500000
-0.2892400000
-0.1444300000
-0.0051688000
0.1311700000
0.2668500000
0.4033900000
0.5411900000
0.6790500000
0.8137700000
0.9398500000
1.0497000000
1.1349000000
1.1878000000
1.2040000000
1.1842000000
1.1339000000
1.0623000000
0.9800900000
0.8971300000
0.8217600000
0.7602900000
0.7172800000
0.6959100000
0.6982700000
0.7255600000
0.7779100000
0.8540300000
0.9505600000
1.0612000000
1.1761000000
1.2816000000
1.3626000000
1.4050000000
1.4007000000
1.3501000000
1.2613000000
1.1470000000
1.0201000000
0.8906700000
0.7649900000
0.6458700000
0.5335500000
0.4266900000
0.3231100000
0.2203100000
0.1156900000
0.0068013000
-0.1086100000
-0.2324600000
-0.3661100000
-0.5099000000
-0.6625400000
-0.8201600000
-0.9753600000
-1.1168000000
-1.2302000000
-1.3014000000
-1.3204000000
-1.2860000000
-1.2054000000
-1.0922000000
-0.9614800000
-0.8264200000
-0.6964300000
-0.5774200000
-0.4726400000
-0.3837100000
-0.3114300000
-0.2563400000
-0.2189700000
-0.2000300000
-0.2004300000
-0.2212400000
-0.2636400000
-0.3288600000
-0.4179300000
-0.5313200000
-0.6682300000
-0.8254100000
-0.9955000000
-1.1654000000
-1.3158000000
-1.4240000000
-1.4701000000
-1.4450000000
-1.3543000000
-1.2152000000
-1.0486000000
-0.8722100000
-0.6974000000
-0.5292900000
-0.3684400000
-0.2126400000
-0.0583180000
0.0985520000
0.2617200000
0.4339300000
0.6159900000
0.8053600000
0.9945400000
1.1698000000
1.3121000000
1.4008000000
1.4215000000
1.3718000000
1.2632000000
1.1152000000
0.9480000000
0.7774700000
0.6133300000
0.4601300000
0.3189500000
0.1889500000
0.0685060000
-0.0442040000
-0.1508100000
-0.2526000000
-0.3504900000
-0.4449400000
-0.5359900000
-0.6232200000
-0.7058000000
-0.7825300000
-0.8519800000
-0.9126600000
-0.9632800000
-1.0031000000
-1.0321000000
-1.0511000000
-1.0620000000
-1.0673000000
-1.0697000000
-1.0722000000
-1.0772000000
-1.0864000000
-1.1006000000
-1.1196000000
-1.1418000000
-1.1650000000
-1.1859000000
-1.2011000000
-1.2074000000
-1.2024000000
-1.1847000000
-1.1544000000
-1.1128000000
-1.0619000000
-1.0040000000
-0.9416400000
-0.8767900000
-0.8111000000
-0.7457500000
-0.6816000000
-0.6192900000
-0.5593900000
-0.5025000000
-0.4493400000
-0.4008200000
-0.3580800000
-0.3225100000
-0.2957700000
-0.2797400000
-0.2765500000
-0.2885200000
-0.3181000000
-0.3677700000
-0.4398900000
-0.5363800000
-0.6580500000
-0.8036400000
-0.9681400000
-1.1409000000
-1.3044000000
-1.4353000000
-1.5099000000
-1.5130000000
-1.4445000000
-1.3191000000
-1.1588000000
-0.9846100000
-0.8109100000
-0.6450600000
-0.4886900000
-0.3398300000
-0.1945200000
-0.0479330000
0.1049000000
0.2685700000
0.4466000000
0.6402900000
0.8469700000
1.0575000000
1.2545000000
1.4126000000
1.5049000000
1.5132000000
1.4371000000
1.2942000000
1.1107000000
0.9106600000
0.7103500000
0.5174900000
0.3335000000
0.1559900000
-0.0191960000
-0.1965900000
-0.3800300000
-0.5715300000
-0.7697900000
-0.9683700000
-1.1543000000
-1.3082000000
-1.4084000000
-1.4384000000
-1.3943000000
-1.2868000000
-1.1363000000
-0.9645100000
-0.7885000000
-0.6188600000
-0.4605100000
-0.3145900000
-0.1801400000
-0.0553520000
0.0617900000
0.1730800000
0.2799400000
0.3833000000
0.4835500000
0.5805100000
0.6733700000
0.7607400000
0.8407000000
0.9110400000
0.9695700000
1.0146000000
1.0454000000
1.0625000000
1.0678000000
1.0643000000
1.0558000000
1.0464000000
1.0399000000
1.0395000000
1.0472000000
1.0637000000
1.0886000000
1.1196000000
1.1536000000
1.1860000000
1.2121000000
1.2271000000
1.2277000000
1.2118000000
1.1796000000
1.1329000000
1.0748000000
1.0087000000
0.9379000000
0.8651100000
0.7922800000
0.7207100000
0.6511700000
0.5841100000
0.5198200000
0.4586200000
0.4009400000
0.3473800000
0.2988000000
0.2562900000
0.2212100000
0.1951300000
0.1798500000
0.1773300000
0.1896800000
0.2191000000
0.2678600000
0.3381200000
0.4318000000
0.5501300000
0.6928200000
0.8567600000
1.0341000000
1.2105000000
1.3646000000
1.4714000000
1.5103000000
1.4732000000
1.3686000000
1.2168000000
1.0406000000
0.8578400000
0.6792400000
0.5087300000
0.3456500000
0.1866600000
0.0271880000
-0.1376600000
-0.3122900000
-0.4997800000
-0.7004400000
-0.9098400000
-1.1165000000
-1.3007000000
-1.4367000000
-1.5004000000
-1.4797000000
-1.3809000000
-1.2250000000
-1.0377000000
-0.8403000000
-0.6461000000
-0.4606800000
-0.2844300000
-0.1147800000
0.0520750000
0.2200500000
0.3922600000
0.5701000000
0.7521200000
0.9326500000
1.1009000000
1.2412000000
1.3363000000
1.3724000000
1.3453000000
1.2623000000
1.1389000000
0.9936300000
0.8422500000
0.6960200000
0.5615600000
0.4420900000
0.3387800000
0.2518000000
0.1810000000
0.1262200000
0.0874750000
0.0649550000
0.0589980000
0.0700460000
0.0986020000
0.1452000000
0.2103600000
0.2945200000
0.3978800000
0.5199900000
0.6591200000
0.8112700000
0.9689600000
1.1202000000
1.2491000000
1.3379000000
1.3725000000
1.3474000000
1.2681000000
1.1481000000
1.0042000000
0.8511300000
0.6993000000
0.5546200000
0.4195100000
0.2942600000
0.1780000000
0.0694010000
-0.0328590000
-0.1299400000
-0.2227500000
-0.3118700000
-0.3976400000
-0.4801100000
-0.5590800000
-0.6341700000
-0.7048100000
-0.7703500000
-0.8301100000
-0.8835100000
-0.9301900000
-0.9701000000
-1.0036000000
-1.0313000000
-1.0544000000
-1.0742000000
-1.0920000000
-1.1088000000
-1.1255000000
-1.1424000000
-1.1590000000
-1.1745000000
-1.1874000000
-1.1961000000
-1.1986000000
-1.1938000000
-1.1804000000
-1.1583000000
-1.1278000000
-1.0898000000
-1.0455000000
-0.9963300000
-0.9435600000
-0.8884300000
-0.8319700000
-0.7750300000
-0.7183300000
-0.6625500000
-0.6084200000
-0.5567500000
-0.5085000000
-0.4648300000
-0.4271400000
-0.3970700000
-0.3765000000
-0.3675600000
-0.3726000000
-0.3941200000
-0.4346800000
-0.4967000000
-0.5821900000
-0.6920700000
-0.8252900000
-0.9773500000
-1.1386000000
-1.2931000000
-1.4195000000
-1.4959000000
-1.5071000000
-1.4512000000
-1.3404000000
-1.1946000000
-1.0336000000
-0.8721700000
-0.7185000000
-0.5751900000
-0.4412000000
-0.3133900000
-0.1876300000
-0.0594300000
0.0756250000
0.2216200000
0.3818600000
0.5581300000
0.7493600000
0.9496900000
1.1464000000
1.3189000000
1.4420000000
1.4934000000
1.4634000000
1.3599000000
1.2037000000
1.0193000000
0.8264200000
0.6370700000
0.4561200000
0.2835900000
0.1168200000
-0.0480280000
-0.2148700000
-0.3868500000
-0.5654300000
-0.7492000000
-0.9325000000
-1.1043000000
-1.2485000000
-1.3468000000
-1.3848000000
-1.3575000000
-1.2723000000
-1.1453000000
-0.9954900000
-0.8391000000
-0.6875200000
-0.5472600000
-0.4212500000
-0.3103200000
-0.2142700000
-0.1325400000
-0.0646040000
-0.0100820000
0.0312390000
0.0594640000
0.0746660000
0.0769590000
0.0665560000
0.0437890000
0.0091075000
-0.0369410000
-0.0937480000
-0.1606600000
-0.2369800000
-0.3219200000
-0.4144700000
-0.5132800000
-0.6163500000
-0.7208200000
-0.8227700000
-0.9171700000
-0.9982400000
-1.0603000000
-1.0987000000
-1.1113000000
-1.0989000000
-1.0655000000
-1.0174000000
-0.9617500000
-0.9059100000
-0.8563500000
-0.8184600000
-0.7963700000
-0.7931000000
-0.8105200000
-0.8492900000
-0.9085900000
-0.9856400000
-1.0752000000
-1.1691000000
-1.2566000000
-1.3254000000
-1.3643000000
-1.3663000000
-1.3301000000
-1.2611000000
-1.1683000000
-1.0620000000
-0.9511400000
-0.8417300000
-0.7372200000
-0.6387400000
-0.5459600000
-0.4576400000
-0.3721800000
-0.2878900000
-0.2031700000
-0.1165800000
-0.0269070000
0.0668760000
0.1655600000
0.2696700000
0.3793000000
0.4939700000
0.6122500000
0.7314800000
0.8474300000
0.9542600000
1.0449000000
1.1123000000
1.1506000000
1.1576000000
1.1346000000
1.0871000000
1.0232000000
0.9518200000
0.8812700000
0.8186900000
0.7696500000
0.7383200000
0.7276700000
0.7396800000
0.7753100000
0.8342800000
0.9146300000
1.0120000000
1.1189000000
1.2244000000
1.3149000000
1.3764000000
1.3978000000
1.3748000000
1.3109000000
1.2159000000
1.1018000000
0.9798800000
0.8582400000
0.7415700000
0.6316100000
0.5281100000
0.4296000000
0.3340100000
0.2391000000
0.1426600000
0.0426030000
-0.0629460000
-0.1756000000
-0.2965700000
-0.4264400000
-0.5647000000
-0.7091400000
-0.8550700000
-0.9947700000
-1.1175000000
-1.2110000000
-1.2641000000
-1.2706000000
-1.2313000000
-1.1542000000
-1.0513000000
-0.9357500000
-0.8187900000
-0.7088000000
-0.6114300000
-0.5302400000
-0.4675300000
-0.4249100000
-0.4037500000
-0.4053700000
-0.4311200000
-0.4822500000
-0.5597200000
-0.6636000000
-0.7922500000
-0.9409900000
-1.1004000000
-1.2552000000
-1.3846000000
-1.4669000000
-1.4856000000
-1.4372000000
-1.3317000000
-1.1876000000
-1.0246000000
-0.8578700000
-0.6960700000
-0.5424300000
-0.3962800000
-0.2547000000
-0.1136900000
0.0311520000
0.1840600000
0.3486300000
0.5270300000
0.7187300000
0.9187000000
1.1153000000
1.2896000000
1.4173000000
1.4764000000
1.4560000000
1.3620000000
1.2138000000
1.0352000000
0.8462800000
0.6599900000
0.4821700000
0.3137400000
0.1527700000
-0.0039420000
-0.1598600000
-0.3179600000
-0.4800400000
-0.6459600000
-0.8126900000
-0.9734000000
-1.1172000000
-1.2303000000
-1.2992000000
-1.3153000000
-1.2783000000
-1.1966000000
-1.0846000000
-0.9574200000
-0.8283200000
-0.7068100000
-0.5990100000
-0.5084900000
-0.4372800000
-0.3866800000
-0.3576900000
-0.3513200000
-0.3686600000
-0.4108700000
-0.4789500000
-0.5734600000
-0.6938000000
-0.8371200000
-0.9968100000
-1.1608000000
-1.3108000000
-1.4245000000
-1.4811000000
-1.4691000000
-1.3912000000
-1.2627000000
-1.1040000000
-0.9334100000
-0.7634300000
-0.6000800000
-0.4445000000
-0.2947300000
-0.1471600000
0.0025261000
0.1586800000
0.3250800000
0.5041900000
0.6959100000
0.8958300000
1.0932000000
1.2699000000
1.4023000000
1.4682000000
1.4555000000
1.3687000000
1.2259000000
1.0507000000
0.8637800000
0.6785700000
0.5017100000
0.3346900000
0.1760000000
0.0227350000
-0.1283600000
-0.2801800000
-0.4346700000
-0.5922200000
-0.7508400000
-0.9054500000
-1.0474000000
-1.1652000000
-1.2467000000
-1.2823000000
-1.2689000000
-1.2114000000
-1.1206000000
-1.0105000000
-0.8940900000
-0.7820500000
-0.6818200000
-0.5983000000
-0.5345800000
-0.4927300000
-0.4742900000
-0.4805700000
-0.5127000000
-0.5715300000
-0.6572200000
-0.7686000000
-0.9020400000
-1.0500000000
-1.1998000000
-1.3334000000
-1.4300000000
-1.4716000000
-1.4498000000
-1.3690000000
-1.2442000000
-1.0940000000
-0.9347700000
-0.7773000000
-0.6268700000
-0.4844200000
-0.3481700000
-0.2148400000
-0.0805160000
0.0588710000
0.2071200000
0.3673200000
0.5411100000
0.7275200000
0.9212000000
1.1106000000
1.2775000000
1.3990000000
1.4547000000
1.4347000000
1.3448000000
1.2029000000
1.0315000000
0.8498700000
0.6705100000
0.4995600000
0.3384800000
0.1859400000
0.0393470000
-0.1042300000
-0.2474600000
-0.3922400000
-0.5392300000
-0.6872800000
-0.8328100000
-0.9694100000
-1.0880000000
-1.1784000000
-1.2313000000
-1.2417000000
-1.2108000000
-1.1457000000
-1.0577000000
-0.9588600000
-0.8600500000
-0.7698600000
-0.6944300000
-0.6380000000
-0.6034700000
-0.5928800000
-0.6076900000
-0.6488000000
-0.7162800000
-0.8088900000
-0.9231400000
-1.0522000000
-1.1850000000
-1.3057000000
-1.3964000000
-1.4409000000
-1.4304000000
-1.3668000000
-1.2613000000
-1.1297000000
-0.9866600000
-0.8432100000
-0.7053700000
-0.5752100000
-0.4520600000
-0.3336500000
-0.2169300000
-0.0985780000
0.0247240000
0.1560600000
0.2980200000
0.4522900000
0.6188400000
0.7948000000
0.9729900000
1.1408000000
1.2804000000
1.3726000000
1.4025000000
1.3660000000
1.2713000000
1.1355000000
0.9777800000
0.8138700000
0.6541700000
0.5040300000
0.3652600000
0.2375600000
0.1196600000
0.0100020000
-0.0929030000
-0.1902900000
-0.2830600000
-0.3718300000
-0.4568700000
-0.5382000000
-0.6155700000
-0.6885600000
-0.7565600000
-0.8189200000
-0.8750300000
-0.9244200000
-0.9669000000
-1.0026000000
-1.0322000000
-1.0565000000
-1.0768000000
-1.0943000000
-1.1104000000
-1.1258000000
-1.1412000000
-1.1564000000
-1.1707000000
-1.1829000000
-1.1915000000
-1.1948000000
-1.1913000000
-1.1800000000
-1.1602000000
-1.1320000000
-1.0963000000
-1.0539000000
-1.0062000000
-0.9545600000
-0.9001400000
-0.8440200000
-0.7871200000
-0.7302400000
-0.6741000000
-0.6194600000
-0.5671400000
-0.5181100000
-0.4735100000
-0.4347200000
-0.4033400000
-0.3812300000
-0.3704900000
-0.3734300000
-0.3925300000
-0.4303600000
-0.4893600000
-0.5715900000
-0.6781800000
-0.8083600000
-0.9581700000
-1.1187000000
-1.2748000000
-1.4057000000
-1.4892000000
-1.5090000000
-1.4612000000
-1.3566000000
-1.2143000000
-1.0546000000
-0.8929800000
-0.7384100000
-0.5941100000
-0.4594300000
-0.3314300000
-0.2060900000
-0.0789430000
0.0544290000
0.1981600000
0.3557100000
0.5291400000
0.7179500000
0.9171700000
1.1153000000
1.2931000000
1.4256000000
1.4896000000
1.4727000000
1.3800000000
1.2310000000
1.0500000000
0.8577900000
0.6676800000
0.4855500000
0.3121000000
0.1450000000
-0.0194670000
-0.1852200000
-0.3556000000
-0.5324000000
-0.7148400000
-0.8981400000
-1.0724000000
-1.2224000000
-1.3301000000
-1.3800000000
-1.3651000000
-1.2904000000
-1.1707000000
-1.0247000000
-0.8695300000
-0.7174000000
-0.5756900000
-0.4479600000
-0.3354000000
-0.2380100000
-0.1553400000
-0.0869080000
-0.0323750000
0.0084332000
0.0355620000
0.0490000000
0.0487450000
0.0348610000
0.0074958000
-0.0331200000
-0.0866890000
-0.1528700000
-0.2312500000
-0.3213100000
-0.4222400000
-0.5327000000
-0.6503900000
-0.7716500000
-0.8909800000
-1.0010000000
-1.0929000000
-1.1579000000
-1.1895000000
-1.1851000000
-1.1472000000
-1.0827000000
-1.0010000000
-0.9119400000
-0.8242400000
-0.7448900000
-0.6791200000
-0.6307100000
-0.6025000000
-0.5966400000
-0.6148000000
-0.6581100000
-0.7268600000
-0.8199700000
-0.9340900000
-1.0625000000
-1.1940000000
-1.3131000000
-1.4019000000
-1.4447000000
-1.4331000000
-1.3692000000
-1.2644000000
-1.1344000000
-0.9937700000
-0.8533200000
-0.7189800000
-0.5927600000
-0.4739900000
-0.3604300000
-0.2491000000
-0.1367400000
-0.0201040000
0.1038800000
0.2378800000
0.3839300000
0.5427500000
0.7128700000
0.8892500000
1.0620000000
1.2156000000
1.3314000000
1.3917000000
1.3868000000
1.3191000000
1.2021000000
1.0544000000
0.8935500000
0.7324900000
0.5788700000
0.4360700000
0.3047400000
0.1840800000
0.0727160000
-0.0308110000
-0.1277900000
-0.2192400000
-0.3059000000
-0.3882400000
-0.4665100000
-0.5408100000
-0.6111000000
-0.6773000000
-0.7392700000
-0.7969500000
-0.8503100000
-0.8994100000
-0.9444300000
-0.9856300000
-1.0233000000
-1.0577000000
-1.0892000000
-1.1177000000
-1.1431000000
-1.1651000000
-1.1832000000
-1.1966000000
-1.2047000000
-1.2068000000
-1.2023000000
-1.1912000000
-1.1735000000
-1.1495000000
-1.1200000000
-1.0855000000
-1.0468000000
-1.0047000000
-0.9598400000
-0.9127300000
-0.8639100000
-0.8138900000
-0.7632000000
-0.7124200000
-0.6622700000
-0.6136000000
-0.5674500000
-0.5250500000
-0.4878600000
-0.4575800000
-0.4361300000
-0.4256900000
-0.4286200000
-0.4474200000
-0.4846300000
-0.5426500000
-0.6233500000
-0.7275400000
-0.8539700000
-0.9980400000
-1.1503000000
-1.2953000000
-1.4133000000
-1.4840000000
-1.4937000000
-1.4409000000
-1.3369000000
-1.2000000000
-1.0487000000
-0.8970700000
-0.7530900000
-0.6196500000
-0.4961500000
-0.3799600000
-0.2674600000
-0.1547100000
-0.0377310000
0.0872430000
0.2236100000
0.3740700000
0.5400100000
0.7203500000
0.9099700000
1.0978000000
1.2660000000
1.3920000000
1.4545000000
1.4422000000
1.3591000000
1.2219000000
1.0530000000
0.8718500000
0.6916900000
0.5191100000
0.3557900000
0.2004800000
0.0504590000
-0.0973950000
-0.2459700000
-0.3973600000
-0.5522800000
-0.7093600000
-0.8643400000
-1.0096000000
-1.1342000000
-1.2260000000
-1.2745000000
-1.2746000000
-1.2289000000
-1.1466000000
-1.0412000000
-0.9260000000
-0.8124200000
-0.7087100000
-0.6203900000
-0.5509800000
-0.5027900000
-0.4774900000
-0.4764500000
-0.5008800000
-0.5517600000
-0.6295300000
-0.7335100000
-0.8609500000
-1.0057000000
-1.1566000000
-1.2971000000
-1.4068000000
-1.4661000000
-1.4632000000
-1.3987000000
-1.2851000000
-1.1406000000
-0.9827500000
-0.8240800000
-0.6714400000
-0.5268800000
-0.3892700000
-0.2556800000
-0.1223200000
0.0148910000
0.1598600000
0.3159700000
0.4854200000
0.6682000000
0.8605500000
1.0530000000
1.2294000000
1.3676000000
1.4456000000
1.4495000000
1.3798000000
1.2517000000
1.0871000000
0.9068700000
0.7257400000
0.5517100000
0.3874500000
0.2323100000
0.0839680000
-0.0605030000
-0.2039200000
-0.3484700000
-0.4952500000
-0.6437200000
-0.7910600000
-0.9316800000
-1.0572000000
-1.1573000000
-1.2221000000
-1.2451000000
-1.2254000000
-1.1687000000
-1.0854000000
-0.9877100000
-0.8870600000
-0.7928000000
-0.7117400000
-0.6486000000
-0.6066000000
-0.5879800000
-0.5943600000
-0.6268300000
-0.6858100000
-0.7706200000
-0.8786800000
-1.0045000000
-1.1384000000
-1.2663000000
-1.3703000000
-1.4329000000
-1.4421000000
-1.3959000000
-1.3028000000
-1.1776000000
-1.0363000000
-0.8912900000
-0.7503700000
-0.6168300000
-0.4907800000
-0.3703600000
-0.2526800000
-0.1344200000
-0.0121970000
0.1172000000
0.2565900000
0.4080100000
0.5720500000
0.7467700000
0.9262800000
1.0994000000
1.2495000000
1.3569000000
1.4046000000
1.3852000000
1.3038000000
1.1760000000
1.0212000000
0.8565100000
0.6938200000
0.5396800000
0.3965900000
0.2646000000
0.1425100000
0.0287130000
-0.0784210000
-0.1802600000
-0.2778500000
-0.3718500000
-0.4625400000
-0.5498400000
-0.6332700000
-0.7120200000
-0.7849900000
-0.8509500000
-0.9086700000
-0.9571600000
-0.9959200000
-1.0251000000
-1.0457000000
-1.0593000000
-1.0681000000
-1.0747000000
-1.0813000000
-1.0900000000
-1.1019000000
-1.1177000000
-1.1365000000
-1.1569000000
-1.1766000000
-1.1925000000
-1.2019000000
-1.2020000000
-1.1912000000
-1.1688000000
-1.1352000000
-1.0918000000
-1.0406000000
-0.9835800000
-0.9229000000
-0.8602400000
-0.7969500000
-0.7340400000
-0.6723000000
-0.6123700000
-0.5548600000
-0.5004900000
-0.4501000000
-0.4047500000
-0.3657300000
-0.3346000000
-0.3131700000
-0.3034700000
-0.3077700000
-0.3285100000
-0.3682000000
-0.4293300000
-0.5140300000
-0.6236600000
-0.7578900000
-0.9133400000
-1.0818000000
-1.2484000000
-1.3921000000
-1.4888000000
-1.5194000000
-1.4779000000
-1.3737000000
-1.2267000000
-1.0588000000
-0.8870300000
-0.7212700000
-0.5651900000
-0.4180900000
-0.2767600000
-0.1367600000
0.0067900000
0.1586600000
0.3230500000
0.5028100000
0.6982200000
0.9050000000
1.1119000000
1.2994000000
1.4411000000
1.5115000000
1.4969000000
1.4020000000
1.2474000000
1.0591000000
0.8594400000
0.6620900000
0.4729500000
0.2923100000
0.1172600000
-0.0564740000
-0.2333000000
-0.4167200000
-0.6081600000
-0.8054700000
-1.0012000000
-1.1812000000
-1.3256000000
-1.4136000000
-1.4305000000
-1.3751000000
-1.2602000000
-1.1065000000
-0.9349600000
-0.7614500000
-0.5954900000
-0.4413000000
-0.2997000000
-0.1696900000
-0.0495310000
0.0626420000
0.1684700000
0.2692300000
0.3658200000
0.4587000000
0.5479100000
0.6330700000
0.7134200000
0.7879100000
0.8552500000
0.9141700000
0.9636000000
1.0030000000
1.0324000000
1.0527000000
1.0657000000
1.0736000000
1.0789000000
1.0841000000
1.0913000000
1.1019000000
1.1164000000
1.1343000000
1.1541000000
1.1734000000
1.1894000000
1.1991000000
1.1998000000
1.1896000000
1.1678000000
1.1347000000
1.0917000000
1.0406000000
0.9835200000
0.9225900000
0.8595600000
0.7958300000
0.7324500000
0.6702500000
0.6098900000
0.5520200000
0.4973700000
0.4467900000
0.4013600000
0.3623600000
0.3313600000
0.3101600000
0.3008100000
0.3055700000
0.3268700000
0.3672400000
0.4291200000
0.5146600000
0.6251600000
0.7602500000
0.9164300000
1.0853000000
1.2520000000
1.3950000000
1.4905000000
1.5194000000
1.4760000000
1.3702000000
1.2222000000
1.0537000000
0.8815700000
0.7156400000
0.5593700000
0.4119800000
0.2702000000
0.1295500000
-0.0148710000
-0.1678300000
-0.3334800000
-0.5145800000
-0.7111900000
-0.9186700000
-1.1253000000
-1.3107000000
-1.4486000000
-1.5138000000
-1.4935000000
-1.3937000000
-1.2358000000
-1.0460000000
-0.8459200000
-0.6488300000
-0.4601400000
-0.2798200000
-0.1048200000
0.0691930000
0.2466000000
0.4308100000
0.6230300000
0.8207900000
1.0161000000
1.1944000000
1.3354000000
1.4183000000
1.4294000000
1.3687000000
1.2497000000
1.0937000000
0.9212000000
0.7477500000
0.5823300000
0.4288400000
0.2878800000
0.1583300000
0.0384020000
-0.0737710000
-0.1798200000
-0.2810200000
-0.3782000000
-0.4717800000
-0.5617200000
-0.6475400000
-0.7283700000
-0.8029900000
-0.8699800000
-0.9279400000
-0.9757700000
-1.0129000000
-1.0396000000
-1.0569000000
-1.0669000000
-1.0719000000
-1.0749000000
-1.0785000000
-1.0848000000
-1.0954000000
-1.1106000000
-1.1299000000
-1.1514000000
-1.1727000000
-1.1906000000
-1.2019000000
-1.2035000000
-1.1937000000
-1.1715000000
-1.1374000000
-1.0928000000
-1.0400000000
-0.9811600000
-0.9185400000
-0.8539700000
-0.7889100000
-0.7244300000
-0.6613100000
-0.6001900000
-0.5416700000
-0.4864200000
-0.4352700000
-0.3892500000
-0.3496200000
-0.3178900000
-0.2958400000
-0.2854900000
-0.2890600000
-0.3089400000
-0.3476400000
-0.4076200000
-0.4910700000
-0.5994500000
-0.7327000000
-0.8878900000
-1.0574000000
-1.2272000000
-1.3766000000
-1.4812000000
-1.5206000000
-1.4867000000
-1.3875000000
-1.2425000000
-1.0739000000
-0.8996100000
-0.7304500000
-0.5706300000
-0.4197600000
-0.2747400000
-0.1311100000
0.0160680000
0.1716400000
0.3398000000
0.5233200000
0.7221200000
0.9312400000
1.1384000000
1.3228000000
1.4575000000
1.5176000000
1.4916000000
1.3865000000
1.2248000000
1.0327000000
0.8315400000
0.6340500000
0.4451400000
0.2644700000
0.0887800000
-0.0863470000
-0.2653000000
-0.4513500000
-0.6454400000
-0.8445500000
-1.0399000000
-1.2161000000
-1.3521000000
-1.4273000000
-1.4293000000
-1.3598000000
-1.2340000000
-1.0736000000
-0.8989100000
-0.7247500000
-0.5593400000
-0.4060100000
-0.2649500000
-0.1348200000
-0.0136920000
0.1003800000
0.2090400000
0.3135300000
0.4146200000
0.5125000000
0.6068600000
0.6967500000
0.7807200000
0.8568900000
0.9231700000
0.9776400000
1.0190000000
1.0468000000
1.0619000000
1.0665000000
1.0636000000
1.0569000000
1.0504000000
1.0473000000
1.0504000000
1.0613000000
1.0801000000
1.1060000000
1.1363000000
1.1677000000
1.1957000000
1.2158000000
1.2239000000
1.2173000000
1.1950000000
1.1578000000
1.1077000000
1.0478000000
0.9813700000
0.9113300000
0.8399700000
0.7689400000
0.6993200000
0.6317700000
0.5667200000
0.5045200000
0.4456000000
0.3905100000
0.3400300000
0.2951700000
0.2572000000
0.2276300000
0.2082200000
0.2009100000
0.2078200000
0.2312100000
0.2733900000
0.3366700000
0.4231400000
0.5342800000
0.6703100000
0.8288700000
1.0033000000
1.1807000000
1.3410000000
1.4595000000
1.5136000000
1.4921000000
1.4003000000
1.2568000000
1.0845000000
0.9029300000
0.7242000000
0.5535000000
0.3909200000
0.2335100000
0.0767890000
-0.0842230000
-0.2542700000
-0.4370500000
-0.6340400000
-0.8426700000
-1.0539000000
-1.2505000000
-1.4075000000
-1.4983000000
-1.5054000000
-1.4289000000
-1.2863000000
-1.1037000000
-0.9048000000
-0.7058500000
-0.5145500000
-0.3324500000
-0.1574300000
0.0144010000
0.1873000000
0.3648900000
0.5491500000
0.7391000000
0.9293400000
1.1086000000
1.2601000000
1.3643000000
1.4052000000
1.3773000000
1.2881000000
1.1549000000
0.9977400000
0.8338300000
0.6747900000
0.5269600000
0.3929000000
0.2729500000
0.1663800000
0.0721380000
-0.0108000000
-0.0832790000
-0.1459700000
-0.1994200000
-0.2441900000
-0.2809300000
-0.3105100000
-0.3340700000
-0.3531100000
-0.3695000000
-0.3854700000
-0.4035900000
-0.4267300000
-0.4579500000
-0.5004000000
-0.5571600000
-0.6308800000
-0.7233600000
-0.8347600000
-0.9625900000
-1.1005000000
-1.2371000000
-1.3568000000
-1.4416000000
-1.4770000000
-1.4568000000
-1.3862000000
-1.2787000000
-1.1512000000
-1.0186000000
-0.8910500000
-0.7739700000
-0.6688700000
-0.5747700000
-0.4893500000
-0.4097100000
-0.3328700000
-0.2560400000
-0.1766900000
-0.0925920000
-0.0018025000
0.0973670000
0.2063200000
0.3260600000
0.4569000000
0.5979500000
0.7464000000
0.8966000000
1.0395000000
1.1627000000
1.2524000000
1.2970000000
1.2909000000
1.2367000000
1.1444000000
1.0278000000
0.9004800000
0.7734500000
0.6543600000
0.5479000000
0.4567300000
0.3823500000
0.3257300000
0.2876900000
0.2691600000
0.2712200000
0.2951400000
0.3422400000
0.4138300000
0.5108100000
0.6331400000
0.7788400000
0.9424700000
1.1133000000
1.2743000000
1.4029000000
1.4767000000
1.4807000000
1.4147000000
1.2920000000
1.1334000000
0.9590300000
0.7829900000
0.6127200000
0.4501700000
0.2937900000
0.1400500000
-0.0153950000
-0.1769300000
-0.3483100000
-0.5318000000
-0.7268200000
-0.9281000000
-1.1237000000
-1.2945000000
-1.4165000000
-1.4690000000
-1.4426000000
-1.3447000000
-1.1949000000
-1.0170000000
-0.8302000000
-0.6469500000
-0.4728200000
-0.3087400000
-0.1529900000
-0.0026760000
0.1453200000
0.2936800000
0.4441500000
0.5969000000
0.7499400000
0.8983500000
1.0341000000
1.1466000000
1.2248000000
1.2601000000
1.2499000000
1.1983000000
1.1155000000
1.0141000000
0.9066600000
0.8034700000
0.7120300000
0.6374700000
0.5832000000
0.5515500000
0.5442400000
0.5625600000
0.6074200000
0.6790400000
0.7764200000
0.8963700000
1.0323000000
1.1731000000
1.3026000000
1.4017000000
1.4527000000
1.4456000000
1.3815000000
1.2724000000
1.1351000000
0.9855700000
0.8354500000
0.6911600000
0.5547700000
0.4254200000
0.3005500000
0.1767800000
0.0504410000
-0.0820700000
-0.2240400000
-0.3780300000
-0.5452200000
-0.7243300000
-0.9100700000
-1.0915000000
-1.2517000000
-1.3696000000
-1.4263000000
-1.4121000000
-1.3315000000
-1.2003000000
-1.0394000000
-0.8670500000
-0.6960900000
-0.5332300000
-0.3807900000
-0.2383400000
-0.1041000000
0.0241740000
0.1486500000
0.2711100000
0.3926900000
0.5137100000
0.6333900000
0.7496500000
0.8589800000
0.9566100000
1.0370000000
1.0951000000
1.1273000000
1.1328000000
1.1141000000
1.0768000000
1.0280000000
0.9756900000
0.9270700000
0.8883300000
0.8642200000
0.8580400000
0.8716500000
0.9054300000
0.9580800000
1.0263000000
1.1044000000
1.1843000000
1.2560000000
1.3089000000
1.3340000000
1.3263000000
1.2859000000
1.2178000000
1.1298000000
1.0305000000
0.9270300000
0.8244800000
0.7256900000
0.6317400000
0.5424700000
0.4570200000
0.3742500000
0.2929500000
0.2120100000
0.1305000000
0.0476620000
-0.0370400000
-0.1239700000
-0.2133000000
-0.3049700000
-0.3986300000
-0.4935700000
-0.5885800000
-0.6818900000
-0.7710500000
-0.8530500000
-0.9245500000
-0.9823100000
-1.0238000000
-1.0479000000
-1.0550000000
-1.0478000000
-1.0300000000
-1.0067000000
-0.9829700000
-0.9638600000
-0.9534700000
-0.9548800000
-0.9699100000
-0.9989100000
-1.0406000000
-1.0919000000
-1.1479000000
-1.2022000000
-1.2475000000
-1.2768000000
-1.2846000000
-1.2686000000
-1.2296000000
-1.1713000000
-1.0988000000
-1.0180000000
-0.9335400000
-0.8490200000
-0.7666200000
-0.6874100000
-0.6116500000
-0.5391300000
-0.4694600000
-0.4022700000
-0.3373300000
-0.2745900000
-0.2142700000
-0.1568000000
-0.1028700000
-0.0533110000
-0.0091355000
0.0285630000
0.0586550000
0.0800350000
0.0916870000
0.0927350000
0.0824840000
0.0604300000
0.0262550000
-0.0202040000
-0.0789900000
-0.1500500000
-0.2332400000
-0.3282400000
-0.4343700000
-0.5503000000
-0.6736000000
-0.8002100000
-0.9239300000
-1.0365000000
-1.1281000000
-1.1893000000
-1.2136000000
-1.1992000000
-1.1500000000
-1.0742000000
-0.9824300000
-0.8848900000
-0.7903400000
-0.7054200000
-0.6349000000
-0.5821600000
-0.5496900000
-0.5394800000
-0.5531600000
-0.5920500000
-0.6568900000
-0.7474000000
-0.8614100000
-0.9937300000
-1.1348000000
-1.2702000000
-1.3812000000
-1.4490000000
-1.4605000000
-1.4135000000
-1.3170000000
-1.1872000000
-1.0408000000
-0.8913700000
-0.7467500000
-0.6102600000
-0.4818000000
-0.3592100000
-0.2392800000
-0.1184000000
0.0071276000
0.1407700000
0.2855400000
0.4435200000
0.6150600000
0.7974600000
0.9834000000
1.1594000000
1.3064000000
1.4031000000
1.4329000000
1.3914000000
1.2882000000
1.1421000000
0.9738200000
0.7997600000
0.6302200000
0.4699600000
0.3199200000
0.1788800000
0.0446710000
-0.0850980000
-0.2125700000
-0.3393400000
-0.4661900000
-0.5928000000
-0.7174200000
-0.8366700000
-0.9454800000
-1.0376000000
-1.1065000000
-1.1473000000
-1.1577000000
-1.1395000000
-1.0981000000
-1.0414000000
-0.9780200000
-0.9164400000
-0.8636700000
-0.8252100000
-0.8050500000
-0.8057900000
-0.8287300000
-0.8737700000
-0.9391000000
-1.0207000000
-1.1120000000
-1.2034000000
-1.2833000000
-1.3395000000
-1.3623000000
-1.3468000000
-1.2949000000
-1.2136000000
-1.1129000000
-1.0025000000
-0.8900200000
-0.7803800000
-0.6759300000
-0.5771100000
-0.4831700000
-0.3927100000
-0.3040700000
-0.2156000000
-0.1257700000
-0.0331950000
0.0632770000
0.1645900000
0.2713700000
0.3838200000
0.5014900000
0.6229000000
0.7452300000
0.8639400000
0.9727500000
1.0641000000
1.1304000000
1.1659000000
1.1683000000
1.1396000000
1.0861000000
1.0163000000
0.9397000000
0.8647700000
0.7986300000
0.7467200000
0.7130900000
0.7006300000
0.7112900000
0.7461300000
0.8050800000
0.8864900000
0.9863900000
1.0977000000
1.2097000000
1.3083000000
1.3787000000
1.4082000000
1.3913000000
1.3304000000
1.2352000000
1.1186000000
0.9928000000
0.8666500000
0.7454300000
0.6311900000
0.5237200000
0.4214500000
0.3221800000
0.2234300000
0.1227500000
0.0178220000
-0.0934660000
-0.2129200000
-0.3418300000
-0.4806700000
-0.6284400000
-0.7819100000
-0.9346800000
-1.0767000000
-1.1947000000
-1.2750000000
-1.3068000000
-1.2866000000
-1.2195000000
-1.1174000000
-0.9946500000
-0.8647100000
-0.7378200000
-0.6207900000
-0.5176400000
-0.4306200000
-0.3609500000
-0.3094900000
-0.2770500000
-0.2645600000
-0.2731100000
-0.3039600000
-0.3584300000
-0.4376800000
-0.5424100000
-0.6721000000
-0.8239200000
-0.9910500000
-1.1610000000
-1.3148000000
-1.4294000000
-1.4837000000
-1.4666000000
-1.3822000000
-1.2469000000
-1.0820000000
-0.9060500000
-0.7312000000
-0.5631000000
-0.4025200000
-0.2472100000
-0.0933290000
0.0634940000
0.2275000000
0.4020800000
0.5887700000
0.7857900000
0.9860900000
1.1757000000
1.3336000000
1.4363000000
1.4657000000
1.4173000000
1.3026000000
1.1434000000
0.9623600000
0.7769100000
0.5972100000
0.4273600000
0.2674300000
0.1153500000
-0.0318100000
-0.1770000000
-0.3226500000
-0.4701600000
-0.6193500000
-0.7678600000
-0.9105800000
-1.0395000000
-1.1446000000
-1.2157000000
-1.2454000000
-1.2320000000
-1.1804000000
-1.1003000000
-1.0039000000
-0.9029700000
-0.8072800000
-0.7240000000
-0.6581400000
-0.6131100000
-0.5912700000
-0.5943000000
-0.6233500000
-0.6789300000
-0.7605000000
-0.8657400000
-0.9895400000
-1.1228000000
-1.2519000000
-1.3594000000
-1.4274000000
-1.4431000000
-1.4032000000
-1.3151000000
-1.1931000000
-1.0532000000
-0.9083400000
-0.7668900000
-0.6325900000
-0.5058700000
-0.3850400000
-0.2673400000
-0.1494800000
-0.0280920000
0.1000600000
0.2378400000
0.3874200000
0.5495900000
0.7228400000
0.9019000000
1.0764000000
1.2303000000
1.3442000000
1.4006000000
1.3903000000
1.3169000000
1.1947000000
1.0429000000
0.8792000000
0.7162200000
0.5611900000
0.4170700000
0.2842200000
0.1616000000
0.0476450000
-0.0592400000
-0.1604400000
-0.2570300000
-0.3497300000
-0.4389000000
-0.5245800000
-0.6064700000
-0.6839800000
-0.7562900000
-0.8224100000
-0.8813700000
-0.9323200000
-0.9747900000
-1.0088000000
-1.0349000000
-1.0545000000
-1.0690000000
-1.0806000000
-1.0911000000
-1.1023000000
-1.1152000000
-1.1302000000
-1.1469000000
-1.1641000000
-1.1799000000
-1.1919000000
-1.1976000000
-1.1951000000
-1.1829000000
-1.1605000000
-1.1283000000
-1.0872000000
-1.0390000000
-0.9853300000
-0.9280000000
-0.8684600000
-0.8079700000
-0.7474800000
-0.6877900000
-0.6295900000
-0.5735900000
-0.5205600000
-0.4714600000
-0.4274000000
-0.3897800000
-0.3602000000
-0.3405400000
-0.3329200000
-0.3396600000
-0.3632600000
-0.4062500000
-0.4710800000
-0.5597300000
-0.6731900000
-0.8104400000
-0.9669800000
-1.1330000000
-1.2922000000
-1.4226000000
-1.5012000000
-1.5123000000
-1.4540000000
-1.3391000000
-1.1882000000
-1.0220000000
-0.8552400000
-0.6962000000
-0.5472800000
-0.4071400000
-0.2723700000
-0.1385300000
-0.0008922000
0.1451400000
0.3036500000
0.4775100000
0.6673400000
0.8696400000
1.0746000000
1.2642000000
1.4136000000
1.4969000000
1.4981000000
1.4182000000
1.2751000000
1.0941000000
0.8979600000
0.7021000000
0.5137000000
0.3340500000
0.1609200000
-0.0096322000
-0.1819000000
-0.3595800000
-0.5447200000
-0.7364600000
-0.9293900000
-1.1121000000
-1.2673000000
-1.3746000000
-1.4172000000
-1.3890000000
-1.2976000000
-1.1608000000
-0.9993900000
-0.8309000000
-0.6670700000
-0.5141000000
-0.3742400000
-0.2474600000
-0.1326600000
-0.0284030000
0.0666910000
0.1537800000
0.2337700000
0.3073700000
0.3751900000
0.4378000000
0.4958200000
0.5500100000
0.6013200000
0.6508900000
0.6999900000
0.7499900000
0.8021800000
0.8576000000
0.9167700000
0.9794600000
1.0444000000
1.1091000000
1.1701000000
1.2229000000
1.2630000000
1.2868000000
1.2921000000
1.2792000000
1.2503000000
1.2092000000
1.1605000000
1.1084000000
1.0562000000
1.0062000000
0.9595000000
0.9163100000
0.8761700000
0.8383300000
0.8018900000
0.7661000000
0.7304600000
0.6948000000
0.6593700000
0.6247800000
0.5920700000
0.5625900000
0.5380500000
0.5204500000
0.5120100000
0.5151700000
0.5324600000
0.5664200000
0.6193300000
0.6928800000
0.7875900000
0.9019300000
1.0312000000
1.1664000000
1.2938000000
1.3961000000
1.4565000000
1.4638000000
1.4174000000
1.3264000000
1.2064000000
1.0734000000
0.9396500000
0.8129200000
0.6964300000
0.5903100000
0.4927900000
0.4011800000
0.3124600000
0.2236200000
0.1318000000
0.0344210000
-0.0708800000
-0.1861500000
-0.3129800000
-0.4522300000
-0.6033600000
-0.7635600000
-0.9266000000
-1.0819000000
-1.2149000000
-1.3090000000
-1.3505000000
-1.3336000000
-1.2629000000
-1.1511000000
-1.0146000000
-0.8685700000
-0.7241100000
-0.5881200000
-0.4641100000
-0.3534200000
-0.2562300000
-0.1722600000
-0.1011800000
-0.0427740000
0.0030089000
0.0360810000
0.0562870000
0.0634800000
0.0575780000
0.0386040000
0.0066914000
-0.0379280000
-0.0949510000
-0.1640200000
-0.2447000000
-0.3364200000
-0.4383000000
-0.5488800000
-0.6657300000
-0.7850300000
-0.9011900000
-1.0069000000
-1.0937000000
-1.1534000000
-1.1802000000
-1.1724000000
-1.1331000000
-1.0692000000
-0.9899300000
-0.9047900000
-0.8221400000
-0.7486700000
-0.6894300000
-0.6481300000
-0.6275500000
-0.6297700000
-0.6562800000
-0.7078700000
-0.7842300000
-0.8832900000
-1.0003000000
-1.1266000000
-1.2495000000
-1.3525000000
-1.4190000000
-1.4366000000
-1.4017000000
-1.3207000000
-1.2067000000
-1.0748000000
-0.9376100000
-0.8034300000
-0.6763500000
-0.5571800000
-0.4446400000
-0.3363300000
-0.2293200000
-0.1205500000
-0.0070608000
0.1139100000
0.2447300000
0.3871400000
0.5416300000
0.7066200000
0.8772400000
1.0441000000
1.1929000000
1.3061000000
1.3672000000
1.3670000000
1.3068000000
1.1988000000
1.0600000000
0.9073600000
0.7538000000
0.6073700000
0.4720800000
0.3493200000
0.2389700000
0.1402900000
0.0524310000
-0.0253760000
-0.0937150000
-0.1530100000
-0.2036200000
-0.2459300000
-0.2804500000
-0.3079200000
-0.3293900000
-0.3462700000
-0.3603400000
-0.3737800000
-0.3890900000
-0.4090800000
-0.4368100000
-0.4754300000
-0.5280900000
-0.5976100000
-0.6861200000
-0.7943400000
-0.9206400000
-1.0597000000
-1.2014000000
-1.3305000000
-1.4288000000
-1.4795000000
-1.4735000000
-1.4130000000
-1.3103000000
-1.1827000000
-1.0464000000
-0.9131600000
-0.7895400000
-0.6778600000
-0.5775100000
-0.4862700000
-0.4011600000
-0.3190300000
-0.2368200000
-0.1517300000
-0.0612440000
0.0368970000
0.1446700000
0.2637000000
0.3950200000
0.5386300000
0.6927500000
0.8527700000
1.0103000000
1.1525000000
1.2639000000
1.3294000000
1.3393000000
1.2934000000
1.2010000000
1.0769000000
0.9368200000
0.7937400000
0.6563800000
0.5297800000
0.4163100000
0.3168000000
0.2313200000
0.1597500000
0.1020300000
0.0582480000
0.0286520000
0.0136280000
0.0136200000
0.0290910000
0.0604890000
0.1082400000
0.1727200000
0.2542500000
0.3529300000
0.4684100000
0.5993800000
0.7427800000
0.8928300000
1.0401000000
1.1714000000
1.2713000000
1.3256000000
1.3263000000
1.2743000000
1.1791000000
1.0551000000
0.9169200000
0.7763600000
0.6412700000
0.5160800000
0.4027800000
0.3019700000
0.2135900000
0.1374000000
0.0732110000
0.0210150000
-0.0190580000
-0.0467730000
-0.0618650000
-0.0641090000
-0.0533710000
-0.0296330000
0.0070078000
0.0563610000
0.1181700000
0.1921000000
0.2777500000
0.3745000000
0.4813100000
0.5963900000
0.7167800000
0.8378500000
0.9530700000
1.0542000000
1.1322000000
1.1793000000
1.1911000000
1.1676000000
1.1141000000
1.0391000000
0.9524000000
0.8634100000
0.7799400000
0.7079400000
0.6518200000
0.6147700000
0.5992400000
0.6071000000
0.6397000000
0.6977300000
0.7807600000
0.8864700000
1.0096000000
1.1410000000
1.2668000000
1.3697000000
1.4326000000
1.4436000000
1.4003000000
1.3107000000
1.1895000000
1.0521000000
0.9109800000
0.7740600000
0.6448000000
0.5234800000
0.4084400000
0.2969200000
0.1857700000
0.0717300000
-0.0483420000
-0.1773000000
-0.3174800000
-0.4702500000
-0.6352700000
-0.8092600000
-0.9846600000
-1.1486000000
-1.2833000000
-1.3702000000
-1.3952000000
-1.3551000000
-1.2588000000
-1.1232000000
-0.9671000000
-0.8055700000
-0.6486300000
-0.5014400000
-0.3657400000
-0.2413200000
-0.1270500000
-0.0215000000
0.0766510000
0.1685200000
0.2549300000
0.3364900000
0.4135700000
0.4864300000
0.5552300000
0.6201000000
0.6812100000
0.7387700000
0.7930700000
0.8444700000
0.8933500000
0.9400700000
0.9848700000
1.0278000000
1.0687000000
1.1069000000
1.1417000000
1.1718000000
1.1961000000
1.2134000000
1.2227000000
1.2236000000
1.2161000000
1.2007000000
1.1786000000
1.1507000000
1.1184000000
1.0826000000
1.0443000000
1.0041000000
0.9622100000
0.9189900000
0.8745500000
0.8290200000
0.7826400000
0.7357900000
0.6890100000
0.6430600000
0.5989200000
0.5578200000
0.5212000000
0.4907700000
0.4684600000
0.4564500000
0.4570700000
0.4728500000
0.5063200000
0.5598600000
0.6353900000
0.7337700000
0.8539800000
0.9918300000
1.1386000000
1.2799000000
1.3972000000
1.4709000000
1.4870000000
1.4429000000
1.3478000000
1.2189000000
1.0741000000
0.9275700000
0.7878700000
0.6585400000
0.5395300000
0.4286800000
0.3227400000
0.2180800000
0.1110100000
-0.0019864000
-0.1241800000
-0.2584200000
-0.4068000000
-0.5700000000
-0.7462100000
-0.9295300000
-1.1084000000
-1.2653000000
-1.3790000000
-1.4308000000
-1.4116000000
-1.3268000000
-1.1927000000
-1.0301000000
-0.8569300000
-0.6854300000
-0.5218600000
-0.3681200000
-0.2234900000
-0.0858950000
0.0471080000
0.1778700000
0.3082300000
0.4392800000
0.5709300000
0.7016400000
0.8280100000
0.9446900000
1.0447000000
1.1207000000
1.1665000000
1.1789000000
1.1592000000
1.1131000000
1.0489000000
0.9763700000
0.9045200000
0.8409800000
0.7916700000
0.7608800000
0.7515500000
0.7654600000
0.8032100000
0.8640200000
0.9452400000
1.0417000000
1.1451000000
1.2440000000
1.3249000000
1.3746000000
1.3840000000
1.3507000000
1.2798000000
1.1812000000
1.0667000000
0.9463100000
0.8271100000
0.7129500000
0.6050900000
0.5030600000
0.4053400000
0.3099700000
0.2148600000
0.1179400000
0.0173360000
-0.0886500000
-0.2014300000
-0.3219800000
-0.4506000000
-0.5865000000
-0.7271400000
-0.8676300000
-1.0003000000
-1.1148000000
-1.1999000000
-1.2459000000
-1.2479000000
-1.2076000000
-1.1330000000
-1.0355000000
-0.9274100000
-0.8191900000
-0.7188600000
-0.6319600000
-0.5621700000
-0.5120200000
-0.4833600000
-0.4777800000
-0.4966800000
-0.5412800000
-0.6123400000
-0.7096900000
-0.8313200000
-0.9721300000
-1.1225000000
-1.2671000000
-1.3864000000
-1.4599000000
-1.4732000000
-1.4237000000
-1.3212000000
-1.1833000000
-1.0283000000
-0.8700400000
-0.7168800000
-0.5719200000
-0.4346900000
-0.3026100000
-0.1720400000
-0.0389250000
0.1007400000
0.2506100000
0.4134500000
0.5903200000
0.7792700000
0.9734500000
1.1595000000
1.3172000000
1.4236000000
1.4600000000
1.4202000000
1.3140000000
1.1614000000
0.9848100000
0.8019100000
0.6234500000
0.4540400000
0.2941300000
0.1418500000
-0.0056686000
-0.1514600000
-0.2980700000
-0.4471400000
-0.5987400000
-0.7507900000
-0.8983500000
-1.0334000000
-1.1453000000
-1.2232000000
-1.2584000000
-1.2483000000
-1.1971000000
-1.1146000000
-1.0136000000
-0.9065200000
-0.8035100000
-0.7121200000
-0.6374800000
-0.5830000000
-0.5510200000
-0.5432800000
-0.5610900000
-0.6053800000
-0.6764200000
-0.7732500000
-0.8927700000
-1.0285000000
-1.1695000000
-1.2997000000
-1.4000000000
-1.4526000000
-1.4470000000
-1.3844000000
-1.2762000000
-1.1393000000
-0.9899000000
-0.8396500000
-0.6951500000
-0.5585700000
-0.4290800000
-0.3041700000
-0.1804700000
-0.0543030000
0.0779530000
0.2196000000
0.3732300000
0.5400900000
0.7190000000
0.9047800000
1.0867000000
1.2480000000
1.3676000000
1.4262000000
1.4141000000
1.3351000000
1.2049000000
1.0443000000
0.8719500000
0.7006300000
0.5373000000
0.3843400000
0.2413600000
0.1066100000
-0.0221920000
-0.1472200000
-0.2702800000
-0.3925400000
-0.5143200000
-0.6348200000
-0.7519300000
-0.8620600000
-0.9603400000
-1.0411000000
-1.0992000000
-1.1309000000
-1.1355000000
-1.1156000000
-1.0768000000
-1.0266000000
-0.9727900000
-0.9228800000
-0.8830400000
-0.8580400000
-0.8512000000
-0.8644000000
-0.8980800000
-0.9509900000
-1.0199000000
-1.0992000000
-1.1808000000
-1.2545000000
-1.3097000000
-1.3369000000
-1.3308000000
-1.2913000000
-1.2234000000
-1.1350000000
-1.0348000000
-0.9302100000
-0.8265400000
-0.7266800000
-0.6317500000
-0.5416000000
-0.4553300000
-0.3717400000
-0.2895700000
-0.2076500000
-0.1249800000
-0.0407390000
0.0456850000
0.1347200000
0.2265700000
0.3212100000
0.4182600000
0.5169300000
0.6157800000
0.7127200000
0.8048300000
0.8885300000
0.9599100000
1.0153000000
1.0519000000
1.0688000000
1.0673000000
1.0504000000
1.0232000000
0.9913400000
0.9605600000
0.9361700000
0.9224600000
0.9225900000
0.9383700000
0.9701300000
1.0165000000
1.0743000000
1.1382000000
1.2010000000
1.2547000000
1.2909000000
1.3033000000
1.2889000000
1.2484000000
1.1862000000
1.1085000000
1.0216000000
0.9312900000
0.8414000000
0.7543100000
0.6710600000
0.5917300000
0.5159000000
0.4429400000
0.3722000000
0.3031700000
0.2355400000
0.1692400000
0.1044100000
0.0414040000
-0.0192790000
-0.0770030000
-0.1310700000
-0.1807700000
-0.2254600000
-0.2646300000
-0.2979900000
-0.3255500000
-0.3476700000
-0.3651100000
-0.3790900000
-0.3912300000
-0.4035900000
-0.4185900000
-0.4389900000
-0.4677400000
-0.5079100000
-0.5624900000
-0.6340800000
-0.7244400000
-0.8337500000
-0.9596100000
-1.0958000000
-1.2313000000
-1.3506000000
-1.4362000000
-1.4734000000
-1.4558000000
-1.3878000000
-1.2827000000
-1.1568000000
-1.0252000000
-0.8981900000
-0.7812600000
-0.6761400000
-0.5819800000
-0.4965600000
-0.4170400000
-0.3404800000
-0.2641300000
-0.1854800000
-0.1023500000
-0.0128230000
0.0847610000
0.1917800000
0.3092500000
0.4375600000
0.5759800000
0.7220600000
0.8706900000
1.0135000000
1.1389000000
1.2335000000
1.2853000000
1.2879000000
1.2425000000
1.1578000000
1.0468000000
0.9232300000
0.7984100000
0.6805400000
0.5748200000
0.4843400000
0.4108900000
0.3556600000
0.3196400000
0.3038500000
0.3094900000
0.3378700000
0.3903500000
0.4681300000
0.5718400000
0.7008200000
0.8519200000
1.0178000000
1.1853000000
1.3349000000
1.4433000000
1.4902000000
1.4660000000
1.3761000000
1.2378000000
1.0723000000
0.8976600000
0.7251900000
0.5599900000
0.4024100000
0.2499300000
0.0985830000
-0.0561450000
-0.2186100000
-0.3923400000
-0.5791000000
-0.7773800000
-0.9803900000
-1.1742000000
-1.3375000000
-1.4457000000
-1.4794000000
-1.4331000000
-1.3180000000
-1.1563000000
-0.9715700000
-0.7818100000
-0.5974900000
-0.4226600000
-0.2571100000
-0.0983900000
0.0568240000
0.2118400000
0.3692800000
0.5303600000
0.6941800000
0.8567400000
1.0103000000
1.1434000000
1.2427000000
1.2962000000
1.2979000000
1.2500000000
1.1625000000
1.0497000000
0.9259800000
0.8034600000
0.6906100000
0.5929200000
0.5136600000
0.4548600000
0.4179200000
0.4040100000
0.4142700000
0.4498600000
0.5117400000
0.6003900000
0.7151100000
0.8529800000
1.0074000000
1.1663000000
1.3120000000
1.4226000000
1.4780000000
1.4670000000
1.3919000000
1.2674000000
1.1131000000
0.9470800000
0.7815500000
0.6226400000
0.4716900000
0.3269300000
0.1849400000
0.0415200000
-0.1076200000
-0.2664000000
-0.4377500000
-0.6225900000
-0.8183500000
-1.0169000000
-1.2031000000
-1.3552000000
-1.4493000000
-1.4684000000
-1.4101000000
-1.2878000000
-1.1237000000
-0.9402100000
-0.7538600000
-0.5738000000
-0.4033200000
-0.2419000000
-0.0870760000
0.0643760000
0.2155700000
0.3689400000
0.5255900000
0.6846400000
0.8423500000
0.9915300000
1.1216000000
1.2201000000
1.2759000000
1.2827000000
1.2421000000
1.1628000000
1.0580000000
0.9416500000
0.8255900000
0.7185600000
0.6264100000
0.5528400000
0.5002300000
0.4702600000
0.4642900000
0.4835400000
0.5290500000
0.6014300000
0.7003700000
0.8237600000
0.9663700000
1.1184000000
1.2646000000
1.3848000000
1.4585000000
1.4712000000
1.4205000000
1.3163000000
1.1764000000
1.0192000000
0.8586500000
0.7030000000
0.5552800000
0.4149400000
0.2793200000
0.1447100000
0.0070199000
-0.1377700000
-0.2932000000
-0.4617300000
-0.6437800000
-0.8361700000
-1.0303000000
-1.2106000000
-1.3556000000
-1.4424000000
-1.4556000000
-1.3940000000
-1.2711000000
-1.1089000000
-0.9287300000
-0.7463200000
-0.5703900000
-0.4041200000
-0.2470900000
-0.0970430000
0.0489810000
0.1938800000
0.3399800000
0.4884800000
0.6389600000
0.7886500000
0.9319100000
1.0602000000
1.1628000000
1.2295000000
1.2532000000
1.2331000000
1.1747000000
1.0888000000
0.9880000000
0.8839600000
0.7861900000
0.7015500000
0.6347300000
0.5888900000
0.5662400000
0.5684000000
0.5965700000
0.6513600000
0.7325000000
0.8380600000
0.9634400000
1.1002000000
1.2349000000
1.3502000000
1.4273000000
1.4517000000
1.4185000000
1.3340000000
1.2125000000
1.0707000000
0.9225100000
0.7771400000
0.6388500000
0.5083300000
0.3839500000
0.2628400000
0.1416000000
0.0166610000
-0.1153700000
-0.2575000000
-0.4119200000
-0.5792900000
-0.7576200000
-0.9407100000
-1.1168000000
-1.2682000000
-1.3747000000
-1.4187000000
-1.3934000000
-1.3051000000
-1.1706000000
-1.0100000000
-0.8406500000
-0.6740600000
-0.5162600000
-0.3692200000
-0.2324800000
-0.1044400000
0.0169110000
0.1334700000
0.2468000000
0.3579700000
0.4674200000
0.5748600000
0.6791200000
0.7781100000
0.8688800000
0.9478700000
1.0115000000
1.0568000000
1.0824000000
1.0887000000
1.0786000000
1.0566000000
1.0282000000
0.9993700000
0.9754900000
0.9610300000
0.9592300000
0.9718900000
0.9992700000
1.0399000000
1.0905000000
1.1460000000
1.1998000000
1.2443000000
1.2725000000
1.2789000000
1.2613000000
1.2204000000
1.1602000000
1.0860000000
1.0033000000
0.9170100000
0.8306300000
0.7463200000
0.6651600000
0.5874000000
0.5128800000
0.4412400000
0.3721400000
0.3053600000
0.2408900000
0.1789600000
0.1199700000
0.0645820000
0.0135800000
-0.0321170000
-0.0715290000
-0.1036800000
-0.1276800000
-0.1427400000
-0.1483200000
-0.1440800000
-0.1299700000
-0.1061800000
-0.0731470000
-0.0314820000
0.0180560000
0.0746240000
0.1373300000
0.2052500000
0.2774300000
0.3529000000
0.4305700000
0.5092300000
0.5874900000
0.6637300000
0.7361400000
0.8027600000
0.8616700000
0.9112200000
0.9502900000
0.9785500000
0.9966600000
1.0063000000
1.0098000000
1.0104000000
1.0111000000
1.0149000000
1.0243000000
1.0408000000
1.0649000000
1.0958000000
1.1314000000
1.1682000000
1.2022000000
1.2285000000
1.2429000000
1.2423000000
1.2253000000
1.1925000000
1.1460000000
1.0890000000
1.0250000000
0.9570600000
0.8877300000
0.8187400000
0.7511700000
0.6855700000
0.6222100000
0.5612300000
0.5028200000
0.4472900000
0.3951700000
0.3472500000
0.3045800000
0.2684700000
0.2405100000
0.2225100000
0.2165100000
0.2247200000
0.2494700000
0.2931800000
0.3582000000
0.4466600000
0.5600000000
0.6982000000
0.8584800000
1.0334000000
1.2092000000
1.3646000000
1.4749000000
1.5186000000
1.4866000000
1.3865000000
1.2380000000
1.0641000000
0.8833500000
0.7068300000
0.5388800000
0.3790300000
0.2240300000
0.0692540000
-0.0903470000
-0.2595300000
-0.4419900000
-0.6391500000
-0.8483700000
-1.0604000000
-1.2577000000
-1.4148000000
-1.5048000000
-1.5102000000
-1.4314000000
-1.2864000000
-1.1017000000
-0.9012000000
-0.7008900000
-0.5083100000
-0.3247700000
-0.1478900000
0.0264110000
0.2025500000
0.3842100000
0.5732700000
0.7683300000
0.9630800000
1.1449000000
1.2953000000
1.3936000000
1.4239000000
1.3826000000
1.2798000000
1.1347000000
0.9684900000
0.7978200000
0.6334300000
0.4805900000
0.3408900000
0.2138900000
0.0981940000
-0.0077689000
-0.1054700000
-0.1961100000
-0.2806300000
-0.3597000000
-0.4338500000
-0.5034600000
-0.5689200000
-0.6306200000
-0.6890100000
-0.7446200000
-0.7980200000
-0.8498000000
-0.9004600000
-0.9503300000
-0.9994100000
-1.0473000000
-1.0931000000
-1.1355000000
-1.1728000000
-1.2031000000
-1.2246000000
-1.2363000000
-1.2374000000
-1.2285000000
-1.2105000000
-1.1851000000
-1.1540000000
-1.1192000000
-1.0820000000
-1.0434000000
-1.0041000000
-0.9641800000
-0.9237200000
-0.8825400000
-0.8405100000
-0.7975900000
-0.7539600000
-0.7099800000
-0.6663200000
-0.6238900000
-0.5838500000
-0.5476400000
-0.5169500000
-0.4937000000
-0.4800500000
-0.4783500000
-0.4910800000
-0.5207900000
-0.5698700000
-0.6402800000
-0.7330200000
-0.8473300000
-0.9795300000
-1.1217000000
-1.2607000000
-1.3788000000
-1.4571000000
-1.4812000000
-1.4466000000
-1.3610000000
-1.2398000000
-1.1006000000
-0.9579700000
-0.8210500000
-0.6941200000
-0.5777300000
-0.4701500000
-0.3684700000
-0.2693000000
-0.1692000000
-0.0648370000
0.0469090000
0.1688400000
0.3032700000
0.4516700000
0.6139500000
0.7872800000
0.9646500000
1.1336000000
1.2765000000
1.3736000000
1.4090000000
1.3771000000
1.2856000000
1.1510000000
0.9926100000
0.8267200000
0.6640700000
0.5102000000
0.3669000000
0.2337200000
0.1091600000
-0.0086393000
-0.1214400000
-0.2307100000
-0.3374500000
-0.4421400000
-0.5446500000
-0.6441300000
-0.7390000000
-0.8269600000
-0.9051800000
-0.9706800000
-1.0209000000
-1.0542000000
-1.0706000000
-1.0718000000
-1.0613000000
-1.0435000000
-1.0235000000
-1.0061000000
-0.9955700000
-0.9950300000
-1.0063000000
-1.0299000000
-1.0644000000
-1.1070000000
-1.1532000000
-1.1973000000
-1.2330000000
-1.2542000000
-1.2568000000
-1.2386000000
-1.2004000000
-1.1453000000
-1.0776000000
-1.0019000000
-0.9223200000
-0.8420000000
-0.7629600000
-0.6863200000
-0.6125600000
-0.5417600000
-0.4738600000
-0.4088000000
-0.3466800000
-0.2877900000
-0.2326400000
-0.1820000000
-0.1368600000
-0.0983990000
-0.0679740000
-0.0470430000
-0.0371420000
-0.0398260000
-0.0566420000
-0.0891040000
-0.1386800000
-0.2067500000
-0.2945900000
-0.4030900000
-0.5324200000
-0.6812000000
-0.8452800000
-1.0162000000
-1.1798000000
-1.3169000000
-1.4066000000
-1.4328000000
-1.3912000000
-1.2903000000
-1.1479000000
-0.9834300000
-0.8124200000
-0.6445400000
-0.4841000000
-0.3316400000
-0.1855000000
-0.0430040000
0.0987920000
0.2425400000
0.3901600000
0.5422600000
0.6975100000
0.8518000000
0.9976700000
1.1244000000
1.2197000000
1.2726000000
1.2772000000
1.2352000000
1.1554000000
1.0509000000
0.9350800000
0.8196000000
0.7129700000
0.6208800000
0.5469600000
0.4935500000
0.4623200000
0.4546600000
0.4718400000
0.5149700000
0.5848100000
0.6812900000
0.8026600000
0.9442600000
1.0970000000
1.2463000000
1.3724000000
1.4542000000
1.4760000000
1.4333000000
1.3347000000
1.1976000000
1.0408000000
0.8791900000
0.7218300000
0.5723100000
0.4304500000
0.2937300000
0.1584900000
0.0205800000
-0.1240800000
-0.2791500000
-0.4472600000
-0.6291000000
-0.8218500000
-1.0173000000
-1.2005000000
-1.3499000000
-1.4423000000
-1.4611000000
-1.4040000000
-1.2838000000
-1.1224000000
-0.9416300000
-0.7577700000
-0.5800200000
-0.4117900000
-0.2527500000
-0.1006200000
0.0476620000
0.1950900000
0.3440800000
0.4958800000
0.6499800000
0.8033800000
0.9499800000
1.0805000000
1.1836000000
1.2483000000
1.2675000000
1.2410000000
1.1754000000
1.0822000000
0.9747500000
0.8649900000
0.7623200000
0.6733100000
0.6023500000
0.5523100000
0.5252300000
0.5226400000
0.5457800000
0.5955300000
0.6720900000
0.7743900000
0.8990900000
1.0393000000
1.1832000000
1.3142000000
1.4125000000
1.4601000000
1.4477000000
1.3777000000
1.2630000000
1.1211000000
0.9681400000
0.8155500000
0.6693000000
0.5310500000
0.3996100000
0.2721600000
0.1451300000
0.0146950000
-0.1228500000
-0.2707700000
-0.4314400000
-0.6054800000
-0.7904700000
-0.9792700000
-1.1585000000
-1.3087000000
-1.4082000000
-1.4399000000
-1.3990000000
-1.2949000000
-1.1471000000
-0.9764900000
-0.8000500000
-0.6281700000
-0.4656100000
-0.3132100000
-0.1696000000
-0.0324610000
0.1007300000
0.2322100000
0.3636100000
0.4956000000
0.6275700000
0.7572300000
0.8803700000
0.9908700000
1.0814000000
1.1449000000
1.1763000000
1.1744000000
1.1424000000
1.0874000000
1.0186000000
0.9455400000
0.8767700000
0.8191700000
0.7779000000
0.7566300000
0.7577600000
0.7825300000
0.8309300000
0.9013700000
0.9900900000
1.0905000000
1.1929000000
1.2845000000
1.3518000000
1.3830000000
1.3721000000
1.3203000000
1.2353000000
1.1283000000
1.0103000000
0.8901000000
0.7732500000
0.6622500000
0.5574600000
0.4578600000
0.3616800000
0.2669000000
0.1714400000
0.0733320000
-0.0291980000
-0.1377100000
-0.2534100000
-0.3770300000
-0.5084200000
-0.6461100000
-0.7866500000
-0.9240300000
-1.0494000000
-1.1521000000
-1.2211000000
-1.2487000000
-1.2327000000
-1.1774000000
-1.0928000000
-0.9906500000
-0.8826800000
-0.7783100000
-0.6844500000
-0.6058200000
-0.5455700000
-0.5059400000
-0.4886700000
-0.4952700000
-0.5270700000
-0.5850700000
-0.6695700000
-0.7794800000
-0.9112200000
-1.0573000000
-1.2052000000
-1.3370000000
-1.4322000000
-1.4729000000
-1.4511000000
-1.3712000000
-1.2480000000
-1.1000000000
-0.9431600000
-0.7884000000
-0.6409300000
-0.5017500000
-0.3691300000
-0.2398800000
-0.1101300000
0.0241320000
0.1667300000
0.3209200000
0.4887900000
0.6702400000
0.8614500000
1.0530000000
1.2285000000
1.3663000000
1.4443000000
1.4484000000
1.3794000000
1.2520000000
1.0881000000
0.9084200000
0.7277400000
0.5540500000
0.3900400000
0.2350900000
0.0869010000
-0.0574540000
-0.2007900000
-0.3453000000
-0.4921300000
-0.6407500000
-0.7883900000
-0.9294900000
-1.0557000000
-1.1566000000
-1.2223000000
-1.2461000000
-1.2271000000
-1.1707000000
-1.0874000000
-0.9893200000
-0.8881100000
-0.7931200000
-0.7112000000
-0.6471000000
-0.6040600000
-0.5843100000
-0.5895100000
-0.6207600000
-0.6785400000
-0.7622700000
-0.8695500000
-0.9950700000
-1.1295000000
-1.2589000000
-1.3656000000
-1.4316000000
-1.4444000000
-1.4013000000
-1.3103000000
-1.1862000000
-1.0449000000
-0.8993100000
-0.7575200000
-0.6230300000
-0.4961100000
-0.3749600000
-0.2567000000
-0.1380000000
-0.0154490000
0.1142100000
0.2538400000
0.4055200000
0.5698900000
0.7450800000
0.9252300000
1.0992000000
1.2502000000
1.3585000000
1.4069000000
1.3878000000
1.3063000000
1.1781000000
1.0226000000
0.8570700000
0.6935400000
0.5385100000
0.3944700000
0.2614000000
0.1380500000
0.0227390000
-0.0862190000
-0.1902400000
-0.2903900000
-0.3873100000
-0.4812400000
-0.5719200000
-0.6586600000
-0.7403300000
-0.8154400000
-0.8822900000
-0.9392600000
-0.9851100000
-1.0193000000
-1.0421000000
-1.0551000000
-1.0605000000
-1.0612000000
-1.0606000000
-1.0615000000
-1.0666000000
-1.0773000000
-1.0941000000
-1.1165000000
-1.1423000000
-1.1688000000
-1.1923000000
-1.2089000000
-1.2151000000
-1.2084000000
-1.1879000000
-1.1540000000
-1.1082000000
-1.0532000000
-0.9917000000
-0.9262000000
-0.8588500000
-0.7912500000
-0.7245000000
-0.6593600000
-0.5963600000
-0.5359700000
-0.4787300000
-0.4252900000
-0.3765200000
-0.3335300000
-0.2976900000
-0.2706100000
-0.2541500000
-0.2504100000
-0.2616300000
-0.2902300000
-0.3386600000
-0.4092800000
-0.5040500000
-0.6240200000
-0.7683400000
-0.9327400000
-1.1076000000
-1.2762000000
-1.4159000000
-1.5021000000
-1.5173000000
-1.4588000000
-1.3393000000
-1.1809000000
-1.0052000000
-0.8279100000
-0.6575400000
-0.4963800000
-0.3428000000
-0.1929600000
-0.0420270000
0.1150200000
0.2828000000
0.4647700000
0.6619900000
0.8711900000
1.0824000000
1.2770000000
1.4290000000
1.5117000000
1.5088000000
1.4226000000
1.2725000000
1.0850000000
0.8835800000
0.6833800000
0.4911900000
0.3077900000
0.1304700000
-0.0450410000
-0.2232400000
-0.4077800000
-0.6002600000
-0.7987400000
-0.9959400000
-1.1779000000
-1.3248000000
-1.4152000000
-1.4342000000
-1.3802000000
-1.2658000000
-1.1117000000
-0.9391600000
-0.7644100000
-0.5970900000
-0.4415000000
-0.2984400000
-0.1668600000
-0.0449490000
0.0692130000
0.1773300000
0.2807300000
0.3802900000
0.4764200000
0.5690300000
0.6575300000
0.7408400000
0.8174900000
0.8857800000
0.9440200000
0.9908800000
1.0257000000
1.0489000000
1.0617000000
1.0666000000
1.0665000000
1.0647000000
1.0644000000
1.0682000000
1.0776000000
1.0934000000
1.1148000000
1.1400000000
1.1661000000
1.1895000000
1.2062000000
1.2128000000
1.2066000000
1.1867000000
1.1532000000
1.1078000000
1.0529000000
0.9914100000
0.9257400000
0.8581100000
0.7901500000
0.7230100000
0.6574700000
0.5941000000
0.5334000000
0.4759100000
0.4223100000
0.3734800000
0.3305300000
0.2948300000
0.2680100000
0.2519200000
0.2486600000
0.2604900000
0.2898000000
0.3390400000
0.4105500000
0.5062800000
0.6272100000
0.7724300000
0.9374900000
1.1126000000
1.2809000000
1.4193000000
1.5035000000
1.5164000000
1.4556000000
1.3345000000
1.1750000000
0.9988400000
0.8215100000
0.6511900000
0.4900500000
0.3363500000
0.1862000000
0.0347650000
-0.1229900000
-0.2916500000
-0.4745800000
-0.6726700000
-0.8823700000
-1.0933000000
-1.2863000000
-1.4352000000
-1.5136000000
-1.5060000000
-1.4158000000
-1.2630000000
-1.0742000000
-0.8726200000
-0.6727600000
-0.4811000000
-0.2981500000
-0.1211000000
0.0543640000
0.2327100000
0.4175000000
0.6102000000
0.8086500000
1.0052000000
1.1857000000
1.3300000000
1.4170000000
1.4324000000
1.3751000000
1.2584000000
1.1032000000
0.9306300000
0.7563900000
0.5899000000
0.4352600000
0.2931900000
0.1625900000
0.0416640000
-0.0714820000
-0.1785200000
-0.2807400000
-0.3790200000
-0.4737600000
-0.5649000000
-0.6519300000
-0.7338800000
-0.8094100000
-0.8770000000
-0.9351200000
-0.9825600000
-1.0187000000
-1.0439000000
-1.0592000000
-1.0669000000
-1.0697000000
-1.0706000000
-1.0724000000
-1.0776000000
-1.0877000000
-1.1031000000
-1.1233000000
-1.1464000000
-1.1698000000
-1.1901000000
-1.2038000000
-1.2076000000
-1.1993000000
-1.1781000000
-1.1443000000
-1.0994000000
-1.0457000000
-0.9856500000
-0.9217000000
-0.8557900000
-0.7894500000
-0.7238000000
-0.6596100000
-0.5975000000
-0.5380100000
-0.4817800000
-0.4295600000
-0.3823000000
-0.3412300000
-0.3077700000
-0.2836600000
-0.2708300000
-0.2714500000
-0.2878800000
-0.3225600000
-0.3779600000
-0.4563700000
-0.5594800000
-0.6877500000
-0.8391500000
-1.0075000000
-1.1806000000
-1.3391000000
-1.4589000000
-1.5175000000
-1.5027000000
-1.4184000000
-1.2820000000
-1.1160000000
-0.9401000000
-0.7670600000
-0.6026400000
-0.4473900000
-0.2987000000
-0.1522800000
-0.0032183000
0.1534400000
0.3220800000
0.5056800000
0.7045600000
0.9142600000
1.1232000000
1.3110000000
1.4510000000
1.5176000000
1.4978000000
1.3975000000
1.2384000000
1.0470000000
0.8453300000
0.6467200000
0.4566000000
0.2748800000
0.0984410000
-0.0771490000
-0.2563100000
-0.4424400000
-0.6366100000
-0.8360400000
-1.0323000000
-1.2100000000
-1.3484000000
-1.4267000000
-1.4317000000
-1.3648000000
-1.2405000000
-1.0807000000
-0.9059000000
-0.7311500000
-0.5649500000
-0.4107600000
-0.2688500000
-0.1378800000
-0.0159100000
0.0990210000
0.2086000000
0.3140900000
0.4162500000
0.5153000000
0.6108500000
0.7019100000
0.7869200000
0.8638500000
0.9304900000
0.9847900000
1.0253000000
1.0517000000
1.0650000000
1.0673000000
1.0621000000
1.0532000000
1.0447000000
1.0402000000
1.0424000000
1.0530000000
1.0723000000
1.0993000000
1.1314000000
1.1650000000
1.1955000000
1.2181000000
1.2283000000
1.2233000000
1.2018000000
1.1646000000
1.1139000000
1.0530000000
0.9852000000
0.9137200000
0.8409500000
0.7686300000
0.6978600000
0.6292600000
0.5632300000
0.5000800000
0.4401400000
0.3839100000
0.3321000000
0.2856400000
0.2457300000
0.2138100000
0.1915400000
0.1807900000
0.1835900000
0.2021100000
0.2385800000
0.2952700000
0.3742800000
0.4773600000
0.6052400000
0.7567400000
0.9271200000
1.1061000000
1.2765000000
1.4148000000
1.4966000000
1.5054000000
1.4397000000
1.3136000000
1.1496000000
0.9690800000
0.7872400000
0.6118500000
0.4447600000
0.2840400000
0.1257000000
-0.0350600000
-0.2030600000
-0.3823500000
-0.5751400000
-0.7802100000
-0.9907100000
-1.1920000000
-1.3613000000
-1.4723000000
-1.5042000000
-1.4516000000
-1.3276000000
-1.1562000000
-0.9624000000
-0.7646400000
-0.5729900000
-0.3907300000
-0.2168100000
-0.0479710000
0.1198000000
0.2902500000
0.4659600000
0.6473000000
0.8311900000
1.0097000000
1.1697000000
1.2939000000
1.3654000000
1.3738000000
1.3199000000
1.2154000000
1.0782000000
0.9263200000
0.7739100000
0.6300200000
0.4995200000
0.3844500000
0.2852800000
0.2018300000
0.1337600000
