24.6700000000
18.9170000000
26.5280000000
28.0170000000
22.9940000000
-1.9486000000
-31.5290000000
-35.3690000000
-6.9457000000
-11.2080000000
11.3170000000
8.5361000000
-5.1946000000
-16.4030000000
19.1670000000
2.2000000000
1.2139000000
-27.7030000000
-21.9830000000
-34.5060000000
-25.3050000000
-19.4190000000
-13.2690000000
-21.4310000000
-27.4730000000
-19.6500000000
-20.0630000000
-16.3080000000
-26.2690000000
-44.8740000000
-50.7730000000
-50.4590000000
-40.2690000000
-36.3440000000
-40.6030000000
-29.9030000000
-26.1260000000
-24.8780000000
-16.0060000000
-7.1222000000
-11.5080000000
-13.6220000000
-10.2000000000
-21.0430000000
-25.4170000000
-29.0630000000
-23.7030000000
6.4028000000
19.6310000000
3.1303000000
15.9410000000
-4.7865000000
15.3110000000
29.4610000000
55.3830000000
69.5750000000
76.2890000000
58.5030000000
39.7530000000
24.5380000000
15.6000000000
45.4310000000
24.4350000000
23.9790000000
16.3390000000
8.9757000000
19.3220000000
10.2660000000
17.3030000000
9.8500000000
31.4970000000
24.6640000000
2.1088000000
-5.5118000000
-10.4140000000
6.8118000000
20.1510000000
40.6390000000
12.3590000000
7.3243000000
32.7540000000
19.9870000000
31.7030000000
29.4500000000
22.0830000000
-15.7240000000
-17.4200000000
-11.5860000000
17.6500000000
17.9370000000
44.9840000000
9.8206000000
-3.7886000000
8.5971000000
-24.6190000000
-31.8000000000
-15.3030000000
-15.6890000000
5.9459000000
-16.3230000000
28.8970000000
-17.9730000000
-16.7080000000
4.8529000000
17.1940000000
5.2750000000
23.4280000000
29.6030000000
13.3030000000
21.3910000000
7.4364000000
-29.8150000000
-1.3600000000
30.7090000000
23.6680000000
28.8000000000
12.6140000000
-10.8860000000
3.1389000000
21.3160000000
22.9830000000
5.2758000000
17.5720000000
7.8541000000
6.5314000000
3.9743000000
-0.4189200000
-18.4460000000
2.6400000000
15.9230000000
16.2780000000
31.2400000000
10.5190000000
28.2750000000
-6.1243000000
-1.1697000000
-5.3444000000
-1.8459000000
4.9378000000
30.1210000000
26.7510000000
-6.1559000000
-0.9771400000
-9.3286000000
-10.9490000000
-7.4000000000
16.8720000000
34.0590000000
41.5530000000
32.0140000000
24.8660000000
20.7050000000
41.0780000000
54.3030000000
22.3080000000
-3.3400000000
12.2760000000
23.4260000000
5.4676000000
-14.1580000000
16.0760000000
51.9450000000
51.2440000000
6.0027000000
-5.7250000000
19.0810000000
7.1771000000
-5.5909000000
12.3060000000
23.0000000000
38.0950000000
16.3590000000
-33.8860000000
-39.1840000000
-30.0940000000
1.4611000000
7.9194000000
4.1946000000
19.8780000000
36.4640000000
-6.6405000000
14.8440000000
20.6620000000
18.8260000000
16.1190000000
15.8680000000
1.5194000000
11.2220000000
3.7528000000
4.8730000000
5.7694000000
5.3811000000
5.4730000000
4.4222000000
0.0742860000
4.7222000000
-3.7946000000
-17.3790000000
-14.6690000000
-21.7490000000
-24.1970000000
-19.8370000000
-2.9167000000
-21.8860000000
-18.6350000000
18.4150000000
14.9230000000
12.1950000000
6.2405000000
16.6110000000
20.9280000000
14.0270000000
8.7114000000
-5.3917000000
-9.3611000000
-8.3027000000
-6.7800000000
-8.3730000000
-1.6703000000
15.4570000000
28.7720000000
35.9190000000
29.1510000000
10.8490000000
17.5030000000
19.9170000000
4.3600000000
13.4090000000
9.6324000000
14.1580000000
15.9470000000
9.8333000000
-3.5216000000
-9.6111000000
-6.1811000000
11.2970000000
18.0220000000
11.8180000000
13.8220000000
6.4222000000
9.5351000000
12.8410000000
7.9459000000
10.0610000000
5.5595000000
-3.0389000000
-5.2306000000
-9.2306000000
-10.6140000000
-13.0080000000
-49.1420000000
-39.8480000000
-17.9870000000
-14.3650000000
-4.9914000000
7.2865000000
2.2444000000
-12.5190000000
-6.4861000000
-4.2108000000
0.2722200000
-6.3324000000
-5.9243000000
-4.3917000000
-3.2778000000
-2.5730000000
2.5432000000
-10.0580000000
-0.0675680000
-6.0757000000
-4.3114000000
-25.5380000000
-10.4600000000
-13.5380000000
-0.9318200000
34.9780000000
38.4760000000
38.0940000000
42.1220000000
43.0510000000
48.1860000000
46.4610000000
44.9110000000
48.0570000000
51.7620000000
56.0500000000
58.5030000000
53.2500000000
0.0942850000
8.0029000000
-4.5622000000
-16.8820000000
8.5297000000
4.1357000000
13.0100000000
12.9480000000
15.7370000000
9.0486000000
-12.7240000000
-12.7970000000
-4.5757000000
-15.2520000000
-6.3758000000
-14.7650000000
-7.5722000000
-17.5680000000
-28.9000000000
-22.5410000000
-14.0360000000
-2.8722000000
-16.5140000000
-18.7840000000
-17.3440000000
-23.3320000000
-53.3700000000
-57.7810000000
-37.5570000000
-39.6300000000
-36.8590000000
-51.6890000000
-34.9030000000
-23.3780000000
-32.7890000000
-14.1910000000
-4.0086000000
-32.4690000000
-39.8200000000
-15.0490000000
-3.0206000000
-20.2860000000
-15.5190000000
-3.0194000000
0.2781200000
-0.7729700000
-7.7054000000
-9.8889000000
-12.2920000000
-4.9306000000
-1.1027000000
-0.1638900000
0.2135100000
3.2294000000
0.1054100000
-2.2556000000
-6.7806000000
-5.7514000000
-1.0000000000
-8.6973000000
-5.7378000000
-3.8571000000
-4.7917000000
-5.7378000000
-6.2861000000
-3.1139000000
-5.7730000000
-4.1250000000
-4.2514000000
-10.0170000000
-21.7490000000
-26.7080000000
-20.6840000000
-17.3830000000
-5.9351000000
-2.7676000000
-4.0514000000
-7.3972000000
-4.2405000000
-8.6243000000
-10.7440000000
-8.1371000000
-5.5378000000
-5.7361000000
-0.5054100000
-1.0457000000
0.6486500000
10.3530000000
-2.5703000000
-0.3055600000
4.0444000000
-0.8459500000
5.5649000000
10.5250000000
1.8722000000
-4.6027000000
-10.6170000000
-6.8250000000
-7.6457000000
1.7432000000
3.5278000000
2.7694000000
0.5971400000
2.1257000000
4.5243000000
10.3380000000
14.7270000000
16.7680000000
8.7973000000
-0.3000000000
3.7306000000
10.5430000000
3.6324000000
7.1000000000
1.2559000000
-10.8540000000
-4.1278000000
-26.1160000000
-32.3370000000
-16.1600000000
-3.7054000000
-10.9460000000
0.7085700000
3.7270000000
-7.8595000000
-8.4459000000
-12.2260000000
-12.4110000000
-3.1543000000
-6.1343000000
12.4230000000
24.1250000000
37.0030000000
55.2940000000
43.5260000000
48.6140000000
50.2370000000
38.0330000000
28.0380000000
30.9140000000
23.3760000000
17.7030000000
17.9140000000
17.9330000000
15.4810000000
9.8343000000
2.5568000000
4.7865000000
9.6556000000
4.2811000000
0.4810800000
0.3611100000
1.3250000000
2.0405000000
-8.7889000000
-8.9056000000
-8.3778000000
-10.3560000000
-4.3306000000
-4.1000000000
-5.2278000000
0.6647100000
-4.5405000000
-0.7432400000
3.5382000000
-6.6378000000
-9.6216000000
-7.5595000000
-6.6647000000
-9.4500000000
-18.9630000000
-15.6430000000
-18.8920000000
-6.2829000000
-7.1333000000
-5.8000000000
-4.5919000000
-10.4290000000
-10.2750000000
-8.3514000000
-5.7771000000
-3.0882000000
-1.5111000000
-5.8417000000
-7.1139000000
-4.3083000000
4.6171000000
16.5470000000
19.6810000000
23.7110000000
34.1670000000
31.1440000000
31.2610000000
34.9510000000
25.7770000000
15.8140000000
8.4543000000
17.2700000000
29.9430000000
21.1000000000
21.6690000000
6.6730000000
-14.4680000000
-26.3030000000
-8.8121000000
-8.6472000000
-12.6220000000
-10.6220000000
-6.5639000000
5.2361000000
12.0410000000
5.9568000000
4.4000000000
0.0729730000
2.9757000000
-6.2750000000
-0.8235300000
-6.3703000000
-11.8970000000
-15.7280000000
-9.0919000000
-13.6030000000
-14.4710000000
-16.4190000000
-23.3560000000
-33.9500000000
-38.1300000000
-36.1570000000
-16.2780000000
-19.1480000000
-6.2417000000
15.9940000000
14.8390000000
13.0610000000
9.8459000000
-1.1750000000
4.1486000000
-5.1135000000
-3.6444000000
-16.0750000000
-17.2910000000
38.3500000000
54.2320000000
34.8950000000
34.7490000000
39.5600000000
6.4750000000
38.9390000000
36.6550000000
42.9520000000
56.8540000000
36.9030000000
-20.8380000000
-18.2510000000
-31.8290000000
47.2090000000
65.1260000000
105.5100000000
99.4970000000
109.8100000000
113.5500000000
83.9340000000
78.2780000000
87.6380000000
43.1960000000
52.5940000000
26.5950000000
12.2590000000
28.5140000000
25.3840000000
1.0514000000
-7.3429000000
-0.2972200000
54.9640000000
29.1860000000
13.0530000000
-51.9000000000
-70.3940000000
-63.3760000000
-44.5880000000
-28.3640000000
5.9194000000
-65.6810000000
9.8000000000
4.6595000000
16.6390000000
4.4467000000
7.0371000000
3.8361000000
11.9000000000
28.9800000000
24.1300000000
17.7260000000
26.9900000000
42.4800000000
39.8190000000
25.6700000000
6.6441000000
13.9830000000
23.8880000000
28.3220000000
15.4000000000
13.6770000000
11.5070000000
11.0090000000
19.8450000000
46.2640000000
29.1970000000
27.4970000000
19.2740000000
17.7240000000
21.1090000000
14.1030000000
0.7400000000
25.5790000000
-2.1212000000
-22.0250000000
-17.7510000000
-5.5056000000
8.5806000000
-5.5625000000
-13.2060000000
-20.6860000000
-8.7750000000
5.9437000000
9.5500000000
19.5000000000
34.4830000000
-0.9722200000
-14.9760000000
-18.7350000000
-15.4140000000
-28.0760000000
-26.6690000000
-19.7370000000
-18.0920000000
-23.6940000000
-17.1830000000
-17.6720000000
-0.2405400000
-1.0000000000
-9.5114000000
-5.8514000000
-3.3750000000
17.6230000000
1.1471000000
20.6640000000
18.0000000000
35.7700000000
17.5660000000
42.4920000000
30.2160000000
23.5830000000
32.2000000000
26.2570000000
16.1610000000
-10.0240000000
7.7844000000
-2.7757000000
7.0618000000
7.0541000000
10.6640000000
26.0060000000
18.3110000000
-3.6083000000
9.7333000000
0.7459500000
-7.5676000000
-6.3543000000
-5.4919000000
-8.2444000000
13.5600000000
23.6490000000
10.2580000000
17.4060000000
-5.5314000000
-12.8490000000
10.3630000000
-0.5514300000
-22.6590000000
-11.2460000000
-15.2060000000
-20.7940000000
-7.7405000000
12.8640000000
27.0920000000
6.2657000000
24.7890000000
6.4108000000
-2.2242000000
-9.2886000000
-1.1886000000
-1.3500000000
6.7361000000
-14.5400000000
-4.9500000000
-8.6806000000
-17.0670000000
-16.5250000000
-13.7710000000
-5.9676000000
1.3892000000
2.5811000000
-5.7771000000
-5.5919000000
-11.2110000000
-12.3430000000
-10.9030000000
-12.4740000000
-12.3540000000
-14.4810000000
-24.1080000000
-36.8970000000
-44.8030000000
-34.4730000000
-15.0880000000
-37.2430000000
-30.6850000000
-14.9760000000
18.6030000000
47.4430000000
86.7920000000
99.5000000000
100.3800000000
123.0500000000
107.0200000000
26.1250000000
22.6530000000
6.9973000000
-4.1735000000
-0.0243240000
10.3140000000
24.5970000000
9.9594000000
-0.2083300000
-16.2460000000
1.3703000000
38.5470000000
46.0970000000
38.8080000000
27.7320000000
19.3520000000
19.1870000000
6.4083000000
20.2690000000
-8.5242000000
4.0730000000
-3.0639000000
30.3340000000
10.8780000000
23.5970000000
28.8090000000
7.2919000000
-4.6621000000
-5.1257000000
-8.9441000000
36.3000000000
5.4313000000
30.6910000000
-22.4470000000
-44.6030000000
-37.0240000000
-35.4090000000
-39.9110000000
-1.5167000000
-18.5240000000
-4.6171000000
-34.7690000000
-21.8230000000
-12.0030000000
-26.5570000000
-21.6650000000
-6.4000000000
19.1780000000
-8.1676000000
-15.2400000000
12.9220000000
10.8790000000
23.3690000000
24.9380000000
6.0405000000
1.6765000000
-0.7424200000
-1.3270000000
-10.4780000000
10.4880000000
8.6514000000
13.9880000000
7.2588000000
36.9530000000
-6.2833000000
-4.1889000000
0.6424200000
10.3190000000
0.1882400000
12.1240000000
-5.2970000000
14.1950000000
16.2500000000
3.7919000000
3.6694000000
-1.6057000000
-12.0590000000
-32.6490000000
-30.2520000000
-23.0510000000
-22.1730000000
-23.9660000000
-7.5343000000
8.3054000000
-16.8720000000
-22.5090000000
-22.5140000000
-26.5650000000
-21.2460000000
-26.8750000000
-31.1530000000
-22.7500000000
-18.1060000000
-25.1890000000
-18.5840000000
-10.8170000000
-15.5650000000
4.2583000000
3.1611000000
-3.9286000000
-0.8567600000
-7.0529000000
12.0860000000
7.4432000000
5.9194000000
1.2216000000
-2.0595000000
0.9305600000
1.7583000000
1.2694000000
-1.8278000000
-3.3108000000
-11.5940000000
-15.9750000000
-15.0730000000
-15.1670000000
-12.9430000000
-8.2108000000
-4.4541000000
25.5060000000
5.3412000000
-3.7611000000
-12.1330000000
-13.4050000000
37.9090000000
0.6351400000
-4.8297000000
2.7730000000
1.3667000000
-3.5222000000
-18.0430000000
-32.9460000000
-28.2000000000
-28.2200000000
10.3310000000
24.1270000000
40.9000000000
38.5540000000
17.5570000000
12.2840000000
15.1630000000
29.7080000000
12.7250000000
15.4610000000
8.3108000000
10.5510000000
28.5490000000
40.4510000000
36.8170000000
21.5490000000
17.5670000000
17.0470000000
13.8220000000
6.1459000000
5.1625000000
-0.2583300000
-3.9432000000
-6.0111000000
-8.0417000000
-7.7778000000
-8.3556000000
-16.6680000000
-23.8720000000
-16.9570000000
-22.6000000000
-41.3380000000
-44.8280000000
-40.3260000000
-47.4050000000
-36.1190000000
-13.3860000000
-15.9110000000
2.0676000000
-10.2570000000
-7.7784000000
-14.6460000000
-13.0380000000
-21.7390000000
-12.0350000000
-10.2480000000
