-0.0853310000
-0.0460070000
-0.0071289000
0.0312540000
0.0690970000
0.1063600000
0.1429900000
0.1789400000
0.2141800000
0.2486500000
0.2823000000
0.3150900000
0.3469400000
0.3778100000
0.4076200000
0.4363200000
0.4638300000
0.4900800000
0.5150000000
0.5385100000
0.5605300000
0.5809900000
0.5998000000
0.6169000000
0.6322100000
0.6456700000
0.6572100000
0.6667800000
0.6743300000
0.6798200000
0.6832400000
0.6845700000
0.6838100000
0.6809800000
0.6761000000
0.6692400000
0.6604400000
0.6497900000
0.6373700000
0.6233000000
0.6076800000
0.5906400000
0.5723000000
0.5528100000
0.5323000000
0.5109200000
0.4887900000
0.4660600000
0.4428500000
0.4193000000
0.3955200000
0.3716300000
0.3477400000
0.3239500000
0.3003400000
0.2770200000
0.2540600000
0.2315300000
0.2095100000
0.1880500000
0.1672100000
0.1470400000
0.1275900000
0.1089100000
0.0910200000
0.0739690000
0.0577830000
0.0424870000
0.0281040000
0.0146530000
0.0021480000
-0.0093990000
-0.0199810000
-0.0295940000
-0.0382380000
-0.0459180000
-0.0526420000
-0.0584230000
-0.0632760000
-0.0672220000
-0.0702860000
-0.0724970000
-0.0738880000
-0.0744950000
-0.0743590000
-0.0735250000
-0.0720410000
-0.0699600000
-0.0673360000
-0.0642260000
-0.0606910000
-0.0567940000
-0.0526020000
-0.0481800000
-0.0435970000
-0.0389240000
-0.0342300000
-0.0295870000
-0.0250660000
-0.0207410000
-0.0166820000
-0.0129590000
-0.0096438000
-0.0068039000
-0.0045075000
-0.0028203000
-0.0018066000
-0.0015283000
-0.0020444000
-0.0034110000
-0.0056816000
-0.0089066000
-0.0131320000
-0.0184020000
-0.0247530000
-0.0322190000
-0.0408290000
-0.0506050000
-0.0615670000
-0.0737260000
-0.0870880000
-0.1016500000
-0.1174100000
-0.1343500000
-0.1524400000
-0.1716700000
-0.1919900000
-0.2133500000
-0.2357100000
-0.2590100000
-0.2831600000
-0.3081100000
-0.3337600000
-0.3600300000
-0.3868000000
-0.4139800000
-0.4414500000
-0.4690800000
-0.4967500000
-0.5243100000
-0.5516200000
-0.5785400000
-0.6049100000
-0.6305700000
-0.6553400000
-0.6790700000
-0.7015700000
-0.7226900000
-0.7422300000
-0.7600200000
-0.7759000000
-0.7896900000
-0.8012300000
-0.8103800000
-0.8169900000
-0.8209300000
-0.8221000000
-0.8204100000
-0.8158000000
-0.8082200000
-0.7976800000
-0.7841900000
-0.7678100000
-0.7486200000
-0.7267200000
-0.7022700000
-0.6754000000
-0.6463100000
-0.6151600000
-0.5821700000
-0.5475200000
-0.5114000000
-0.4740000000
-0.4355000000
-0.3960500000
-0.3558200000
-0.3149400000
-0.2735300000
-0.2317100000
-0.1895700000
-0.1472100000
-0.1046900000
-0.0621060000
-0.0195120000
0.0230260000
0.0654480000
0.1076900000
0.1497100000
0.1914200000
0.2327700000
0.2736900000
0.3141000000
0.3539300000
0.3930900000
0.4314800000
0.4690000000
0.5055500000
0.5410000000
0.5752300000
0.6081200000
0.6395100000
0.6692600000
0.6972300000
0.7232500000
0.7471700000
0.7688300000
0.7880700000
0.8047300000
0.8186700000
0.8297500000
0.8378400000
0.8428400000
0.8446600000
0.8432400000
0.8385500000
0.8305800000
0.8193700000
0.8050000000
0.7875600000
0.7671900000
0.7440700000
0.7183800000
0.6903500000
0.6602000000
0.6281600000
0.5944800000
0.5593900000
0.5231200000
0.4858800000
0.4478500000
0.4092400000
0.3701900000
0.3308500000
0.2913600000
0.2518300000
0.2123500000
0.1730200000
0.1339100000
0.0950970000
0.0566350000
0.0185830000
-0.0190100000
-0.0560940000
-0.0926230000
-0.1285500000
-0.1638300000
-0.1984200000
-0.2322800000
-0.2653400000
-0.2975500000
-0.3288800000
-0.3592400000
-0.3886000000
-0.4168800000
-0.4440100000
-0.4699300000
-0.4945800000
-0.5178700000
-0.5397300000
-0.5601000000
-0.5789100000
-0.5960700000
-0.6115300000
-0.6252200000
-0.6370800000
-0.6470700000
-0.6551400000
-0.6612500000
-0.6653900000
-0.6675300000
-0.6676700000
-0.6658400000
-0.6620600000
-0.6563600000
-0.6488100000
-0.6394800000
-0.6284400000
-0.6157900000
-0.6016300000
-0.5860800000
-0.5692600000
-0.5513000000
-0.5323200000
-0.5124600000
-0.4918500000
-0.4706200000
-0.4489000000
-0.4268100000
-0.4044700000
-0.3819900000
-0.3594900000
-0.3370500000
-0.3147900000
-0.2927800000
-0.2711100000
-0.2498600000
-0.2290800000
-0.2088600000
-0.1892500000
-0.1703000000
-0.1520600000
-0.1345800000
-0.1178900000
-0.1020400000
-0.0870580000
-0.0729650000
-0.0597900000
-0.0475530000
-0.0362690000
-0.0259520000
-0.0166080000
-0.0082441000
-0.0008591100
0.0055501000
0.0109920000
0.0154770000
0.0190230000
0.0216500000
0.0233820000
0.0242480000
0.0242800000
0.0235170000
0.0219980000
0.0197690000
0.0168780000
0.0133770000
0.0093195000
0.0047647000
-0.0002271700
-0.0055928000
-0.0112670000
-0.0171830000
-0.0232720000
-0.0294650000
-0.0356910000
-0.0418790000
-0.0479570000
-0.0538530000
-0.0594970000
-0.0648180000
-0.0697460000
-0.0742120000
-0.0781500000
-0.0814930000
-0.0841770000
-0.0861410000
-0.0873270000
-0.0876790000
-0.0871420000
-0.0856670000
-0.0832080000
-0.0797220000
-0.0751720000
-0.0695230000
-0.0627470000
-0.0548190000
-0.0457190000
-0.0354360000
-0.0239600000
-0.0112900000
0.0025701000
0.0176110000
0.0338150000
0.0511620000
0.0696200000
0.0891560000
0.1097300000
0.1312900000
0.1537800000
0.1771400000
0.2013100000
0.2262200000
0.2517700000
0.2779000000
0.3045100000
0.3315000000
0.3587700000
0.3862100000
0.4137200000
0.4411700000
0.4684400000
0.4954000000
0.5219200000
0.5478700000
0.5730900000
0.5974600000
0.6208100000
0.6430100000
0.6638900000
0.6833100000
0.7011200000
0.7171700000
0.7313100000
0.7434000000
0.7533100000
0.7609300000
0.7661200000
0.7688100000
0.7689100000
0.7663600000
0.7611100000
0.7531600000
0.7425100000
0.7292000000
0.7132700000
0.6948300000
0.6739600000
0.6508100000
0.6255000000
0.5982000000
0.5690700000
0.5382900000
0.5060200000
0.4724400000
0.4377100000
0.4019900000
0.3654300000
0.3281800000
0.2903500000
0.2520700000
0.2134500000
0.1745700000
0.1355500000
0.0964410000
0.0573340000
0.0182960000
-0.0206080000
-0.0593150000
-0.0977640000
-0.1359000000
-0.1736500000
-0.2109600000
-0.2477600000
-0.2840000000
-0.3195900000
-0.3544600000
-0.3885300000
-0.4217200000
-0.4539400000
-0.4850900000
-0.5150900000
-0.5438200000
-0.5711700000
-0.5970500000
-0.6213300000
-0.6439100000
-0.6646700000
-0.6834900000
-0.7002600000
-0.7148800000
-0.7272500000
-0.7372800000
-0.7448800000
-0.7499900000
-0.7525500000
-0.7525300000
-0.7499000000
-0.7446800000
-0.7369000000
-0.7265900000
-0.7138400000
-0.6987400000
-0.6814000000
-0.6619500000
-0.6405500000
-0.6173600000
-0.5925400000
-0.5662700000
-0.5387200000
-0.5100700000
-0.4804900000
-0.4501400000
-0.4191900000
-0.3877600000
-0.3560200000
-0.3240600000
-0.2920300000
-0.2600100000
-0.2281000000
-0.1963900000
-0.1649700000
-0.1338900000
-0.1032300000
-0.0730360000
-0.0433730000
-0.0142850000
0.0141810000
0.0419840000
0.0690820000
0.0954390000
0.1210200000
0.1457900000
0.1697100000
0.1927600000
0.2149100000
0.2361200000
0.2563800000
0.2756500000
0.2939100000
0.3111400000
0.3273200000
0.3424300000
0.3564600000
0.3693900000
0.3812300000
0.3919600000
0.4015800000
0.4101000000
0.4175300000
0.4238800000
0.4291600000
0.4334100000
0.4366500000
0.4389200000
0.4402500000
0.4406900000
0.4402800000
0.4390900000
0.4371800000
0.4345900000
0.4314100000
0.4277000000
0.4235300000
0.4189700000
0.4141100000
0.4090200000
0.4037700000
0.3984600000
0.3931400000
0.3879100000
0.3828400000
0.3779900000
0.3734600000
0.3693000000
0.3655800000
0.3623800000
0.3597400000
0.3577400000
0.3564200000
0.3558300000
0.3560300000
0.3570500000
0.3589300000
0.3617000000
0.3653900000
0.3700100000
0.3755900000
0.3821200000
0.3896200000
0.3980600000
0.4074400000
0.4177300000
0.4289100000
0.4409400000
0.4537700000
0.4673400000
0.4815900000
0.4964600000
0.5118500000
0.5276900000
0.5438700000
0.5603000000
0.5768600000
0.5934400000
0.6099100000
0.6261400000
0.6420100000
0.6573700000
0.6720800000
0.6860100000
0.6990000000
0.7109100000
0.7216100000
0.7309400000
0.7387900000
0.7450000000
0.7494700000
0.7520800000
0.7527200000
0.7513000000
0.7477500000
0.7419900000
0.7340000000
0.7237300000
0.7111900000
0.6963800000
0.6793300000
0.6600900000
0.6387200000
0.6153000000
0.5899300000
0.5627100000
0.5337500000
0.5031700000
0.4710900000
0.4376300000
0.4029000000
0.3670300000
0.3301300000
0.2922900000
0.2536300000
0.2142300000
0.1741800000
0.1335600000
0.0924520000
0.0509210000
0.0090381000
-0.0331280000
-0.0755120000
-0.1180500000
-0.1606600000
-0.2032800000
-0.2458300000
-0.2882400000
-0.3304100000
-0.3722400000
-0.4136400000
-0.4544900000
-0.4946700000
-0.5340500000
-0.5724900000
-0.6098400000
-0.6459400000
-0.6806300000
-0.7137100000
-0.7450000000
-0.7743200000
-0.8014600000
-0.8262200000
-0.8483900000
-0.8677800000
-0.8841800000
-0.8974200000
-0.9073000000
-0.9136900000
-0.9164500000
-0.9154700000
-0.9107000000
-0.9021100000
-0.8897200000
-0.8736100000
-0.8538900000
-0.8307200000
-0.8043200000
-0.7749200000
-0.7428000000
-0.7082500000
-0.6715500000
-0.6330000000
-0.5928900000
-0.5514900000
-0.5090300000
-0.4657400000
-0.4218300000
-0.3774700000
-0.3328000000
-0.2879700000
-0.2430700000
-0.1982100000
-0.1534600000
-0.1089000000
-0.0645740000
-0.0205460000
0.0231380000
0.0664310000
0.1092900000
0.1516600000
0.1935000000
0.2347600000
0.2753700000
0.3152800000
0.3544200000
0.3927100000
0.4300700000
0.4664100000
0.5016400000
0.5356400000
0.5683100000
0.5995200000
0.6291600000
0.6571000000
0.6831900000
0.7073000000
0.7293000000
0.7490500000
0.7664100000
0.7812500000
0.7934500000
0.8029000000
0.8094900000
0.8131600000
0.8138500000
0.8115100000
0.8061300000
0.7977500000
0.7864000000
0.7721700000
0.7551700000
0.7355300000
0.7134200000
0.6890300000
0.6625500000
0.6341800000
0.6041600000
0.5726800000
0.5399700000
0.5062300000
0.4716500000
0.4364100000
0.4006800000
0.3646000000
0.3283200000
0.2919700000
0.2556400000
0.2194400000
0.1834500000
0.1477500000
0.1124100000
0.0774950000
0.0430520000
0.0091360000
-0.0242070000
-0.0569330000
-0.0890000000
-0.1203700000
-0.1510000000
-0.1808500000
-0.2098800000
-0.2380600000
-0.2653400000
-0.2916800000
-0.3170500000
-0.3414000000
-0.3646900000
-0.3868700000
-0.4079200000
-0.4277800000
-0.4464100000
-0.4637800000
-0.4798600000
-0.4946000000
-0.5079800000
-0.5199700000
-0.5305400000
-0.5397000000
-0.5474100000
-0.5536700000
-0.5585000000
-0.5619000000
-0.5638800000
-0.5644800000
-0.5637200000
-0.5616500000
-0.5583200000
-0.5537900000
-0.5481100000
-0.5413800000
-0.5336500000
-0.5250200000
-0.5155800000
-0.5054000000
-0.4946000000
-0.4832700000
-0.4714900000
-0.4593800000
-0.4470200000
-0.4345100000
-0.4219500000
-0.4094300000
-0.3970300000
-0.3848400000
-0.3729400000
-0.3614100000
-0.3503200000
-0.3397500000
-0.3297500000
-0.3203900000
-0.3117300000
-0.3038100000
-0.2966800000
-0.2904000000
-0.2849800000
-0.2804800000
-0.2769200000
-0.2743100000
-0.2726900000
-0.2720600000
-0.2724300000
-0.2738000000
-0.2761700000
-0.2795400000
-0.2838800000
-0.2891900000
-0.2954200000
-0.3025600000
-0.3105600000
-0.3193700000
-0.3289600000
-0.3392600000
-0.3502200000
-0.3617600000
-0.3738200000
-0.3863100000
-0.3991700000
-0.4122900000
-0.4256000000
-0.4390000000
-0.4523900000
-0.4656700000
-0.4787400000
-0.4915000000
-0.5038400000
-0.5156500000
-0.5268300000
-0.5372700000
-0.5468700000
-0.5555200000
-0.5631200000
-0.5695700000
-0.5747900000
-0.5786800000
-0.5811500000
-0.5821500000
-0.5815900000
-0.5794100000
-0.5755800000
-0.5700400000
-0.5627700000
-0.5537500000
-0.5429700000
-0.5304400000
-0.5161800000
-0.5002100000
-0.4825700000
-0.4633100000
-0.4424900000
-0.4201700000
-0.3964200000
-0.3713200000
-0.3449600000
-0.3174200000
-0.2887800000
-0.2591300000
-0.2285600000
-0.1971600000
-0.1650100000
-0.1322000000
-0.0988050000
-0.0649090000
-0.0305890000
0.0040757000
0.0390100000
0.0741380000
0.1093900000
0.1446700000
0.1799300000
0.2150700000
0.2500200000
0.2847000000
0.3190100000
0.3528700000
0.3861800000
0.4188500000
0.4507800000
0.4818400000
0.5119500000
0.5409700000
0.5687900000
0.5952900000
0.6203400000
0.6438100000
0.6655700000
0.6854900000
0.7034500000
0.7193200000
0.7329800000
0.7443200000
0.7532300000
0.7596300000
0.7634400000
0.7646000000
0.7630700000
0.7588300000
0.7518800000
0.7422600000
0.7300100000
0.7152200000
0.6979900000
0.6784400000
0.6567100000
0.6329600000
0.6073600000
0.5800800000
0.5513100000
0.5212400000
0.4900300000
0.4578700000
0.4249100000
0.3913200000
0.3572300000
0.3227900000
0.2881100000
0.2533000000
0.2184700000
0.1837100000
0.1490900000
0.1147100000
0.0806110000
0.0468710000
0.0135430000
-0.0193180000
-0.0516610000
-0.0834390000
-0.1146000000
-0.1451100000
-0.1749200000
-0.2039800000
-0.2322400000
-0.2596700000
-0.2862200000
-0.3118400000
-0.3364800000
-0.3601000000
-0.3826500000
-0.4040800000
-0.4243600000
-0.4434200000
-0.4612300000
-0.4777500000
-0.4929300000
-0.5067400000
-0.5191500000
-0.5301200000
-0.5396400000
-0.5476800000
-0.5542300000
-0.5593000000
-0.5628700000
-0.5649700000
-0.5656200000
-0.5648300000
-0.5626600000
-0.5591400000
-0.5543300000
-0.5482900000
-0.5410900000
-0.5328100000
-0.5235300000
-0.5133300000
-0.5023200000
-0.4905800000
-0.4782100000
-0.4653200000
-0.4519900000
-0.4383400000
-0.4244600000
-0.4104400000
-0.3963800000
-0.3823700000
-0.3685000000
-0.3548600000
-0.3415200000
-0.3285700000
-0.3160800000
-0.3041000000
-0.2927200000
-0.2820000000
-0.2719700000
-0.2627100000
-0.2542500000
-0.2466500000
-0.2399300000
-0.2341300000
-0.2292900000
-0.2254200000
-0.2225500000
-0.2206900000
-0.2198500000
-0.2200400000
-0.2212600000
-0.2235000000
-0.2267600000
-0.2310100000
-0.2362400000
-0.2424100000
-0.2495100000
-0.2574800000
-0.2662800000
-0.2758800000
-0.2862100000
-0.2972100000
-0.3088200000
-0.3209700000
-0.3335900000
-0.3466000000
-0.3599200000
-0.3734700000
-0.3871500000
-0.4008700000
-0.4145500000
-0.4280700000
-0.4413600000
-0.4543000000
-0.4667900000
-0.4787400000
-0.4900500000
-0.5006100000
-0.5103300000
-0.5191100000
-0.5268600000
-0.5334800000
-0.5389000000
-0.5430200000
-0.5457800000
-0.5471100000
-0.5469400000
-0.5452200000
-0.5419100000
-0.5369600000
-0.5303600000
-0.5220900000
-0.5121400000
-0.5005200000
-0.4872500000
-0.4723500000
-0.4558600000
-0.4378200000
-0.4183000000
-0.3973400000
-0.3750200000
-0.3514200000
-0.3266100000
-0.3006700000
-0.2736800000
-0.2457400000
-0.2169200000
-0.1873200000
-0.1570100000
-0.1260700000
-0.0945990000
-0.0626660000
-0.0303500000
0.0022700000
0.0351190000
0.0681220000
0.1012000000
0.1342900000
0.1673000000
0.2001700000
0.2328100000
0.2651500000
0.2971100000
0.3285900000
0.3595200000
0.3898100000
0.4193600000
0.4480800000
0.4758700000
0.5026200000
0.5282400000
0.5526200000
0.5756500000
0.5972200000
0.6172200000
0.6355500000
0.6521000000
0.6667700000
0.6794600000
0.6900900000
0.6985600000
0.7048100000
0.7087900000
0.7104300000
0.7097200000
0.7066400000
0.7012000000
0.6934100000
0.6833300000
0.6710200000
0.6565500000
0.6400300000
0.6215700000
0.6012900000
0.5793400000
0.5558600000
0.5310100000
0.5049300000
0.4777800000
0.4497100000
0.4208700000
0.3914000000
0.3614300000
0.3310800000
0.3004800000
0.2697400000
0.2389500000
0.2082000000
0.1775900000
0.1471900000
0.1170700000
0.0873050000
0.0579470000
0.0290540000
0.0006816600
-0.0271230000
-0.0543120000
-0.0808430000
-0.1066700000
-0.1317600000
-0.1560700000
-0.1795700000
-0.2022100000
-0.2239700000
-0.2448100000
-0.2647000000
-0.2836100000
-0.3015200000
-0.3183900000
-0.3342000000
-0.3489300000
-0.3625700000
-0.3750900000
-0.3865000000
-0.3967600000
-0.4059000000
-0.4139000000
-0.4207700000
-0.4265200000
-0.4311700000
-0.4347400000
-0.4372600000
-0.4387600000
-0.4392700000
-0.4388500000
-0.4375400000
-0.4353900000
-0.4324700000
-0.4288300000
-0.4245500000
-0.4196900000
-0.4143200000
-0.4085300000
-0.4023900000
-0.3959800000
-0.3893700000
-0.3826600000
-0.3759100000
-0.3692200000
-0.3626500000
-0.3562800000
-0.3501900000
-0.3444500000
-0.3391400000
-0.3343100000
-0.3300500000
-0.3263900000
-0.3234200000
-0.3211700000
-0.3197100000
-0.3190700000
-0.3193000000
-0.3204400000
-0.3225100000
-0.3255500000
-0.3295700000
-0.3345900000
-0.3406300000
-0.3476700000
-0.3557200000
-0.3647600000
-0.3747800000
-0.3857500000
-0.3976400000
-0.4103900000
-0.4239700000
-0.4383100000
-0.4533500000
-0.4690000000
-0.4852000000
-0.5018500000
-0.5188400000
-0.5360800000
-0.5534500000
-0.5708400000
-0.5881200000
-0.6051600000
-0.6218300000
-0.6379900000
-0.6535000000
-0.6682200000
-0.6820000000
-0.6947100000
-0.7061900000
-0.7163100000
-0.7249300000
-0.7319300000
-0.7371700000
-0.7405400000
-0.7419500000
-0.7412900000
-0.7384800000
-0.7334700000
-0.7262000000
-0.7166500000
-0.7048100000
-0.6906800000
-0.6742900000
-0.6556800000
-0.6349300000
-0.6121200000
-0.5873200000
-0.5606500000
-0.5322300000
-0.5021700000
-0.4705900000
-0.4376200000
-0.4033800000
-0.3679900000
-0.3315700000
-0.2942300000
-0.2560600000
-0.2171700000
-0.1776500000
-0.1375800000
-0.0970360000
-0.0561040000
-0.0148500000
0.0266550000
0.0683440000
0.1101500000
0.1520000000
0.1938200000
0.2355400000
0.2770800000
0.3183500000
0.3592600000
0.3997200000
0.4396000000
0.4788100000
0.5172200000
0.5546800000
0.5910700000
0.6262200000
0.6599900000
0.6922000000
0.7226800000
0.7512400000
0.7777100000
0.8018900000
0.8235900000
0.8426200000
0.8588100000
0.8719800000
0.8819600000
0.8886100000
0.8918200000
0.8914800000
0.8875300000
0.8799500000
0.8687500000
0.8539900000
0.8357700000
0.8142400000
0.7895800000
0.7620100000
0.7317700000
0.6991300000
0.6643600000
0.6277200000
0.5895000000
0.5499400000
0.5092900000
0.4677700000
0.4255700000
0.3828700000
0.3398300000
0.2965700000
0.2532300000
0.2098900000
0.1666500000
0.1235700000
0.0807300000
0.0381810000
-0.0040239000
-0.0458350000
-0.0872040000
-0.1280800000
-0.1684300000
-0.2081900000
-0.2473000000
-0.2857200000
-0.3233700000
-0.3602000000
-0.3961300000
-0.4310700000
-0.4649500000
-0.4976700000
-0.5291300000
-0.5592300000
-0.5878700000
-0.6149300000
-0.6402900000
-0.6638500000
-0.6854700000
-0.7050400000
-0.7224400000
-0.7375700000
-0.7503200000
-0.7605800000
-0.7682800000
-0.7733400000
-0.7757100000
-0.7753500000
-0.7722500000
-0.7664200000
-0.7578900000
-0.7467200000
-0.7329900000
-0.7168100000
-0.6983100000
-0.6776400000
-0.6549700000
-0.6304700000
-0.6043200000
-0.5767200000
-0.5478500000
-0.5179100000
-0.4870600000
-0.4554900000
-0.4233600000
-0.3908100000
-0.3579900000
-0.3250200000
-0.2920200000
-0.2590900000
-0.2263300000
-0.1938200000
-0.1616400000
-0.1298500000
-0.0985280000
-0.0677160000
-0.0374680000
-0.0078317000
0.0211510000
0.0494390000
0.0769960000
0.1037900000
0.1297700000
0.1549300000
0.1792200000
0.2026200000
0.2251000000
0.2466300000
0.2671900000
0.2867400000
0.3052800000
0.3227700000
0.3391900000
0.3545400000
0.3688000000
0.3819500000
0.3939900000
0.4049100000
0.4147100000
0.4234100000
0.4310000000
0.4375000000
0.4429300000
0.4473200000
0.4506800000
0.4530700000
0.4545100000
0.4550500000
0.4547500000
0.4536500000
0.4518200000
0.4493200000
0.4462100000
0.4425800000
0.4384700000
0.4339900000
0.4291900000
0.4241600000
0.4189800000
0.4137200000
0.4084700000
0.4033000000
0.3982800000
0.3935000000
0.3890200000
0.3849100000
0.3812500000
0.3780900000
0.3754900000
0.3735300000
0.3722300000
0.3716700000
0.3718800000
0.3729000000
0.3747700000
0.3775100000
0.3811500000
0.3857100000
0.3911900000
0.3976100000
0.4049600000
0.4132300000
0.4224000000
0.4324600000
0.4433600000
0.4550600000
0.4675200000
0.4806800000
0.4944700000
0.5088200000
0.5236600000
0.5388700000
0.5543900000
0.5700800000
0.5858600000
0.6015900000
0.6171600000
0.6324400000
0.6473000000
0.6616000000
0.6752000000
0.6879600000
0.6997500000
0.7104300000
0.7198500000
0.7278900000
0.7344100000
0.7392900000
0.7424200000
0.7436900000
0.7430000000
0.7402700000
0.7354400000
0.7284400000
0.7192600000
0.7078500000
0.6942300000
0.6784200000
0.6604300000
0.6403400000
0.6182100000
0.5941000000
0.5681300000
0.5403900000
0.5109900000
0.4800400000
0.4476500000
0.4139500000
0.3790400000
0.3430300000
0.3060400000
0.2681500000
0.2294600000
0.1900600000
0.1500300000
0.1094500000
0.0684000000
0.0269400000
-0.0148570000
-0.0569250000
-0.0991950000
-0.1416000000
-0.1840600000
-0.2265200000
-0.2688800000
-0.3110600000
-0.3529700000
-0.3945100000
-0.4355700000
-0.4760300000
-0.5157700000
-0.5546500000
-0.5925200000
-0.6292300000
-0.6646100000
-0.6984900000
-0.7306800000
-0.7609800000
-0.7892200000
-0.8151700000
-0.8386400000
-0.8594300000
-0.8773300000
-0.8921500000
-0.9037000000
-0.9118300000
-0.9163800000
-0.9172500000
-0.9143400000
-0.9076200000
-0.8970700000
-0.8827600000
-0.8647600000
-0.8432400000
-0.8183600000
-0.7903600000
-0.7595000000
-0.7260600000
-0.6903200000
-0.6525900000
-0.6131600000
-0.5723000000
-0.5302600000
-0.4872900000
-0.4436000000
-0.3993700000
-0.3547600000
-0.3099200000
-0.2649700000
-0.2200000000
-0.1751000000
-0.1303600000
-0.0858190000
-0.0415500000
0.0024024000
0.0459900000
0.0891660000
0.1318900000
0.1741000000
0.2157600000
0.2568100000
0.2971900000
0.3368300000
0.3756700000
0.4136200000
0.4505900000
0.4864900000
0.5212300000
0.5546800000
0.5867300000
0.6172700000
0.6461600000
0.6732600000
0.6984500000
0.7215800000
0.7425100000
0.7611100000
0.7772300000
0.7907600000
0.8015700000
0.8095600000
0.8146300000
0.8167300000
0.8157900000
0.8118000000
0.8047600000
0.7947000000
0.7817100000
0.7658600000
0.7472900000
0.7261600000
0.7026300000
0.6769000000
0.6491800000
0.6196900000
0.5886400000
0.5562500000
0.5227200000
0.4882700000
0.4530700000
0.4173000000
0.3811200000
0.3446800000
0.3080900000
0.2714900000
0.2349700000
0.1986300000
0.1625300000
0.1267700000
0.0913970000
0.0564730000
0.0220500000
-0.0118220000
-0.0450990000
-0.0777380000
-0.1097000000
-0.1409400000
-0.1714200000
-0.2011000000
-0.2299500000
-0.2579100000
-0.2849600000
-0.3110400000
-0.3361200000
-0.3601500000
-0.3831000000
-0.4049100000
-0.4255400000
-0.4449600000
-0.4631100000
-0.4799700000
-0.4954900000
-0.5096400000
-0.5223900000
-0.5337100000
-0.5435800000
-0.5519900000
-0.5589300000
-0.5643900000
-0.5683800000
-0.5709100000
-0.5720100000
-0.5717000000
-0.5700100000
-0.5670100000
-0.5627400000
-0.5572600000
-0.5506500000
-0.5429800000
-0.5343300000
-0.5247900000
-0.5144500000
-0.5034200000
-0.4917800000
-0.4796300000
-0.4670700000
-0.4542100000
-0.4411400000
-0.4279500000
-0.4147500000
-0.4016100000
-0.3886300000
-0.3759000000
-0.3634900000
-0.3514800000
-0.3399400000
-0.3289400000
-0.3185500000
-0.3088200000
-0.2998100000
-0.2915600000
-0.2841300000
-0.2775600000
-0.2718800000
-0.2671100000
-0.2633000000
-0.2604600000
-0.2586100000
-0.2577600000
-0.2579200000
-0.2590800000
-0.2612400000
-0.2644000000
-0.2685400000
-0.2736400000
-0.2796600000
-0.2865900000
-0.2943700000
-0.3029700000
-0.3123300000
-0.3224100000
-0.3331400000
-0.3444500000
-0.3562800000
-0.3685500000
-0.3811700000
-0.3940800000
-0.4071600000
-0.4203500000
-0.4335400000
-0.4466300000
-0.4595300000
-0.4721300000
-0.4843300000
-0.4960400000
-0.5071300000
-0.5175200000
-0.5271000000
-0.5357700000
-0.5434300000
-0.5499900000
-0.5553600000
-0.5594500000
-0.5621800000
-0.5634700000
-0.5632700000
-0.5615100000
-0.5581400000
-0.5531200000
-0.5464300000
-0.5380300000
-0.5279300000
-0.5161200000
-0.5026200000
-0.4874500000
-0.4706500000
-0.4522600000
-0.4323300000
-0.4109200000
-0.3881100000
-0.3639600000
-0.3385400000
-0.3119600000
-0.2842700000
-0.2555800000
-0.2259700000
-0.1955200000
-0.1643100000
-0.1324300000
-0.0999630000
-0.0669870000
-0.0335810000
0.0001780200
0.0342130000
0.0684500000
0.1028100000
0.1372200000
0.1716100000
0.2058900000
0.2399800000
0.2738100000
0.3072900000
0.3403300000
0.3728400000
0.4047300000
0.4359000000
0.4662300000
0.4956400000
0.5240000000
0.5512100000
0.5771400000
0.6016800000
0.6247000000
0.6460900000
0.6657100000
0.6834600000
0.6992100000
0.7128500000
0.7242700000
0.7333800000
0.7401000000
0.7443400000
0.7460600000
0.7452000000
0.7417600000
0.7357300000
0.7271400000
0.7160200000
0.7024600000
0.6865400000
0.6683600000
0.6480700000
0.6258000000
0.6017200000
0.5759800000
0.5487500000
0.5202100000
0.4905300000
0.4598700000
0.4284000000
0.3962600000
0.3636000000
0.3305500000
0.2972400000
0.2637700000
0.2302500000
0.1967800000
0.1634300000
0.1302800000
0.0974150000
0.0648860000
0.0327580000
0.0010846000
-0.0300820000
-0.0606930000
-0.0907000000
-0.1200600000
-0.1487300000
-0.1766600000
-0.2038200000
-0.2301500000
-0.2556300000
-0.2802000000
-0.3038300000
-0.3264700000
-0.3480800000
-0.3686300000
-0.3880700000
-0.4063700000
-0.4234800000
-0.4393800000
-0.4540300000
-0.4674100000
-0.4794800000
-0.4902300000
-0.4996500000
-0.5077100000
-0.5144300000
-0.5197900000
-0.5238000000
-0.5264900000
-0.5278700000
-0.5279700000
-0.5268300000
-0.5245000000
-0.5210200000
-0.5164500000
-0.5108600000
-0.5043300000
-0.4969100000
-0.4887100000
-0.4797900000
-0.4702500000
-0.4601700000
-0.4496500000
-0.4387800000
-0.4276500000
-0.4163500000
-0.4049800000
-0.3936100000
-0.3823400000
-0.3712400000
-0.3604100000
-0.3499200000
-0.3398400000
-0.3302400000
-0.3211900000
-0.3127500000
-0.3049900000
-0.2979500000
-0.2916900000
-0.2862500000
-0.2816800000
-0.2780000000
-0.2752700000
-0.2735000000
-0.2727100000
-0.2729200000
-0.2741500000
-0.2764000000
-0.2796800000
-0.2839700000
-0.2892700000
-0.2955600000
-0.3028200000
-0.3110200000
-0.3201200000
-0.3300800000
-0.3408600000
-0.3523900000
-0.3646200000
-0.3774900000
-0.3909100000
-0.4048100000
-0.4191100000
-0.4337200000
-0.4485500000
-0.4634800000
-0.4784300000
-0.4932900000
-0.5079500000
-0.5222900000
-0.5362100000
-0.5495800000
-0.5623000000
-0.5742400000
-0.5852900000
-0.5953400000
-0.6042700000
-0.6119700000
-0.6183500000
-0.6233000000
-0.6267300000
-0.6285500000
-0.6286900000
-0.6270800000
-0.6236700000
-0.6184000000
-0.6112500000
-0.6022000000
-0.5912300000
-0.5783600000
-0.5636100000
-0.5470100000
-0.5286000000
-0.5084500000
-0.4866100000
-0.4631700000
-0.4382200000
-0.4118300000
-0.3841000000
-0.3551300000
-0.3250200000
-0.2938600000
-0.2617600000
-0.2287900000
-0.1950700000
-0.1606700000
-0.1256800000
-0.0901790000
-0.0542580000
-0.0179890000
0.0185510000
0.0552890000
0.0921490000
0.1290600000
0.1659400000
0.2027200000
0.2393200000
0.2756500000
0.3116400000
0.3471900000
0.3822100000
0.4166000000
0.4502600000
0.4830800000
0.5149400000
0.5457300000
0.5753200000
0.6035800000
0.6303800000
0.6555900000
0.6790600000
0.7006500000
0.7202300000
0.7376600000
0.7528100000
0.7655500000
0.7757700000
0.7833500000
0.7882200000
0.7902900000
0.7895100000
0.7858600000
0.7793200000
0.7699300000
0.7577200000
0.7427800000
0.7252200000
0.7051600000
0.6827500000
0.6581600000
0.6315800000
0.6031900000
0.5732100000
0.5418100000
0.5092100000
0.4755800000
0.4411000000
0.4059500000
0.3702600000
0.3342000000
0.2978800000
0.2614100000
0.2249200000
0.1884800000
0.1521800000
0.1161000000
0.0803120000
0.0448680000
0.0098285000
-0.0247520000
-0.0588240000
-0.0923390000
-0.1252500000
-0.1575100000
-0.1890700000
-0.2199000000
-0.2499300000
-0.2791200000
-0.3074200000
-0.3347800000
-0.3611500000
-0.3864700000
-0.4106900000
-0.4337600000
-0.4556100000
-0.4762000000
-0.4954600000
-0.5133500000
-0.5298100000
-0.5447900000
-0.5582400000
-0.5701400000
-0.5804300000
-0.5890900000
-0.5960900000
-0.6014300000
-0.6051000000
-0.6070900000
-0.6074200000
-0.6061200000
-0.6032100000
-0.5987500000
-0.5927900000
-0.5853900000
-0.5766200000
-0.5665800000
-0.5553400000
-0.5430000000
-0.5296800000
-0.5154600000
-0.5004700000
-0.4848200000
-0.4686000000
-0.4519400000
-0.4349400000
-0.4177100000
-0.4003500000
-0.3829600000
-0.3656400000
-0.3484800000
-0.3315700000
-0.3149800000
-0.2988000000
-0.2830900000
-0.2679300000
-0.2533700000
-0.2394800000
-0.2263100000
-0.2139100000
-0.2023200000
-0.1915800000
-0.1817400000
-0.1728100000
-0.1648300000
-0.1578300000
-0.1518100000
-0.1468000000
-0.1428000000
-0.1398100000
-0.1378500000
-0.1369000000
-0.1369500000
-0.1380000000
-0.1400200000
-0.1429900000
-0.1468800000
-0.1516600000
-0.1572900000
-0.1637400000
-0.1709400000
-0.1788600000
-0.1874400000
-0.1966200000
-0.2063300000
-0.2165200000
-0.2271200000
-0.2380400000
-0.2492300000
-0.2605900000
-0.2720600000
-0.2835600000
-0.2950000000
-0.3063000000
-0.3173800000
-0.3281600000
-0.3385500000
-0.3484800000
-0.3578600000
-0.3666100000
-0.3746500000
-0.3819100000
-0.3883200000
-0.3938100000
-0.3983000000
-0.4017300000
-0.4040600000
-0.4052100000
-0.4051600000
-0.4038400000
-0.4012300000
-0.3973000000
-0.3920300000
-0.3853900000
-0.3773900000
-0.3680200000
-0.3572900000
-0.3452100000
-0.3318000000
-0.3171000000
-0.3011400000
-0.2839600000
-0.2656100000
-0.2461400000
-0.2256100000
-0.2040800000
-0.1816100000
-0.1582700000
-0.1341300000
-0.1092600000
-0.0837350000
-0.0576260000
-0.0310070000
-0.0039536000
0.0234600000
0.0511600000
0.0790690000
0.1071100000
0.1352200000
0.1633000000
0.1913000000
0.2191200000
0.2466900000
0.2739300000
0.3007600000
0.3271000000
0.3528700000
0.3779700000
0.4023300000
0.4258600000
0.4484800000
0.4700800000
0.4905900000
0.5099200000
0.5279700000
0.5446700000
0.5599400000
0.5736800000
0.5858400000
0.5963200000
0.6050800000
0.6120500000
0.6171800000
0.6204400000
0.6218000000
0.6212400000
0.6187500000
0.6143400000
0.6080400000
0.5998700000
0.5899000000
0.5781700000
0.5647700000
0.5497700000
0.5332700000
0.5153800000
0.4962000000
0.4758500000
0.4544500000
0.4321000000
0.4089400000
0.3850900000
0.3606500000
0.3357400000
0.3104700000
0.2849400000
0.2592500000
0.2334900000
0.2077600000
0.1821300000
0.1566800000
0.1314900000
0.1066200000
0.0821440000
0.0581120000
0.0345850000
0.0116140000
-0.0107510000
-0.0324640000
-0.0534810000
-0.0737620000
-0.0932670000
-0.1119600000
-0.1298100000
-0.1467900000
-0.1628700000
-0.1780100000
-0.1922100000
-0.2054400000
-0.2176900000
-0.2289300000
-0.2391700000
-0.2484000000
-0.2566200000
-0.2638200000
-0.2700200000
-0.2752300000
-0.2794600000
-0.2827300000
-0.2850700000
-0.2865200000
-0.2870900000
-0.2868500000
-0.2858200000
-0.2840500000
-0.2816100000
-0.2785400000
-0.2749000000
-0.2707600000
-0.2661800000
-0.2612300000
-0.2559800000
-0.2505000000
-0.2448700000
-0.2391600000
-0.2334300000
-0.2277800000
-0.2222600000
-0.2169600000
-0.2119500000
-0.2072900000
-0.2030700000
-0.1993400000
-0.1961800000
-0.1936500000
-0.1918100000
-0.1907300000
-0.1904500000
-0.1910300000
-0.1925200000
-0.1949600000
-0.1984000000
-0.2028800000
-0.2084200000
-0.2150500000
-0.2228000000
-0.2316700000
-0.2416800000
-0.2528300000
-0.2651200000
-0.2785200000
-0.2930300000
-0.3086100000
-0.3252200000
-0.3428300000
-0.3613700000
-0.3807800000
-0.4009900000
-0.4219200000
-0.4434800000
-0.4655700000
-0.4880800000
-0.5109000000
-0.5339000000
-0.5569500000
-0.5799200000
-0.6026500000
-0.6250000000
-0.6468100000
-0.6679200000
-0.6881600000
-0.7073600000
-0.7253700000
-0.7420000000
-0.7570900000
-0.7704700000
-0.7819900000
-0.7914800000
-0.7988100000
-0.8038300000
-0.8064300000
-0.8064900000
-0.8039500000
-0.7987200000
-0.7907700000
-0.7800800000
-0.7666600000
-0.7505500000
-0.7318100000
-0.7105300000
-0.6868100000
-0.6607900000
-0.6326100000
-0.6024300000
-0.5704100000
-0.5367200000
-0.5015300000
-0.4650000000
-0.4272900000
-0.3885400000
-0.3488900000
-0.3084800000
-0.2674000000
-0.2257800000
-0.1837000000
-0.1412500000
-0.0985010000
-0.0555360000
-0.0124180000
0.0307890000
0.0740240000
0.1172200000
0.1603200000
0.2032500000
0.2459500000
0.2883400000
0.3303300000
0.3718400000
0.4127700000
0.4530200000
0.4924700000
0.5310100000
0.5684900000
0.6047700000
0.6397100000
0.6731500000
0.7049100000
0.7348200000
0.7627000000
0.7883700000
0.8116400000
0.8323200000
0.8502300000
0.8651800000
0.8770200000
0.8855800000
0.8907400000
0.8923900000
0.8904500000
0.8848600000
0.8756400000
0.8628200000
0.8464700000
0.8267200000
0.8037400000
0.7777200000
0.7489100000
0.7175600000
0.6839400000
0.6483300000
0.6109900000
0.5722000000
0.5322000000
0.4912300000
0.4495000000
0.4071900000
0.3644800000
0.3215100000
0.2784000000
0.2352700000
0.1922100000
0.1492900000
0.1066000000
0.0641870000
0.0221120000
-0.0195760000
-0.0608290000
-0.1016000000
-0.1418400000
-0.1815100000
-0.2205500000
-0.2589100000
-0.2965300000
-0.3333500000
-0.3693100000
-0.4043200000
-0.4383100000
-0.4712000000
-0.5028900000
-0.5332900000
-0.5623000000
-0.5898100000
-0.6157200000
-0.6399200000
-0.6622800000
-0.6827100000
-0.7010800000
-0.7172900000
-0.7312400000
-0.7428300000
-0.7519700000
-0.7586000000
-0.7626400000
-0.7640600000
-0.7628300000
-0.7589500000
-0.7524400000
-0.7433400000
-0.7317200000
-0.7176700000
-0.7013000000
-0.6827300000
-0.6621300000
-0.6396500000
-0.6154500000
-0.5897400000
-0.5626800000
-0.5344500000
-0.5052400000
-0.4752100000
-0.4445400000
-0.4133700000
-0.3818500000
-0.3501100000
-0.3182700000
-0.2864400000
-0.2547300000
-0.2232300000
-0.1920100000
-0.1611500000
-0.1307200000
-0.1007800000
-0.0713740000
-0.0425640000
-0.0143910000
0.0131030000
0.0398800000
0.0659040000
0.0911410000
0.1155600000
0.1391300000
0.1618300000
0.1836200000
0.2044900000
0.2244200000
0.2433700000
0.2613300000
0.2782900000
0.2942300000
0.3091400000
0.3230100000
0.3358300000
0.3476000000
0.3583200000
0.3680000000
0.3766500000
0.3842700000
0.3908900000
0.3965300000
0.4012100000
0.4049700000
0.4078400000
0.4098700000
0.4111000000
0.4115700000
0.4113600000
0.4105000000
0.4090800000
0.4071400000
0.4047600000
0.4020100000
0.3989600000
0.3956800000
0.3922500000
0.3887500000
0.3852400000
0.3818100000
0.3785200000
0.3754600000
0.3726800000
0.3702700000
0.3682800000
0.3667900000
0.3658500000
0.3655200000
0.3658600000
0.3669200000
0.3687400000
0.3713700000
0.3748400000
0.3791800000
0.3844200000
0.3905700000
0.3976600000
0.4056800000
0.4146300000
0.4245000000
0.4352800000
0.4469500000
0.4594500000
0.4727700000
0.4868300000
0.5015900000
0.5169600000
0.5328800000
0.5492600000
0.5659900000
0.5829800000
0.6001200000
0.6172800000
0.6343300000
0.6511500000
0.6676000000
0.6835300000
0.6988000000
0.7132600000
0.7267600000
0.7391500000
0.7502700000
0.7599900000
0.7681600000
0.7746400000
0.7792900000
0.7820100000
0.7826800000
0.7812100000
0.7775000000
0.7715100000
0.7631800000
0.7524900000
0.7394300000
0.7240200000
0.7062800000
0.6862800000
0.6640900000
0.6397900000
0.6134900000
0.5853000000
0.5553500000
0.5237500000
0.4906300000
0.4561300000
0.4203600000
0.3834500000
0.3455000000
0.3066400000
0.2669500000
0.2265300000
0.1854600000
0.1438200000
0.1016900000
0.0591290000
0.0162100000
-0.0270060000
-0.0704570000
-0.1140800000
-0.1578000000
-0.2015600000
-0.2452800000
-0.2888800000
-0.3322800000
-0.3753700000
-0.4180600000
-0.4602300000
-0.5017600000
-0.5425100000
-0.5823400000
-0.6210900000
-0.6586000000
-0.6946900000
-0.7291600000
-0.7618300000
-0.7924800000
-0.8209100000
-0.8469000000
-0.8702300000
-0.8906800000
-0.9080400000
-0.9221100000
-0.9326800000
-0.9396000000
-0.9427200000
-0.9419200000
-0.9371200000
-0.9283000000
-0.9154800000
-0.8987300000
-0.8781900000
-0.8540200000
-0.8264500000
-0.7957600000
-0.7622300000
-0.7261800000
-0.6879200000
-0.6477800000
-0.6060400000
-0.5630100000
-0.5189300000
-0.4740400000
-0.4285500000
-0.3826200000
-0.3364200000
-0.2900600000
-0.2436600000
-0.1973100000
-0.1510800000
-0.1050300000
-0.0592260000
-0.0137120000
0.0314680000
0.0762700000
0.1206500000
0.1645600000
0.2079600000
0.2507900000
0.2929900000
0.3344900000
0.3752300000
0.4151200000
0.4540700000
0.4919800000
0.5287500000
0.5642600000
0.5983800000
0.6309800000
0.6619300000
0.6910700000
0.7182500000
0.7433200000
0.7661200000
0.7865000000
0.8042900000
0.8193500000
0.8315400000
0.8407200000
0.8468000000
0.8496700000
0.8492800000
0.8455700000
0.8385500000
0.8282400000
0.8147100000
0.7980600000
0.7784200000
0.7559500000
0.7308600000
0.7033600000
0.6736800000
0.6420600000
0.6087500000
0.5739900000
0.5380000000
0.5010100000
0.4632300000
0.4248300000
0.3859900000
0.3468600000
0.3075800000
0.2682600000
0.2290100000
0.1899200000
0.1510700000
0.1125300000
0.0743620000
0.0366210000
-0.0006398100
-0.0373740000
-0.0735370000
-0.1090800000
-0.1439700000
-0.1781600000
-0.2115900000
-0.2442400000
-0.2760500000
-0.3069600000
-0.3369400000
-0.3659100000
-0.3938400000
-0.4206500000
-0.4462800000
-0.4706800000
-0.4937800000
-0.5155200000
-0.5358300000
-0.5546400000
-0.5719000000
-0.5875400000
-0.6015100000
-0.6137500000
-0.6242300000
-0.6329100000
-0.6397400000
-0.6447100000
-0.6478200000
-0.6490500000
-0.6484300000
-0.6459700000
-0.6417100000
-0.6357000000
-0.6280100000
-0.6187000000
-0.6078700000
-0.5956100000
-0.5820100000
-0.5672000000
-0.5512800000
-0.5343800000
-0.5166300000
-0.4981400000
-0.4790400000
-0.4594600000
-0.4395000000
-0.4192900000
-0.3989400000
-0.3785500000
-0.3582200000
-0.3380500000
-0.3181300000
-0.2985400000
-0.2793600000
-0.2606600000
-0.2425100000
-0.2249600000
-0.2080800000
-0.1919200000
-0.1765200000
-0.1619300000
-0.1481800000
-0.1353100000
-0.1233400000
-0.1123100000
-0.1022300000
-0.0931180000
-0.0849890000
-0.0778500000
-0.0717070000
-0.0665580000
-0.0623990000
-0.0592230000
-0.0570150000
-0.0557580000
-0.0554310000
-0.0560070000
-0.0574550000
-0.0597410000
-0.0628270000
-0.0666690000
-0.0712200000
-0.0764310000
-0.0822480000
-0.0886120000
-0.0954640000
-0.1027400000
-0.1103800000
-0.1183100000
-0.1264700000
-0.1347800000
-0.1431800000
-0.1515800000
-0.1599200000
-0.1681200000
-0.1761200000
-0.1838300000
-0.1911800000
-0.1981100000
-0.2045400000
-0.2104000000
-0.2156300000
-0.2201700000
-0.2239400000
-0.2269000000
-0.2289800000
-0.2301400000
-0.2303100000
-0.2294700000
-0.2275600000
-0.2245600000
-0.2204200000
-0.2151300000
-0.2086700000
-0.2010100000
-0.1921500000
-0.1820900000
-0.1708200000
-0.1583600000
-0.1447300000
-0.1299300000
-0.1140000000
-0.0969640000
-0.0788630000
-0.0597380000
-0.0396330000
-0.0186010000
0.0033045000
0.0260230000
0.0494920000
0.0736450000
0.0984130000
0.1237200000
0.1495000000
0.1756600000
0.2021300000
0.2288200000
0.2556400000
0.2825000000
0.3093200000
0.3360000000
0.3624300000
0.3885300000
0.4141800000
0.4392800000
0.4637300000
0.4874100000
0.5102200000
0.5320300000
0.5527500000
0.5722500000
0.5904200000
0.6071500000
0.6223300000
0.6358600000
0.6476300000
0.6575500000
0.6655400000
0.6715000000
0.6753800000
0.6771200000
0.6766700000
0.6740100000
0.6691300000
0.6620200000
0.6527100000
0.6412500000
0.6276800000
0.6120800000
0.5945500000
0.5751700000
0.5540600000
0.5313600000
0.5071700000
0.4816500000
0.4549200000
0.4271300000
0.3984000000
0.3688700000
0.3386700000
0.3079000000
0.2767000000
0.2451600000
0.2133900000
0.1814800000
0.1495100000
0.1175800000
0.0857430000
0.0540820000
0.0226620000
-0.0084547000
-0.0392090000
-0.0695430000
-0.0994030000
-0.1287300000
-0.1574800000
-0.1856000000
-0.2130300000
-0.2397300000
-0.2656400000
-0.2907200000
-0.3149000000
-0.3381500000
-0.3604000000
-0.3816100000
-0.4017200000
-0.4207000000
-0.4384800000
-0.4550300000
-0.4703000000
-0.4842500000
-0.4968300000
-0.5080300000
-0.5178100000
-0.5261400000
-0.5330200000
-0.5384200000
-0.5423600000
-0.5448200000
-0.5458300000
-0.5454100000
-0.5435800000
-0.5403900000
-0.5358900000
-0.5301200000
-0.5231500000
-0.5150500000
-0.5059000000
-0.4957800000
-0.4847800000
-0.4729800000
-0.4604900000
-0.4473900000
-0.4337900000
-0.4197900000
-0.4054700000
-0.3909400000
-0.3762900000
-0.3616200000
-0.3470000000
-0.3325400000
-0.3183000000
-0.3043800000
-0.2908500000
-0.2777700000
-0.2652200000
-0.2532600000
-0.2419600000
-0.2313600000
-0.2215200000
-0.2124900000
-0.2043100000
-0.1970200000
-0.1906600000
-0.1852600000
-0.1808400000
-0.1774200000
-0.1750300000
-0.1736800000
-0.1733800000
-0.1741200000
-0.1759200000
-0.1787500000
-0.1826200000
-0.1875000000
-0.1933700000
-0.2002000000
-0.2079600000
-0.2166100000
-0.2261100000
-0.2364100000
-0.2474600000
-0.2591900000
-0.2715500000
-0.2844600000
-0.2978600000
-0.3116600000
-0.3257900000
-0.3401700000
-0.3547000000
-0.3693000000
-0.3838800000
-0.3983400000
-0.4125900000
-0.4265300000
-0.4400600000
-0.4530800000
-0.4655000000
-0.4772200000
-0.4881500000
-0.4981700000
-0.5072200000
-0.5151900000
-0.5220000000
-0.5275600000
-0.5318100000
-0.5346700000
-0.5360800000
-0.5359800000
-0.5343200000
-0.5310700000
-0.5261800000
-0.5196600000
-0.5114700000
-0.5016300000
-0.4901400000
-0.4770200000
-0.4623200000
-0.4460600000
-0.4282900000
-0.4090800000
-0.3884900000
-0.3666000000
-0.3434700000
-0.3191800000
-0.2938300000
-0.2674900000
-0.2402500000
-0.2121900000
-0.1834100000
-0.1539900000
-0.1240000000
-0.0935370000
-0.0626740000
-0.0314910000
-0.0000634850
0.0315330000
0.0632230000
0.0949350000
0.1265900000
0.1581300000
0.1894700000
0.2205300000
0.2512500000
0.2815400000
0.3113200000
0.3405300000
0.3690700000
0.3968600000
0.4238100000
0.4498400000
0.4748500000
0.4987500000
0.5214600000
0.5428600000
0.5628800000
0.5814200000
0.5983800000
0.6136800000
0.6272300000
0.6389600000
0.6487900000
0.6566500000
0.6625000000
0.6662700000
0.6679500000
0.6675100000
0.6649400000
0.6602500000
0.6534800000
0.6446500000
0.6338300000
0.6210900000
0.6065200000
0.5902200000
0.5722900000
0.5528600000
0.5320500000
0.5100000000
0.4868400000
0.4627100000
0.4377300000
0.4120500000
0.3857900000
0.3590700000
0.3320100000
0.3047300000
0.2773200000
0.2498900000
0.2225200000
0.1953000000
0.1683100000
0.1416200000
0.1152900000
0.0893970000
0.0639910000
0.0391260000
0.0148530000
-0.0087823000
-0.0317360000
-0.0539680000
-0.0754400000
-0.0961180000
-0.1159700000
-0.1349600000
-0.1530700000
-0.1702600000
-0.1865200000
-0.2018300000
-0.2161700000
-0.2295200000
-0.2418700000
-0.2532200000
-0.2635600000
-0.2729000000
-0.2812200000
-0.2885500000
-0.2949000000
-0.3002700000
-0.3047000000
-0.3082100000
-0.3108200000
-0.3125800000
-0.3135200000
-0.3136900000
-0.3131300000
-0.3119000000
-0.3100600000
-0.3076600000
-0.3047600000
-0.3014300000
-0.2977500000
-0.2937700000
-0.2895800000
-0.2852400000
-0.2808200000
-0.2764100000
-0.2720800000
-0.2679000000
-0.2639400000
-0.2602800000
-0.2570000000
-0.2541500000
-0.2518000000
-0.2500400000
-0.2489100000
-0.2484700000
-0.2488000000
-0.2499300000
-0.2519300000
-0.2548300000
-0.2586800000
-0.2635200000
-0.2693800000
-0.2762900000
-0.2842600000
-0.2933200000
-0.3034700000
-0.3147100000
-0.3270300000
-0.3404200000
-0.3548600000
-0.3703200000
-0.3867400000
-0.4040900000
-0.4223100000
-0.4413200000
-0.4610500000
-0.4814000000
-0.5022900000
-0.5236000000
-0.5452300000
-0.5670300000
-0.5888900000
-0.6106700000
-0.6322100000
-0.6533600000
-0.6739700000
-0.6938600000
-0.7128900000
-0.7308600000
-0.7476200000
-0.7629900000
-0.7768000000
-0.7888900000
-0.7991000000
-0.8072600000
-0.8132400000
-0.8169000000
-0.8181400000
-0.8168300000
-0.8129200000
-0.8063300000
-0.7970300000
-0.7850200000
-0.7703100000
-0.7529400000
-0.7329800000
-0.7105300000
-0.6857000000
-0.6586200000
-0.6294400000
-0.5983100000
-0.5654000000
-0.5308800000
-0.4948900000
-0.4576100000
-0.4191700000
-0.3797200000
-0.3393900000
-0.2983000000
-0.2565500000
-0.2142500000
-0.1714700000
-0.1283100000
-0.0848240000
-0.0410890000
0.0028335000
0.0468810000
0.0909940000
0.1351100000
0.1791700000
0.2230900000
0.2668200000
0.3102700000
0.3533400000
0.3959600000
0.4380100000
0.4793800000
0.5199500000
0.5595800000
0.5981300000
0.6354500000
0.6713600000
0.7056900000
0.7382600000
0.7688700000
0.7973400000
0.8234400000
0.8469800000
0.8677600000
0.8855600000
0.9001900000
0.9114800000
0.9192600000
0.9233700000
0.9237200000
0.9202200000
0.9128300000
0.9015700000
0.8864800000
0.8676800000
0.8453300000
0.8196200000
0.7907900000
0.7591200000
0.7249000000
0.6884200000
0.6500000000
0.6099300000
0.5684900000
0.5259300000
0.4824900000
0.4383800000
0.3937900000
0.3488700000
0.3037600000
0.2585900000
0.2134300000
0.1683900000
0.1235200000
0.0788980000
0.0345700000
-0.0094150000
-0.0530100000
-0.0961710000
-0.1388500000
-0.1810100000
-0.2225800000
-0.2635300000
-0.3037800000
-0.3432700000
-0.3819300000
-0.4196800000
-0.4564400000
-0.4921000000
-0.5265600000
-0.5597200000
-0.5914500000
-0.6216400000
-0.6501600000
-0.6768700000
-0.7016300000
-0.7243200000
-0.7447800000
-0.7628900000
-0.7785000000
-0.7915100000
-0.8017800000
-0.8092200000
-0.8137500000
-0.8152900000
-0.8138000000
-0.8092800000
-0.8017200000
-0.7911800000
-0.7777200000
-0.7614400000
-0.7424800000
-0.7209900000
-0.6971600000
-0.6711800000
-0.6432500000
-0.6136000000
-0.5824400000
-0.5499700000
-0.5164200000
-0.4819800000
-0.4468300000
-0.4111500000
-0.3750800000
-0.3387800000
-0.3023600000
-0.2659500000
-0.2296400000
-0.1935200000
-0.1576700000
-0.1221700000
-0.0870650000
-0.0524270000
-0.0183030000
0.0152600000
0.0482170000
0.0805240000
0.1121400000
0.1430300000
0.1731600000
0.2024700000
0.2309400000
0.2585200000
0.2851800000
0.3108700000
0.3355500000
0.3591800000
0.3817200000
0.4031300000
0.4233600000
0.4423800000
0.4601400000
0.4766100000
0.4917500000
0.5055400000
0.5179500000
0.5289400000
0.5385000000
0.5466300000
0.5533100000
0.5585400000
0.5623300000
0.5647000000
0.5656700000
0.5652700000
0.5635400000
0.5605300000
0.5562900000
0.5509000000
0.5444100000
0.5369100000
0.5284700000
0.5191900000
0.5091500000
0.4984600000
0.4872000000
0.4754700000
0.4633700000
0.4510000000
0.4384500000
0.4258200000
0.4132000000
0.4006700000
0.3883300000
0.3762600000
0.3645400000
0.3532400000
0.3424200000
0.3321700000
0.3225400000
0.3135900000
0.3053700000
0.2979300000
0.2913100000
0.2855600000
0.2807100000
0.2767900000
0.2738200000
0.2718300000
0.2708300000
0.2708300000
0.2718300000
0.2738300000
0.2768300000
0.2808100000
0.2857600000
0.2916500000
0.2984500000
0.3061200000
0.3146300000
0.3239300000
0.3339600000
0.3446600000
0.3559700000
0.3678200000
0.3801400000
0.3928400000
0.4058400000
0.4190600000
0.4323900000
0.4457600000
0.4590500000
0.4721600000
0.4850000000
0.4974600000
0.5094300000
0.5208000000
0.5314800000
0.5413500000
0.5503100000
0.5582700000
0.5651100000
0.5707500000
0.5751000000
0.5780700000
0.5795900000
0.5795900000
0.5779900000
0.5747600000
0.5698400000
0.5632100000
0.5548400000
0.5447200000
0.5328500000
0.5192500000
0.5039400000
0.4869400000
0.4683200000
0.4481100000
0.4263900000
0.4032200000
0.3786800000
0.3528400000
0.3257900000
0.2976200000
0.2684100000
0.2382600000
0.2072400000
0.1754400000
0.1429500000
0.1098500000
0.0762210000
0.0421420000
0.0076908000
-0.0270560000
-0.0620230000
-0.0971340000
-0.1323100000
-0.1674900000
-0.2025800000
-0.2375000000
-0.2721700000
-0.3065200000
-0.3404400000
-0.3738500000
-0.4066600000
-0.4387500000
-0.4700300000
-0.5003800000
-0.5297000000
-0.5578600000
-0.5847400000
-0.6102200000
-0.6341700000
-0.6564600000
-0.6769700000
-0.6955600000
-0.7121100000
-0.7265100000
-0.7386300000
-0.7483700000
-0.7556400000
-0.7603500000
-0.7624500000
-0.7618800000
-0.7586200000
-0.7526600000
-0.7440300000
-0.7327600000
-0.7189400000
-0.7026400000
-0.6839900000
-0.6631200000
-0.6401800000
-0.6153300000
-0.5887600000
-0.5606400000
-0.5311400000
-0.5004600000
-0.4687600000
-0.4362100000
-0.4029700000
-0.3691800000
-0.3349900000
-0.3005300000
-0.2659000000
-0.2312100000
-0.1965500000
-0.1620200000
-0.1276800000
-0.0936130000
-0.0598800000
-0.0265390000
0.0063540000
0.0387470000
0.0705920000
0.1018400000
0.1324500000
0.1623700000
0.1915600000
0.2199700000
0.2475700000
0.2743000000
0.3001100000
0.3249800000
0.3488400000
0.3716500000
0.3933600000
0.4139300000
0.4333200000
0.4514800000
0.4683700000
0.4839400000
0.4981600000
0.5110100000
0.5224400000
0.5324300000
0.5409700000
0.5480400000
0.5536300000
0.5577500000
0.5604100000
0.5616200000
0.5614000000
0.5598000000
0.5568600000
0.5526200000
0.5471500000
0.5405100000
0.5327700000
0.5240300000
0.5143500000
0.5038300000
0.4925600000
0.4806500000
0.4681800000
0.4552600000
0.4419800000
0.4284500000
0.4147600000
0.4010000000
0.3872600000
0.3736400000
0.3602200000
0.3470800000
0.3343100000
0.3219600000
0.3101300000
0.2988600000
0.2882300000
0.2782900000
0.2690900000
0.2606900000
0.2531200000
0.2464300000
0.2406500000
0.2358200000
0.2319600000
0.2290900000
0.2272200000
0.2263800000
0.2265700000
0.2277800000
0.2300100000
0.2332700000
0.2375200000
0.2427500000
0.2489400000
0.2560600000
0.2640600000
0.2729000000
0.2825500000
0.2929300000
0.3040000000
0.3156900000
0.3279400000
0.3406600000
0.3537900000
0.3672300000
0.3809100000
0.3947400000
0.4086100000
0.4224500000
0.4361400000
0.4496000000
0.4627100000
0.4753900000
0.4875100000
0.4990000000
0.5097300000
0.5196200000
0.5285600000
0.5364500000
0.5432200000
0.5487600000
0.5529900000
0.5558500000
0.5572400000
0.5571200000
0.5554300000
0.5521200000
0.5471500000
0.5405000000
0.5321600000
0.5221100000
0.5103600000
0.4969200000
0.4818400000
0.4651400000
0.4468700000
0.4270800000
0.4058500000
0.3832300000
0.3593100000
0.3341600000
0.3078800000
0.2805300000
0.2522100000
0.2230100000
0.1930100000
0.1623000000
0.1309600000
0.0990670000
0.0667100000
0.0339640000
0.0009086300
-0.0323820000
-0.0658320000
-0.0993680000
-0.1329100000
-0.1663900000
-0.1997300000
-0.2328500000
-0.2656700000
-0.2981100000
-0.3300900000
-0.3615200000
-0.3923100000
-0.4223600000
-0.4515800000
-0.4798600000
-0.5071200000
-0.5332300000
-0.5580900000
-0.5815900000
-0.6036200000
-0.6240700000
-0.6428200000
-0.6597700000
-0.6748100000
-0.6878400000
-0.6987600000
-0.7075000000
-0.7139700000
-0.7181200000
-0.7198900000
-0.7192400000
-0.7161800000
-0.7106900000
-0.7028000000
-0.6925600000
-0.6800300000
-0.6652800000
-0.6484300000
-0.6296000000
-0.6089000000
-0.5864800000
-0.5625000000
-0.5371200000
-0.5104700000
-0.4827400000
-0.4540700000
-0.4246000000
-0.3945000000
-0.3638800000
-0.3328900000
-0.3016300000
-0.2702200000
-0.2387700000
-0.2073600000
-0.1760800000
-0.1450100000
-0.1142200000
-0.0837720000
-0.0537340000
-0.0241600000
0.0048974000
0.0333900000
0.0612710000
0.0884960000
0.1150200000
0.1408100000
0.1658200000
0.1900200000
0.2133600000
0.2358200000
0.2573600000
0.2779400000
0.2975300000
0.3161000000
0.3336300000
0.3500900000
0.3654400000
0.3796800000
0.3927800000
0.4047300000
0.4155100000
0.4251200000
0.4335600000
0.4408300000
0.4469300000
0.4518700000
0.4556900000
0.4583900000
0.4600200000
0.4606000000
0.4601900000
0.4588100000
0.4565400000
0.4534300000
0.4495300000
0.4449300000
0.4396800000
0.4338600000
0.4275500000
0.4208300000
0.4137800000
0.4064800000
0.3990100000
0.3914500000
0.3838900000
0.3764100000
0.3690800000
0.3619800000
0.3551900000
0.3487800000
0.3428200000
0.3373700000
0.3325100000
0.3282900000
0.3247700000
0.3220000000
0.3200200000
0.3188900000
0.3186400000
0.3193100000
0.3209300000
0.3235100000
0.3270900000
0.3316600000
0.3372400000
0.3438300000
0.3514200000
0.3600000000
0.3695400000
0.3800100000
0.3913900000
0.4036300000
0.4166600000
0.4304500000
0.4449200000
0.4599800000
0.4755700000
0.4916000000
0.5079600000
0.5245500000
0.5412700000
0.5579900000
0.5746100000
0.5909800000
0.6069900000
0.6225000000
0.6373800000
0.6514800000
0.6646700000
0.6768100000
0.6877800000
0.6974200000
0.7056100000
0.7122300000
0.7171600000
0.7202900000
0.7215200000
0.7207600000
0.7179300000
0.7129800000
0.7058500000
0.6965200000
0.6849800000
0.6712300000
0.6552900000
0.6372200000
0.6170500000
0.5948800000
0.5707800000
0.5448500000
0.5171900000
0.4879300000
0.4571600000
0.4250200000
0.3916200000
0.3570700000
0.3214800000
0.2849600000
0.2476200000
0.2095500000
0.1708300000
0.1315600000
0.0918100000
0.0516620000
0.0111880000
-0.0295420000
-0.0704570000
-0.1114900000
-0.1525600000
-0.1936100000
-0.2345500000
-0.2753000000
-0.3157800000
-0.3559000000
-0.3955600000
-0.4346500000
-0.4730600000
-0.5106600000
-0.5473300000
-0.5829300000
-0.6173100000
-0.6503200000
-0.6817900000
-0.7115600000
-0.7394500000
-0.7652900000
-0.7888800000
-0.8100600000
-0.8286300000
-0.8444300000
-0.8573000000
-0.8670700000
-0.8736100000
-0.8768000000
-0.8765700000
-0.8728300000
-0.8655800000
-0.8548300000
-0.8406300000
-0.8230700000
-0.8022900000
-0.7784700000
-0.7518100000
-0.7225400000
-0.6909100000
-0.6571700000
-0.6215900000
-0.5844300000
-0.5459300000
-0.5063300000
-0.4658400000
-0.4246500000
-0.3829500000
-0.3408900000
-0.2986000000
-0.2561900000
-0.2137900000
-0.1714600000
-0.1292900000
-0.0873550000
-0.0457040000
-0.0043952000
0.0365200000
0.0769940000
0.1169800000
0.1564200000
0.1952800000
0.2335000000
0.2710200000
0.3077900000
0.3437300000
0.3787900000
0.4128900000
0.4459400000
0.4778600000
0.5085700000
0.5379600000
0.5659400000
0.5924000000
0.6172400000
0.6403600000
0.6616300000
0.6809500000
0.6982300000
0.7133500000
0.7262100000
0.7367400000
0.7448500000
0.7504800000
0.7535700000
0.7541000000
0.7520400000
0.7474100000
0.7402300000
0.7305500000
0.7184500000
0.7040200000
0.6873700000
0.6686300000
0.6479700000
0.6255200000
0.6014700000
0.5759900000
0.5492600000
0.5214400000
0.4927200000
0.4632500000
0.4331900000
0.4027000000
0.3719000000
0.3409300000
0.3099000000
0.2789200000
0.2480900000
0.2174900000
0.1872000000
0.1573000000
0.1278500000
0.0989130000
0.0705330000
0.0427640000
0.0156510000
-0.0107670000
-0.0364520000
-0.0613680000
-0.0854840000
-0.1087700000
-0.1312000000
-0.1527400000
-0.1733800000
-0.1930800000
-0.2118400000
-0.2296300000
-0.2464300000
-0.2622400000
-0.2770400000
-0.2908300000
-0.3036000000
-0.3153500000
-0.3260800000
-0.3358000000
-0.3445200000
-0.3522500000
-0.3590200000
-0.3648400000
-0.3697400000
-0.3737500000
-0.3769200000
-0.3792800000
-0.3808800000
-0.3817700000
-0.3819900000
-0.3816200000
-0.3807100000
-0.3793200000
-0.3775200000
-0.3753700000
-0.3729600000
-0.3703500000
-0.3676200000
-0.3648300000
-0.3620700000
-0.3594000000
-0.3569000000
-0.3546400000
-0.3527000000
-0.3511400000
-0.3500200000
-0.3494200000
-0.3493900000
-0.3499900000
-0.3512800000
-0.3533000000
-0.3561100000
-0.3597400000
-0.3642300000
-0.3696200000
-0.3759200000
-0.3831600000
-0.3913500000
-0.4004900000
-0.4105800000
-0.4216200000
-0.4335700000
-0.4464200000
-0.4601300000
-0.4746600000
-0.4899400000
-0.5059200000
-0.5225300000
-0.5396700000
-0.5572600000
-0.5752000000
-0.5933800000
-0.6116700000
-0.6299600000
-0.6481100000
-0.6659900000
-0.6834400000
-0.7003100000
-0.7164700000
-0.7317300000
-0.7459600000
-0.7589900000
-0.7706600000
-0.7808200000
-0.7893200000
-0.7960100000
-0.8007700000
-0.8034700000
-0.8039900000
-0.8022300000
-0.7981300000
-0.7916000000
-0.7826300000
-0.7711700000
-0.7572400000
-0.7408600000
-0.7220800000
-0.7009600000
-0.6776000000
-0.6520800000
-0.6245400000
-0.5950900000
-0.5638800000
-0.5310300000
-0.4966800000
-0.4609800000
-0.4240600000
-0.3860200000
-0.3470100000
-0.3071100000
-0.2664400000
-0.2250900000
-0.1831300000
-0.1406400000
-0.0977020000
-0.0543740000
-0.0107200000
0.0331990000
0.0773210000
0.1215900000
0.1659300000
0.2102800000
0.2545700000
0.2987200000
0.3426300000
0.3862200000
0.4293800000
0.4719900000
0.5139300000
0.5550500000
0.5952200000
0.6342600000
0.6720200000
0.7083000000
0.7429100000
0.7756500000
0.8063000000
0.8346600000
0.8605000000
0.8835900000
0.9037100000
0.9206500000
0.9341900000
0.9441400000
0.9503300000
0.9526200000
0.9508900000
0.9450900000
0.9351900000
0.9212200000
0.9032700000
0.8814900000
0.8560800000
0.8272800000
0.7953700000
0.7606700000
0.7234900000
0.6841700000
0.6430300000
0.6003800000
0.5564900000
0.5116200000
0.4660000000
0.4198400000
0.3732900000
0.3265100000
0.2796200000
0.2327200000
0.1858900000
0.1392000000
0.0927200000
0.0464920000
0.0005650700
-0.0450180000
-0.0902160000
-0.1349800000
-0.1792800000
-0.2230500000
-0.2662400000
-0.3087900000
-0.3506400000
-0.3917000000
-0.4318800000
-0.4711100000
-0.5092600000
-0.5462300000
-0.5819000000
-0.6161300000
-0.6487900000
-0.6797300000
-0.7087900000
-0.7358200000
-0.7606500000
-0.7831200000
-0.8030700000
-0.8203300000
-0.8347500000
-0.8461900000
-0.8545200000
-0.8596300000
-0.8614300000
-0.8598500000
-0.8548600000
-0.8464700000
-0.8347200000
-0.8196900000
-0.8014900000
-0.7802700000
-0.7562200000
-0.7295600000
-0.7005000000
-0.6693100000
-0.6362300000
-0.6015100000
-0.5654000000
-0.5281400000
-0.4899400000
-0.4510100000
-0.4115300000
-0.3716600000
-0.3315600000
-0.2913600000
-0.2511500000
-0.2110600000
-0.1711500000
-0.1315000000
-0.0921910000
-0.0532680000
-0.0147880000
0.0232010000
0.0606510000
0.0975190000
0.1337600000
0.1693300000
0.2041900000
0.2382800000
0.2715600000
0.3039800000
0.3354900000
0.3660100000
0.3955000000
0.4239000000
0.4511300000
0.4771200000
0.5018200000
0.5251300000
0.5470000000
0.5673400000
0.5860900000
0.6031800000
0.6185300000
0.6320900000
0.6437900000
0.6535900000
0.6614300000
0.6673000000
0.6711600000
0.6730000000
0.6728200000
0.6706500000
0.6665000000
0.6604200000
0.6524800000
0.6427300000
0.6312800000
0.6182100000
0.6036400000
0.5876700000
0.5704500000
0.5520800000
0.5327100000
0.5124700000
0.4915000000
0.4699200000
0.4478700000
0.4254700000
0.4028300000
0.3800700000
0.3573100000
0.3346300000
0.3121400000
0.2899200000
0.2680600000
0.2466200000
0.2256800000
0.2053000000
0.1855400000
0.1664600000
0.1481000000
0.1305000000
0.1137000000
0.0977450000
0.0826590000
0.0684710000
0.0552020000
0.0428730000
0.0314980000
0.0210900000
0.0116550000
0.0031962000
-0.0042856000
-0.0107960000
-0.0163430000
-0.0209390000
-0.0246030000
-0.0273550000
-0.0292210000
-0.0302300000
-0.0304150000
-0.0298150000
-0.0284710000
-0.0264290000
-0.0237370000
-0.0204480000
-0.0166180000
-0.0123040000
-0.0075674000
-0.0024725000
0.0029154000
0.0085290000
0.0143000000
0.0201580000
0.0260340000
0.0318540000
0.0375480000
0.0430450000
0.0482720000
0.0531600000
0.0576390000
0.0616400000
0.0650970000
0.0679440000
0.0701180000
0.0715580000
0.0722050000
0.0720040000
0.0709020000
0.0688490000
0.0658010000
0.0617150000
0.0565540000
0.0502860000
0.0428810000
0.0343180000
0.0245780000
0.0136480000
0.0015217000
-0.0118010000
-0.0263140000
-0.0420060000
-0.0588600000
-0.0768490000
-0.0959440000
-0.1161100000
-0.1372900000
-0.1594400000
-0.1825100000
-0.2064300000
-0.2311300000
-0.2565300000
-0.2825400000
-0.3090900000
-0.3360600000
-0.3633700000
-0.3909000000
-0.4185300000
-0.4461600000
-0.4736500000
-0.5008700000
-0.5277000000
-0.5539800000
-0.5795800000
-0.6043400000
-0.6281200000
-0.6507500000
-0.6721000000
-0.6919800000
-0.7102600000
-0.7267800000
-0.7413800000
-0.7539200000
-0.7642600000
-0.7722700000
-0.7778300000
-0.7808400000
-0.7812100000
-0.7788800000
-0.7738000000
-0.7659500000
-0.7553300000
-0.7419800000
-0.7259500000
-0.7073300000
-0.6862200000
-0.6627500000
-0.6370700000
-0.6093400000
-0.5797300000
-0.5484200000
-0.5155800000
-0.4813900000
-0.4460200000
-0.4096400000
-0.3723900000
-0.3344200000
-0.2958700000
-0.2568400000
-0.2174600000
-0.1778100000
-0.1379900000
-0.0980800000
-0.0581550000
-0.0182830000
0.0214690000
0.0610410000
0.1003700000
0.1394000000
0.1780600000
0.2163000000
0.2540400000
0.2912200000
0.3277700000
0.3636100000
0.3986500000
0.4328100000
0.4660000000
0.4981100000
0.5290500000
0.5586900000
0.5869400000
0.6136700000
0.6387600000
0.6620900000
0.6835400000
0.7029800000
0.7202800000
0.7353500000
0.7480500000
0.7583000000
0.7660000000
0.7710800000
0.7734700000
0.7731400000
0.7700600000
0.7642400000
0.7557100000
0.7445100000
0.7307300000
0.7144700000
0.6958500000
0.6750200000
0.6521400000
0.6273900000
0.6009400000
0.5729900000
0.5437300000
0.5133300000
0.4819800000
0.4498600000
0.4171100000
0.3839100000
0.3503700000
0.3166400000
0.2828300000
0.2490400000
0.2153700000
0.1819100000
0.1487200000
0.1158800000
0.0834590000
0.0515040000
0.0200710000
-0.0107930000
-0.0410410000
-0.0706310000
-0.0995230000
-0.1276800000
-0.1550600000
-0.1816300000
-0.2073500000
-0.2321900000
-0.2561100000
-0.2790800000
-0.3010600000
-0.3220300000
-0.3419400000
-0.3607800000
-0.3785000000
-0.3950900000
-0.4105200000
-0.4247600000
-0.4378000000
-0.4496200000
-0.4602200000
-0.4695700000
-0.4776900000
-0.4845700000
-0.4902200000
-0.4946600000
-0.4979200000
-0.5000000000
-0.5009600000
-0.5008300000
-0.4996600000
-0.4974900000
-0.4943900000
-0.4904300000
-0.4856500000
-0.4801500000
-0.4740000000
-0.4672700000
-0.4600500000
-0.4524200000
-0.4444700000
-0.4362800000
-0.4279300000
-0.4195200000
-0.4111200000
-0.4028100000
-0.3946900000
-0.3868200000
-0.3792800000
-0.3721400000
-0.3654800000
-0.3593500000
-0.3538200000
-0.3489500000
-0.3447900000
-0.3413900000
-0.3387900000
-0.3370400000
-0.3361700000
-0.3362100000
-0.3371900000
-0.3391200000
-0.3420100000
-0.3458900000
-0.3507400000
-0.3565500000
-0.3633300000
-0.3710500000
-0.3796900000
-0.3892000000
-0.3995600000
-0.4107100000
-0.4226100000
-0.4351800000
-0.4483600000
-0.4620700000
-0.4762400000
-0.4907700000
-0.5055600000
-0.5205200000
-0.5355400000
-0.5505000000
-0.5653000000
-0.5798100000
-0.5939100000
-0.6074700000
-0.6203700000
-0.6324800000
-0.6436700000
-0.6538200000
-0.6628000000
-0.6704900000
-0.6767700000
-0.6815300000
-0.6846800000
-0.6861000000
-0.6857100000
-0.6834500000
-0.6792400000
-0.6730400000
-0.6648100000
-0.6545200000
-0.6421800000
-0.6277900000
-0.6113800000
-0.5929900000
-0.5726700000
-0.5504800000
-0.5265200000
-0.5008500000
-0.4735900000
-0.4448200000
-0.4146500000
-0.3831900000
-0.3505300000
-0.3167800000
-0.2820500000
-0.2464300000
-0.2100100000
-0.1728800000
-0.1351300000
-0.0968390000
-0.0580830000
-0.0189390000
0.0205190000
0.0602190000
0.1000900000
0.1400600000
0.1800500000
0.2199800000
0.2597800000
0.2993600000
0.3386300000
0.3774900000
0.4158300000
0.4535600000
0.4905500000
0.5266700000
0.5618000000
0.5957900000
0.6284900000
0.6597500000
0.6894100000
0.7173100000
0.7432600000
0.7671000000
0.7886600000
0.8077500000
0.8242100000
0.8378900000
0.8486200000
0.8562800000
0.8607300000
0.8619000000
0.8597100000
0.8541200000
0.8451300000
0.8327900000
0.8171500000
0.7983400000
0.7765000000
0.7518100000
0.7244800000
0.6947300000
0.6628200000
0.6289800000
0.5934600000
0.5565200000
0.5183700000
0.4792300000
0.4393100000
0.3987900000
0.3578200000
0.3165400000
0.2750900000
0.2335800000
0.1921000000
0.1507300000
0.1095400000
0.0686170000
0.0280020000
-0.0122470000
-0.0520790000
-0.0914440000
-0.1303000000
-0.1685800000
-0.2062600000
-0.2432600000
-0.2795400000
-0.3150400000
-0.3496900000
-0.3834200000
-0.4161700000
-0.4478500000
-0.4783700000
-0.5076600000
-0.5356300000
-0.5621700000
-0.5871900000
-0.6105900000
-0.6322700000
-0.6521400000
-0.6700800000
-0.6860100000
-0.6998400000
-0.7114800000
-0.7208500000
-0.7279000000
-0.7325600000
-0.7348000000
-0.7346000000
-0.7319600000
-0.7268800000
-0.7194100000
-0.7096000000
-0.6975300000
-0.6833000000
-0.6670100000
-0.6488000000
-0.6288000000
-0.6071800000
-0.5840900000
-0.5596900000
-0.5341500000
-0.5076300000
-0.4803000000
-0.4523000000
-0.4238000000
-0.3949100000
-0.3657800000
-0.3365300000
-0.3072600000
-0.2780800000
-0.2490900000
-0.2203600000
-0.1919800000
-0.1640100000
-0.1365200000
-0.1095700000
-0.0832140000
-0.0574910000
-0.0324500000
-0.0081304000
0.0154320000
0.0382040000
0.0601550000
0.0812570000
0.1014900000
0.1208200000
0.1392400000
0.1567200000
0.1732500000
0.1888300000
0.2034400000
0.2170700000
0.2297200000
0.2414000000
0.2521000000
0.2618400000
0.2706200000
0.2784600000
0.2853800000
0.2914000000
0.2965600000
0.3008800000
0.3043900000
0.3071500000
0.3092000000
0.3105700000
0.3113400000
0.3115400000
0.3112500000
0.3105200000
0.3094100000
0.3080000000
0.3063500000
0.3045400000
0.3026300000
0.3007000000
0.2988200000
0.2970600000
0.2954900000
0.2941900000
0.2932400000
0.2926800000
0.2926100000
0.2930700000
0.2941300000
0.2958600000
0.2983100000
0.3015400000
0.3055800000
0.3105000000
0.3163200000
0.3230900000
0.3308300000
0.3395600000
0.3493100000
0.3600800000
0.3718700000
0.3846800000
0.3984900000
0.4132800000
0.4290200000
0.4456600000
0.4631500000
0.4814200000
0.5004100000
0.5200300000
0.5401800000
0.5607700000
0.5816800000
0.6027900000
0.6239600000
0.6450600000
0.6659300000
0.6864300000
0.7063900000
0.7256400000
0.7440100000
0.7613300000
0.7774300000
0.7921300000
0.8052500000
0.8166300000
0.8261100000
0.8335100000
0.8387100000
0.8415600000
0.8419400000
0.8397700000
0.8349500000
0.8274300000
0.8171900000
0.8042100000
0.7885200000
0.7701700000
0.7492300000
0.7258000000
0.7000100000
0.6719800000
0.6418800000
0.6098500000
0.5760600000
0.5406800000
0.5038700000
0.4657700000
0.4265400000
0.3863100000
0.3452000000
0.3033200000
0.2607900000
0.2176700000
0.1740700000
0.1300500000
0.0856710000
0.0410010000
-0.0039019000
-0.0489830000
-0.0941860000
-0.1394500000
-0.1847200000
-0.2299200000
-0.2749800000
-0.3198300000
-0.3643700000
-0.4085100000
-0.4521300000
-0.4951200000
-0.5373500000
-0.5786800000
-0.6189400000
-0.6579800000
-0.6956100000
-0.7316400000
-0.7658800000
-0.7981100000
-0.8281100000
-0.8556700000
-0.8805400000
-0.9025100000
-0.9213400000
-0.9368200000
-0.9487500000
-0.9569300000
-0.9611900000
-0.9614200000
-0.9575200000
-0.9494400000
-0.9372000000
-0.9208600000
-0.9005300000
-0.8764200000
-0.8487400000
-0.8177700000
-0.7838200000
-0.7472200000
-0.7083100000
-0.6674200000
-0.6248800000
-0.5809800000
-0.5360000000
-0.4901900000
-0.4437500000
-0.3968700000
-0.3497100000
-0.3024000000
-0.2550500000
-0.2077500000
-0.1605700000
-0.1135700000
-0.0668170000
-0.0203460000
0.0257980000
0.0715730000
0.1169400000
0.1618500000
0.2062700000
0.2501300000
0.2933800000
0.3359500000
0.3777800000
0.4187700000
0.4588400000
0.4978900000
0.5357900000
0.5724500000
0.6077100000
0.6414500000
0.6735100000
0.7037500000
0.7319900000
0.7580900000
0.7818500000
0.8031300000
0.8217500000
0.8375500000
0.8503700000
0.8600800000
0.8665400000
0.8696700000
0.8693800000
0.8656200000
0.8583800000
0.8477000000
0.8336200000
0.8162700000
0.7957800000
0.7723300000
0.7461200000
0.7174000000
0.6864000000
0.6534000000
0.6186400000
0.5823800000
0.5448700000
0.5063500000
0.4670100000
0.4270600000
0.3866700000
0.3459900000
0.3051600000
0.2643000000
0.2235100000
0.1828800000
0.1424900000
0.1024100000
0.0626960000
0.0234020000
-0.0154210000
-0.0537270000
-0.0914710000
-0.1286100000
-0.1650900000
-0.2008800000
-0.2359300000
-0.2701800000
-0.3035900000
-0.3360900000
-0.3676300000
-0.3981500000
-0.4275700000
-0.4558400000
-0.4828700000
-0.5085900000
-0.5329200000
-0.5557900000
-0.5771200000
-0.5968200000
-0.6148200000
-0.6310500000
-0.6454200000
-0.6578800000
-0.6683600000
-0.6768200000
-0.6832000000
-0.6874900000
-0.6896500000
-0.6896900000
-0.6876100000
-0.6834300000
-0.6772100000
-0.6689900000
-0.6588500000
-0.6468700000
-0.6331600000
-0.6178200000
-0.6009800000
-0.5827600000
-0.5633100000
-0.5427700000
-0.5212700000
-0.4989500000
-0.4759600000
-0.4524300000
-0.4284900000
-0.4042700000
-0.3798900000
-0.3554500000
-0.3310700000
-0.3068300000
-0.2828300000
-0.2591600000
-0.2358800000
-0.2130800000
-0.1908100000
-0.1691400000
-0.1481100000
-0.1277700000
-0.1081800000
-0.0893680000
-0.0713700000
-0.0542190000
-0.0379430000
-0.0225650000
-0.0081068000
0.0054158000
0.0179900000
0.0296050000
0.0402570000
0.0499420000
0.0586640000
0.0664280000
0.0732430000
0.0791240000
0.0840890000
0.0881600000
0.0913630000
0.0937290000
0.0952910000
0.0960890000
0.0961640000
0.0955620000
0.0943340000
0.0925320000
0.0902120000
0.0874340000
0.0842590000
0.0807500000
0.0769730000
0.0729980000
0.0688920000
0.0647270000
0.0605740000
0.0565030000
0.0525880000
0.0488990000
0.0455080000
0.0424870000
0.0399060000
0.0378310000
0.0363320000
0.0354720000
0.0353160000
0.0359240000
0.0373560000
0.0396650000
0.0429060000
0.0471240000
0.0523670000
0.0586740000
0.0660810000
0.0746200000
0.0843170000
0.0951920000
0.1072600000
0.1205300000
0.1350000000
0.1506600000
0.1675100000
0.1855200000
0.2046700000
0.2249100000
0.2462100000
0.2685000000
0.2917400000
0.3158400000
0.3407300000
0.3663200000
0.3925200000
0.4192100000
0.4462900000
0.4736300000
0.5011100000
0.5285900000
0.5559200000
0.5829600000
0.6095300000
0.6354900000
0.6606600000
0.6848600000
0.7079300000
0.7296700000
0.7499100000
0.7684700000
0.7851700000
0.7998200000
0.8122600000
0.8223300000
0.8298700000
0.8347500000
0.8368500000
0.8360600000
0.8323100000
0.8255600000
0.8157700000
0.8029700000
0.7871900000
0.7685100000
0.7470300000
0.7228800000
0.6962200000
0.6672300000
0.6360900000
0.6030000000
0.5681700000
0.5317800000
0.4940300000
0.4551100000
0.4151700000
0.3744000000
0.3329100000
0.2908500000
0.2483200000
0.2054300000
0.1622700000
0.1189200000
0.0754540000
0.0319380000
-0.0115670000
-0.0549990000
-0.0983010000
-0.1414100000
-0.1842800000
-0.2268200000
-0.2689900000
-0.3107000000
-0.3518700000
-0.3924100000
-0.4322300000
