-0.1511800000
0.3201600000
0.4319600000
0.0519240000
-0.4484900000
-0.0830810000
0.3623500000
0.4184500000
-0.0234000000
-0.4569100000
-0.0207420000
0.4016900000
0.4089400000
-0.0891740000
-0.4576900000
0.0307030000
0.4344700000
0.4031400000
-0.1411300000
-0.4545900000
0.0698360000
0.4596500000
0.4002200000
-0.1790900000
-0.4507900000
0.0978140000
0.4781000000
0.3995300000
-0.2050100000
-0.4482000000
0.1167600000
0.4914100000
0.4008500000
-0.2212600000
-0.4478100000
0.1287100000
0.5011900000
0.4043600000
-0.2296900000
-0.4503400000
0.1351900000
0.5088700000
0.4106700000
-0.2312500000
-0.4566000000
0.1370600000
0.5156700000
0.4209300000
-0.2257400000
-0.4679400000
0.1344900000
0.5227500000
0.4370300000
-0.2114800000
-0.4865500000
0.1268800000
0.5313000000
0.4619200000
-0.1843900000
-0.5157700000
0.1126100000
0.5426300000
0.4999100000
-0.1364100000
-0.5599200000
0.0884660000
0.5574800000
0.5559500000
-0.0531310000
-0.6205300000
0.0478960000
0.5723300000
0.6296000000
0.0820270000
-0.6785600000
-0.0245560000
0.5657900000
0.6929200000
0.2446500000
-0.6689500000
-0.1480800000
0.4958100000
0.6897000000
0.3366900000
-0.5780900000
-0.2676000000
0.3945400000
0.6443000000
0.3653900000
-0.4805100000
-0.3383100000
0.3147900000
0.6015500000
0.3741100000
-0.4094000000
-0.3747300000
0.2620000000
0.5709800000
0.3769100000
-0.3631100000
-0.3929800000
0.2286400000
0.5503600000
0.3769700000
-0.3344400000
-0.4014200000
0.2081100000
0.5363300000
0.3748700000
-0.3178400000
-0.4037400000
0.1961600000
0.5263300000
0.3703800000
-0.3099100000
-0.4013100000
0.1903300000
0.5185200000
0.3628100000
-0.3088900000
-0.3941800000
0.1894100000
0.5115100000
0.3509600000
-0.3140800000
-0.3814900000
0.1930800000
0.5041500000
0.3330900000
-0.3255100000
-0.3616400000
0.2017200000
0.4954100000
0.3068500000
-0.3433600000
-0.3324600000
0.2163100000
0.4843700000
0.2694800000
-0.3672000000
-0.2917600000
0.2381600000
0.4705400000
0.2186100000
-0.3949500000
-0.2385900000
0.2682300000
0.4543600000
0.1539200000
-0.4222000000
-0.1749500000
0.3058800000
0.4376400000
0.0791620000
-0.4434300000
-0.1066600000
0.3477700000
0.4229500000
0.0023796000
-0.4552000000
-0.0415720000
0.3886500000
0.4120600000
-0.0673980000
-0.4583000000
0.0139830000
0.4239900000
0.4051200000
-0.1243000000
-0.4562200000
0.0573340000
0.4518200000
0.4014000000
-0.1668800000
-0.4525300000
0.0889200000
0.4725100000
0.4001600000
-0.1965500000
-0.4495800000
0.1106600000
0.4875100000
0.4010600000
-0.2156500000
-0.4486800000
0.1246800000
0.4984700000
0.4041900000
-0.2262100000
-0.4506300000
0.1326700000
0.5069300000
0.4100800000
-0.2294100000
-0.4562600000
0.1356800000
0.5141900000
0.4198200000
-0.2253300000
-0.4668400000
0.1340500000
0.5214600000
0.4351700000
-0.2125300000
-0.4844600000
0.1273200000
0.5299900000
0.4589500000
-0.1873400000
-0.5123200000
0.1140500000
0.5410900000
0.4953200000
-0.1422400000
-0.5546700000
0.0912740000
0.5556800000
0.5492900000
-0.0636080000
-0.6137800000
0.0529760000
0.5710500000
0.6216000000
0.0657720000
-0.6742400000
-0.0149640000
0.5686700000
0.6886000000
0.2294800000
-0.6746900000
-0.1337100000
0.5059200000
0.6930700000
0.3309600000
-0.5890600000
-0.2573000000
0.4045500000
0.6492800000
0.3636200000
-0.4897300000
-0.3326900000
0.3218600000
0.6054200000
0.3733700000
-0.4157600000
-0.3717100000
0.2666300000
0.5736000000
0.3764600000
-0.3673300000
-0.3912400000
0.2316700000
0.5520700000
0.3766100000
-0.3372700000
-0.4003000000
0.2101300000
0.5374200000
0.3745000000
-0.3198100000
-0.4028900000
0.1975700000
0.5270000000
0.3699400000
-0.3114000000
-0.4005200000
0.1913900000
0.5188900000
0.3622100000
-0.3101400000
-0.3933000000
0.1903100000
0.5116400000
0.3501100000
-0.3153000000
-0.3803900000
0.1939700000
0.5040700000
0.3318600000
-0.3268300000
-0.3601500000
0.2027400000
0.4951200000
0.3051000000
-0.3448700000
-0.3304300000
0.2175800000
0.4838700000
0.2670500000
-0.3689000000
-0.2890900000
0.2398000000
0.4698500000
0.2154100000
-0.3967000000
-0.2352800000
0.2702700000
0.4535700000
0.1500400000
-0.4237200000
-0.1712300000
0.3082300000
0.4368900000
0.0749670000
-0.4444600000
-0.1029400000
0.3501900000
0.4223900000
-0.0016125000
-0.4557100000
-0.0382760000
0.3908600000
0.4117600000
-0.0707460000
-0.4584600000
0.0166100000
0.4258100000
0.4050700000
-0.1268000000
-0.4562700000
0.0592430000
0.4532400000
0.4015800000
-0.1685300000
-0.4526700000
0.0901760000
0.4736100000
0.4006000000
-0.1974300000
-0.4499700000
0.1113600000
0.4884000000
0.4018200000
-0.2158000000
-0.4494500000
0.1248800000
0.4992800000
0.4053900000
-0.2256000000
-0.4519500000
0.1323800000
0.5077700000
0.4119500000
-0.2278900000
-0.4583800000
0.1348300000
0.5152000000
0.4226700000
-0.2225400000
-0.4701700000
0.1324700000
0.5228200000
0.4395200000
-0.2077600000
-0.4896000000
0.1247000000
0.5319000000
0.4655900000
-0.1792900000
-0.5201400000
0.1098400000
0.5437900000
0.5053000000
-0.1285200000
-0.5660700000
0.0844880000
0.5590700000
0.5634800000
-0.0404120000
-0.6278900000
0.0415270000
0.5731600000
0.6380600000
0.1002800000
-0.6821400000
-0.0358920000
0.5615000000
0.6963000000
0.2595500000
-0.6615100000
-0.1632700000
0.4845200000
0.6853900000
0.3416400000
-0.5664900000
-0.2775500000
0.3843400000
0.6389400000
0.3665600000
-0.4714900000
-0.3432400000
0.3079500000
0.5974800000
0.3741300000
-0.4036700000
-0.3768100000
0.2578600000
0.5681400000
0.3763100000
-0.3599400000
-0.3933900000
0.2263700000
0.5483100000
0.3757500000
-0.3332000000
-0.4005800000
0.2072000000
0.5347000000
0.3728400000
-0.3182100000
-0.4016800000
0.1963700000
0.5247900000
0.3672100000
-0.3118600000
-0.3977600000
0.1916600000
0.5167800000
0.3579700000
-0.3125800000
-0.3886300000
0.1920200000
0.5092900000
0.3437300000
-0.3198400000
-0.3731800000
0.1973400000
0.5011400000
0.3224600000
-0.3336900000
-0.3495600000
0.2081800000
0.4912700000
0.2916000000
-0.3540600000
-0.3155300000
0.2256600000
0.4788800000
0.2484200000
-0.3798600000
-0.2692900000
0.2510100000
0.4638000000
0.1912200000
-0.4079400000
-0.2110000000
0.2846100000
0.4470600000
0.1213100000
-0.4330600000
-0.1444200000
0.3246800000
0.4309600000
0.0445570000
-0.4502200000
-0.0766710000
0.3667600000
0.4179000000
-0.0299930000
-0.4578200000
-0.0153510000
0.4055600000
0.4089200000
-0.0943290000
-0.4582000000
0.0347630000
0.4376300000
0.4036700000
-0.1446100000
-0.4551900000
0.0725580000
0.4621800000
0.4013500000
-0.1809000000
-0.4518800000
0.0993140000
0.4802000000
0.4014300000
-0.2051900000
-0.4501500000
0.1171300000
0.4933300000
0.4038200000
-0.2197000000
-0.4510700000
0.1279400000
0.5032300000
0.4089200000
-0.2260000000
-0.4555200000
0.1331000000
0.5113400000
0.4176100000
-0.2246100000
-0.4646700000
0.1332400000
0.5189800000
0.4315000000
-0.2146200000
-0.4803800000
0.1282000000
0.5274400000
0.4531400000
-0.1930200000
-0.5055800000
0.1168600000
0.5380800000
0.4863600000
-0.1534100000
-0.5443600000
0.0967040000
0.5520400000
0.5361300000
-0.0836960000
-0.6000200000
0.0626640000
0.5680100000
0.6050800000
0.0336430000
-0.6634200000
0.0030972000
0.5725400000
0.6774200000
0.1957400000
-0.6831100000
-0.1044000000
0.5252900000
0.6983300000
0.3169100000
-0.6112200000
-0.2344600000
0.4258500000
0.6596800000
0.3595100000
-0.5094000000
-0.3202000000
0.3372000000
0.6138700000
0.3720100000
-0.4293600000
-0.3653000000
0.2765800000
0.5794400000
0.3759800000
-0.3760800000
-0.3879800000
0.2379500000
0.5559700000
0.3765900000
-0.3427000000
-0.3987600000
0.2140200000
0.5400800000
0.3748700000
-0.3229900000
-0.4024400000
0.1998500000
0.5289000000
0.3707400000
-0.3129600000
-0.4009300000
0.1925400000
0.5203600000
0.3635600000
-0.3104400000
-0.3945500000
0.1905500000
0.5129500000
0.3522200000
-0.3144800000
-0.3826200000
0.1933800000
0.5054200000
0.3350400000
-0.3249400000
-0.3636400000
0.2012500000
0.4966900000
0.3097200000
-0.3419500000
-0.3354900000
0.2150600000
0.4858000000
0.2735200000
-0.3651200000
-0.2960000000
0.2360700000
0.4721700000
0.2240000000
-0.3925600000
-0.2440100000
0.2652800000
0.4561300000
0.1605400000
-0.4200400000
-0.1812000000
0.3022700000
0.4393500000
0.0864820000
-0.4420000000
-0.1130600000
0.3439400000
0.4243900000
0.0095405000
-0.4547100000
-0.0474040000
0.3851300000
0.4131500000
-0.0611470000
-0.4585300000
0.0091718000
0.4211100000
0.4059400000
-0.1193000000
-0.4568500000
0.0536300000
0.4496800000
0.4020600000
-0.1630700000
-0.4533300000
0.0861740000
0.4710400000
0.4007800000
-0.1936700000
-0.4504600000
0.1086300000
0.4865700000
0.4017600000
-0.2133900000
-0.4496600000
0.1231300000
0.4979600000
0.4050900000
-0.2242400000
-0.4518100000
0.1313600000
0.5067800000
0.4113400000
-0.2274100000
-0.4578200000
0.1344100000
0.5143700000
0.4216400000
-0.2229100000
-0.4690500000
0.1325900000
0.5220000000
0.4378800000
-0.2091600000
-0.4877100000
0.1254000000
0.5309700000
0.4630300000
-0.1821500000
-0.5171500000
0.1112800000
0.5426100000
0.5014100000
-0.1337500000
-0.5616400000
0.0870270000
0.5576700000
0.5579400000
-0.0494770000
-0.6224600000
0.0459920000
0.5723800000
0.6317300000
0.0868430000
-0.6794400000
-0.0275740000
0.5645800000
0.6936900000
0.2483900000
-0.6670400000
-0.1519000000
0.4929100000
0.6884900000
0.3377100000
-0.5752500000
-0.2698800000
0.3920700000
0.6428600000
0.3653400000
-0.4785300000
-0.3391300000
0.3133100000
0.6004500000
0.3736300000
-0.4084600000
-0.3746200000
0.2613400000
0.5701500000
0.3760400000
-0.3630800000
-0.3921700000
0.2286200000
0.5496300000
0.3755800000
-0.3352500000
-0.3998600000
0.2086700000
0.5355600000
0.3727100000
-0.3195600000
-0.4012100000
0.1973400000
0.5253500000
0.3671000000
-0.3127700000
-0.3974300000
0.1923200000
0.5171500000
0.3578600000
-0.3132300000
-0.3883600000
0.1925000000
0.5095200000
0.3435900000
-0.3203300000
-0.3729200000
0.1977000000
0.5012700000
0.3222700000
-0.3340900000
-0.3492800000
0.2084900000
0.4913400000
0.2913400000
-0.3544100000
-0.3152000000
0.2259600000
0.4789000000
0.2480800000
-0.3801900000
-0.2688900000
0.2513200000
0.4637800000
0.1907900000
-0.4082300000
-0.2105500000
0.2849500000
0.4470300000
0.1208200000
-0.4333000000
-0.1439500000
0.3250300000
0.4309400000
0.0440760000
-0.4503900000
-0.0762400000
0.3671000000
0.4179200000
-0.0304010000
-0.4579400000
-0.0150050000
0.4058600000
0.4090000000
-0.0946140000
-0.4583100000
0.0350030000
0.4378800000
0.4038100000
-0.1447500000
-0.4553400000
0.0726870000
0.4624000000
0.4015700000
-0.1808800000
-0.4521200000
0.0993330000
0.4804100000
0.4017700000
-0.2049900000
-0.4505200000
0.1170300000
0.4935600000
0.4043400000
-0.2192800000
-0.4516500000
0.1277000000
0.5035000000
0.4096900000
-0.2252700000
-0.4564100000
0.1326700000
0.5117100000
0.4187800000
-0.2234100000
-0.4660400000
0.1325500000
0.5195000000
0.4332800000
-0.2126600000
-0.4824800000
0.1271100000
0.5282000000
0.4558400000
-0.1898000000
-0.5087700000
0.1151400000
0.5391900000
0.4904300000
-0.1480000000
-0.5490700000
0.0939840000
0.5535100000
0.5420400000
-0.0745170000
-0.6062500000
0.0581820000
0.5693100000
0.6125200000
0.0480880000
-0.6685300000
-0.0049376000
0.5709800000
0.6827200000
0.2112700000
-0.6798000000
-0.1175300000
0.5167700000
0.6961500000
0.3234700000
-0.6013600000
-0.2448700000
0.4162100000
0.6549300000
0.3612400000
-0.5006000000
-0.3257300000
0.3303200000
0.6099500000
0.3723300000
-0.4234400000
-0.3678600000
0.2722600000
0.5766900000
0.3757400000
-0.3725600000
-0.3888900000
0.2354300000
0.5540500000
0.3758900000
-0.3409400000
-0.3985800000
0.2127500000
0.5386300000
0.3736300000
-0.3226000000
-0.4013300000
0.1995500000
0.5276500000
0.3687500000
-0.3138000000
-0.3987900000
0.1931000000
0.5190800000
0.3605000000
-0.3125500000
-0.3910800000
0.1920400000
0.5114200000
0.3476200000
-0.3180400000
-0.3773400000
0.1959800000
0.5034200000
0.3282300000
-0.3301500000
-0.3558900000
0.2053200000
0.4939700000
0.2999000000
-0.3489200000
-0.3245600000
0.2210400000
0.4821900000
0.2598600000
-0.3735600000
-0.2813100000
0.2443900000
0.4676800000
0.2060100000
-0.4014800000
-0.2257100000
0.2760700000
0.4511500000
0.1387700000
-0.4277900000
-0.1605600000
0.3149000000
0.4346600000
0.0629000000
-0.4471300000
-0.0923740000
0.3569900000
0.4207300000
-0.0129790000
-0.4569100000
-0.0289840000
0.3969800000
0.4108000000
-0.0802160000
-0.4586800000
0.0239810000
0.4308000000
0.4047800000
-0.1338800000
-0.4562000000
0.0646030000
0.4571000000
0.4019000000
-0.1732700000
-0.4528300000
0.0937470000
0.4765500000
0.4015400000
-0.2000800000
-0.4507300000
0.1134200000
0.4907300000
0.4035200000
-0.2165700000
-0.4511200000
0.1256500000
0.5013100000
0.4081500000
-0.2244800000
-0.4549200000
0.1319100000
0.5098200000
0.4162300000
-0.2245300000
-0.4632600000
0.1329900000
0.5176100000
0.4292600000
-0.2160800000
-0.4778600000
0.1288900000
0.5259800000
0.4496100000
-0.1965400000
-0.5014800000
0.1186400000
0.5363100000
0.4809300000
-0.1601000000
-0.5380900000
0.1000100000
0.5498300000
0.5281100000
-0.0956140000
-0.5913900000
0.0684120000
0.5658700000
0.5945900000
0.0141370000
-0.6554500000
0.0135770000
0.5737700000
0.6688800000
0.1728600000
-0.6859400000
-0.0862750000
0.5363000000
0.7001800000
0.3059400000
-0.6248200000
-0.2185800000
0.4398900000
0.6662900000
0.3562900000
-0.5226000000
-0.3112800000
0.3477000000
0.6195900000
0.3710000000
-0.4386700000
-0.3607500000
0.2834400000
0.5834500000
0.3756700000
-0.3820800000
-0.3857100000
0.2422700000
0.5586700000
0.3766300000
-0.3463900000
-0.3977300000
0.2166600000
0.5419200000
0.3752000000
-0.3250900000
-0.4022100000
0.2013700000
0.5302200000
0.3714100000
-0.3139200000
