-1.2780000000
0.1598100000
-0.4651700000
1.2037000000
-0.7197300000
-0.4011700000
-0.9149600000
1.0868000000
-0.5932000000
0.2702800000
-1.2471000000
0.2561300000
-0.5897100000
1.0961000000
-0.9025000000
-0.3995000000
-0.7355300000
1.1963000000
-0.4804400000
0.1607500000
-1.2736000000
0.2757100000
-0.5118900000
1.1324000000
-0.8554000000
-0.4568000000
-0.7417000000
1.1942000000
-0.4289400000
0.2294500000
-1.2926000000
0.1323400000
-0.4005300000
1.2396000000
-0.6288400000
-0.3790000000
-1.0013000000
1.0083000000
-0.6306300000
0.3654000000
-1.2388000000
0.1779800000
-0.5858800000
1.1345000000
-0.8426500000
-0.3701100000
-0.8226200000
1.1471000000
-0.5735300000
0.1647200000
-1.2416000000
0.3690200000
-0.6228900000
1.0117000000
-0.9992100000
-0.3880400000
-0.6239900000
1.2413000000
-0.3865500000
0.1441500000
-1.2971000000
0.1995800000
-0.4030200000
1.2166000000
-0.6899100000
-0.4363400000
-0.9155900000
1.0894000000
-0.5611200000
0.3043000000
-1.2602000000
0.1776600000
-0.5281800000
1.1663000000
-0.7936900000
-0.3975200000
-0.8508200000
1.1319000000
-0.5655300000
0.2107000000
-1.2511000000
0.3019300000
-0.5884300000
1.0734000000
-0.9335500000
-0.4136400000
-0.6872400000
1.2178000000
-0.4233000000
0.1717400000
-1.2905000000
0.2016700000
-0.4319900000
1.2034000000
-0.7215300000
-0.4362900000
-0.8886000000
1.1092000000
-0.5493600000
0.2792400000
-1.2626000000
0.1967900000
-0.5277100000
1.1588000000
-0.8082800000
-0.4089100000
-0.8282600000
1.1470000000
-0.5410800000
0.2076600000
-1.2593000000
0.2795600000
-0.5597200000
1.1029000000
-0.8968500000
-0.4293700000
-0.7177700000
1.2050000000
-0.4355700000
0.1928900000
-1.2891000000
0.1869200000
-0.4338400000
1.2080000000
-0.7109900000
-0.4250100000
-0.9057900000
1.0960000000
-0.5677000000
0.2836200000
-1.2570000000
0.2112000000
-0.5490900000
1.1410000000
-0.8377200000
-0.4067400000
-0.8002700000
1.1632000000
-0.5241400000
0.1905800000
-1.2631000000
0.2834300000
-0.5485700000
1.1076000000
-0.8910400000
-0.4383600000
-0.7170300000
1.2054000000
-0.4259100000
0.2036500000
-1.2921000000
0.1627700000
-0.4139700000
1.2247000000
-0.6697600000
-0.4063000000
-0.9525900000
1.0568000000
-0.6003900000
0.3180900000
-1.2478000000
0.2034800000
-0.5720000000
1.1314000000
-0.8506300000
-0.3904000000
-0.7993000000
1.1627000000
-0.5389300000
0.1727000000
-1.2557000000
0.3220700000
-0.5771300000
1.0699000000
-0.9395300000
-0.4280400000
-0.6677200000
1.2253000000
-0.3901400000
0.1896700000
-1.2993000000
0.1437000000
-0.3763800000
1.2452000000
-0.6123900000
-0.3861900000
-1.0087000000
1.0020000000
-0.6245300000
0.3830000000
-1.2411000000
0.1491700000
-0.5681400000
1.1564000000
-0.8061700000
-0.3641100000
-0.8628600000
1.1203000000
-0.6025900000
0.1877500000
-1.2335000000
0.3710100000
-0.6453800000
0.9940400000
-1.0125000000
-0.3611300000
-0.6283800000
1.2395000000
-0.4177300000
0.1106100000
-1.2857000000
0.2755200000
-0.4648400000
1.1576000000
-0.8136200000
-0.4770100000
-0.7695000000
1.1807000000
-0.4315200000
0.2600100000
-1.2929000000
0.0953570000
-0.3833000000
1.2563000000
-0.5769000000
-0.3414900000
-1.0593000000
0.9386500000
-0.6528500000
0.4465300000
-1.2302000000
0.1035500000
-0.5739100000
1.1707000000
-0.7754500000
-0.3339400000
-0.9117900000
1.0799000000
-0.6507300000
0.2090500000
-1.2160000000
0.3965300000
-0.6912200000
0.9418700000
-1.0476000000
-0.2954600000
-0.6323600000
1.2344000000
-0.4851300000
0.0335150000
-1.2507000000
0.4432100000
-0.5878200000
0.9901400000
-1.0252000000
-0.4273000000
-0.5520500000
1.2611000000
-0.2689100000
0.2129200000
-1.3184000000
-0.0118060000
-0.1973600000
1.3207000000
-0.2488500000
-0.1313000000
-1.2880000000
0.4179700000
-0.4070600000
1.1179000000
-0.8730200000
-0.5688900000
-0.6212500000
1.2264000000
-0.1930300000
0.3845000000
-1.3007000000
-0.3070800000
0.0149070000
1.2961000000
0.3264000000
0.4081400000
-1.1629000000
-0.8010200000
0.5233400000
0.7436700000
1.1902000000
0.3617800000
-0.3130800000
-1.3035000000
0.0463040000
0.2527200000
1.3152000000
0.2860700000
0.1235100000
-1.2798000000
-0.4441300000
0.4449200000
1.0822000000
0.9256400000
