-0.1310000000
-0.1940000000
-0.4820000000
-0.1410000000
-0.2990000000
-0.3180000000
-0.2410000000
-0.1930000000
-0.2660000000
-0.0350000000
0.3190000000
0.0350000000
0.3680000000
0.3620000000
0.1910000000
0.0000000000
0.0410000000
-0.1880000000
0.2450000000
0.0230000000
-0.0470000000
0.4880000000
-0.3440000000
-0.5200000000
0.2630000000
0.1990000000
-0.0660000000
-0.1420000000
0.1890000000
-0.1720000000
0.4730000000
0.4170000000
0.4070000000
0.1740000000
-0.3720000000
0.1040000000
0.2150000000
0.4840000000
-0.0080000000
0.3100000000
-0.4670000000
0.2890000000
-0.2260000000
-0.0760000000
0.0680000000
-0.0830000000
0.2260000000
-0.3200000000
0.4500000000
0.0390000000
0.1560000000
-0.3980000000
-0.2430000000
-0.3720000000
-0.4090000000
0.2360000000
0.3360000000
0.1840000000
0.2040000000
0.2180000000
0.1600000000
-0.2510000000
0.0690000000
-0.1640000000
0.1680000000
0.0420000000
0.0590000000
0.4670000000
0.0180000000
-0.0130000000
0.3840000000
-0.8190000000
0.1790000000
-0.1030000000
-0.1890000000
-0.1740000000
0.2010000000
-0.5420000000
0.2770000000
0.4300000000
-0.1410000000
0.4490000000
-0.3160000000
0.0820000000
0.8100000000
0.2590000000
-0.6180000000
0.1440000000
-0.4510000000
0.3710000000
-0.7600000000
-0.4750000000
-0.2320000000
-0.5740000000
-0.1220000000
-0.3940000000
0.2220000000
0.2930000000
-0.1670000000
-0.1140000000
0.6500000000
-0.5540000000
0.0910000000
-0.2470000000
-0.2610000000
-0.1070000000
0.0270000000
0.0480000000
0.3540000000
0.7160000000
-0.1100000000
-0.9180000000
-0.5440000000
0.3190000000
0.1040000000
-0.5520000000
0.1120000000
0.3060000000
-0.6320000000
-0.1310000000
-0.3240000000
0.3270000000
0.4160000000
-0.0260000000
-0.2640000000
0.4100000000
-0.1820000000
0.1900000000
0.3890000000
0.1410000000
0.1730000000
0.6530000000
-0.6130000000
0.2330000000
-0.1620000000
-0.5450000000
0.0800000000
-0.0270000000
-0.1310000000
-0.2320000000
0.0910000000
-0.6220000000
0.2970000000
-0.3560000000
-0.4890000000
0.3270000000
0.1710000000
-0.0440000000
0.5500000000
-0.1920000000
-0.2280000000
-0.4100000000
-0.1750000000
0.4540000000
0.6360000000
-0.2210000000
-0.8970000000
-0.4210000000
-0.4690000000
0.0080000000
-0.3670000000
0.0980000000
0.2810000000
-0.1920000000
0.1120000000
0.3650000000
0.6630000000
0.3970000000
0.3730000000
-0.5930000000
-0.3400000000
0.5200000000
0.0740000000
0.0710000000
-0.5570000000
0.1730000000
-0.4880000000
0.3570000000
-0.0340000000
-0.0950000000
-0.3790000000
0.1400000000
0.3590000000
0.4080000000
0.1220000000
-0.5450000000
-0.2000000000
0.7260000000
0.2830000000
-0.7770000000
0.2570000000
-0.2990000000
-0.1910000000
0.0540000000
0.4400000000
0.1280000000
-0.0790000000
-0.7580000000
0.0220000000
-0.5950000000
-0.7500000000
-0.5110000000
-0.3300000000
0.4180000000
0.2090000000
0.2340000000
0.4560000000
0.3640000000
-0.1160000000
0.4620000000
-0.1970000000
-0.0040000000
0.3040000000
-0.3380000000
0.3360000000
0.5470000000
-0.1310000000
0.2450000000
-0.5670000000
-0.1580000000
0.1420000000
-0.2340000000
0.1730000000
0.7590000000
0.0720000000
0.3100000000
-0.1220000000
0.3870000000
-0.5210000000
0.9810000000
-0.2790000000
-0.6820000000
-0.3640000000
-0.2730000000
-0.2100000000
0.4110000000
0.8060000000
-0.0900000000
-0.5070000000
0.1630000000
-0.3370000000
1.4490000000
-0.8570000000
1.0850000000
0.9870000000
1.1620000000
0.4680000000
-0.4010000000
-0.8920000000
0.6600000000
0.9140000000
0.0890000000
1.1440000000
-0.1540000000
-0.1300000000
0.2850000000
-0.8500000000
0.5890000000
0.0040000000
0.1700000000
-0.1570000000
-0.0110000000
0.3260000000
-1.0660000000
0.1800000000
0.2150000000
0.3320000000
0.1310000000
0.0570000000
0.2360000000
-0.3140000000
0.2140000000
-0.5980000000
0.3340000000
-0.3280000000
0.1700000000
-0.3990000000
-0.3860000000
0.3720000000
0.4940000000
0.0750000000
-0.2350000000
-0.6230000000
0.2780000000
-0.4490000000
-0.3730000000
-0.0720000000
0.1470000000
-0.7080000000
-0.7840000000
0.5400000000
-0.0970000000
-0.8310000000
-0.5490000000
-0.7060000000
-0.2410000000
0.4670000000
-0.0360000000
0.2260000000
-0.4260000000
0.1180000000
0.0440000000
-0.0960000000
0.4090000000
0.5240000000
-0.4290000000
0.4480000000
-0.7990000000
-0.1930000000
-0.8010000000
0.1990000000
0.3100000000
-0.8350000000
0.6440000000
0.2040000000
0.2570000000
-0.2430000000
0.8050000000
-0.1030000000
-0.5960000000
0.0860000000
0.4390000000
0.2670000000
0.4400000000
0.1940000000
