5.4444000000
5.9667000000
26.7830000000
451.7500000000
406.3800000000
27.7170000000
30.9170000000
32.1670000000
20.4830000000
12.3670000000
18.6170000000
23.1170000000
14.1330000000
15.3670000000
10.6670000000
11.1670000000
10.0170000000
11.0500000000
10.7500000000
4.3333000000
-7.9667000000
-4.3167000000
-6.9000000000
-4.5833000000
-3.8833000000
-4.2833000000
-5.6500000000
-9.6000000000
-4.6333000000
-3.1333000000
-5.6000000000
-5.4000000000
-3.4833000000
-0.0666670000
-2.9833000000
-5.3500000000
-7.8500000000
-11.6830000000
-7.2500000000
-7.4833000000
-5.4333000000
-6.3833000000
-7.3167000000
-4.0667000000
-6.3500000000
-4.4000000000
-5.7333000000
-4.8167000000
-1.3667000000
-5.4167000000
-3.3167000000
-4.0000000000
-5.6333000000
-4.6333000000
-4.7167000000
-2.8167000000
-3.7333000000
-3.6500000000
-3.0500000000
-2.7167000000
-2.7167000000
-2.5167000000
-4.0667000000
-2.8500000000
-3.4667000000
-4.0500000000
-3.5333000000
-2.8500000000
-3.0333000000
-3.1000000000
-3.1833000000
-3.7833000000
-4.9667000000
-6.2833000000
-6.5333000000
-7.5667000000
-5.7000000000
-4.1000000000
-4.5667000000
-4.4500000000
-3.3667000000
-4.6500000000
-5.3167000000
-4.5167000000
-4.5000000000
-3.3167000000
-3.1833000000
-3.9667000000
-2.7167000000
-2.7000000000
-4.2500000000
-2.5667000000
-4.6167000000
0.3500000000
-2.4167000000
-2.5667000000
-2.8833000000
0.8166700000
-1.8500000000
-2.5333000000
1.3000000000
-1.8833000000
-3.3000000000
-3.0333000000
-3.2167000000
-4.0000000000
-2.1500000000
-3.2333000000
-3.1000000000
-2.8667000000
-2.7667000000
-3.3667000000
-3.1833000000
-1.4000000000
-3.0500000000
-2.4833000000
-3.2167000000
-3.3833000000
-3.1833000000
-3.5333000000
-2.8500000000
-3.5333000000
-1.8833000000
-2.2833000000
-3.4667000000
-0.1500000000
-2.2167000000
-2.9833000000
-3.5333000000
-1.9000000000
-1.9333000000
-2.7167000000
-2.2667000000
1.6500000000
0.2333300000
0.4333300000
-1.0500000000
-1.9167000000
-0.6500000000
11.5830000000
8.7500000000
-2.0333000000
-2.8333000000
-2.9500000000
-1.8333000000
-2.4167000000
-1.9667000000
-1.4833000000
-2.5167000000
-2.7000000000
-2.0833000000
-0.7833300000
-1.3000000000
-1.9333000000
-2.6667000000
-2.1500000000
-2.1833000000
-1.5667000000
0.1000000000
-2.8167000000
-3.5833000000
-2.4833000000
-3.0833000000
-2.2333000000
-2.6333000000
-1.9500000000
-3.1667000000
-2.5833000000
-3.7167000000
-2.5667000000
-2.8167000000
-3.1667000000
-1.8167000000
-2.9500000000
-3.3000000000
-3.3333000000
-3.2333000000
-3.4333000000
-0.6500000000
3.2667000000
-0.9000000000
-2.3500000000
-3.3833000000
-2.1667000000
-2.7000000000
-3.1667000000
-2.5500000000
-2.9667000000
-2.9500000000
-3.0500000000
-3.1000000000
-3.0000000000
-3.6500000000
-3.6500000000
-2.8000000000
-3.2833000000
-2.9167000000
-3.1500000000
-2.9333000000
-2.5333000000
-3.1167000000
-3.3000000000
-2.7000000000
-2.8500000000
-2.9833000000
-3.2333000000
-3.4833000000
-3.5500000000
-2.7000000000
-3.1000000000
-3.2333000000
-1.2167000000
-3.5667000000
-3.6833000000
-2.4833000000
-2.6333000000
-3.7833000000
-3.8000000000
-3.2333000000
-2.8000000000
-2.6500000000
-1.6500000000
-2.3333000000
-0.9000000000
-2.2167000000
-1.0833000000
0.5000000000
-0.7333300000
138.9500000000
463.8800000000
171.7200000000
3.5167000000
8.9667000000
4.7000000000
1.5333000000
-2.6667000000
-2.3333000000
-3.0000000000
-2.6333000000
-4.6667000000
-2.3333000000
-2.4333000000
3.2167000000
-2.9333000000
-2.3667000000
-2.5833000000
-2.9333000000
-2.6833000000
-2.2667000000
-1.4333000000
-1.9500000000
-1.4833000000
-1.7000000000
5.5167000000
2.5833000000
6.9333000000
-1.5167000000
2.0000000000
1.7000000000
-1.0667000000
-2.0833000000
-2.9167000000
-2.0000000000
-1.8333000000
-2.4833000000
-2.7000000000
-2.8167000000
-2.4167000000
-4.0167000000
-2.2333000000
-1.2167000000
-2.4333000000
-2.4667000000
-2.6667000000
-2.6333000000
-2.1167000000
-3.2667000000
-3.3000000000
-3.4167000000
-4.3333000000
-2.6000000000
-3.4667000000
-2.9333000000
-2.5333000000
-3.1500000000
-3.3000000000
-2.8667000000
-2.6167000000
-2.9500000000
-3.0333000000
-4.6833000000
-3.8833000000
-3.8500000000
-3.6000000000
3.3333000000
1.6667000000
-1.1167000000
-2.0833000000
-1.2167000000
-0.3000000000
-1.3167000000
-2.9667000000
-3.2167000000
-0.7833300000
-1.8833000000
-2.7500000000
-2.7333000000
-3.0167000000
-0.6500000000
-1.7833000000
0.1833300000
-0.7166700000
-1.6667000000
1.1000000000
0.4333300000
2.3667000000
5.7333000000
1.0000000000
-1.8000000000
-1.5000000000
0.5166700000
4.1333000000
0.9333300000
7.2833000000
-2.1667000000
-2.9167000000
-0.8333300000
0.3500000000
0.8000000000
-0.2166700000
-2.6667000000
5.4667000000
-1.8667000000
-2.3333000000
-2.9333000000
-3.7167000000
-3.0167000000
-4.5500000000
-3.6333000000
-3.7000000000
-3.7000000000
-3.9667000000
-2.4833000000
-3.1000000000
-3.7500000000
-3.3667000000
-3.2833000000
-2.6500000000
-3.2000000000
-2.7167000000
-3.1500000000
-3.8667000000
-4.6500000000
-3.1167000000
-4.4333000000
-3.5500000000
-4.3833000000
-5.0833000000
-5.2000000000
-5.7833000000
-5.0833000000
-3.5167000000
-3.3000000000
-4.1167000000
-3.9000000000
-3.5333000000
-3.6833000000
-4.0167000000
-3.5833000000
-3.4167000000
-4.8500000000
-3.6833000000
-3.8000000000
-4.6333000000
-4.5000000000
-3.9333000000
-6.4000000000
-5.7167000000
-4.7333000000
-4.7667000000
-3.8833000000
-4.0667000000
-3.8667000000
-3.3500000000
-3.8833000000
-3.0667000000
-2.4667000000
-4.7000000000
-2.8667000000
-3.5500000000
-3.1000000000
-0.9000000000
8.1667000000
0.0666670000
-2.6000000000
-4.4167000000
-2.1167000000
-0.9000000000
-1.1167000000
-1.4167000000
-1.8000000000
-2.8167000000
-2.1667000000
-0.0666670000
-2.1000000000
-3.0500000000
-3.2500000000
-3.5000000000
-4.3833000000
-4.1000000000
-4.1500000000
-4.4500000000
-3.6333000000
-3.4333000000
-3.0667000000
-3.2167000000
-4.4667000000
-3.3833000000
-3.6833000000
-3.2000000000
-3.0500000000
-2.7667000000
-3.1833000000
-2.9167000000
-3.5500000000
-3.5500000000
-2.5333000000
-2.3167000000
1.0500000000
-0.8833300000
-3.0000000000
-2.2667000000
-2.5000000000
-2.6667000000
-3.6667000000
-2.8667000000
0.5833300000
-0.3833300000
-1.4667000000
-3.5000000000
-2.9667000000
-3.0500000000
-4.3167000000
-3.9000000000
-2.7667000000
-3.3500000000
-3.8000000000
-4.9333000000
-5.9500000000
-6.3500000000
-5.3667000000
-4.2000000000
-3.8167000000
-5.1667000000
-5.6667000000
-4.0500000000
-5.1667000000
-4.0500000000
-3.6500000000
-3.2167000000
-3.9000000000
-3.7833000000
-3.1833000000
-5.0167000000
-4.3667000000
-6.2833000000
-4.7500000000
-4.6667000000
-3.8000000000
-2.5500000000
-2.4500000000
-4.2000000000
-3.7667000000
-6.1000000000
-3.3000000000
-3.7500000000
-2.0667000000
-3.3167000000
-2.7333000000
-4.2500000000
-2.8000000000
-3.5000000000
-2.6167000000
-4.4333000000
-4.5000000000
-2.5667000000
-2.2667000000
3.5000000000
-1.9833000000
-3.1000000000
0.7166700000
-1.4167000000
-1.0167000000
-2.8500000000
-3.0333000000
-2.9167000000
-3.2167000000
-2.3167000000
-1.2000000000
-0.5666700000
-2.2833000000
-3.4500000000
-3.3500000000
-3.0000000000
-1.3333000000
-1.6833000000
-3.6667000000
-1.1333000000
-2.3833000000
13.1670000000
20.3330000000
-2.7333000000
-3.7833000000
-3.8333000000
-4.4000000000
-3.6167000000
-3.2667000000
-1.5333000000
-1.8333000000
-2.5167000000
-2.3333000000
-2.1833000000
-2.8333000000
-3.4833000000
-2.9000000000
-4.7500000000
-1.4833000000
2.0667000000
-0.5000000000
6.8167000000
-0.3166700000
6.4500000000
10.0000000000
4.8000000000
-0.1833300000
4.7167000000
5.6333000000
0.0166670000
18.7670000000
19.9830000000
3.4000000000
9.7143000000
