-1.5800000000
4.4200000000
7.0000000000
3.5800000000
-2.4200000000
-0.1600000000
3.5800000000
4.7400000000
2.1600000000
-1.5800000000
0.4200000000
3.0000000000
3.5800000000
1.5800000000
-1.0000000000
0.4200000000
2.4200000000
3.0000000000
1.5800000000
-0.4200000000
-0.1600000000
1.5800000000
2.7400000000
2.1600000000
0.4200000000
-0.7400000000
1.3200000000
3.0600000000
2.7400000000
0.6800000000
-1.0600000000
1.3800000000
3.4400000000
3.0600000000
0.6200000000
-1.4400000000
1.8200000000
4.2600000000
3.4400000000
0.1800000000
-2.2600000000
3.0800000000
6.3400000000
4.2600000000
-1.0800000000
-2.1800000000
4.2600000000
7.4400000000
4.1800000000
-2.2600000000
-0.9200000000
4.1800000000
6.1000000000
2.9200000000
-2.1800000000
0.2600000000
3.4400000000
4.1800000000
1.7400000000
-1.4400000000
0.7000000000
3.1400000000
3.4400000000
1.3000000000
-1.1400000000
0.8400000000
2.9800000000
3.1400000000
1.1600000000
-0.9800000000
0.8200000000
2.8000000000
2.9800000000
1.1800000000
-0.8000000000
0.6200000000
2.4200000000
2.8000000000
1.3800000000
-0.4200000000
0.0400000000
1.4600000000
2.4200000000
1.9600000000
0.5400000000
-0.4200000000
0.8800000000
2.3000000000
2.4200000000
1.1200000000
-0.3000000000
0.1800000000
1.4800000000
2.3000000000
1.8200000000
0.5200000000
-0.3000000000
0.7800000000
2.0800000000
2.3000000000
1.2200000000
-0.0799990000
-0.1400000000
1.2200000000
2.3600000000
2.1400000000
0.7800000000
-0.3600000000
0.5800000000
1.9400000000
2.3600000000
1.4200000000
0.0599960000
-0.3600000000
1.3000000000
2.6600000000
2.3600000000
0.6999900000
-0.6600100000
0.9600100000
2.6200000000
2.6600000000
1.0400000000
-0.6200200000
0.5800300000
2.2001000000
2.6200000000
1.4200000000
-0.2000500000
-0.2199200000
1.4200000000
2.6399000000
2.2199000000
0.5800300000
-0.6398900000
1.0599000000
2.6997000000
2.6399000000
0.9401500000
-0.6997400000
0.7595900000
2.4593000000
2.6997000000
1.2404000000
-0.4593300000
0.2189300000
1.6783000000
2.4593000000
1.7811000000
0.3217400000
-0.4593300000
1.1376000000
2.5969000000
2.4593000000
0.8624100000
-0.5969200000
0.7345100000
2.3314000000
2.5969000000
1.2655000000
-0.3314300000
0.0659450000
1.3974000000
2.3314000000
1.9341000000
0.6026200000
-0.3314300000
0.7288100000
2.0602000000
2.3314000000
1.2712000000
-0.0602460000
-0.2109400000
1.2712000000
2.4821000000
2.2109000000
0.7288100000
-0.4821300000
0.7533200000
2.2354000000
2.4821000000
1.2467000000
-0.2354400000
-0.0112420000
1.2467000000
2.2579000000
2.0112000000
0.7533200000
-0.2579300000
0.5046100000
1.7625000000
2.2579000000
1.4954000000
0.2374600000
-0.2579300000
1.0205000000
2.2784000000
2.2579000000
0.9795400000
-0.2783900000
0.2988500000
1.5772000000
2.2784000000
1.7011000000
0.4227600000
-0.2783900000
0.8556300000
2.1340000000
2.2784000000
1.1444000000
-0.1340200000
-0.0103440000
1.1444000000
2.1547000000
2.0103000000
0.8556300000
-0.1547100000
0.2990800000
1.4538000000
2.1547000000
1.7009000000
0.5462100000
-0.1547100000
0.6085000000
1.7632000000
2.1547000000
1.3915000000
0.2367900000
-0.1547100000
0.9179200000
2.0726000000
2.1547000000
1.0821000000
-0.0726320000
-0.0094477000
1.0821000000
2.0915000000
2.0094000000
0.9179200000
-0.0915270000
0.1736100000
1.2651000000
2.0915000000
1.8264000000
0.7348700000
-0.0915270000
0.3566600000
1.4482000000
2.0915000000
1.6433000000
0.5518100000
-0.0915270000
0.5397100000
1.6312000000
2.0915000000
1.4603000000
0.3687600000
-0.0915270000
0.7227700000
1.8143000000
2.0915000000
1.2772000000
0.1857100000
-0.0915270000
0.9058200000
1.9973000000
2.0915000000
1.0942000000
0.0026519000
-0.0915270000
1.0889000000
2.1804000000
2.0915000000
0.9111300000
-0.1804000000
0.2692800000
1.4497000000
2.1804000000
1.7307000000
0.5503200000
-0.1804000000
0.6300800000
1.8105000000
2.1804000000
1.3699000000
0.1895200000
-0.1804000000
0.9908800000
2.1713000000
2.1804000000
1.0091000000
-0.1712900000
0.1621700000
1.3335000000
2.1713000000
1.8378000000
0.6665400000
-0.1712900000
0.5047400000
1.6760000000
2.1713000000
1.4953000000
0.3239700000
-0.1712900000
0.8473200000
2.0186000000
2.1713000000
1.1527000000
-0.0186020000
-0.1340800000
1.1527000000
2.2868000000
2.1341000000
0.8473200000
-0.2867700000
0.4394500000
1.7262000000
2.2868000000
1.5605000000
0.2737800000
-0.2867700000
1.0130000000
2.2998000000
2.2868000000
0.9870100000
-0.2997600000
0.3127400000
1.6125000000
2.2998000000
1.6873000000
0.3875000000
-0.2997600000
0.9122500000
2.2120000000
2.2998000000
1.0877000000
-0.2120100000
0.1242600000
1.3363000000
2.2120000000
1.8757000000
0.6637300000
-0.2120100000
0.5482800000
1.7603000000
2.2120000000
1.4517000000
0.2397100000
-0.2120100000
0.9723000000
2.1843000000
2.2120000000
1.0277000000
-0.1843100000
0.1566100000
1.3409000000
2.1843000000
1.8434000000
0.6590900000
-0.1843100000
0.5252200000
1.7095000000
2.1843000000
1.4748000000
0.2904700000
-0.1843100000
0.8938400000
2.0781000000
2.1843000000
1.1062000000
-0.0781460000
-0.0280170000
1.1062000000
2.1342000000
2.0280000000
0.8938400000
-0.1341800000
0.2403400000
1.3745000000
2.1342000000
1.7597000000
0.6254800000
-0.1341800000
0.5087000000
1.6429000000
2.1342000000
1.4913000000
0.3571200000
-0.1341800000
0.7770600000
1.9112000000
2.1342000000
1.2229000000
0.0887640000
-0.1341800000
1.0454000000
2.1796000000
2.1342000000
0.9545900000
-0.1795900000
0.2250100000
1.4046000000
2.1796000000
1.7750000000
0.5954000000
-0.1795900000
0.5842000000
1.7638000000
2.1796000000
1.4158000000
0.2362100000
-0.1795900000
0.9433800000
2.1230000000
2.1796000000
1.0566000000
-0.1229800000
0.0663600000
1.1893000000
2.1230000000
1.9336000000
0.8106600000
-0.1229800000
0.3123100000
1.4353000000
2.1230000000
1.6877000000
0.5647100000
-0.1229800000
0.5582700000
1.6812000000
2.1230000000
1.4417000000
0.3187600000
-0.1229800000
0.8042200000
1.9272000000
2.1230000000
1.1958000000
0.0728030000
-0.1229800000
1.0502000000
2.1732000000
2.1230000000
0.9498300000
-0.1731500000
0.2233200000
1.3965000000
2.1732000000
1.7767000000
0.6035200000
-0.1731500000
0.5696300000
1.7428000000
2.1732000000
1.4304000000
0.2572200000
-0.1731500000
0.9159300000
2.0891000000
2.1732000000
1.0841000000
-0.0890780000
0.0050053000
1.0941000000
2.0891000000
1.9950000000
0.9059200000
-0.0890780000
0.1831600000
1.2722000000
2.0891000000
1.8168000000
0.7277600000
-0.0890780000
0.3613200000
1.4504000000
2.0891000000
1.6387000000
0.5496000000
-0.0890780000
0.5394700000
1.6286000000
2.0891000000
1.4605000000
0.3714500000
-0.0890780000
0.7176300000
1.8067000000
2.0891000000
1.2824000000
0.1932900000
-0.0890780000
0.8957900000
1.9849000000
2.0891000000
1.1042000000
0.0151370000
-0.0890780000
1.0739000000
2.1630000000
2.0891000000
0.9260600000
-0.1630200000
0.2369600000
1.4000000000
2.1630000000
1.7630000000
0.6000200000
-0.1630200000
0.5630000000
1.7260000000
2.1630000000
1.4370000000
0.2739800000
-0.1630200000
0.8890400000
2.0521000000
2.1630000000
1.1110000000
-0.0520550000
-0.0589090000
1.1110000000
2.1699000000
2.0589000000
0.8890400000
-0.1698700000
0.2808400000
1.4507000000
2.1699000000
1.7192000000
0.5492900000
-0.1698700000
0.6205800000
1.7905000000
2.1699000000
1.3794000000
0.2095500000
-0.1698700000
0.9603300000
2.1302000000
2.1699000000
1.0397000000
-0.1302000000
0.0905250000
1.2207000000
2.1302000000
1.9095000000
0.7792800000
-0.1302000000
0.3509200000
1.4811000000
2.1302000000
1.6491000000
0.5188800000
-0.1302000000
0.6113200000
1.7415000000
2.1302000000
1.3887000000
0.2584800000
-0.1302000000
0.8717200000
2.0019000000
2.1302000000
1.1283000000
-0.0019139000
-0.1263700000
1.1283000000
2.2547000000
2.1264000000
0.8717200000
-0.2546600000
0.3829400000
1.6376000000
2.2547000000
1.6171000000
0.3624000000
-0.2546600000
0.8922500000
2.1469000000
2.2547000000
1.1077000000
-0.1469100000
0.0391570000
1.1861000000
2.1469000000
1.9608000000
0.8139400000
-0.1469100000
0.3329700000
1.4799000000
2.1469000000
1.6670000000
0.5201300000
-0.1469100000
0.6267800000
1.7737000000
2.1469000000
1.3732000000
0.2263100000
-0.1469100000
0.9205900000
2.0675000000
2.1469000000
1.0794000000
-0.0674980000
-0.0119100000
1.0794000000
2.0913000000
2.0119000000
0.9205900000
-0.0913180000
0.1707300000
1.2620000000
2.0913000000
1.8293000000
0.7379600000
-0.0913180000
0.3533600000
1.4447000000
2.0913000000
1.6466000000
0.5553200000
-0.0913180000
0.5360000000
1.6273000000
2.0913000000
1.4640000000
0.3726900000
-0.0913180000
0.7186300000
1.8099000000
2.0913000000
1.2814000000
0.1900500000
-0.0913180000
0.9012700000
1.9926000000
2.0913000000
1.0987000000
0.0074146000
-0.0913180000
1.0839000000
2.1752000000
2.0913000000
0.9161000000
-0.1752200000
0.2591200000
1.4343000000
2.1752000000
1.7409000000
0.5656600000
-0.1752200000
0.6095700000
1.7848000000
2.1752000000
1.3904000000
0.2152100000
-0.1752200000
0.9600100000
2.1352000000
2.1752000000
1.0400000000
-0.1352300000
0.0952360000
1.2305000000
2.1352000000
1.9048000000
0.7695400000
-0.1352300000
0.3656900000
1.5009000000
2.1352000000
1.6343000000
0.4990800000
-0.1352300000
0.6361500000
1.7714000000
2.1352000000
1.3639000000
0.2286200000
-0.1352300000
0.9066100000
2.0418000000
2.1352000000
1.0934000000
-0.0418350000
-0.0515590000
1.0934000000
2.1450000000
2.0516000000
0.9066100000
-0.1449500000
0.2383500000
1.3833000000
2.1450000000
1.7617000000
0.6167000000
-0.1449500000
0.5282500000
1.6732000000
2.1450000000
1.4717000000
0.3268000000
-0.1449500000
0.8181600000
1.9631000000
2.1450000000
1.1818000000
0.0368900000
-0.1449500000
1.1081000000
2.2530000000
2.1450000000
0.8919400000
-0.2530200000
0.3610800000
1.6141000000
2.2530000000
1.6389000000
0.3859100000
-0.2530200000
0.8671100000
2.1201000000
2.2530000000
1.1329000000
-0.1201200000
-0.0127690000
1.1329000000
2.1457000000
2.0128000000
0.8671100000
-0.1456600000
0.2785500000
1.4242000000
2.1457000000
1.7214000000
0.5757900000
-0.1456600000
0.5698700000
1.7155000000
2.1457000000
1.4301000000
0.2844700000
-0.1456600000
0.8612000000
2.0069000000
2.1457000000
1.1388000000
-0.0068560000
-0.1319500000
1.1388000000
2.2708000000
2.1319000000
0.8612000000
-0.2707500000
0.4095600000
1.6803000000
2.2708000000
1.5904000000
0.3196900000
-0.2707500000
0.9510600000
2.2218000000
2.2708000000
1.0489000000
-0.2218200000
0.1728800000
1.3947000000
2.2218000000
1.8271000000
0.6053000000
-0.2218200000
0.6165200000
1.8383000000
2.2218000000
1.3835000000
0.1616600000
-0.2218200000
1.0602000000
2.2820000000
2.2218000000
0.9398500000
-0.2819700000
0.3421200000
1.6241000000
2.2820000000
1.6579000000
0.3759000000
-0.2819700000
0.9060700000
2.1880000000
2.2820000000
1.0939000000
-0.1880400000
0.0941030000
1.2821000000
2.1880000000
1.9059000000
0.7178600000
-0.1880400000
0.4701800000
1.6582000000
2.1880000000
1.5298000000
0.3417900000
-0.1880400000
0.8462500000
2.0343000000
2.1880000000
1.1537000000
-0.0342890000
-0.1194600000
1.1537000000
2.2732000000
2.1195000000
0.8462500000
-0.2732100000
0.4269600000
1.7002000000
2.2732000000
1.5730000000
0.2998400000
-0.2732100000
0.9733700000
2.2466000000
2.2732000000
1.0266000000
-0.2465800000
0.2199500000
1.4665000000
2.2466000000
1.7800000000
0.5334700000
-0.2465800000
0.7131200000
1.9597000000
2.2466000000
1.2869000000
0.0403030000
-0.2465800000
1.2063000000
2.4529000000
2.2466000000
0.7937200000
-0.4528600000
0.6591400000
2.1120000000
2.4529000000
1.3409000000
-0.1120000000
-0.2288700000
1.3409000000
2.5697000000
2.2289000000
0.6591400000
-0.5697300000
0.9105900000
2.4803000000
2.5697000000
1.0894000000
-0.4803200000
0.3909200000
1.8712000000
2.4803000000
1.6091000000
0.1287600000
-0.4803200000
1.3516000000
2.8319000000
2.4803000000
0.6484400000
-0.8318900000
1.1835000000
3.0153000000
2.8319000000
0.8165500000
-1.0153000000
1.1988000000
3.2141000000
3.0153000000
0.8012100000
-1.2141000000
1.4129000000
3.6271000000
3.2141000000
0.5870800000
-1.6271000000
2.0400000000
4.6670000000
3.6271000000
-0.0399770000
-2.5871000000
3.6271000000
7.2141000000
4.5871000000
-1.6271000000
-1.9600000000
4.5871000000
7.5471000000
3.9600000000
-2.5871000000
-0.3729500000
3.9600000000
5.3330000000
2.3729000000
-1.9600000000
0.5870800000
3.5471000000
3.9600000000
1.4129000000
-1.5471000000
1.1342000000
3.6813000000
3.5471000000
0.8658200000
-1.6813000000
1.8155000000
4.4967000000
3.6813000000
0.1845500000
-2.4967000000
3.3122000000
6.8089000000
4.4967000000
-1.3122000000
-2.1845000000
4.4967000000
7.6813000000
4.1845000000
-2.4967000000
-0.6878200000
4.1845000000
5.8724000000
2.6878000000
-2.1845000000
0.4967300000
3.6813000000
4.1845000000
1.5033000000
-1.6813000000
1.1780000000
3.8593000000
3.6813000000
0.8219900000
-1.8593000000
2.0373000000
4.8966000000
3.8593000000
-0.0372880000
-2.8220000000
3.8593000000
7.6813000000
4.8220000000
-1.8593000000
-1.9627000000
4.8220000000
7.7847000000
3.9627000000
-2.8220000000
-0.1407200000
3.9627000000
5.1034000000
2.1407000000
-1.9627000000
0.8219900000
3.7847000000
3.9627000000
1.1780000000
-1.7847000000
1.6067000000
4.3914000000
3.7847000000
0.3933000000
-2.3914000000
2.9981000000
6.3895000000
4.3914000000
-0.9981100000
-2.3933000000
4.3914000000
7.7847000000
4.3933000000
-2.3914000000
-1.0019000000
4.3933000000
6.3952000000
3.0019000000
-2.3933000000
0.3914100000
3.7847000000
4.3933000000
1.6086000000
-1.7847000000
1.1761000000
3.9608000000
3.7847000000
0.8238900000
-1.9608000000
2.1369000000
5.0978000000
3.9608000000
-0.1369300000
-2.8239000000
3.9608000000
7.7847000000
4.8239000000
-1.9608000000
-1.8631000000
4.8239000000
7.6870000000
3.8631000000
-2.8239000000
-0.0391790000
3.8631000000
4.9022000000
2.0392000000
-1.8631000000
0.8238900000
3.6870000000
3.8631000000
1.1761000000
-1.6870000000
1.5108000000
4.1978000000
3.6870000000
0.4891600000
-2.1978000000
2.7086000000
5.9064000000
4.1978000000
-0.7086200000
-2.4892000000
4.1978000000
7.6870000000
4.4892000000
-2.1978000000
-1.2914000000
4.4892000000
6.7805000000
3.2914000000
-2.4892000000
0.1977900000
3.6870000000
4.4892000000
1.8022000000
-1.6870000000
0.8847400000
3.5717000000
3.6870000000
1.1153000000
-1.5717000000
1.4564000000
4.0281000000
3.5717000000
0.5435700000
-2.0281000000
2.4845000000
5.5127000000
4.0281000000
-0.4845500000
-2.5436000000
4.0281000000
7.5717000000
4.5436000000
-2.0281000000
-1.5155000000
4.5436000000
7.0590000000
3.5155000000
-2.5436000000
0.0281180000
3.5717000000
4.5436000000
1.9719000000
-1.5717000000
0.5998100000
3.1715000000
3.5717000000
1.4002000000
-1.1715000000
0.7713100000
2.9428000000
3.1715000000
1.2287000000
-0.9428000000
0.7141100000
2.6569000000
2.9428000000
1.2859000000
-0.6569100000
0.3710200000
2.0279000000
2.6569000000
1.6290000000
-0.0279390000
-0.6010400000
1.6290000000
3.2300000000
2.6010000000
0.3710200000
-1.2300000000
1.8590000000
4.0890000000
3.2300000000
0.1410100000
-2.0890000000
2.9480000000
6.0370000000
4.0890000000
-0.9479900000
-2.1410000000
4.0890000000
7.2300000000
4.1410000000
-2.0890000000
-1.0520000000
4.1410000000
6.1930000000
3.0520000000
-2.1410000000
0.0890000000
3.2300000000
4.1410000000
1.9110000000
-1.2300000000
0.3190100000
2.5490000000
3.2300000000
1.6810000000
-0.5490200000
-0.1319600000
1.6810000000
2.8129000000
2.1320000000
0.3190100000
-0.8129500000
1.4939000000
3.3069000000
2.8129000000
0.5060600000
-1.3069000000
1.8008000000
4.1077000000
3.3069000000
0.1991800000
-2.1077000000
2.9085000000
6.0162000000
4.1077000000
-0.9085300000
-2.1992000000
4.1077000000
7.3069000000
4.1992000000
-2.1077000000
-1.0915000000
4.1992000000
6.2906000000
3.0915000000
-2.1992000000
0.1077100000
3.3069000000
4.1992000000
1.8923000000
-1.3069000000
0.4146000000
2.7215000000
3.3069000000
1.5854000000
-0.7214800000
0.1360800000
1.8576000000
2.7215000000
1.8639000000
0.1424300000
-0.7214800000
1.5791000000
3.3005000000
2.7215000000
0.4209500000
-1.3005000000
1.8796000000
4.1801000000
3.3005000000
0.1204100000
-2.1801000000
3.0597000000
6.2398000000
4.1801000000
-1.0597000000
-2.1204000000
4.1801000000
7.3005000000
4.1204000000
-2.1801000000
-0.9402900000
4.1204000000
6.0607000000
2.9403000000
-2.1204000000
0.1801200000
3.3005000000
4.1204000000
1.8199000000
-1.3005000000
0.4806600000
2.7812000000
3.3005000000
1.5193000000
-0.7812000000
0.2618600000
2.0431000000
2.7812000000
1.7381000000
-0.0430510000
-0.6950900000
1.7381000000
3.4332000000
2.6951000000
0.2618600000
-1.4332000000
2.1714000000
4.6046000000
3.4332000000
-0.1713800000
-2.2619000000
3.4332000000
6.6951000000
4.2619000000
-1.4332000000
-1.8286000000
4.2619000000
7.0905000000
3.8286000000
-2.2619000000
-0.5667600000
3.8286000000
5.3954000000
2.5668000000
-1.8286000000
0.2618600000
3.0905000000
3.8286000000
1.7381000000
-1.0905000000
0.3523300000
2.4428000000
3.0905000000
1.6477000000
-0.4428000000
-0.2048700000
1.6477000000
2.8525000000
2.2049000000
0.3523300000
-0.8525400000
1.5002000000
3.3528000000
2.8525000000
0.4997900000
-1.3528000000
1.8530000000
4.2057000000
3.3528000000
0.1470300000
-2.2057000000
3.0587000000
6.2644000000
4.2057000000
-1.0587000000
-2.1470000000
4.2057000000
7.3528000000
4.1470000000
-2.2057000000
-0.9413000000
4.1470000000
6.0883000000
2.9413000000
-2.1470000000
0.2057300000
3.3528000000
4.1470000000
1.7943000000
-1.3528000000
0.5584900000
2.9112000000
3.3528000000
1.4415000000
-0.9112400000
0.4697300000
2.3810000000
2.9112000000
1.5303000000
-0.3809800000
-0.1492900000
1.5303000000
2.6796000000
2.1493000000
0.4697300000
-0.6795600000
1.2098000000
2.8894000000
2.6796000000
0.7901700000
-0.8893900000
1.0992000000
2.9886000000
2.8894000000
0.9007800000
-0.9886100000
1.0878000000
3.0764000000
2.9886000000
0.9121700000
-1.0764000000
1.1643000000
3.2407000000
3.0764000000
0.8357400000
-1.2407000000
1.4049000000
3.6456000000
3.2407000000
0.5950500000
-1.6456000000
2.0506000000
4.6962000000
3.6456000000
-0.0505910000
-2.5951000000
3.6456000000
7.2407000000
4.5951000000
-1.6456000000
-1.9494000000
4.5951000000
7.5445000000
3.9494000000
-2.5951000000
-0.3543600000
3.9494000000
5.3038000000
2.3544000000
-1.9494000000
0.5950500000
3.5445000000
3.9494000000
1.4049000000
-1.5445000000
1.1395000000
3.6840000000
3.5445000000
0.8604900000
-1.6840000000
1.8235000000
4.5074000000
3.6840000000
0.1765200000
-2.5074000000
3.3309000000
6.8384000000
4.5074000000
-1.3309000000
-2.1765000000
4.5074000000
7.6840000000
4.1765000000
-2.5074000000
-0.6690800000
4.1765000000
5.8456000000
2.6691000000
-2.1765000000
0.5074400000
3.6840000000
4.1765000000
1.4926000000
-1.6840000000
1.1914000000
3.8754000000
3.6840000000
0.8085900000
-1.8754000000
2.0668000000
4.9422000000
3.8754000000
-0.0667880000
-2.8086000000
3.8754000000
7.6840000000
4.8086000000
-1.8754000000
-1.9332000000
4.8086000000
7.7418000000
3.9332000000
-2.8086000000
-0.1246200000
3.9332000000
5.0578000000
2.1246000000
-1.9332000000
0.8085900000
3.7418000000
3.9332000000
1.1914000000
-1.7418000000
1.5504000000
4.2922000000
3.7418000000
0.4496100000
-2.2922000000
2.8426000000
6.1348000000
4.2922000000
-0.8425900000
-2.4496000000
4.2922000000
7.7418000000
4.4496000000
-2.2922000000
-1.1574000000
4.4496000000
6.6070000000
3.1574000000
-2.4496000000
0.2921900000
3.7418000000
4.4496000000
1.7078000000
-1.7418000000
1.0340000000
3.7758000000
3.7418000000
0.9660000000
-1.7758000000
1.8098000000
4.5856000000
3.7758000000
0.1902100000
-2.5856000000
3.3954000000
6.9810000000
4.5856000000
-1.3954000000
-2.1902000000
4.5856000000
7.7758000000
4.1902000000
-2.5856000000
-0.6046100000
4.1902000000
5.7948000000
2.6046000000
-2.1902000000
0.5855900000
3.7758000000
4.1902000000
1.4144000000
-1.7758000000
1.3614000000
4.1372000000
3.7758000000
0.6386100000
-2.1372000000
2.4986000000
5.6358000000
4.1372000000
-0.4985800000
-2.6386000000
4.1372000000
7.7758000000
4.6386000000
-2.1372000000
-1.5014000000
4.6386000000
7.1400000000
3.5014000000
-2.6386000000
0.1371900000
3.7758000000
4.6386000000
1.8628000000
-1.7758000000
0.9129900000
3.6888000000
3.7758000000
1.0870000000
-1.6888000000
1.6018000000
4.2906000000
3.6888000000
0.3982300000
-2.2906000000
2.8923000000
6.1829000000
4.2906000000
-0.8923300000
-2.3982000000
4.2906000000
7.6888000000
4.3982000000
-2.2906000000
-1.1077000000
4.3982000000
6.5059000000
3.1077000000
-2.3982000000
0.2905500000
3.6888000000
4.3982000000
1.7094000000
-1.6888000000
0.9793400000
3.6681000000
3.6888000000
1.0207000000
-1.6681000000
1.6475000000
4.3156000000
3.6681000000
0.3525400000
-2.3156000000
2.9630000000
6.2786000000
4.3156000000
-0.9630500000
-2.3525000000
4.3156000000
7.6681000000
4.3525000000
-2.3156000000
-1.0370000000
4.3525000000
6.3895000000
3.0370000000
-2.3525000000
0.3155900000
3.6681000000
4.3525000000
1.6844000000
-1.6681000000
0.9837100000
3.6518000000
3.6681000000
1.0163000000
-1.6518000000
1.6355000000
4.2874000000
3.6518000000
0.3644600000
-2.2874000000
2.9229000000
6.2103000000
4.2874000000
-0.9229200000
-2.3645000000
4.2874000000
7.6518000000
4.3645000000
-2.2874000000
-1.0771000000
4.3645000000
6.4415000000
3.0771000000
-2.3645000000
0.2873800000
3.6518000000
4.3645000000
1.7126000000
-1.6518000000
0.9392100000
3.5910000000
3.6518000000
1.0608000000
-1.5910000000
1.5303000000
4.1213000000
3.5910000000
0.4697400000
-2.1213000000
2.6516000000
5.7729000000
4.1213000000
-0.6515700000
-2.4697000000
4.1213000000
7.5910000000
4.4697000000
-2.1213000000
-1.3484000000
4.4697000000
6.8182000000
3.3484000000
-2.4697000000
0.1213100000
3.5910000000
4.4697000000
1.8787000000
-1.5910000000
0.7123500000
3.3034000000
3.5910000000
1.2876000000
-1.3034000000
1.0158000000
3.3192000000
3.3034000000
0.9842500000
-1.3192000000
1.3349000000
3.6541000000
3.3192000000
0.6650900000
-1.6541000000
1.9890000000
4.6430000000
3.6541000000
0.0110300000
-2.6430000000
3.6320000000
7.2750000000
4.6430000000
-1.6320000000
-2.0110000000
4.6430000000
7.6541000000
4.0110000000
-2.6430000000
-0.3680000000
4.0110000000
5.3790000000
2.3680000000
-2.0110000000
0.6430300000
3.6541000000
4.0110000000
1.3570000000
-1.6541000000
1.2971000000
3.9512000000
3.6541000000
0.7029000000
-1.9512000000
2.2483000000
5.1994000000
3.9512000000
-0.2482500000
-2.7029000000
3.9512000000
7.6541000000
4.7029000000
-1.9512000000
-1.7517000000
4.7029000000
7.4547000000
3.7517000000
-2.7029000000
-0.0488430000
3.7517000000
4.8006000000
2.0488000000
-1.7517000000
0.7029000000
3.4547000000
3.7517000000
1.2971000000
-1.4547000000
1.1576000000
3.6122000000
3.4547000000
0.8424400000
-1.6122000000
1.7698000000
4.3820000000
3.6122000000
0.2302300000
-2.3820000000
3.1517000000
6.5337000000
4.3820000000
-1.1517000000
-2.2302000000
4.3820000000
7.6122000000
4.2302000000
-2.3820000000
-0.8482500000
4.2302000000
6.0785000000
2.8483000000
-2.2302000000
0.3819800000
3.6122000000
4.2302000000
1.6180000000
-1.6122000000
0.9941900000
3.6064000000
3.6122000000
1.0058000000
-1.6064000000
1.6006000000
4.2070000000
3.6064000000
0.3994100000
-2.2070000000
2.8076000000
6.0146000000
4.2070000000
-0.8075700000
-2.3994000000
4.2070000000
7.6064000000
4.3994000000
-2.2070000000
-1.1924000000
4.3994000000
6.5918000000
3.1924000000
-2.3994000000
0.2069800000
3.6064000000
4.3994000000
1.7930000000
-1.6064000000
0.8133800000
3.4198000000
3.6064000000
1.1866000000
-1.4198000000
1.2332000000
3.6529000000
3.4198000000
0.7668400000
-1.6529000000
1.8861000000
4.5390000000
3.6529000000
0.1139000000
-2.5390000000
3.4251000000
6.9642000000
4.5390000000
-1.4251000000
-2.1139000000
4.5390000000
7.6529000000
4.1139000000
-2.5390000000
-0.5748700000
4.1139000000
5.6888000000
2.5749000000
-2.1139000000
0.5390300000
3.6529000000
4.1139000000
1.4610000000
-1.6529000000
1.1920000000
3.8449000000
3.6529000000
0.8080300000
-1.8449000000
2.0369000000
4.8818000000
3.8449000000
-0.0368790000
-2.8080000000
3.8449000000
7.6529000000
4.8080000000
-1.8449000000
-1.9631000000
4.8080000000
7.7712000000
3.9631000000
-2.8080000000
-0.1550900000
3.9631000000
5.1182000000
2.1551000000
-1.9631000000
0.8080300000
3.7712000000
3.9631000000
1.1920000000
-1.7712000000
1.5792000000
4.3503000000
3.7712000000
0.4208200000
-2.3503000000
2.9295000000
6.2798000000
4.3503000000
-0.9295100000
-2.4208000000
4.3503000000
7.7712000000
4.4208000000
-2.3503000000
-1.0705000000
4.4208000000
6.4913000000
3.0705000000
-2.4208000000
0.3503300000
3.7712000000
4.4208000000
1.6497000000
-1.7712000000
1.1215000000
3.8926000000
3.7712000000
0.8785200000
-1.8926000000
2.0141000000
4.9067000000
3.8926000000
-0.0141110000
-2.8785000000
3.8926000000
7.7712000000
4.8785000000
-1.8926000000
-1.9859000000
4.8785000000
7.8644000000
3.9859000000
-2.8785000000
-0.1073700000
3.9859000000
5.0933000000
2.1074000000
-1.9859000000
0.8785200000
3.8644000000
3.9859000000
1.1215000000
-1.8644000000
1.7429000000
4.6073000000
3.8644000000
0.2570700000
-2.6073000000
3.3503000000
6.9576000000
4.6073000000
-1.3503000000
-2.2571000000
4.6073000000
7.8644000000
4.2571000000
-2.6073000000
-0.6497300000
4.2571000000
5.9068000000
2.6497000000
-2.2571000000
0.6073400000
3.8644000000
4.2571000000
1.3927000000
-1.8644000000
1.4717000000
4.3362000000
3.8644000000
0.5282500000
-2.3362000000
2.8079000000
6.1441000000
4.3362000000
-0.8079000000
-2.5283000000
4.3362000000
7.8644000000
4.5283000000
-2.3362000000
-1.1921000000
4.5283000000
6.7204000000
3.1921000000
-2.5283000000
0.3361500000
3.8644000000
4.5283000000
1.6638000000
-1.8644000000
1.2006000000
4.0650000000
3.8644000000
0.7994400000
-2.0650000000
2.2655000000
5.3305000000
4.0650000000
-0.2655400000
-2.7994000000
4.0650000000
7.8644000000
4.7994000000
-2.0650000000
-1.7345000000
4.7994000000
7.5339000000
3.7345000000
-2.7994000000
0.0649720000
3.8644000000
4.7994000000
1.9350000000
-1.8644000000
0.9293800000
3.7938000000
3.8644000000
1.0706000000
-1.7938000000
1.7232000000
4.5170000000
3.7938000000
0.2768300000
-2.5170000000
3.2401000000
6.7571000000
4.5170000000
-1.2401000000
-2.2768000000
4.5170000000
7.7938000000
4.2768000000
-2.5170000000
-0.7598700000
4.2768000000
6.0367000000
2.7599000000
-2.2768000000
0.5169600000
3.7938000000
4.2768000000
1.4830000000
-1.7938000000
1.3107000000
4.1045000000
3.7938000000
0.6892500000
-2.1045000000
2.4153000000
5.5198000000
4.1045000000
-0.4152900000
-2.6893000000
4.1045000000
7.7938000000
4.6893000000
-2.1045000000
-1.5847000000
4.6893000000
7.2740000000
3.5847000000
-2.6893000000
0.1045400000
3.7938000000
4.6893000000
1.8955000000
-1.7938000000
0.8983300000
3.6921000000
3.7938000000
1.1017000000
-1.6921000000
1.5904000000
4.2826000000
3.6921000000
0.4095500000
-2.2826000000
2.8730000000
6.1556000000
4.2826000000
-0.8730100000
-2.4096000000
4.2826000000
7.6921000000
4.4096000000
-2.2826000000
-1.1270000000
4.4096000000
6.5365000000
3.1270000000
-2.4096000000
0.2825700000
3.6921000000
4.4096000000
1.7174000000
-1.6921000000
0.9746800000
3.6668000000
3.6921000000
1.0253000000
-1.6668000000
1.6415000000
4.3083000000
3.6668000000
0.3585100000
-2.3083000000
2.9498000000
6.2581000000
4.3083000000
-0.9497800000
-2.3585000000
4.3083000000
7.6668000000
4.3585000000
-2.3083000000
-1.0502000000
4.3585000000
6.4087000000
3.0502000000
-2.3585000000
0.3082900000
3.6668000000
4.3585000000
1.6917000000
-1.6668000000
0.9750900000
3.6419000000
3.6668000000
1.0249000000
-1.6419000000
1.6170000000
4.2589000000
3.6419000000
0.3830100000
-2.2589000000
2.8759000000
6.1347000000
4.2589000000
-0.8758600000
-2.3830000000
4.2589000000
7.6419000000
4.3830000000
-2.2589000000
-1.1241000000
4.3830000000
6.5072000000
3.1241000000
-2.3830000000
0.2588800000
3.6419000000
4.3830000000
1.7411000000
-1.6419000000
0.9007700000
3.5427000000
3.6419000000
1.0992000000
-1.5427000000
1.4434000000
3.9861000000
3.5427000000
0.5565600000
-1.9861000000
2.4295000000
5.4156000000
3.9861000000
-0.4295400000
-2.5566000000
3.9861000000
7.5427000000
4.5566000000
-1.9861000000
-1.5705000000
4.5566000000
7.1270000000
3.5705000000
-2.5566000000
-0.0138950000
3.5705000000
4.5844000000
2.0139000000
-1.5705000000
0.5565600000
3.1270000000
3.5705000000
1.4434000000
-1.1270000000
0.6835800000
2.8106000000
3.1270000000
1.3164000000
-0.8106000000
0.4941700000
2.3048000000
2.8106000000
1.5058000000
-0.3047700000
-0.2010600000
1.5058000000
2.7069000000
2.2011000000
0.4941700000
-0.7068800000
1.2127000000
2.9196000000
2.7069000000
0.7872900000
-0.9195900000
1.1323000000
3.0519000000
2.9196000000
0.8677100000
-1.0519000000
1.1842000000
3.2361000000
3.0519000000
0.8158300000
-1.2361000000
1.4202000000
3.6563000000
3.2361000000
0.5797800000
-1.6563000000
2.0765000000
4.7328000000
3.6563000000
-0.0764970000
-2.5798000000
3.6563000000
7.2361000000
4.5798000000
-1.6563000000
-1.9235000000
4.5798000000
7.5033000000
3.9235000000
-2.5798000000
-0.3437300000
3.9235000000
5.2672000000
2.3437000000
-1.9235000000
0.5797800000
3.5033000000
3.9235000000
1.4202000000
-1.5033000000
1.0831000000
3.5863000000
3.5033000000
0.9169400000
-1.5863000000
1.6694000000
4.2557000000
3.5863000000
0.3306100000
-2.2557000000
2.9251000000
6.1809000000
4.2557000000
-0.9251300000
-2.3306000000
4.2557000000
7.5863000000
4.3306000000
-2.2557000000
-1.0749000000
4.3306000000
6.4055000000
3.0749000000
-2.3306000000
0.2557300000
3.5863000000
4.3306000000
1.7443000000
-1.5863000000
0.8420700000
3.4284000000
3.5863000000
1.1579000000
-1.4284000000
1.2705000000
3.6989000000
3.4284000000
0.7295200000
-1.6989000000
1.9694000000
4.6682000000
3.6989000000
0.0306370000
-2.6682000000
3.6376000000
7.3059000000
4.6682000000
-1.6376000000
-2.0306000000
4.6682000000
7.6989000000
4.0306000000
-2.6682000000
-0.3623900000
4.0306000000
5.3930000000
2.3624000000
-2.0306000000
0.6682500000
3.6989000000
4.0306000000
1.3318000000
-1.6989000000
1.3671000000
4.0660000000
3.6989000000
0.6328700000
-2.0660000000
2.4332000000
5.4992000000
4.0660000000
-0.4331500000
-2.6329000000
4.0660000000
7.6989000000
4.6329000000
-2.0660000000
-1.5668000000
4.6329000000
7.1997000000
3.5668000000
-2.6329000000
0.0660180000
3.6989000000
4.6329000000
1.9340000000
-1.6989000000
0.7649000000
3.4638000000
3.6989000000
1.2351000000
-1.4638000000
1.2287000000
3.6925000000
3.4638000000
0.7713100000
-1.6925000000
1.9212000000
4.6137000000
3.6925000000
0.0788280000
-2.6137000000
3.5348000000
7.1485000000
4.6137000000
-1.5348000000
-2.0788000000
4.6137000000
7.6925000000
4.0788000000
-2.6137000000
-0.4651800000
4.0788000000
5.5440000000
2.4652000000
-2.0788000000
0.6136500000
3.6925000000
4.0788000000
1.3863000000
-1.6925000000
1.3061000000
3.9986000000
3.6925000000
0.6938700000
-1.9986000000
2.3047000000
5.3034000000
3.9986000000
-0.3047500000
-2.6939000000
3.9986000000
7.6925000000
4.6939000000
-1.9986000000
-1.6953000000
4.6939000000
7.3891000000
3.6953000000
-2.6939000000
-0.0013865000
3.6953000000
4.6966000000
2.0014000000
-1.6953000000
0.6938700000
3.3891000000
3.6953000000
1.3061000000
-1.3891000000
1.0830000000
3.4721000000
3.3891000000
0.9170100000
-1.4721000000
1.5551000000
4.0272000000
3.4721000000
0.4449100000
-2.0272000000
2.5823000000
5.6095000000
4.0272000000
-0.5823000000
-2.4449000000
4.0272000000
7.4721000000
4.4449000000
-2.0272000000
-1.4177000000
4.4449000000
6.8626000000
3.4177000000
-2.4449000000
0.0272030000
3.4721000000
4.4449000000
1.9728000000
-1.4721000000
0.4993100000
2.9714000000
3.4721000000
1.5007000000
-0.9714200000
0.4707300000
2.4421000000
2.9714000000
1.5293000000
-0.4421500000
-0.0871270000
1.5293000000
2.6164000000
2.0871000000
0.4707300000
-0.6164000000
1.1457000000
2.7621000000
2.6164000000
0.8543300000
-0.7620700000
0.9077400000
2.6698000000
2.7621000000
1.0923000000
-0.6698100000
0.5775500000
2.2474000000
2.6698000000
1.4224000000
-0.2473600000
-0.1750900000
1.4224000000
2.5975000000
2.1751000000
0.5775500000
-0.5975400000
1.0200000000
2.6175000000
2.5975000000
0.9800100000
-0.6175300000
0.6375200000
2.2550000000
2.6175000000
1.3625000000
-0.2550500000
-0.1074300000
1.3625000000
2.4699000000
2.1074000000
0.6375200000
-0.4699200000
0.8324000000
2.3023000000
2.4699000000
1.1676000000
-0.3023100000
0.1347100000
1.4370000000
2.3023000000
1.8653000000
0.5629800000
-0.3023100000
0.7393300000
2.0416000000
2.3023000000
1.2607000000
-0.0416430000
-0.2190300000
1.2607000000
2.4797000000
2.2190000000
0.7393300000
-0.4796900000
0.7403600000
2.2201000000
2.4797000000
1.2596000000
-0.2200600000
-0.0395830000
1.2596000000
2.2992000000
2.0396000000
0.7403600000
-0.2992200000
0.5588600000
1.8581000000
2.2992000000
1.4411000000
0.1419200000
-0.2992200000
1.1573000000
2.4565000000
2.2992000000
0.8427000000
-0.4565200000
0.6138300000
2.0704000000
2.4565000000
1.3862000000
-0.0703500000
-0.3158200000
1.3862000000
2.7020000000
2.3158000000
0.6138300000
-0.7020000000
1.0882000000
2.7902000000
2.7020000000
0.9118300000
-0.7901700000
0.8783400000
2.6685000000
2.7902000000
1.1217000000
-0.6685100000
0.5468400000
2.2153000000
2.6685000000
1.4532000000
-0.2153500000
-0.2378100000
1.4532000000
2.6910000000
2.2378000000
0.5468400000
-0.6909600000
1.1441000000
2.8351000000
2.6910000000
0.8558800000
-0.8350800000
0.9792000000
2.8143000000
2.8351000000
1.0208000000
-0.8142800000
0.7934800000
2.6078000000
2.8143000000
1.2065000000
-0.6077600000
0.4012400000
2.0090000000
2.6078000000
1.5988000000
-0.0090070000
-0.5897500000
1.5988000000
3.1885000000
2.5897000000
0.4012400000
-1.1885000000
1.7873000000
3.9758000000
3.1885000000
0.2127400000
-1.9758000000
2.7630000000
5.7388000000
3.9758000000
-0.7630300000
-2.2127000000
3.9758000000
7.1885000000
4.2127000000
-1.9758000000
-1.2370000000
4.2127000000
6.4497000000
3.2370000000
-2.2127000000
-0.0242350000
3.2370000000
4.2612000000
2.0242000000
-1.2370000000
0.2127400000
2.4497000000
3.2370000000
1.7873000000
-0.4497100000
-0.3375500000
1.7873000000
3.1248000000
2.3375000000
0.2127400000
-1.1248000000
1.9121000000
4.0369000000
3.1248000000
0.0879320000
-2.0369000000
2.9489000000
5.9858000000
4.0369000000
-0.9489400000
-2.0879000000
4.0369000000
7.1248000000
4.0879000000
-2.0369000000
-1.0511000000
4.0879000000
6.1390000000
3.0511000000
-2.0879000000
0.0368750000
3.1248000000
4.0879000000
1.9631000000
-1.1248000000
0.1616800000
2.2865000000
3.1248000000
1.8383000000
-0.2864900000
-0.5518300000
1.8383000000
3.3901000000
2.5518000000
0.1616800000
-1.3901000000
2.2285000000
4.6186000000
3.3901000000
-0.2284700000
-2.1617000000
3.3901000000
6.5518000000
4.1617000000
-1.3901000000
-1.7715000000
4.1617000000
6.9332000000
3.7715000000
-2.1617000000
-0.6098500000
3.7715000000
5.3814000000
2.6099000000
-1.7715000000
0.1616800000
2.9332000000
3.7715000000
1.8383000000
-0.9332200000
0.0948970000
2.0281000000
2.9332000000
1.9051000000
-0.0281120000
-0.8769900000
1.9051000000
3.7821000000
2.8770000000
0.0948970000
-1.7821000000
2.6872000000
5.4693000000
3.7821000000
-0.6872000000
-2.0949000000
3.7821000000
6.8770000000
4.0949000000
-1.7821000000
-1.3128000000
4.0949000000
6.4077000000
3.3128000000
-2.0949000000
-0.2179100000
3.3128000000
4.5307000000
2.2179000000
-1.3128000000
0.0948970000
2.4077000000
3.3128000000
1.9051000000
-0.4077000000
-0.4974000000
1.9051000000
3.4025000000
2.4974000000
0.0948970000
-1.4025000000
2.3076000000
4.7101000000
3.4025000000
-0.3076100000
-2.0949000000
3.4025000000
6.4974000000
4.0949000000
-1.4025000000
-1.6924000000
4.0949000000
6.7873000000
3.6924000000
-2.0949000000
-0.5974900000
3.6924000000
5.2899000000
2.5975000000
-1.6924000000
0.0948970000
2.7873000000
3.6924000000
1.9051000000
-0.7872900000
-0.1178200000
1.9051000000
3.0229000000
2.1178000000
0.0948970000
-1.0229000000
1.9280000000
3.9509000000
3.0229000000
0.0719770000
-1.9509000000
2.8790000000
5.8299000000
3.9509000000
-0.8789700000
-2.0720000000
3.9509000000
7.0229000000
4.0720000000
-1.9509000000
-1.1210000000
4.0720000000
6.1930000000
3.1210000000
-2.0720000000
-0.0490580000
3.1210000000
4.1701000000
2.0491000000
-1.1210000000
0.0719770000
2.1930000000
3.1210000000
1.9280000000
-0.1930100000
-0.7350100000
1.9280000000
3.6630000000
2.7350000000
0.0719770000
-1.6630000000
2.5911000000
5.2541000000
3.6630000000
-0.5910600000
-2.0720000000
3.6630000000
6.7350000000
4.0720000000
-1.6630000000
-1.4089000000
4.0720000000
6.4809000000
3.4089000000
-2.0720000000
-0.3369700000
3.4089000000
4.7459000000
2.3370000000
-1.4089000000
0.0719770000
2.4809000000
3.4089000000
1.9280000000
-0.4809200000
-0.4471000000
1.9280000000
3.3751000000
2.4471000000
0.0719770000
-1.3751000000
2.3031000000
4.6783000000
3.3751000000
-0.3031500000
-2.0720000000
3.3751000000
6.4471000000
4.0720000000
-1.3751000000
-1.6969000000
4.0720000000
6.7688000000
3.6969000000
-2.0720000000
-0.6248800000
3.6969000000
5.3217000000
2.6249000000
-1.6969000000
0.0719770000
2.7688000000
3.6969000000
1.9280000000
-0.7688300000
-0.1591900000
1.9280000000
3.0872000000
2.1592000000
0.0719770000
-1.0872000000
2.0152000000
4.1025000000
3.0872000000
-0.0152380000
-2.0720000000
3.0872000000
6.1592000000
4.0720000000
-1.0872000000
-1.9848000000
4.0720000000
7.0567000000
3.9848000000
-2.0720000000
-0.9127800000
3.9848000000
5.8975000000
2.9128000000
-1.9848000000
0.0719770000
3.0567000000
3.9848000000
1.9280000000
-1.0567000000
0.1287200000
2.1855000000
3.0567000000
1.8713000000
-0.1854600000
-0.6858300000
1.8713000000
3.5571000000
2.6858000000
0.1287200000
-1.5571000000
2.4284000000
4.9855000000
3.5571000000
-0.4283900000
-2.1287000000
3.5571000000
6.6858000000
4.1287000000
-1.5571000000
-1.5716000000
4.1287000000
6.7003000000
3.5716000000
-2.1287000000
-0.4428900000
3.5716000000
5.0145000000
2.4429000000
-1.5716000000
0.1287200000
2.7003000000
3.5716000000
1.8713000000
-0.7003200000
-0.1709600000
1.8713000000
3.0422000000
2.1710000000
0.1287200000
-1.0422000000
1.9135000000
3.9558000000
3.0422000000
0.0864730000
-1.9558000000
2.8693000000
5.8251000000
3.9558000000
-0.8693000000
-2.0865000000
3.9558000000
7.0422000000
4.0865000000
-1.9558000000
-1.1307000000
4.0865000000
6.2172000000
3.1307000000
-2.0865000000
-0.0442290000
3.1307000000
4.1749000000
2.0442000000
-1.1307000000
0.0864730000
2.2172000000
3.1307000000
1.9135000000
-0.2171800000
-0.6963500000
1.9135000000
3.6099000000
2.6964000000
0.0864730000
-1.6099000000
2.5234000000
5.1333000000
3.6099000000
-0.5234100000
-2.0865000000
3.6099000000
6.6964000000
4.0865000000
-1.6099000000
-1.4766000000
4.0865000000
6.5631000000
3.4766000000
-2.0865000000
-0.3901200000
3.4766000000
4.8667000000
2.3901000000
-1.4766000000
0.0864730000
2.5631000000
3.4766000000
1.9135000000
-0.5630700000
-0.3504600000
1.9135000000
3.2640000000
2.3505000000
0.0864730000
-1.2640000000
2.1775000000
4.4415000000
3.2640000000
-0.1775100000
-2.0865000000
3.2640000000
6.3505000000
4.0865000000
-1.2640000000
-1.8225000000
4.0865000000
6.9090000000
3.8225000000
-2.0865000000
-0.7360100000
3.8225000000
5.5585000000
2.7360000000
-1.8225000000
0.0864730000
2.9090000000
3.8225000000
1.9135000000
-0.9089600000
-0.0045668000
1.9135000000
2.9181000000
2.0046000000
0.0864730000
-0.9180900000
1.8316000000
3.7497000000
2.9181000000
0.1683800000
-1.7497000000
2.5813000000
5.3310000000
3.7497000000
-0.5813400000
-2.1684000000
3.7497000000
6.9181000000
4.1684000000
-1.7497000000
-1.4187000000
4.1684000000
6.5870000000
3.4187000000
-2.1684000000
-0.2502900000
3.4187000000
4.6690000000
2.2503000000
-1.4187000000
0.1683800000
2.5870000000
3.4187000000
1.8316000000
-0.5870400000
-0.2445800000
1.8316000000
3.0762000000
2.2446000000
0.1683800000
-1.0762000000
1.9078000000
3.9840000000
3.0762000000
0.0921820000
-1.9840000000
2.8918000000
5.8758000000
3.9840000000
-0.8918300000
-2.0922000000
3.9840000000
7.0762000000
4.0922000000
-1.9840000000
-1.1082000000
4.0922000000
6.2003000000
3.1082000000
-2.0922000000
-0.0159850000
3.1082000000
4.1242000000
2.0160000000
-1.1082000000
0.0921820000
2.2003000000
3.1082000000
1.9078000000
-0.2003500000
-0.7074700000
1.9078000000
3.6153000000
2.7075000000
0.0921820000
-1.6153000000
2.5231000000
5.1384000000
3.6153000000
-0.5231000000
-2.0922000000
3.6153000000
6.7075000000
4.0922000000
-1.6153000000
-1.4769000000
4.0922000000
6.5691000000
3.4769000000
-2.0922000000
-0.3847100000
3.4769000000
4.8616000000
2.3847000000
-1.4769000000
0.0921820000
2.5691000000
3.4769000000
1.9078000000
-0.5690800000
-0.3387400000
1.9078000000
3.2466000000
2.3387000000
0.0921820000
-1.2466000000
2.1544000000
4.4009000000
3.2466000000
-0.1543800000
-2.0922000000
3.2466000000
6.3387000000
4.0922000000
-1.2466000000
-1.8456000000
4.0922000000
6.9378000000
3.8456000000
-2.0922000000
-0.7534400000
3.8456000000
5.5991000000
2.7534000000
-1.8456000000
0.0921820000
2.9378000000
3.8456000000
1.9078000000
-0.9378100000
0.0299890000
1.9678000000
2.9378000000
1.9700000000
0.0322050000
-0.9378100000
1.9056000000
3.8434000000
2.9378000000
0.0943990000
-1.8434000000
2.7490000000
5.5924000000
3.8434000000
-0.7490100000
-2.0944000000
3.8434000000
6.9378000000
4.0944000000
-1.8434000000
-1.2510000000
4.0944000000
6.3454000000
3.2510000000
-2.0944000000
-0.1565900000
3.2510000000
4.4076000000
2.1566000000
-1.2510000000
0.0943990000
2.3454000000
3.2510000000
1.9056000000
-0.3453900000
-0.5602100000
1.9056000000
3.4658000000
2.5602000000
0.0943990000
-1.4658000000
2.3714000000
4.8372000000
3.4658000000
-0.3714100000
-2.0944000000
3.4658000000
6.5602000000
4.0944000000
-1.4658000000
-1.6286000000
4.0944000000
6.7230000000
3.6286000000
-2.0944000000
-0.5341900000
3.6286000000
5.1628000000
2.5342000000
-1.6286000000
0.0943990000
2.7230000000
3.6286000000
1.9056000000
-0.7229800000
-0.1826200000
1.9056000000
3.0882000000
2.1826000000
0.0943990000
-1.0882000000
1.9938000000
4.0820000000
3.0882000000
0.0061800000
-2.0820000000
3.0759000000
6.1579000000
4.0820000000
-1.0759000000
-2.0062000000
4.0820000000
7.0882000000
4.0062000000
-2.0820000000
-0.9241400000
4.0062000000
5.9303000000
2.9241000000
-2.0062000000
0.0820390000
3.0882000000
4.0062000000
1.9180000000
-1.0882000000
0.1702600000
2.2585000000
3.0882000000
1.8297000000
-0.2584800000
-0.5712700000
1.8297000000
3.4010000000
2.5713000000
0.1702600000
-1.4010000000
2.2308000000
4.6318000000
3.4010000000
-0.2307500000
-2.1703000000
3.4010000000
6.5713000000
4.1703000000
-1.4010000000
-1.7692000000
4.1703000000
6.9395000000
3.7692000000
-2.1703000000
-0.5989900000
3.7692000000
5.3682000000
2.5990000000
-1.7692000000
0.1702600000
2.9395000000
3.7692000000
1.8297000000
-0.9395100000
0.1097600000
2.0493000000
2.9395000000
1.8902000000
-0.0492680000
-0.8409700000
1.8902000000
3.7312000000
2.8410000000
0.1097600000
-1.7312000000
2.6214000000
5.3527000000
3.7312000000
-0.6214500000
-2.1098000000
3.7312000000
6.8410000000
4.1098000000
-1.7312000000
-1.3786000000
4.1098000000
6.4883000000
3.3786000000
-2.1098000000
-0.2687900000
3.3786000000
4.6473000000
2.2688000000
-1.3786000000
0.1097600000
2.4883000000
3.3786000000
1.8902000000
-0.4883200000
-0.4019200000
1.8902000000
3.2922000000
2.4019000000
0.1097600000
-1.2922000000
2.1824000000
4.4746000000
3.2922000000
-0.1824000000
-2.1098000000
3.2922000000
6.4019000000
4.1098000000
-1.2922000000
-1.8176000000
4.1098000000
6.9274000000
3.8176000000
-2.1098000000
-0.7078400000
3.8176000000
5.5254000000
2.7078000000
-1.8176000000
0.1097600000
2.9274000000
3.8176000000
1.8902000000
-0.9273700000
0.0371300000
1.9645000000
2.9274000000
1.9629000000
0.0355030000
-0.9273700000
1.8919000000
3.8192000000
2.9274000000
0.1081400000
-1.8192000000
2.7111000000
5.5303000000
3.8192000000
-0.7110900000
-2.1081000000
3.8192000000
6.9274000000
4.1081000000
-1.8192000000
-1.2889000000
4.1081000000
6.3970000000
3.2889000000
-2.1081000000
-0.1807700000
3.2889000000
4.4697000000
2.1808000000
-1.2889000000
0.1081400000
2.3970000000
3.2889000000
1.8919000000
-0.3970400000
-0.4948200000
1.8919000000
3.3867000000
2.4948000000
0.1081400000
-1.3867000000
2.2785000000
4.6652000000
3.3867000000
-0.2785500000
-2.1081000000
3.3867000000
6.4948000000
4.1081000000
-1.3867000000
-1.7215000000
4.1081000000
6.8296000000
3.7215000000
-2.1081000000
-0.6133100000
3.7215000000
5.3348000000
2.6133000000
-1.7215000000
0.1081400000
2.8296000000
3.7215000000
1.8919000000
-0.8295900000
-0.0622770000
1.8919000000
2.9541000000
2.0623000000
0.1081400000
-0.9541400000
1.8460000000
3.8001000000
2.9541000000
0.1540000000
-1.8001000000
2.6461000000
5.4463000000
3.8001000000
-0.6461500000
-2.1540000000
3.8001000000
6.9541000000
4.1540000000
-1.8001000000
-1.3539000000
4.1540000000
6.5078000000
3.3539000000
-2.1540000000
-0.1998600000
3.3539000000
4.5537000000
2.1999000000
-1.3539000000
0.1540000000
2.5078000000
3.3539000000
1.8460000000
-0.5078500000
-0.3381600000
1.8460000000
3.1842000000
2.3382000000
0.1540000000
-1.1842000000
2.0302000000
4.2143000000
3.1842000000
-0.0301650000
-2.1540000000
3.1842000000
6.3382000000
4.1540000000
-1.1842000000
-1.9698000000
4.1540000000
7.1238000000
3.9698000000
-2.1540000000
-0.8158400000
3.9698000000
5.7857000000
2.8158000000
-1.9698000000
0.1540000000
3.1238000000
3.9698000000
1.8460000000
-1.1238000000
0.2778300000
2.4017000000
3.1238000000
1.7222000000
-0.4016600000
-0.3205200000
1.7222000000
3.0427000000
2.3205000000
0.2778300000
-1.0427000000
1.7649000000
3.8076000000
3.0427000000
0.2351400000
-1.8076000000
2.5724000000
5.3800000000
3.8076000000
-0.5724200000
-2.2351000000
3.8076000000
7.0427000000
4.2351000000
-1.8076000000
-1.4276000000
4.2351000000
6.6627000000
3.4276000000
-2.2351000000
-0.1924500000
3.4276000000
4.6200000000
2.1924000000
-1.4276000000
0.2351400000
2.6627000000
3.4276000000
1.7649000000
-0.6627200000
-0.1021500000
1.7649000000
2.8670000000
2.1021000000
0.2351400000
-0.8670100000
1.6319000000
3.4989000000
2.8670000000
0.3681300000
-1.4989000000
2.1308000000
4.6296000000
3.4989000000
-0.1307500000
-2.3681000000
3.4989000000
6.8670000000
4.3681000000
-1.4989000000
-1.8692000000
4.3681000000
7.2374000000
3.8692000000
-2.3681000000
-0.5011200000
3.8692000000
5.3704000000
2.5011000000
-1.8692000000
0.3681300000
3.2374000000
3.8692000000
1.6319000000
-1.2374000000
0.6055000000
2.8429000000
3.2374000000
1.3945000000
-0.8428700000
0.4483700000
2.2912000000
2.8429000000
1.5516000000
-0.2912500000
-0.2603800000
1.5516000000
2.8120000000
2.2604000000
0.4483700000
-0.8120000000
1.3636000000
3.1756000000
2.8120000000
0.6363700000
-1.1756000000
1.5393000000
3.7149000000
3.1756000000
0.4607400000
-1.7149000000
2.2542000000
4.9691000000
3.7149000000
-0.2541600000
-2.4607000000
3.7149000000
7.1756000000
4.4607000000
-1.7149000000
-1.7458000000
4.4607000000
7.2066000000
3.7458000000
-2.4607000000
-0.2851100000
3.7458000000
5.0309000000
2.2851000000
-1.7458000000
0.4607400000
3.2066000000
3.7458000000
1.5393000000
-1.2066000000
0.6673200000
2.8739000000
3.2066000000
1.3327000000
-0.8739000000
0.5412200000
2.4151000000
2.8739000000
1.4588000000
-0.4151200000
-0.0436580000
1.4588000000
2.5024000000
2.0437000000
0.5412200000
-0.5024400000
0.9612200000
2.4637000000
2.5024000000
1.0388000000
-0.4636600000
0.4248700000
1.8885000000
2.4637000000
1.5751000000
0.1114700000
-0.4636600000
1.3522000000
2.8158000000
2.4637000000
0.6478100000
-0.8158400000
1.1680000000
2.9839000000
2.8158000000
0.8319700000
-0.9838700000
1.1519000000
3.1358000000
2.9839000000
0.8481000000
-1.1358000000
1.2877000000
3.4234000000
3.1358000000
0.7123300000
-1.4234000000
1.7111000000
4.1345000000
3.4234000000
0.2889000000
-2.1345000000
2.8456000000
5.9802000000
4.1345000000
-0.8456400000
-2.2889000000
4.1345000000
7.4234000000
4.2889000000
-2.1345000000
-1.1544000000
4.2889000000
6.4433000000
3.1544000000
-2.2889000000
0.1345400000
3.4234000000
4.2889000000
1.8655000000
-1.4234000000
0.5579700000
2.9814000000
3.4234000000
1.4420000000
-0.9814000000
0.5393700000
2.5208000000
2.9814000000
1.4606000000
-0.5207800000
0.0601540000
1.5809000000
2.5208000000
1.9398000000
0.4190700000
-0.5207800000
1.1017000000
2.6225000000
2.5208000000
0.8982900000
-0.6224900000
0.7242000000
2.3467000000
2.6225000000
1.2758000000
-0.3466900000
0.0708960000
1.4176000000
2.3467000000
1.9291000000
0.5824100000
-0.3466900000
0.7642800000
2.1110000000
2.3467000000
1.2357000000
-0.1109800000
-0.1247400000
1.2357000000
2.3605000000
2.1247000000
0.7642800000
-0.3604500000
0.5961700000
1.9566000000
2.3605000000
1.4038000000
0.0433750000
-0.3604500000
1.3171000000
2.6775000000
2.3605000000
0.6829200000
-0.6775300000
0.9946100000
2.6721000000
2.6775000000
1.0054000000
-0.6721500000
0.6667600000
2.3389000000
2.6721000000
1.3332000000
-0.3389100000
0.0056725000
1.3446000000
2.3389000000
1.9943000000
0.6554200000
-0.3389100000
0.6834900000
2.0224000000
2.3389000000
1.3165000000
-0.0224030000
-0.2941000000
1.3165000000
2.6106000000
2.2941000000
0.6834900000
-0.6106100000
0.9271200000
2.5377000000
2.6106000000
1.0729000000
-0.5377300000
0.4648400000
2.0026000000
2.5377000000
1.5352000000
-0.0025715000
-0.5325800000
1.5352000000
3.0677000000
2.5326000000
0.4648400000
-1.0677000000
1.6029000000
3.6706000000
3.0677000000
0.3971000000
-1.6706000000
2.2735000000
4.9442000000
3.6706000000
-0.2735300000
-2.3971000000
3.6706000000
7.0677000000
4.3971000000
-1.6706000000
-1.7265000000
4.3971000000
7.1236000000
3.7265000000
-2.3971000000
-0.3293600000
3.7265000000
5.0558000000
2.3294000000
-1.7265000000
0.3971000000
3.1236000000
3.7265000000
1.6029000000
-1.1236000000
0.5206800000
2.6442000000
3.1236000000
1.4793000000
-0.6442500000
0.1649300000
1.8092000000
2.6442000000
1.8351000000
0.1908200000
-0.6442500000
1.4534000000
3.0977000000
2.6442000000
0.5465700000
-1.0977000000
1.5511000000
3.6488000000
3.0977000000
0.4489000000
-1.6488000000
2.1999000000
4.8486000000
3.6488000000
-0.1998700000
-2.4489000000
3.6488000000
7.0977000000
4.4489000000
-1.6488000000
-1.8001000000
4.4489000000
7.2490000000
3.8001000000
-2.4489000000
-0.3512300000
3.8001000000
5.1514000000
2.3512000000
-1.8001000000
0.4489000000
3.2490000000
3.8001000000
1.5511000000
-1.2490000000
0.6979300000
2.9470000000
3.2490000000
1.3021000000
-0.9469500000
0.6448800000
2.5918000000
2.9470000000
1.3551000000
-0.5918300000
0.2367100000
1.8285000000
2.5918000000
1.7633000000
0.1714600000
-0.5918300000
1.4204000000
3.0122000000
2.5918000000
0.5796300000
-1.0122000000
1.4326000000
3.4448000000
3.0122000000
0.5674300000
-1.4448000000
1.8774000000
4.3221000000
3.4448000000
0.1226500000
-2.3221000000
3.1995000000
6.5216000000
4.3221000000
-1.1995000000
-2.1226000000
4.3221000000
7.4448000000
4.1226000000
-2.3221000000
-0.8005200000
4.1226000000
5.9232000000
2.8005000000
-2.1226000000
0.3221300000
3.4448000000
4.1226000000
1.6779000000
-1.4448000000
0.7669100000
3.2117000000
3.4448000000
1.2331000000
-1.2117000000
0.9785900000
3.1903000000
3.2117000000
1.0214000000
-1.1903000000
1.1689000000
3.3591000000
3.1903000000
0.8311400000
-1.3591000000
1.5280000000
3.8871000000
3.3591000000
0.4720100000
-1.8871000000
2.4151000000
5.3022000000
3.8871000000
-0.4151000000
-2.4720000000
3.8871000000
7.3591000000
4.4720000000
-1.8871000000
-1.5849000000
4.4720000000
7.0569000000
3.5849000000
-2.4720000000
-0.1128800000
3.5849000000
4.6978000000
2.1129000000
-1.5849000000
0.4720100000
3.0569000000
3.5849000000
1.5280000000
-1.0569000000
0.5289200000
2.5858000000
3.0569000000
1.4711000000
-0.5858300000
0.1147600000
1.7006000000
2.5858000000
1.8852000000
0.2994100000
-0.5858300000
1.2864000000
2.8723000000
2.5858000000
0.7135800000
-0.8722600000
1.1587000000
3.0309000000
2.8723000000
0.8413200000
-1.0309000000
1.1896000000
3.2206000000
3.0309000000
0.8103800000
-1.2206000000
1.4102000000
3.6307000000
3.2206000000
0.5898200000
-1.6307000000
2.0409000000
4.6717000000
3.6307000000
-0.0409200000
-2.5898000000
3.6307000000
7.2206000000
4.5898000000
-1.6307000000
-1.9591000000
4.5898000000
7.5489000000
3.9591000000
-2.5898000000
-0.3692600000
3.9591000000
5.3283000000
2.3693000000
-1.9591000000
0.5898200000
3.5489000000
3.9591000000
1.4102000000
-1.5489000000
1.1387000000
3.6876000000
3.5489000000
0.8612800000
-1.6876000000
1.8263000000
4.5140000000
3.6876000000
0.1736600000
-2.5140000000
3.3403000000
6.8543000000
4.5140000000
-1.3403000000
-2.1737000000
4.5140000000
7.6876000000
4.1737000000
-2.5140000000
-0.6597000000
4.1737000000
5.8334000000
2.6597000000
-2.1737000000
0.5139600000
3.6876000000
4.1737000000
1.4860000000
-1.6876000000
1.2016000000
3.8892000000
3.6876000000
0.7984200000
-1.8892000000
2.0908000000
4.9800000000
3.8892000000
-0.0907850000
-2.7984000000
3.8892000000
7.6876000000
4.7984000000
-1.8892000000
-1.9092000000
4.7984000000
7.7076000000
3.9092000000
-2.7984000000
-0.1108000000
3.9092000000
5.0200000000
2.1108000000
-1.9092000000
0.7984200000
3.7076000000
3.9092000000
1.2016000000
-1.7076000000
1.5061000000
4.2137000000
3.7076000000
0.4939500000
-2.2137000000
2.7197000000
5.9334000000
4.2137000000
-0.7197400000
-2.4939000000
4.2137000000
7.7076000000
4.4939000000
-2.2137000000
-1.2803000000
4.4939000000
6.7742000000
3.2803000000
-2.4939000000
0.2136800000
3.7076000000
4.4939000000
1.7863000000
-1.7076000000
0.9213200000
3.6290000000
3.7076000000
1.0787000000
-1.6290000000
1.5503000000
4.1792000000
3.6290000000
0.4497300000
-2.1792000000
2.7295000000
5.9087000000
4.1792000000
-0.7294900000
-2.4497000000
4.1792000000
7.6290000000
4.4497000000
-2.1792000000
-1.2705000000
4.4497000000
6.7202000000
3.2705000000
-2.4497000000
0.1792200000
3.6290000000
4.4497000000
1.8208000000
-1.6290000000
0.8081700000
3.4371000000
3.6290000000
1.1918000000
-1.4371000000
1.2453000000
3.6824000000
3.4371000000
0.7547100000
-1.6824000000
1.9277000000
4.6101000000
3.6824000000
0.0723030000
-2.6101000000
3.5378000000
7.1479000000
4.6101000000
-1.5378000000
-2.0723000000
4.6101000000
7.6824000000
4.0723000000
-2.6101000000
-0.4622000000
4.0723000000
5.5345000000
2.4622000000
-2.0723000000
0.6101100000
3.6824000000
4.0723000000
1.3899000000
-1.6824000000
1.2925000000
3.9749000000
3.6824000000
0.7074900000
-1.9749000000
2.2674000000
5.2424000000
3.9749000000
-0.2674400000
-2.7075000000
3.9749000000
7.6824000000
4.7075000000
-1.9749000000
-1.7326000000
4.7075000000
7.4400000000
3.7326000000
-2.7075000000
-0.0250770000
3.7326000000
4.7576000000
2.0251000000
-1.7326000000
0.7074900000
3.4400000000
3.7326000000
1.2925000000
-1.4400000000
1.1475000000
3.5876000000
3.4400000000
0.8524700000
-1.5876000000
1.7351000000
4.3227000000
3.5876000000
0.2648900000
-2.3227000000
3.0578000000
6.3805000000
4.3227000000
-1.0578000000
-2.2649000000
4.3227000000
7.5876000000
4.2649000000
-2.3227000000
-0.9421900000
4.2649000000
6.2071000000
2.9422000000
-2.2649000000
0.3226900000
3.5876000000
4.2649000000
1.6773000000
-1.5876000000
0.9102700000
3.4979000000
3.5876000000
1.0897000000
-1.4979000000
1.4081000000
3.9060000000
3.4979000000
0.5918700000
-1.9060000000
2.3141000000
5.2201000000
3.9060000000
-0.3141100000
-2.5919000000
3.9060000000
7.4979000000
4.5919000000
-1.9060000000
-1.6859000000
4.5919000000
7.2778000000
3.6859000000
-2.5919000000
-0.0940160000
3.6859000000
4.7799000000
2.0940000000
-1.6859000000
0.5918700000
3.2778000000
3.6859000000
1.4081000000
-1.2778000000
0.8696300000
3.1474000000
3.2778000000
1.1304000000
-1.1474000000
1.0170000000
3.1644000000
3.1474000000
0.9829900000
-1.1644000000
1.1814000000
3.3458000000
3.1644000000
0.8185900000
-1.3458000000
1.5272000000
3.8730000000
3.3458000000
0.4727800000
-1.8730000000
2.4002000000
5.2733000000
3.8730000000
-0.4002400000
-2.4728000000
3.8730000000
7.3458000000
4.4728000000
-1.8730000000
-1.5998000000
4.4728000000
7.0725000000
3.5998000000
-2.4728000000
-0.1269800000
3.5998000000
4.7267000000
2.1270000000
-1.5998000000
0.4727800000
3.0725000000
3.5998000000
1.5272000000
-1.0725000000
0.5453300000
2.6179000000
3.0725000000
1.4547000000
-0.6178700000
0.1631900000
1.7811000000
2.6179000000
1.8368000000
0.2189400000
-0.6178700000
1.3989000000
3.0168000000
2.6179000000
0.6010700000
-1.0168000000
1.4157000000
3.4325000000
3.0168000000
0.5842700000
-1.4325000000
1.8483000000
4.2808000000
3.4325000000
0.1517400000
-2.2808000000
3.1291000000
6.4099000000
4.2808000000
-1.1291000000
-2.1517000000
4.2808000000
7.4325000000
4.1517000000
-2.2808000000
-0.8709400000
4.1517000000
6.0227000000
2.8709000000
-2.1517000000
0.2807900000
3.4325000000
4.1517000000
1.7192000000
-1.4325000000
0.7133300000
3.1459000000
3.4325000000
1.2867000000
-1.1459000000
0.8591800000
3.0050000000
3.1459000000
1.1408000000
-1.0050000000
0.8642200000
2.8693000000
3.0050000000
1.1358000000
-0.8692600000
0.7334900000
2.6028000000
2.8693000000
1.2665000000
-0.6027500000
0.3362400000
1.9390000000
2.6028000000
1.6638000000
0.0610080000
-0.6027500000
1.5417000000
3.1445000000
2.6028000000
0.4582600000
-1.1445000000
1.6862000000
3.8307000000
3.1445000000
0.3137600000
-1.8307000000
2.5170000000
5.3477000000
3.8307000000
-0.5169800000
-2.3138000000
3.8307000000
7.1445000000
4.3138000000
-1.8307000000
-1.4830000000
4.3138000000
6.7968000000
3.4830000000
-2.3138000000
-0.1692600000
3.4830000000
4.6523000000
2.1693000000
-1.4830000000
0.3137600000
2.7968000000
3.4830000000
1.6862000000
-0.7967800000
0.1105400000
1.9073000000
2.7968000000
1.8895000000
0.0926760000
-0.7967800000
1.7041000000
3.5009000000
2.7968000000
0.2958900000
-1.5009000000
2.2050000000
4.7059000000
3.5009000000
-0.2049900000
-2.2959000000
3.5009000000
6.7968000000
4.2959000000
-1.5009000000
-1.7950000000
4.2959000000
7.0909000000
3.7950000000
-2.2959000000
-0.4991100000
3.7950000000
5.2941000000
2.4991000000
-1.7950000000
0.2958900000
3.0909000000
3.7950000000
1.7041000000
-1.0909000000
0.3867900000
2.4777000000
3.0909000000
1.6132000000
-0.4776900000
-0.1355100000
1.6132000000
2.7487000000
2.1355000000
0.3867900000
-0.7487200000
1.3619000000
3.1106000000
2.7487000000
0.6380700000
-1.1106000000
1.4726000000
3.5832000000
3.1106000000
0.5274300000
-1.5832000000
2.0558000000
4.6390000000
3.5832000000
-0.0557980000
-2.5274000000
3.5832000000
7.1106000000
4.5274000000
-1.5832000000
-1.9442000000
4.5274000000
7.4716000000
3.9442000000
-2.5274000000
-0.4167800000
3.9442000000
5.3610000000
2.4168000000
-1.9442000000
0.5274300000
3.4716000000
3.9442000000
1.4726000000
-1.4716000000
0.9990500000
3.4707000000
3.4716000000
1.0009000000
-1.4707000000
1.4697000000
3.9404000000
3.4707000000
0.5302700000
-1.9404000000
2.4101000000
5.3506000000
3.9404000000
-0.4101500000
-2.5303000000
3.9404000000
7.4707000000
4.5303000000
-1.9404000000
-1.5899000000
4.5303000000
7.1201000000
3.5899000000
-2.5303000000
-0.0595870000
3.5899000000
4.6494000000
2.0596000000
-1.5899000000
0.5302700000
3.1201000000
3.5899000000
1.4697000000
-1.1201000000
0.6503900000
2.7705000000
3.1201000000
1.3496000000
-0.7705100000
0.4209000000
2.1914000000
2.7705000000
1.5791000000
-0.1914100000
-0.3876900000
1.5791000000
2.9668000000
2.3877000000
0.4209000000
-0.9667900000
1.5459000000
3.5127000000
2.9668000000
0.4541100000
-1.5127000000
2.0586000000
4.5712000000
3.5127000000
-0.0585600000
-2.4541000000
3.5127000000
6.9668000000
4.4541000000
-1.5127000000
-1.9414000000
4.4541000000
7.3956000000
3.9414000000
-2.4541000000
-0.4873300000
3.9414000000
5.4288000000
2.4873000000
-1.9414000000
0.4541100000
3.3956000000
3.9414000000
1.5459000000
-1.3956000000
0.8496700000
3.2452000000
3.3956000000
1.1503000000
-1.2452000000
1.0949000000
3.3401000000
3.2452000000
0.9051100000
-1.3401000000
1.4350000000
3.7751000000
3.3401000000
0.5650100000
-1.7751000000
2.2101000000
4.9852000000
3.7751000000
-0.2101000000
-2.5650000000
3.7751000000
7.3401000000
4.5650000000
-1.7751000000
-1.7899000000
4.5650000000
7.3549000000
3.7899000000
-2.5650000000
-0.2249000000
3.7899000000
5.0148000000
2.2249000000
-1.7899000000
0.5650100000
3.3549000000
3.7899000000
1.4350000000
-1.3549000000
0.9199200000
3.2748000000
3.3549000000
1.0801000000
-1.2748000000
1.1947000000
3.4696000000
3.2748000000
0.8052600000
-1.4696000000
1.6643000000
4.1339000000
3.4696000000
0.3356800000
-2.1339000000
2.7982000000
5.9321000000
4.1339000000
-0.7982000000
-2.3357000000
4.1339000000
7.4696000000
4.3357000000
-2.1339000000
-1.2018000000
4.3357000000
6.5375000000
3.2018000000
-2.3357000000
0.1338900000
3.4696000000
4.3357000000
1.8661000000
-1.4696000000
0.6034600000
3.0730000000
3.4696000000
1.3965000000
-1.0730000000
0.6764900000
2.7495000000
3.0730000000
1.3235000000
-0.7495300000
0.4260200000
2.1755000000
2.7495000000
1.5740000000
-0.1755400000
-0.3984400000
1.5740000000
2.9724000000
2.3984000000
0.4260200000
-0.9724200000
1.5464000000
3.5188000000
2.9724000000
0.4536000000
-1.5188000000
2.0652000000
4.5840000000
3.5188000000
-0.0652220000
-2.4536000000
3.5188000000
6.9724000000
4.4536000000
-1.5188000000
-1.9348000000
4.4536000000
7.3884000000
3.9348000000
-2.4536000000
-0.4811800000
3.9348000000
5.4160000000
2.4812000000
-1.9348000000
0.4536000000
3.3884000000
3.9348000000
1.5464000000
-1.3884000000
0.8419700000
3.2304000000
3.3884000000
1.1580000000
-1.2304000000
1.0723000000
3.3027000000
3.2304000000
0.9276700000
-1.3027000000
1.3750000000
3.6777000000
3.3027000000
0.6250000000
-1.6777000000
2.0527000000
4.7304000000
3.6777000000
-0.0526850000
-2.6250000000
3.6777000000
7.3027000000
4.6250000000
-1.6777000000
-1.9473000000
4.6250000000
7.5723000000
3.9473000000
-2.6250000000
-0.3223200000
3.9473000000
5.2696000000
2.3223000000
-1.9473000000
0.6250000000
3.5723000000
3.9473000000
1.3750000000
-1.5723000000
1.1973000000
3.7696000000
3.5723000000
0.8026900000
-1.7696000000
1.9669000000
4.7365000000
3.7696000000
0.0330750000
-2.7365000000
3.7035000000
7.4400000000
4.7365000000
-1.7035000000
-2.0331000000
4.7365000000
7.7696000000
4.0331000000
-2.7365000000
-0.2965300000
4.0331000000
5.3296000000
2.2965000000
-2.0331000000
0.7365400000
3.7696000000
4.0331000000
1.2635000000
-1.7696000000
1.5062000000
4.2758000000
3.7696000000
0.4938400000
-2.2758000000
2.7819000000
6.0577000000
4.2758000000
-0.7819400000
-2.4938000000
4.2758000000
7.7696000000
4.4938000000
-2.2758000000
-1.2181000000
4.4938000000
6.7119000000
3.2181000000
-2.4938000000
0.2757800000
3.7696000000
4.4938000000
1.7242000000
-1.7696000000
1.0454000000
3.8150000000
3.7696000000
0.9546000000
-1.8150000000
1.8604000000
4.6754000000
3.8150000000
0.1395900000
-2.6754000000
3.5358000000
7.2113000000
4.6754000000
-1.5358000000
-2.1396000000
4.6754000000
7.8150000000
4.1396000000
-2.6754000000
-0.4641600000
4.1396000000
5.6037000000
2.4642000000
-2.1396000000
0.6754300000
3.8150000000
4.1396000000
1.3246000000
-1.8150000000
1.4904000000
4.3055000000
3.8150000000
0.5095500000
-2.3055000000
2.7959000000
6.1014000000
4.3055000000
-0.7959100000
-2.5096000000
4.3055000000
7.8150000000
4.5096000000
-2.3055000000
-1.2041000000
4.5096000000
6.7136000000
3.2041000000
-2.5096000000
0.3054600000
3.8150000000
4.5096000000
1.6945000000
-1.8150000000
1.1205000000
3.9355000000
3.8150000000
0.8795200000
-1.9355000000
2.0560000000
4.9915000000
3.9355000000
-0.0559730000
-2.8795000000
3.9355000000
7.8150000000
4.8795000000
-1.9355000000
-1.9440000000
4.8795000000
7.8235000000
3.9440000000
-2.8795000000
-0.0645060000
3.9440000000
5.0085000000
2.0645000000
-1.9440000000
0.8795200000
3.8235000000
3.9440000000
1.1205000000
-1.8235000000
1.7031000000
4.5266000000
3.8235000000
0.2969300000
-2.5266000000
3.2297000000
6.7563000000
4.5266000000
-1.2297000000
-2.2969000000
4.5266000000
7.8235000000
4.2969000000
-2.5266000000
-0.7703100000
4.2969000000
6.0672000000
2.7703000000
-2.2969000000
0.5266200000
3.8235000000
4.2969000000
1.4734000000
-1.8235000000
1.3502000000
4.1737000000
3.8235000000
0.6498300000
-2.1737000000
2.5239000000
5.6976000000
4.1737000000
-0.5238800000
-2.6498000000
4.1737000000
7.8235000000
4.6498000000
-2.1737000000
-1.4761000000
4.6498000000
7.1259000000
3.4761000000
-2.6498000000
0.1737200000
3.8235000000
4.6498000000
1.8263000000
-1.8235000000
0.9972700000
3.8208000000
3.8235000000
1.0027000000
-1.8208000000
1.8181000000
4.6389000000
3.8208000000
0.1819200000
-2.6389000000
3.4570000000
7.0959000000
4.6389000000
-1.4570000000
-2.1819000000
4.6389000000
7.8208000000
4.1819000000
-2.6389000000
-0.5430300000
4.1819000000
5.7249000000
2.5430000000
-2.1819000000
0.6388900000
3.8208000000
4.1819000000
1.3611000000
-1.8208000000
1.4597000000
4.2805000000
3.8208000000
0.5402900000
-2.2805000000
2.7402000000
6.0207000000
4.2805000000
-0.7402300000
-2.5403000000
4.2805000000
7.8208000000
4.5403000000
-2.2805000000
-1.2598000000
4.5403000000
6.8001000000
3.2598000000
-2.5403000000
0.2805200000
3.8208000000
4.5403000000
1.7195000000
-1.8208000000
1.1013000000
3.9221000000
3.8208000000
0.8986700000
-1.9221000000
2.0235000000
4.9456000000
3.9221000000
-0.0234830000
-2.8987000000
3.9221000000
7.8208000000
4.8987000000
-1.9221000000
-1.9765000000
4.8987000000
7.8752000000
3.9765000000
-2.8987000000
-0.0778510000
3.9765000000
5.0544000000
2.0779000000
-1.9765000000
0.8986700000
3.8752000000
3.9765000000
1.1013000000
-1.8752000000
1.7738000000
4.6490000000
3.8752000000
0.2261500000
-2.6490000000
3.4229000000
7.0719000000
4.6490000000
-1.4229000000
-2.2262000000
4.6490000000
7.8752000000
4.2262000000
-2.6490000000
-0.5771200000
4.2262000000
5.8033000000
2.5771000000
-2.2262000000
0.6490300000
3.8752000000
4.2262000000
1.3510000000
-1.8752000000
1.5242000000
4.3994000000
3.8752000000
0.4757900000
-2.3994000000
2.9236000000
6.3230000000
4.3994000000
-0.9236000000
-2.4758000000
4.3994000000
7.8752000000
4.4758000000
-2.3994000000
-1.0764000000
4.4758000000
6.5522000000
3.0764000000
-2.4758000000
0.3993900000
3.8752000000
4.4758000000
1.6006000000
-1.8752000000
1.2746000000
4.1498000000
3.8752000000
0.7254300000
-2.1498000000
2.4243000000
5.5741000000
4.1498000000
-0.4243300000
-2.7254000000
4.1498000000
7.8752000000
4.7254000000
-2.1498000000
-1.5757000000
4.7254000000
7.3011000000
3.5757000000
-2.7254000000
0.1497600000
3.8752000000
4.7254000000
1.8502000000
-1.8752000000
1.0249000000
3.9001000000
3.8752000000
0.9750600000
-1.9001000000
1.9251000000
4.8252000000
3.9001000000
0.0749400000
-2.8252000000
3.7502000000
7.5754000000
4.8252000000
-1.7502000000
-2.0749000000
4.8252000000
7.9001000000
4.0749000000
-2.8252000000
-0.2497600000
4.0749000000
5.3247000000
2.2498000000
-2.0749000000
0.8251800000
3.9001000000
4.0749000000
1.1748000000
-1.9001000000
1.7253000000
4.6254000000
3.9001000000
0.2747000000
-2.6254000000
3.3507000000
6.9761000000
4.6254000000
-1.3507000000
-2.2747000000
4.6254000000
7.9001000000
4.2747000000
-2.6254000000
-0.6492800000
4.2747000000
5.9240000000
2.6493000000
-2.2747000000
0.6254200000
3.9001000000
4.2747000000
1.3746000000
-1.9001000000
1.5255000000
4.4257000000
3.9001000000
0.4744600000
-2.4257000000
2.9512000000
6.3769000000
4.4257000000
-0.9512100000
-2.4745000000
4.4257000000
7.9001000000
4.4745000000
-2.4257000000
-1.0488000000
4.4745000000
6.5233000000
3.0488000000
-2.4745000000
0.4256600000
3.9001000000
4.4745000000
1.5743000000
-1.9001000000
1.3258000000
4.2259000000
3.9001000000
0.6742200000
-2.2259000000
2.5517000000
5.7776000000
4.2259000000
-0.5516900000
