0.7622700000
-0.5505900000
-1.1573000000
-2.2658000000
0.4729900000
1.3820000000
1.8027000000
-0.1421000000
-0.7902500000
-1.4076000000
-0.6940900000
0.8129600000
2.0334000000
0.5888000000
-0.6161400000
-0.8218000000
-1.9738000000
0.0309680000
1.1243000000
2.6362000000
-0.2412800000
-0.4599300000
-0.8523100000
-2.3977000000
-0.7592700000
0.5500500000
0.6212400000
1.6137000000
1.2145000000
-0.3239500000
-1.0720000000
-2.3998000000
0.3387900000
1.0263000000
2.2207000000
0.2510700000
-0.7124100000
-1.0224000000
-1.7571000000
0.4685800000
1.6997000000
1.4209000000
-0.4494700000
-0.6381000000
-1.4585000000
-1.0078000000
0.4025200000
1.6105000000
2.1872000000
-0.4082100000
-0.5982800000
-1.6298000000
-2.7498000000
0.4084300000
0.4592100000
0.8788200000
2.4620000000
0.6735700000
-0.5413300000
-0.6165500000
-1.6255000000
-1.3204000000
0.3197800000
0.9586200000
2.0772000000
-0.1761100000
-1.0956000000
-2.0197000000
-0.1385900000
0.7630900000
1.2180000000
1.2388000000
-0.6682500000
-1.9431000000
-0.8624200000
0.5601500000
0.8111800000
1.9510000000
-0.0328760000
-1.1705000000
-2.2373000000
0.1132700000
0.5304700000
0.8942900000
2.1449000000
0.3976500000
-0.7215000000
-1.2198000000
-1.6381000000
0.5889600000
1.7950000000
1.1405000000
-0.4328700000
-0.8731400000
-1.9548000000
0.0918790000
1.2052000000
1.8813000000
0.0198760000
-0.7082700000
-1.1520000000
-1.3124000000
0.5523200000
1.8294000000
1.3068000000
-0.5005300000
-0.5913300000
-1.4951000000
-1.5068000000
0.2314000000
0.9264900000
1.9139000000
-0.0280620000
-0.9989400000
-2.0831000000
-0.2602300000
0.7360300000
1.1350000000
1.5329000000
-0.5959900000
-1.8617000000
-1.0245000000
0.5076300000
0.7843500000
1.8589000000
0.0929470000
-1.0669000000
-2.2595000000
-0.0275670000
0.5284100000
0.8255600000
2.1258000000
0.5400700000
-0.6650900000
-1.1362000000
-1.9640000000
0.5270800000
1.6696000000
1.3103000000
-0.3519800000
-0.8512800000
-1.8219000000
-0.0506000000
1.0973000000
1.9671000000
0.1447100000
-0.6950400000
-1.0617000000
-1.5638000000
0.4666800000
1.7065000000
1.5731000000
-0.4725800000
-0.5672600000
-1.3551000000
-1.7354000000
0.1237500000
0.8738600000
1.6585000000
0.2819800000
-0.8960300000
-2.0905000000
-0.4107200000
0.6941500000
1.0464000000
1.8247000000
-0.5055600000
-1.7391000000
-1.2389000000
0.4336800000
0.7431500000
1.6789000000
0.3471800000
-0.8880600000
-2.2717000000
-0.2969200000
0.5013500000
0.7104400000
1.9962000000
1.0576000000
-0.5281700000
-0.8005000000
-1.8488000000
-0.0767340000
1.0939000000
2.1478000000
0.0583870000
-0.5678500000
-0.8720700000
-2.0314000000
-0.2573300000
0.8020300000
1.9280000000
0.3922500000
-0.5272700000
-1.3333000000
-2.5003000000
0.1681600000
0.5701700000
0.8759100000
2.0398000000
0.2697600000
-0.7939700000
-1.8473000000
-0.4920200000
0.5401500000
1.3972000000
2.3356000000
-0.2106900000
-0.5961600000
-0.9554900000
-1.9064000000
-0.0469630000
0.9833200000
2.6659000000
-0.2143000000
-0.4962200000
-1.1963000000
-2.9532000000
0.0879170000
0.4779700000
0.6932800000
1.9802000000
1.3390000000
-0.5101000000
-0.6495700000
-1.4585000000
-0.9501900000
0.4479000000
1.7282000000
1.8273000000
-0.4097200000
-0.5803700000
-1.5575000000
-2.9137000000
0.3867200000
0.4522600000
0.8382100000
2.3913000000
0.8400400000
-0.5289100000
-0.5888100000
-1.5141000000
-1.5961000000
0.2421500000
0.8506400000
1.6662000000
0.2449300000
-0.9691400000
-2.0340000000
-0.3112800000
0.6948400000
1.0220000000
1.7394000000
-0.4660600000
-1.6968000000
-1.4431000000
0.4525400000
0.6274100000
1.4394000000
1.0958000000
-0.3504100000
-1.4802000000
-2.5704000000
0.4077900000
0.6195000000
1.7198000000
2.4660000000
-0.4311500000
-0.4756300000
-0.9419800000
-2.4918000000
-0.4674100000
0.5802100000
0.6920700000
1.8386000000
0.6815500000
-0.5340700000
-1.5715000000
-1.7868000000
0.4506600000
0.9074900000
2.5123000000
0.5762800000
-0.5420800000
-0.6274900000
-1.6768000000
-1.2520000000
0.3527400000
0.9678100000
2.1234000000
-0.2159700000
-1.1363000000
-1.9807000000
-0.0924280000
0.7722100000
1.2555000000
1.1166000000
-0.6982700000
-1.9702000000
-0.7981800000
0.5785700000
0.8234000000
1.9758000000
-0.0769980000
-1.2117000000
-2.2201000000
0.1621500000
0.5309400000
0.9230800000
2.1433000000
0.3497800000
-0.7396500000
-1.2444000000
-1.5164000000
0.6093600000
1.8397000000
1.0726000000
-0.4617200000
-0.8820900000
-1.9994000000
0.1395900000
1.2493000000
1.8405000000
-0.0268750000
-0.7118900000
-1.1894000000
-1.2135000000
0.5824200000
1.8719000000
1.2135000000
-0.5072200000
-0.5995300000
-1.5434000000
-1.4466000000
0.2645300000
0.9311300000
1.9522000000
-0.0687280000
-1.0341000000
-2.0557000000
-0.2134300000
0.7462500000
1.1646000000
1.4214000000
-0.6232800000
-1.8949000000
-0.9630000000
0.5291700000
0.7920100000
1.8954000000
0.0489910000
-1.0993000000
-2.2674000000
0.0267100000
0.5258700000
0.8445700000
2.1451000000
0.5116800000
-0.6771400000
-1.1201000000
-1.9345000000
0.5288800000
1.7009000000
1.2556000000
-0.3750100000
-0.8495900000
-1.8488000000
-0.0225680000
1.1223000000
1.9554000000
0.1128300000
-0.6887600000
-1.0622000000
-1.5549000000
0.4454100000
1.6805000000
1.6845000000
-0.4655200000
-0.5472400000
-1.3051000000
-2.0095000000
0.0762060000
0.7541200000
1.2363000000
1.1006000000
-0.6703000000
-1.9465000000
-0.9243600000
0.5529100000
0.6934100000
1.7818000000
0.5622100000
-0.6062000000
-2.0013000000
-0.8727100000
0.4167500000
0.7086200000
2.0195000000
1.8405000000
-0.4609100000
-0.4853100000
-1.0883000000
-2.7067000000
-0.1329000000
0.5379400000
0.7021900000
1.9360000000
0.9026700000
-0.5144300000
-1.0197000000
-2.2470000000
0.3768700000
1.3752000000
1.6968000000
-0.1344100000
-0.8103700000
-1.4945000000
-0.5225000000
0.8704800000
2.0442000000
0.4730400000
-0.6503700000
-0.9066000000
-1.9487000000
0.2686400000
1.4275000000
2.0492000000
-0.3553500000
-0.5348600000
-1.0881000000
-2.0795000000
-0.1394800000
0.7939700000
1.3102000000
1.0819000000
-0.7012500000
-1.9898000000
-0.7812400000
0.5760100000
0.9092800000
2.0752000000
-0.2801900000
-1.4284000000
-1.6897000000
0.2138400000
0.6856700000
1.2840000000
1.0464000000
-0.5543000000
-1.8930000000
-1.3068000000
0.4630600000
0.5576300000
1.4638000000
2.3364000000
-0.2744500000
-0.5742800000
-0.9593900000
-1.9662000000
-0.1344200000
0.8924800000
2.1391000000
0.0600100000
-0.5568100000
-1.4758000000
-2.3474000000
0.2869900000
0.5670600000
0.9553700000
1.9949000000
0.1693300000
-0.8618200000
-1.9506000000
-0.2355300000
0.5799600000
1.5806000000
2.0172000000
-0.3334000000
-0.6183400000
-1.1153000000
-1.5819000000
0.1851400000
1.2760000000
3.0293000000
-0.3813700000
-0.5044100000
-1.2416000000
-3.1083000000
0.1736100000
0.4483300000
0.6893400000
1.9834000000
1.6146000000
-0.4945700000
-0.5490500000
-1.2145000000
-1.9323000000
-0.0017541000
0.8347200000
1.4666000000
0.6491700000
-0.7946300000
-2.0645000000
-0.5883900000
0.6409200000
0.9698600000
2.0258000000
-0.4007400000
-1.5883000000
-1.4708000000
0.3346000000
0.7115300000
1.4765000000
0.6668400000
-0.7195200000
-2.1290000000
-0.7094700000
0.4827500000
0.6247400000
1.7395000000
1.6729000000
-0.4109200000
-0.6600000000
-1.3154000000
-1.0862000000
0.4547400000
1.7564000000
1.7586000000
-0.4231900000
-0.5366300000
-1.3859000000
-2.9751000000
0.2890500000
0.4656100000
0.7716100000
2.2022000000
1.0418000000
-0.5514000000
-0.6296600000
-1.5420000000
-1.0555000000
0.3540200000
1.3789000000
2.6684000000
-0.4175000000
-0.7298700000
-2.1111000000
-1.3925000000
0.5082900000
0.5503500000
1.2820000000
1.9404000000
-0.0543440000
-0.7988700000
-1.3596000000
-0.8240400000
0.7752500000
2.0208000000
0.6437700000
-0.6172400000
-0.8580900000
-1.9988000000
0.1741400000
1.3134000000
2.1545000000
-0.2649900000
-0.5327400000
-0.9982000000
-2.1189000000
-0.2423400000
0.7757600000
1.2970000000
1.2461000000
-0.6579600000
-1.9337000000
-0.9149400000
0.5250800000
0.9046800000
2.0755000000
-0.2367700000
-1.3559000000
-1.7330000000
0.1321100000
0.7165300000
1.2798000000
0.9984400000
-0.6432800000
-1.9605000000
-1.0225000000
0.5127900000
0.6140800000
1.6352000000
1.3939000000
-0.3240500000
-0.8909200000
-1.8718000000
0.0045127000
1.0820000000
1.9766000000
0.1593800000
-0.7366700000
-1.1532000000
-1.3729000000
0.6133800000
1.8822000000
1.0267000000
-0.5312600000
-0.7187800000
-1.7693000000
-0.3804800000
0.7787600000
2.3969000000
0.2750600000
-0.4304800000
-0.6709200000
-1.9144000000
-1.9338000000
0.4700100000
0.5036900000
1.0811000000
2.4133000000
0.1850900000
-0.6443700000
-0.8581900000
-1.9566000000
0.0368480000
1.1067000000
2.8643000000
-0.2944500000
-0.4436400000
-0.8832400000
-2.5295000000
-0.6964200000
0.4857500000
0.5604000000
1.4658000000
2.2165000000
-0.2597100000
-0.6069100000
-1.0166000000
-1.7876000000
0.0607770000
1.1065000000
2.9698000000
-0.3251500000
-0.4933000000
-1.1880000000
-3.0365000000
0.0961800000
0.4580800000
0.6723700000
1.9258000000
1.6339000000
-0.4876700000
-0.5715800000
-1.2349000000
-1.6986000000
0.0680150000
0.9816600000
2.1314000000
-0.1076000000
-0.7587000000
-2.1227000000
-0.8928500000
0.5789000000
0.7797500000
1.8731000000
0.1033100000
-1.0442000000
-2.3534000000
0.0006034000
0.5020000000
0.7987500000
2.1674000000
0.7425400000
-0.6116700000
-0.8541400000
-2.0107000000
0.1557600000
1.3018000000
1.9901000000
-0.1740900000
-0.5874100000
-1.0386000000
-1.8042000000
0.0174150000
1.0418000000
2.7253000000
-0.2695500000
-0.5326500000
-1.3691000000
-2.8256000000
0.2557400000
0.4920700000
0.7922500000
2.1880000000
0.8252600000
-0.5942200000
-0.7666800000
-1.8697000000
-0.1485300000
0.9867000000
2.4626000000
0.0019606000
-0.4721800000
-0.7598300000
-2.1600000000
-1.0430000000
0.5567300000
0.6610300000
1.6017000000
0.7872000000
-0.5002600000
-1.8022000000
-1.5157000000
0.4112500000
0.6352700000
1.7645000000
2.4761000000
-0.4362900000
-0.4649600000
-0.9468300000
-2.5827000000
-0.4584900000
0.5366900000
0.6362900000
1.7262000000
1.2419000000
-0.3819500000
-0.9267700000
-2.0272000000
0.1527400000
1.1673000000
1.9108000000
0.0614170000
-0.7646200000
-1.2577000000
-1.0757000000
0.7031600000
1.9699000000
0.8045800000
-0.5787500000
-0.7865500000
-1.9324000000
-0.0560070000
1.0583000000
2.5059000000
-0.1129100000
-0.4723200000
-0.8036100000
-2.2555000000
-0.8757200000
0.5742700000
0.6722000000
1.6844000000
0.6983300000
-0.5355700000
-1.8505000000
-1.3094000000
0.4141100000
0.6730100000
1.9005000000
2.1292000000
-0.4538300000
-0.4765500000
-1.0236000000
-2.6536000000
-0.2661000000
0.5432900000
0.6774800000
1.8608000000
0.9802800000
-0.4697200000
-1.0322000000
-2.2854000000
0.3667200000
1.2958000000
1.8228000000
-0.0662780000
-0.8005200000
-1.4054000000
-0.7108700000
0.8082700000
2.0333000000
0.5815400000
-0.6307000000
-0.8755600000
-1.9909000000
0.2132700000
1.3592000000
2.1085000000
-0.3016100000
-0.5353700000
-1.0350000000
-2.0898000000
-0.1921800000
0.7936200000
1.3434000000
1.0840000000
-0.6848700000
-1.9738000000
-0.8481600000
0.5514600000
0.9185700000
2.0962000000
-0.2778300000
-1.4052000000
-1.6759000000
0.1758600000
0.7217200000
1.3307000000
0.8870400000
-0.6826500000
-2.0085000000
-0.9015900000
0.5182500000
0.6300200000
1.7010000000
1.2768000000
-0.3661900000
-0.9221000000
-2.0019000000
0.1292000000
1.1466000000
1.9306000000
0.0835320000
-0.7608500000
-1.2387000000
-1.1325000000
0.6881500000
1.9575000000
0.8367200000
-0.5713500000
-0.7805200000
-1.9184000000
-0.0787490000
1.0394000000
2.4980000000
-0.0859650000
-0.4719400000
-0.7918900000
-2.2321000000
-0.9196600000
0.5699600000
0.6679400000
1.6608000000
0.7289600000
-0.5211800000
-1.8233000000
-1.4026000000
0.4134200000
0.6641400000
1.8697000000
2.2055000000
-0.4508300000
-0.4742100000
-1.0066000000
-2.6386000000
-0.3048300000
0.5434300000
0.6698700000
1.8368000000
1.0160000000
-0.4543600000
-1.0229000000
-2.2744000000
0.3499200000
1.2730000000
1.8479000000
-0.0454500000
-0.7971500000
-1.3834000000
-0.7628700000
0.7927500000
2.0279000000
0.6101800000
-0.6247000000
-0.8678100000
-1.9962000000
0.1968600000
1.3399000000
2.1259000000
-0.2855300000
-0.5349300000
-1.0198000000
-2.0980000000
-0.2101400000
0.7890200000
1.3370000000
1.1220000000
-0.6760400000
-1.9606000000
-0.8762200000
0.5411100000
0.9140400000
2.0910000000
-0.2629000000
-1.3854000000
-1.6974000000
0.1577500000
0.7217400000
1.3141000000
0.9201000000
-0.6740900000
-1.9947000000
-0.9293500000
0.5194900000
0.6287500000
1.6900000000
1.2642000000
-0.3599200000
-0.9435700000
-2.0589000000
0.1730000000
1.1456000000
1.9471000000
0.0828930000
-0.7697600000
-1.2587000000
-1.0944000000
0.7024600000
1.9719000000
0.7941400000
-0.5804400000
-0.8129500000
-1.9641000000
0.0428050000
1.1712000000
2.3150000000
-0.1551700000
-0.5112300000
-0.8843200000
-2.2204000000
-0.4962400000
0.6754000000
0.9737400000
1.9961000000
-0.4073200000
-1.6034000000
-1.4715000000
0.3543300000
0.6948200000
1.4601000000
0.7385500000
-0.6554300000
-2.0852000000
-0.8584200000
0.4575500000
0.5956500000
1.6385000000
2.1576000000
-0.3872700000
-0.5562000000
-1.0337000000
-1.9727000000
-0.1273700000
0.8697700000
1.7707000000
0.3499900000
-0.6631500000
-1.8961000000
-1.2417000000
0.4811800000
0.7588000000
1.6875000000
0.3105200000
-0.9260800000
-2.2323000000
-0.2730300000
0.5246300000
0.7413700000
2.0285000000
0.7887300000
-0.5707700000
-1.0152000000
-2.1966000000
0.4015200000
1.4737000000
1.5564000000
-0.2136400000
-0.8118000000
-1.5805000000
-0.3725300000
0.9327600000
2.0425000000
0.3759200000
-0.6541000000
-0.9146000000
-1.9051000000
0.2469100000
1.3928000000
2.2641000000
-0.3756300000
-0.5009900000
-1.0405000000
-2.3925000000
-0.2522400000
0.6518700000
0.8573300000
