-0.9200200000
1.1432000000
1.9324000000
-1.3351000000
-1.9503000000
1.0284000000
1.2276000000
0.3348000000
0.1262600000
-0.7932600000
-1.7542000000
0.8089200000
2.3139000000
-1.1744000000
-2.1840000000
1.1135000000
1.4455000000
0.2289200000
-0.2321200000
-0.6168700000
-1.5163000000
0.5033400000
2.0377000000
-0.3385300000
-1.7054000000
-0.3294300000
0.5121000000
0.1176100000
0.9183100000
0.8897500000
-1.2911000000
-1.0243000000
0.3168700000
0.0061693000
0.0770870000
1.1119000000
0.5754600000
-0.9497900000
-0.2840600000
-0.0279960000
-0.8517300000
0.3130600000
1.4691000000
0.2961500000
-0.8574700000
-0.0310360000
-0.2924600000
-0.9481100000
0.6176400000
1.1374000000
0.0603510000
-0.0465140000
0.2969200000
-0.9705000000
-1.2394000000
0.7894300000
0.8174900000
0.0747760000
0.6301900000
-0.1268300000
-1.7088000000
-0.5903800000
1.9174000000
0.7776200000
-1.1761000000
-0.3804200000
-0.5695600000
-0.5906900000
1.6464000000
1.6209000000
-2.1881000000
-1.5239000000
2.1597000000
1.1699000000
-1.3124000000
-0.5687200000
-0.6813700000
-0.2031200000
1.8257000000
1.2512000000
-2.6628000000
-0.3694700000
3.1230000000
-1.9474000000
-3.0614000000
3.4342000000
0.4510500000
-3.9472000000
3.8551000000
1.0169000000
-5.0768000000
5.5461000000
-4.7662000000
-0.6790800000
5.4391000000
-5.8948000000
5.4535000000
-1.7454000000
-3.7956000000
4.1720000000
-1.8246000000
-3.2757000000
3.4444000000
0.5816400000
-3.2032000000
1.9339000000
2.5970000000
-2.4053000000
-1.7180000000
1.6653000000
0.9629300000
0.4761600000
-0.5179200000
-1.6371000000
-0.7413300000
2.6623000000
-0.1793200000
-3.3441000000
2.8975000000
2.6830000000
-4.3417000000
3.7551000000
2.1740000000
-5.7607000000
6.1202000000
-5.7843000000
1.3662000000
4.3619000000
-5.0930000000
4.4047000000
0.9368400000
-3.7804000000
3.0932000000
2.1597000000
-2.9551000000
-0.3865200000
2.1031000000
0.5651900000
-0.8516900000
-0.5723800000
-1.3502000000
0.7788600000
2.3306000000
-1.2469000000
-2.6507000000
2.1988000000
2.3123000000
-2.5341000000
-1.4989000000
2.1032000000
1.0720000000
-0.7862700000
-0.3659700000
-0.8781300000
-0.8921900000
1.7492000000
1.4833000000
-1.8569000000
-1.3034000000
0.9616500000
0.4356000000
0.3967100000
1.0687000000
-1.0978000000
-1.8646000000
1.0633000000
1.6562000000
-0.2300700000
-0.6193500000
-0.1110300000
-0.9111800000
-0.4294500000
1.4610000000
0.8730300000
-0.7407900000
-0.1253800000
-0.0791650000
-0.9313500000
-0.1476100000
0.9106100000
0.1285900000
0.0288840000
0.8205700000
-0.4517600000
-1.3586000000
-0.1576800000
0.6107800000
-0.1727100000
0.3165000000
0.9213500000
-0.1825300000
-0.5237800000
0.3192200000
-0.1247100000
-0.7489600000
0.1061500000
0.3034200000
-0.5390700000
0.0603040000
0.8366800000
0.0540780000
-0.1245300000
0.6935200000
-0.2594000000
-1.1798000000
-0.2493600000
0.3198400000
-0.3706200000
0.4391300000
1.1823000000
0.0171300000
-0.6323800000
0.2021000000
-0.1889600000
-0.8391900000
0.1209000000
0.4706200000
-0.3807800000
0.0407310000
0.7509600000
-0.0183730000
-0.2501300000
0.6003100000
-0.0088554000
-0.9210000000
-0.1683500000
0.1066900000
-0.6749300000
0.3925700000
1.3552000000
0.1946100000
-0.7369100000
0.0877890000
-0.2338900000
-0.9030700000
0.2554700000
0.7378000000
-0.1223800000
0.1681000000
0.8053100000
-0.5582900000
-0.9788900000
-0.0049774000
-0.1092700000
-0.4266200000
1.0780000000
1.3199000000
-0.8784200000
-0.8841500000
-0.1294100000
-0.5836500000
0.3711600000
1.7629000000
0.2096100000
-2.0942000000
-0.3172900000
1.6081000000
0.6219400000
-0.0345350000
-0.2571200000
-1.2744000000
-1.0549000000
1.9054000000
1.3209000000
-1.7251000000
-1.0457000000
0.3255000000
0.1327300000
0.6288300000
1.3456000000
-0.7091300000
-1.4852000000
-0.0354730000
0.5171200000
-0.1081400000
0.6314000000
0.9252000000
-0.6326100000
-0.5990400000
0.1432300000
-0.4979500000
-0.5806800000
1.1293000000
0.9550000000
-0.3893400000
-0.0287740000
0.1299300000
-0.9435300000
-0.7026100000
0.6160700000
0.0833340000
-0.2565000000
0.6760400000
0.5015400000
-0.4405800000
0.1469500000
0.4417800000
-0.7382900000
-0.6174400000
0.2487000000
-0.3105200000
-0.3989000000
1.1075000000
0.9487800000
-0.5529200000
-0.1631700000
0.1872400000
-0.7464100000
-0.5871300000
0.5284300000
-0.0058801000
-0.3782300000
0.6436000000
0.5502100000
-0.3206100000
0.2355500000
0.5135300000
-0.8760800000
-0.8164300000
0.2331800000
-0.1644600000
-0.2501400000
1.1068000000
0.9568400000
-0.7499600000
-0.3461200000
0.1047800000
-0.7311700000
-0.4065300000
1.0191000000
0.4767500000
-0.0887670000
0.6019100000
-0.3487000000
-1.5476000000
-0.2550800000
1.3420000000
0.4776300000
0.1669500000
0.1944100000
-1.2294000000
-1.5662000000
1.6624000000
1.7030000000
-1.3354000000
-1.0799000000
-0.2204400000
-0.0952970000
0.8702700000
1.7337000000
-1.0767000000
-2.1766000000
1.2367000000
1.8765000000
-0.6156000000
-0.8962100000
-0.3763200000
-0.9492800000
0.9723700000
2.1559000000
-1.3271000000
-2.5763000000
2.1829000000
2.3010000000
-2.5477000000
-1.4934000000
2.1804000000
1.0537000000
-1.0003000000
-0.4024100000
-0.8646500000
-0.6096700000
1.8895000000
1.2731000000
-2.2941000000
-1.0068000000
2.0441000000
0.8768400000
-0.9380600000
-0.2882300000
-0.7320100000
-0.8667300000
1.5998000000
1.5250000000
-1.6211000000
-1.2704000000
0.4700300000
0.2465300000
0.2772300000
1.1400000000
-0.0008913100
-1.2966000000
-0.4238100000
0.1257900000
-0.3108500000
0.7905600000
1.4435000000
-0.6064500000
-1.2316000000
-0.2117400000
-0.1221300000
0.0283040000
1.3201000000
1.0992000000
-1.6407000000
-1.1982000000
0.8163100000
0.3381000000
0.1943000000
1.0313000000
-0.2768600000
-1.4575000000
-0.3304500000
0.6523300000
-0.1101500000
0.3226100000
0.9658900000
-0.2018200000
-0.6554400000
0.1982400000
-0.1513700000
-0.7887000000
0.2741900000
0.6210200000
-0.2355700000
0.0996820000
0.7460200000
-0.2659500000
-0.6016600000
0.2561100000
-0.0676510000
-0.7260800000
0.2155900000
0.5466600000
-0.3115500000
0.0092054000
0.6879700000
-0.1103800000
-0.3950900000
0.4633800000
0.0813000000
-0.7027000000
0.0151170000
0.2633500000
-0.5958400000
-0.1687300000
0.7441600000
0.0415420000
-0.2147500000
0.6447100000
0.1919200000
-0.7972200000
-0.1032600000
0.1677100000
-0.6890100000
-0.1011900000
0.9916600000
0.2844100000
-0.0889300000
0.6470000000
-0.4692700000
-1.4736000000
-0.0920920000
1.0604000000
0.2049500000
0.4080600000
0.6180900000
-1.4113000000
-1.5972000000
1.6190000000
1.4964000000
-0.8352700000
-0.5779800000
-0.2624400000
-1.0393000000
0.6989600000
1.9000000000
-0.4890400000
-1.8054000000
-0.0903810000
0.8352400000
0.1377300000
0.7844600000
0.5832400000
-1.5652000000
-1.1704000000
1.2837000000
0.7465700000
0.2293300000
0.4407700000
-1.0530000000
-1.8685000000
1.3864000000
2.1803000000
-1.5879000000
-1.8151000000
0.9115600000
0.8456000000
0.4533600000
0.8212700000
-1.3054000000
-2.1487000000
1.9904000000
2.4409000000
-2.8020000000
-1.4424000000
3.1459000000
-1.0051000000
-3.1229000000
2.8365000000
2.1193000000
-3.2408000000
0.5181300000
3.1596000000
-2.5949000000
-2.3912000000
3.0274000000
0.5634900000
-2.7660000000
0.7450100000
2.0832000000
-0.2723700000
-0.9512900000
-0.5277000000
-1.0960000000
1.2683000000
2.2973000000
-1.9952000000
-2.5972000000
2.9861000000
1.2391000000
-3.5004000000
2.3283000000
3.2796000000
-4.2035000000
2.5937000000
3.7467000000
-5.6392000000
5.9332000000
-4.2439000000
-1.8565000000
5.4878000000
-5.4493000000
4.3971000000
1.4768000000
-4.0644000000
3.4930000000
1.8149000000
-3.4428000000
1.6060000000
2.8703000000
-2.6196000000
-1.8460000000
2.1805000000
1.2063000000
-0.8030300000
-0.4630100000
-0.9797900000
-0.7001000000
1.9690000000
1.2332000000
-2.3467000000
-0.8807000000
2.0856000000
0.7804600000
-1.0263000000
-0.3231000000
-0.7994100000
-0.5921700000
1.7993000000
1.3088000000
-2.1034000000
-1.1986000000
1.6285000000
0.8491700000
0.1514600000
-0.1632400000
-1.2218000000
-1.4645000000
1.9464000000
1.7605000000
-2.1475000000
-1.4391000000
1.5953000000
0.8880300000
0.2996100000
-0.1705900000
-1.3322000000
-1.4882000000
2.1735000000
1.6668000000
-2.6105000000
-0.8379500000
2.5402000000
0.0651660000
-1.9099000000
-0.4962400000
0.6469900000
0.3470000000
1.1437000000
0.3369200000
-1.8689000000
-0.7795100000
1.6950000000
0.8156200000
-0.3358300000
-0.0597700000
-0.7441500000
-1.3196000000
0.8949000000
1.3611000000
-0.0383370000
-0.2989900000
0.1026600000
-0.8471300000
-0.9338800000
0.7655500000
0.5365100000
-0.0956150000
0.6478500000
0.3353900000
-1.3398000000
-0.8677900000
0.7271500000
0.1432400000
-0.0145170000
0.8592200000
0.2928900000
-0.8174500000
-0.0933930000
0.1040000000
-0.7508100000
-0.0829530000
0.9687200000
0.2268700000
-0.0420370000
0.7055600000
-0.5258200000
-1.4773000000
-0.0274760000
1.0067000000
0.1529100000
0.4402300000
0.6638800000
-1.4003000000
-1.5412000000
1.4691000000
1.3292000000
-0.3810700000
-0.2746400000
-0.1707000000
-1.0692000000
-0.3105200000
1.2058000000
0.4853000000
-0.0077950000
0.4731700000
-0.7935100000
-1.6260000000
0.6047600000
1.5562000000
0.1591900000
-0.4738600000
0.0375770000
-0.7632000000
-0.9657700000
0.8482500000
0.7440500000
-0.0140110000
0.5585600000
-0.0106330000
-1.5845000000
-0.7722000000
1.6344000000
0.8658400000
-0.4489200000
-0.0150400000
-0.4758900000
-1.2269000000
0.2881600000
1.1336000000
0.2186300000
0.2049500000
0.3212200000
-1.2704000000
-1.4708000000
1.4990000000
1.4252000000
-0.6486900000
-0.4702100000
-0.1360700000
-0.9863400000
-0.0163900000
1.4922000000
0.5676800000
-0.7651200000
-0.0103690000
-0.2045700000
-0.9612300000
0.1348600000
0.8627700000
0.0079608000
0.1516500000
0.8125200000
-0.7448100000
-1.3093000000
0.1255400000
0.5139900000
-0.2061400000
0.4733700000
0.8612500000
-0.3864800000
-0.4118200000
0.3572400000
-0.2843500000
-0.6994100000
0.2634000000
0.1988300000
-0.5677100000
0.2510500000
0.7708900000
-0.0977500000
-0.0196840000
0.7191900000
-0.4549100000
-1.0788000000
-0.0702260000
0.1183300000
-0.4403800000
0.7580500000
1.2635000000
-0.3618700000
-0.7139900000
0.0778900000
-0.4795900000
-0.7499400000
1.0435000000
1.0411000000
-0.2670200000
-0.0543150000
0.1599500000
-0.9615500000
-0.8447400000
0.6779200000
0.2640700000
-0.2057700000
0.6366100000
0.5248700000
-0.6660600000
-0.1714700000
0.3130800000
-0.5245800000
-0.4731300000
0.5343900000
0.0357500000
-0.4510600000
0.4721100000
0.4766300000
-0.3688500000
0.1349100000
0.6178000000
-0.4911400000
-0.5573300000
0.2712900000
-0.2229200000
-0.6912500000
0.6095600000
0.7174200000
-0.1453200000
0.3086000000
0.5474500000
-1.1199000000
-1.1488000000
0.6232400000
0.4211700000
-0.1121200000
0.6959200000
0.5555400000
-0.9454300000
-0.5113300000
0.0935480000
-0.6224700000
0.1402300000
1.5211000000
0.5346100000
-1.2834000000
-0.4964000000
-0.2447400000
-0.4007700000
1.2467000000
1.7408000000
-1.6849000000
-1.8910000000
1.5755000000
1.3799000000
-0.2720600000
-0.2970200000
-0.4054400000
-1.2647000000
0.2272400000
1.5556000000
0.3639700000
-0.6862600000
0.0581590000
-0.4017700000
-0.9898700000
0.4025500000
0.7906400000
-0.0632780000
0.3223100000
0.7114200000
-1.0652000000
-1.2559000000
0.5165700000
0.4990400000
-0.1103400000
0.6543600000
0.6442700000
-0.9378300000
-0.6102500000
0.0928880000
-0.5535400000
0.0871510000
1.5189000000
0.6365500000
-1.3881000000
-0.6332100000
-0.0898960000
-0.2450800000
1.0296000000
1.6615000000
-1.2999000000
-1.8185000000
0.9086600000
1.1150000000
0.3360600000
0.3893100000
-0.8077300000
-1.8684000000
0.7923200000
2.4341000000
-1.3823000000
-2.3619000000
1.6779000000
1.7836000000
-0.8087900000
-0.7256200000
-0.4968600000
-1.0289000000
1.3766000000
2.1493000000
-2.0043000000
-2.2840000000
2.5468000000
1.6068000000
-2.5162000000
-0.8323000000
1.8551000000
0.8262100000
-0.2891100000
-0.4375800000
-1.2681000000
-0.6812000000
2.0546000000
0.9464100000
-2.1179000000
-0.8429700000
1.3702000000
0.5514200000
0.6251200000
-0.0722330000
-1.7933000000
-0.9668800000
2.6281000000
0.1172800000
-3.0471000000
1.9463000000
2.9393000000
-3.2203000000
-0.9691900000
3.5697000000
-2.7109000000
-2.9364000000
4.1769000000
-2.9754000000
-3.2929000000
5.5345000000
-5.8579000000
4.3617000000
1.6126000000
-5.5197000000
5.5814000000
-4.7836000000
-0.5993200000
4.0983000000
-3.8450000000
-0.7617000000
3.5618000000
-2.7448000000
-2.5307000000
3.2708000000
-0.0587860000
-3.0390000000
1.9780000000
2.4282000000
-2.1666000000
-1.6223000000
1.1051000000
0.6513600000
0.7823300000
0.5377800000
-1.9201000000
-1.4597000000
2.7726000000
0.3222300000
-3.3040000000
2.4664000000
3.0243000000
-3.9873000000
2.0785000000
4.0102000000
-5.3009000000
5.3699000000
-1.7695000000
-4.3507000000
6.0320000000
-5.7606000000
4.0501000000
2.2941000000
-4.2589000000
3.5582000000
1.9074000000
-3.4783000000
1.6303000000
2.8254000000
-2.5216000000
-1.8352000000
1.9178000000
1.1352000000
-0.0622590000
-0.5577100000
-1.3100000000
-0.8318500000
2.2806000000
0.8605200000
-2.7596000000
0.4420800000
2.7946000000
-1.7278000000
-2.3708000000
1.8951000000
1.6244000000
-0.7239600000
-0.5663900000
-0.6058600000
-1.1547000000
1.4689000000
2.0122000000
-1.8783000000
-1.9559000000
1.8008000000
1.4246000000
-0.5823600000
-0.3927800000
-0.4483500000
-1.2244000000
0.7487000000
1.6991000000
-0.2489900000
-1.1062000000
-0.2697600000
-0.5987100000
0.0971000000
1.7702000000
0.7415300000
-2.3152000000
-0.5042900000
2.2049000000
0.3950100000
-1.3800000000
-0.5470800000
-0.6316000000
0.5690800000
1.9275000000
-0.1000600000
-2.7553000000
1.4060000000
3.0789000000
-3.1008000000
-1.7117000000
3.8343000000
-2.9598000000
-3.0390000000
4.9470000000
-5.0246000000
1.2983000000
4.7647000000
-6.2590000000
6.0837000000
-4.6643000000
