-0.0019848000
0.4971100000
1.2181000000
2.0353000000
2.2888000000
1.7184000000
1.0268000000
0.5750800000
0.3314800000
0.2128200000
0.1656300000
0.1630000000
0.1948100000
0.2618500000
0.3732100000
0.5445100000
0.7923300000
1.1149000000
1.4485000000
1.6418000000
1.5691000000
1.2874000000
0.9411800000
0.5968100000
0.2270000000
-0.2528900000
-0.9570600000
-1.8768000000
-2.4140000000
-1.9432000000
-1.1553000000
-0.6285700000
-0.3741500000
-0.3047000000
-0.3715600000
-0.5652400000
-0.8949400000
-1.3395000000
-1.7472000000
-1.8391000000
-1.5505000000
-1.1252000000
-0.7454500000
-0.4238800000
-0.0968880000
0.3252100000
0.9400000000
1.7402000000
2.2743000000
1.9727000000
1.2736000000
0.7326400000
0.4158500000
0.2423500000
0.1440000000
0.0790270000
0.0215420000
-0.0476390000
-0.1473500000
-0.3007300000
-0.5376100000
-0.8871800000
-1.3369000000
-1.7390000000
-1.8230000000
-1.5325000000
-1.1068000000
-0.7202400000
-0.3805000000
-0.0177900000
0.4666600000
1.1674000000
1.9844000000
2.2932000000
1.7653000000
1.0689000000
0.6009700000
0.3429600000
0.2108200000
0.1475400000
0.1221300000
0.1193200000
0.1327900000
0.1618000000
0.2097400000
0.2839900000
0.3962400000
0.5620500000
0.7962000000
1.0957000000
1.4035000000
1.5887000000
1.5375000000
1.2871000000
0.9605100000
0.6225900000
0.2519400000
-0.2326100000
-0.9465700000
-1.8854000000
-2.4357000000
-1.9489000000
-1.1466000000
-0.6195200000
-0.3746300000
-0.3245600000
-0.4238900000
-0.6669200000
-1.0583000000
-1.5374000000
-1.8684000000
-1.7861000000
-1.3896000000
-0.9612200000
-0.6120800000
-0.3123200000
0.0126780000
0.4533500000
1.0960000000
1.8727000000
2.2542000000
1.8360000000
1.1616000000
0.6708400000
0.3803400000
0.2080000000
0.0880490000
-0.0242220000
-0.1639900000
-0.3665100000
-0.6703300000
-1.0992000000
-1.5865000000
-1.8786000000
-1.7399000000
-1.3197000000
-0.8889400000
-0.5308100000
-0.1993800000
0.1927500000
0.7474100000
1.5128000000
2.1933000000
2.1266000000
1.4636000000
0.8579000000
0.4828200000
0.2706000000
0.1441000000
0.0523620000
-0.0383690000
-0.1555100000
-0.3278800000
-0.5890300000
-0.9670200000
-1.4321000000
-1.7982000000
-1.7981000000
-1.4520000000
-1.0216000000
-0.6458900000
-0.3091100000
0.0669840000
0.5842300000
1.3230000000
2.1012000000
2.2398000000
1.6266000000
0.9645000000
0.5416200000
0.3100900000
0.1887100000
0.1249900000
0.0895430000
0.0659340000
0.0439880000
0.0158570000
-0.0266100000
-0.0940440000
-0.2018600000
-0.3725500000
-0.6353100000
-1.0119000000
-1.4609000000
-1.7900000000
-1.7579000000
-1.4112000000
-0.9942100000
-0.6266000000
-0.2867200000
0.1054200000
0.6540700000
1.4297000000
2.1842000000
2.2026000000
1.5312000000
0.8893100000
0.4979800000
0.2928700000
0.1966300000
0.1635700000
0.1720400000
0.2154600000
0.2974400000
0.4296200000
0.6290700000
0.9089600000
1.2499000000
1.5520000000
1.6495000000
1.4785000000
1.1555000000
0.8073600000
0.4601200000
0.0607950000
-0.4912900000
-1.2979000000
-2.1828000000
-2.3367000000
-1.6290000000
-0.9168900000
-0.5047300000
-0.3290300000
-0.3135300000
-0.4260000000
-0.6670900000
-1.0436000000
-1.5009000000
-1.8259000000
-1.7689000000
-1.4012000000
-0.9822900000
-0.6274100000
-0.3121000000
0.0391320000
0.5221900000
1.2215000000
2.0103000000
2.2619000000
1.7208000000
1.0456000000
0.5935500000
0.3396700000
0.2013400000
0.1212100000
0.0650970000
0.0112540000
-0.0574810000
-0.1591500000
-0.3168100000
-0.5603300000
-0.9175500000
-1.3696000000
-1.7564000000
-1.8107000000
-1.5027000000
-1.0775000000
-0.6958700000
-0.3570500000
0.0115180000
0.5100400000
1.2289000000
2.0371000000
2.2790000000
1.7097000000
1.0239000000
0.5746800000
0.3295200000
0.2053800000
0.1478300000
0.1278300000
0.1316700000
0.1546500000
0.1980100000
0.2678900000
0.3752300000
0.5354600000
0.7644600000
1.0631000000
1.3816000000
1.5910000000
1.5640000000
1.3228000000
0.9946600000
0.6556800000
0.2916600000
-0.1738100000
-0.8551100000
-1.7795000000
-2.4209000000
-2.0365000000
-1.2279000000
-0.6647700000
-0.3911500000
-0.3183000000
-0.3947600000
-0.6106000000
-0.9728500000
-1.4429000000
-1.8244000000
-1.8293000000
-1.4745000000
-1.0399000000
-0.6748400000
-0.3678400000
-0.0487370000
0.3716000000
0.9854200000
1.7685000000
2.2570000000
1.9334000000
1.2503000000
0.7247700000
0.4114800000
0.2301700000
0.1119600000
0.0111650000
-0.1058000000
-0.2705100000
-0.5185000000
-0.8838200000
-1.3560000000
-1.7759000000
-1.8504000000
-1.5322000000
-1.0886000000
-0.6981700000
-0.3622600000
-0.0080374000
0.4623000000
1.1413000000
1.9419000000
2.2775000000
1.7909000000
1.1025000000
0.6250300000
0.3520600000
0.1993800000
0.1054400000
0.0321010000
-0.0466510000
-0.1534900000
-0.3139100000
-0.5590800000
-0.9175800000
-1.3707000000
-1.7579000000
-1.8113000000
-1.5019000000
-1.0760000000
-0.6939700000
-0.3547800000
0.0145270000
0.5143800000
1.2347000000
2.0415000000
2.2770000000
1.7044000000
1.0200000000
0.5723800000
0.3281100000
0.2041900000
0.1463100000
0.1254200000
0.1276800000
0.1480800000
0.1873600000
0.2509300000
0.3487800000
0.4954700000
0.7074300000
0.9911500000
1.3121000000
1.5586000000
1.5897000000
1.3880000000
1.0708000000
0.7333400000
0.3798600000
-0.0540190000
-0.6776000000
-1.5649000000
-2.3569000000
-2.1987000000
-1.3972000000
-0.7619200000
-0.4319100000
-0.3213200000
-0.3680900000
-0.5547300000
-0.8878400000
-1.3463000000
-1.7719000000
-1.8663000000
-1.5620000000
-1.1235000000
-0.7418500000
-0.4284900000
-0.1198400000
0.2699400000
0.8357300000
1.6004000000
2.2137000000
2.0588000000
1.3925000000
0.8182700000
0.4652800000
0.2616000000
0.1329000000
0.0290010000
-0.0858530000
-0.2438100000
-0.4803200000
-0.8312000000
-1.2964000000
-1.7398000000
-1.8683000000
-1.5845000000
-1.1408000000
-0.7407500000
-0.4015700000
-0.0552490000
0.3938500000
1.0430000000
1.8478000000
2.2833000000
1.8793000000
1.1818000000
0.6735900000
0.3788100000
0.2136000000
0.1125400000
0.0346720000
-0.0477870000
-0.1587500000
-0.3247300000
-0.5777000000
-0.9454900000
-1.4033000000
-1.7776000000
-1.8021000000
-1.4742000000
-1.0469000000
-0.6687900000
-0.3306200000
0.0433370000
0.5545100000
1.2878000000
2.0807000000
2.2578000000
1.6571000000
0.9847600000
0.5524900000
0.3172800000
0.1972600000
0.1397000000
0.1162200000
0.1127600000
0.1232800000
0.1466600000
0.1853100000
0.2450000000
0.3352500000
0.4696400000
0.6641300000
0.9280600000
1.2388000000
1.5050000000
1.5877000000
1.4349000000
1.1400000000
0.8083500000
0.4627600000
0.0520750000
-0.5254900000
-1.3695000000
-2.2566000000
-2.3214000000
-1.5596000000
-0.8601300000
-0.4761300000
-0.3326000000
-0.3587100000
-0.5303300000
-0.8520600000
-1.3084000000
-1.7545000000
-1.8863000000
-1.6009000000
-1.1579000000
-0.7685700000
-0.4546700000
-0.1557400000
0.2113100000
0.7399900000
1.4754000000
2.1494000000
2.1283000000
1.5005000000
0.8968600000
0.5121000000
0.2867700000
0.1427900000
0.0250630000
-0.1064500000
-0.2881100000
-0.5591400000
-0.9535900000
-1.4457000000
-1.8372000000
-1.8323000000
-1.4595000000
-1.0104000000
-0.6307800000
-0.3005600000
0.0598910000
0.5497500000
1.2511000000
2.0232000000
2.2417000000
1.6933000000
1.0292000000
0.5833700000
0.3264000000
0.1750600000
0.0696030000
-0.0294980000
-0.1531300000
-0.3324100000
-0.6025600000
-0.9915900000
-1.4638000000
-1.8191000000
-1.7913000000
-1.4268000000
-0.9939200000
-0.6212800000
-0.2858800000
0.0928490000
0.6170600000
1.3616000000
2.1226000000
2.2189000000
1.5931000000
0.9424300000
0.5296500000
0.3020900000
0.1792900000
0.1090200000
0.0608350000
0.0157450000
-0.0409210000
-0.1242800000
-0.2536600000
-0.4551800000
-0.7588100000
-1.1732000000
-1.6097000000
-1.8262000000
-1.6550000000
-1.2568000000
-0.8534000000
-0.5025400000
-0.1541500000
0.2829700000
0.9141100000
1.7432000000
2.3067000000
1.9930000000
1.2680000000
0.7177200000
0.4055300000
0.2478300000
0.1787500000
0.1627500000
0.1845700000
0.2418200000
0.3413700000
0.4973900000
0.7273100000
1.0366000000
1.3803000000
1.6225000000
1.6122000000
1.3631000000
1.0202000000
0.6745800000
0.3165800000
-0.1277200000
-0.7702300000
-1.6622000000
-2.3751000000
-2.1172000000
-1.3227000000
-0.7237600000
-0.4141100000
-0.3065900000
-0.3417400000
-0.5020200000
-0.7949700000
-1.2154000000
-1.6565000000
-1.8541000000
-1.6505000000
-1.2373000000
-0.8393000000
-0.5063400000
-0.1873700000
0.2023200000
0.7621900000
1.5360000000
2.2112000000
2.1195000000
1.4451000000
0.8438400000
0.4777300000
0.2769000000
0.1664100000
0.0991340000
0.0469040000
-0.0093198000
-0.0861910000
-0.2028200000
-0.3844000000
-0.6620500000
-1.0562000000
-1.5135000000
-1.8194000000
-1.7413000000
-1.3673000000
-0.9481500000
-0.5853500000
-0.2465400000
0.1520900000
0.7150500000
1.5000000000
2.2148000000
2.1570000000
1.4718000000
0.8518700000
0.4779100000
0.2797200000
0.1817400000
0.1389500000
0.1282800000
0.1395700000
0.1704700000
0.2241700000
0.3088100000
0.4374300000
0.6266200000
0.8887700000
1.2079000000
1.4986000000
1.6131000000
1.4778000000
1.1820000000
0.8449600000
0.5008500000
0.1045000000
-0.4411700000
-1.2439000000
-2.1577000000
-2.3723000000
-1.6730000000
-0.9394900000
-0.5143600000
-0.3382800000
-0.3339100000
-0.4698700000
-0.7479700000
-1.1672000000
-1.6344000000
-1.8812000000
-1.7051000000
-1.2847000000
-0.8738900000
-0.5399900000
-0.2371500000
0.1146100000
0.6097900000
1.3185000000
2.0634000000
2.2110000000
1.6369000000
0.9919700000
0.5663700000
0.3210000000
0.1747400000
0.0699650000
-0.0320380000
-0.1625000000
-0.3537700000
-0.6423600000
-1.0538000000
-1.5351000000
-1.8556000000
-1.7635000000
-1.3651000000
-0.9328500000
-0.5687900000
-0.2360000000
0.1503300000
0.6925200000
1.4510000000
2.1685000000
2.1677000000
1.5162000000
0.8913300000
0.5014400000
0.2839200000
0.1603100000
0.0794710000
0.0094764000
-0.0729490000
-0.1900800000
-0.3684200000
-0.6398300000
-1.0271000000
-1.4851000000
-1.8097000000
-1.7579000000
-1.3948000000
-0.9733500000
-0.6066800000
-0.2679300000
0.1248800000
0.6758800000
1.4508000000
2.1893000000
2.1854000000
1.5139000000
0.8804200000
0.4935600000
0.2877400000
0.1857900000
0.1411500000
0.1299000000
0.1414800000
0.1734900000
0.2292500000
0.3172300000
0.4508800000
0.6469800000
0.9167700000
1.2396000000
1.5216000000
1.6133000000
1.4560000000
1.1508000000
0.8124500000
0.4661500000
0.0608260000
-0.5044900000
-1.3313000000
-2.2215000000
-2.3333000000
-1.5955000000
-0.8875800000
-0.4893900000
-0.3310600000
-0.3390500000
-0.4857000000
-0.7744800000
-1.2016000000
-1.6625000000
-1.8809000000
-1.6780000000
-1.2527000000
-0.8475100000
-0.5177300000
-0.2132700000
0.1473500000
0.6595000000
1.3855000000
2.1097000000
2.1843000000
1.5777000000
0.9467400000
0.5394700000
0.3058500000
0.1660700000
0.0647670000
-0.0353000000
-0.1645000000
-0.3546300000
-0.6418200000
-1.0514000000
-1.5311000000
-1.8523000000
-1.7636000000
-1.3678000000
-0.9361500000
-0.5718100000
-0.2386200000
0.1480400000
0.6905700000
1.4500000000
2.1694000000
2.1695000000
1.5169000000
0.8912100000
0.5012500000
0.2843600000
0.1621600000
0.0837530000
0.0177810000
-0.0581670000
-0.1650300000
-0.3275600000
-0.5764500000
-0.9388600000
-1.3913000000
-1.7659000000
-1.7997000000
-1.4813000000
-1.0575000000
-0.6790200000
-0.3399100000
0.0344220000
0.5454000000
1.2795000000
2.0785000000
2.2645000000
1.6640000000
0.9877700000
0.5536100000
0.3190400000
0.2021400000
0.1507100000
0.1376100000
0.1509300000
0.1880600000
0.2530600000
0.3557500000
0.5112000000
0.7361600000
1.0348000000
1.3631000000
1.5944000000
1.5887000000
1.3547000000
1.0239000000
0.6827800000
0.3236400000
-0.1260800000
-0.7789300000
-1.6844000000
-2.3936000000
-2.1082000000
-1.3029000000
-0.7086700000
-0.4085300000
-0.3142800000
-0.3689900000
-0.5583100000
-0.8899500000
-1.3429000000
-1.7618000000
-1.8560000000
-1.5583000000
-1.1249000000
-0.7437700000
-0.4270100000
-0.1110800000
0.2913900000
0.8765300000
1.6563000000
2.2409000000
2.0265000000
1.3445000000
0.7830200000
0.4445000000
0.2527200000
0.1356400000
0.0463210000
-0.0472320000
-0.1724000000
-0.3591700000
-0.6423000000
-1.0463000000
-1.5203000000
-1.8420000000
-1.7620000000
-1.3740000000
-0.9448800000
-0.5800300000
-0.2454300000
0.1429300000
0.6879600000
1.4516000000
2.1752000000
2.1728000000
1.5150000000
0.8876400000
0.4988100000
0.2849400000
0.1679700000
0.0981700000
0.0460990000
-0.0075945000
-0.0791480000
-0.1865900000
-0.3534300000
-0.6095400000
-0.9791000000
-1.4290000000
-1.7784000000
-1.7761000000
-1.4425000000
-1.0231000000
-0.6509100000
-0.3113100000
0.0732690000
0.6060200000
1.3654000000
2.1432000000
2.2332000000
1.5874000000
0.9293800000
0.5202200000
0.3034400000
0.1996000000
0.1604900000
0.1625500000
0.1975000000
0.2672200000
0.3814900000
0.5562100000
0.8076400000
1.1320000000
1.4613000000
1.6424000000
1.5569000000
1.2700000000
0.9240600000
0.5798700000
0.2066500000
-0.2824700000
-1.0015000000
-1.9241000000
-2.4146000000
-1.9010000000
-1.1190000000
-0.6086700000
-0.3665100000
-0.3060800000
-0.3812900000
-0.5844600000
-0.9247200000
-1.3750000000
-1.7698000000
-1.8304000000
-1.5206000000
-1.0941000000
-0.7196300000
-0.4008500000
-0.0712210000
0.3600500000
0.9890400000
1.7910000000
2.2798000000
1.9297000000
1.2313000000
0.7065600000
0.4014100000
0.2337200000
0.1370800000
0.0707780000
0.0090502000
-0.0679730000
-0.1806100000
-0.3541900000
-0.6201900000
-1.0031000000
-1.4637000000
-1.8054000000
-1.7745000000
-1.4184000000
-0.9935500000
-0.6237300000
-0.2865200000
0.0982980000
0.6338000000
1.3930000000
2.1520000000
2.2125000000
1.5645000000
0.9173600000
0.5145200000
0.2975000000
0.1872200000
0.1345300000
0.1131700000
0.1101600000
0.1198900000
0.1412200000
0.1762600000
0.2301200000
0.3113800000
0.4325400000
0.6091700000
0.8536500000
1.1551000000
1.4432000000
1.5841000000
1.4902000000
1.2228000000
0.8968000000
0.5579900000
0.1721800000
-0.3507800000
-1.1248000000
-2.0670000000
-2.4197000000
-1.7793000000
-1.0100000000
-0.5480300000
-0.3520300000
-0.3404200000
-0.4781700000
-0.7655700000
-1.1988000000
-1.6727000000
-1.9002000000
-1.6919000000
-1.2566000000
-0.8475700000
-0.5213100000
-0.2276500000
0.1127700000
0.5917800000
1.2800000000
2.0219000000
2.2116000000
1.6725000000
1.0274000000
0.5904800000
0.3327700000
0.1726700000
0.0491920000
-0.0810420000
-0.2555800000
-0.5140600000
-0.8935700000
-1.3825000000
-1.8082000000
-1.8629000000
-1.5186000000
-1.0640000000
-0.6738000000
-0.3416700000
0.0080272000
0.4726000000
1.1420000000
1.9292000000
2.2632000000
1.7912000000
1.1116000000
0.6335900000
0.3545100000
0.1903700000
0.0773230000
-0.0271260000
-0.1558500000
-0.3414700000
-0.6202700000
-1.0194000000
-1.4959000000
-1.8360000000
-1.7791000000
-1.3988000000
-0.9659100000
-0.5969800000
-0.2623800000
0.1206200000
0.6545000000
1.4075000000
2.1485000000
2.1946000000
1.5533000000
0.9152300000
0.5144800000
0.2928000000
0.1707900000
0.0970280000
0.0407690000
-0.0185020000
-0.0983440000
-0.2185100000
-0.4045900000
-0.6873700000
-1.0844000000
-1.5344000000
-1.8177000000
-1.7181000000
-1.3405000000
-0.9267600000
-0.5672500000
-0.2253700000
0.1845400000
0.7680200000
1.5711000000
2.2526000000
2.1169000000
1.4109000000
0.8091900000
0.4543300000
0.2702000000
0.1841400000
0.1546300000
0.1621100000
0.2005100000
0.2729400000
0.3898500000
0.5674400000
0.8215300000
1.1464000000
1.4707000000
1.6404000000
1.5447000000
1.2545000000
0.9095900000
0.5656100000
0.1890200000
-0.3089300000
-1.0419000000
-1.9663000000
-2.4132000000
-1.8627000000
-1.0867000000
-0.5911000000
-0.3601800000
-0.3085800000
-0.3926400000
-0.6064300000
-0.9586000000
-1.4148000000
-1.7937000000
-1.8187000000
-1.4867000000
-1.0597000000
-0.6912200000
-0.3754900000
-0.0431080000
0.3977500000
1.0409000000
1.8417000000
2.2803000000
1.8837000000
1.1890000000
0.6810700000
0.3872300000
0.2246200000
0.1285200000
0.0590090000
-0.0099731000
-0.0996230000
-0.2326600000
-0.4375500000
-0.7466700000
-1.1714000000
-1.6228000000
-1.8475000000
-1.6682000000
-1.2574000000
-0.8476200000
-0.4970000000
-0.1537700000
0.2729300000
0.8871100000
1.7009000000
2.2848000000
2.0166000000
1.3036000000
0.7438900000
0.4189200000
0.2471500000
0.1597300000
0.1166800000
0.0966310000
0.0884220000
0.0861830000
0.0867320000
0.0881740000
0.0891240000
0.0882210000
0.0837420000
0.0731960000
0.0527740000
0.0165380000
-0.0448320000
-0.1459400000
-0.3091000000
-0.5652800000
-0.9435900000
-1.4194000000
-1.8083000000
-1.8251000000
-1.4760000000
-1.0360000000
-0.6566300000
-0.3251300000
0.0351820000
0.5232700000
1.2253000000
2.0133000000
2.2596000000
1.7156000000
1.0408000000
0.5886400000
0.3325000000
0.1890800000
0.0999400000
0.0289580000
-0.0487660000
-0.1553700000
-0.3160900000
-0.5620000000
-0.9214400000
-1.3748000000
-1.7601000000
-1.8097000000
-1.4982000000
-1.0723000000
-0.6909500000
-0.3519200000
0.0180250000
0.5194400000
1.2417000000
2.0471000000
2.2749000000
1.6982000000
1.0151000000
0.5695900000
0.3266800000
0.2035600000
0.1461800000
0.1256800000
0.1283500000
0.1492800000
0.1893300000
0.2540600000
0.3536500000
0.5028100000
0.7179300000
1.0045000000
1.3254000000
1.5655000000
1.5857000000
1.3761000000
1.0565000000
0.7187700000
0.3635500000
-0.0758700000
-0.7100400000
-1.6059000000
-2.3735000000
-2.1701000000
-1.3641000000
-0.7423400000
-0.4234200000
-0.3202500000
-0.3727800000
-0.5650500000
-0.9038900000
-1.3652000000
-1.7834000000
-1.8605000000
-1.5454000000
-1.1070000000
-0.7286500000
-0.4168000000
-0.1064800000
0.2887600000
0.8635500000
1.6330000000
2.2251000000
2.0364000000
1.3647000000
0.7996300000
0.4545100000
0.2553000000
0.1286800000
0.0253510000
-0.0900350000
-0.2495300000
-0.4886400000
-0.8428700000
-1.3099000000
-1.7486000000
-1.8650000000
-1.5729000000
-1.1289000000
-0.7309600000
-0.3926400000
-0.0447350000
0.4089000000
1.0646000000
1.8692000000
2.2833000000
1.8599000000
1.1639000000
0.6625300000
0.3726800000
0.2102400000
0.1106300000
0.0335050000
-0.0485850000
-0.1593700000
-0.3252600000
-0.5781700000
-0.9458400000
-1.4033000000
-1.7773000000
-1.8016000000
-1.4739000000
-1.0469000000
-0.6688000000
-0.3305800000
0.0435470000
0.5550500000
1.2888000000
2.0817000000
2.2576000000
1.6562000000
0.9839500000
0.5519900000
0.3170900000
0.1974100000
0.1403100000
0.1175200000
0.1151100000
0.1273000000
0.1532800000
0.1959800000
0.2619000000
0.3615300000
0.5094000000
0.7212800000
1.0020000000
1.3151000000
1.5501000000
1.5732000000
1.3721000000
1.0596000000
0.7251200000
0.3704500000
-0.0697850000
-0.7059900000
-1.6063000000
-2.3792000000
-2.1735000000
-1.3626000000
-0.7396900000
-0.4226900000
-0.3241200000
-0.3846200000
-0.5892800000
-0.9444100000
-1.4171000000
-1.8197000000
-1.8514000000
-1.5045000000
-1.0639000000
-0.6939400000
-0.3890600000
-0.0811720000
0.3162200000
0.8957100000
1.6623000000
2.2264000000
2.0094000000
1.3402000000
0.7862000000
0.4471800000
0.2481000000
0.1160400000
0.0009037300
-0.1350000000
-0.3276000000
-0.6160800000
-1.0299000000
-1.5231000000
-1.8659000000
-1.7877000000
-1.3851000000
-0.9442700000
-0.5766900000
-0.2471700000
0.1283100000
0.6505900000
1.3870000000
2.1206000000
2.1910000000
1.5729000000
0.9367500000
0.5286700000
0.2956700000
0.1571300000
0.0578310000
-0.0389190000
-0.1625800000
-0.3436600000
-0.6169500000
-1.0090000000
-1.4795000000
-1.8229000000
-1.7798000000
-1.4102000000
-0.9799100000
-0.6098900000
-0.2740300000
0.1092800000
0.6427700000
1.3972000000
2.1471000000
2.2039000000
1.5617000000
0.9188800000
0.5160500000
0.2954300000
0.1776100000
0.1119200000
0.0692760000
0.0321110000
-0.0124300000
-0.0768670000
-0.1768000000
-0.3338400000
-0.5765700000
-0.9307900000
-1.3744000000
-1.7478000000
-1.7940000000
-1.4901000000
-1.0723000000
-0.6939500000
-0.3535000000
0.0217720000
0.5332500000
1.2697000000
2.0776000000
2.2741000000
1.6718000000
0.9901500000
0.5539800000
0.3211700000
0.2098100000
0.1686800000
0.1727700000
0.2136500000
0.2939800000
0.4249500000
0.6235200000
0.9032400000
1.2457000000
1.5519000000
1.6541000000
1.4851000000
1.1612000000
0.8119700000
0.4649300000
0.0678080000
-0.4794400000
-1.2796000000
-2.1676000000
-2.3430000000
-1.6456000000
-0.9291600000
-0.5109900000
-0.3303400000
-0.3100900000
-0.4168000000
-0.6503700000
-1.0186000000
-1.4735000000
-1.8129000000
-1.7808000000
-1.4255000000
-1.0057000000
-0.6467900000
-0.3298900000
0.0189710000
0.4952700000
1.1866000000
1.9834000000
2.2726000000
1.7519000000
1.0693000000
0.6070000000
0.3472900000
0.2071300000
0.1282800000
0.0764430000
0.0306050000
-0.0247970000
-0.1051000000
-0.2294100000
-0.4236300000
-0.7187000000
-1.1288000000
-1.5791000000
-1.8330000000
-1.6929000000
-1.2983000000
-0.8868300000
-0.5321300000
-0.1897000000
0.2288600000
0.8286800000
1.6395000000
2.2736000000
2.0667000000
1.3541000000
0.7739800000
0.4353900000
0.2588500000
0.1738200000
0.1399900000
0.1374500000
0.1584300000
0.2028900000
0.2767000000
0.3912500000
0.5625800000
0.8061700000
1.1181000000
1.4351000000
1.6152000000
1.5442000000
1.2743000000
0.9378700000
0.5964500000
0.2230100000
-0.2673100000
-0.9894600000
-1.9220000000
-2.4261000000
-1.9101000000
-1.1198000000
-0.6069700000
-0.3681000000
-0.3166300000
-0.4078300000
-0.6358100000
-1.0075000000
-1.4764000000
-1.8340000000
-1.8057000000
-1.4390000000
-1.0096000000
-0.6503700000
-0.3425000000
-0.0134920000
0.4280300000
1.0721000000
1.8611000000
2.2675000000
1.8566000000
1.1722000000
0.6741100000
0.3827900000
0.2157700000
0.1079500000
0.0171150000
-0.0873270000
-0.2339300000
-0.4553100000
-0.7862700000
-1.2336000000
-1.6859000000
-1.8654000000
-1.6301000000
-1.1983000000
-0.7917000000
-0.4470600000
-0.1033600000
0.3329700000
0.9629900000
1.7729000000
2.2862000000
1.9502000000
1.2443000000
0.7102100000
0.3998300000
0.2302200000
0.1340100000
0.0703040000
0.0138190000
-0.0541520000
-0.1519600000
-0.3021400000
-0.5337100000
-0.8753100000
-1.3166000000
-1.7185000000
-1.8175000000
-1.5440000000
-1.1247000000
-0.7375200000
-0.3957800000
-0.0319930000
0.4524200000
1.1540000000
1.9791000000
2.3023000000
1.7766000000
1.0742000000
0.6026500000
0.3450900000
0.2171900000
0.1626000000
0.1520800000
0.1734300000
0.2252000000
0.3138500000
0.4524900000
0.6584100000
0.9427000000
1.2799000000
1.5630000000
1.6325000000
1.4444000000
1.1202000000
0.7753700000
0.4262100000
0.0145850000
-0.5638500000
-1.4022000000
-2.2582000000
-2.2893000000
-1.5365000000
-0.8533000000
-0.4735800000
-0.3222500000
-0.3281000000
-0.4644200000
-0.7349700000
-1.1409000000
-1.5992000000
-1.8589000000
-1.7117000000
-1.3079000000
-0.8975600000
-0.5572500000
-0.2454000000
0.1184100000
0.6313300000
1.3622000000
2.1076000000
2.2062000000
1.5966000000
0.9539300000
0.5414000000
0.3098900000
0.1793500000
0.0960480000
0.0265610000
-0.0529200000
-0.1645300000
-0.3342900000
-0.5942400000
-0.9712300000
-1.4342000000
-1.7969000000
-1.7944000000
-1.4490000000
-1.0202000000
-0.6455600000
-0.3090100000
0.0675630000
0.5860500000
1.3266000000
2.1050000000
2.2395000000
1.6233000000
0.9614400000
0.5397900000
0.3096900000
0.1900900000
0.1289300000
0.0974330000
0.0800360000
0.0679000000
0.0552510000
0.0371950000
0.0081890000
-0.0393780000
-0.1168700000
-0.2415500000
-0.4384700000
-0.7377700000
-1.1509000000
-1.5961000000
-1.8324000000
-1.6758000000
-1.2780000000
-0.8699700000
-0.5175900000
-0.1734300000
0.2521000000
0.8641200000
1.6822000000
2.2878000000
2.0367000000
1.3187000000
0.7509200000
0.4230600000
0.2536800000
0.1740000000
0.1454300000
0.1495500000
0.1801700000
0.2392000000
0.3350800000
0.4820700000
0.6973300000
0.9887200000
1.3219000000
1.5797000000
1.6113000000
1.3995000000
1.0720000000
0.7296000000
0.3762800000
-0.0533890000
-0.6683400000
-1.5440000000
-2.3385000000
-2.2065000000
-1.4164000000
-0.7766100000
-0.4380700000
-0.3165100000
-0.3477900000
-0.5117900000
-0.8149400000
-1.2486000000
-1.6930000000
-1.8685000000
-1.6344000000
-1.2086000000
-0.8127200000
-0.4862200000
-0.1740700000
0.2081700000
0.7579000000
1.5186000000
2.1913000000
2.1205000000
1.4613000000
0.8600400000
0.4881400000
0.2787800000
0.1558500000
0.0693420000
-0.0133580000
-0.1180600000
-0.2714400000
-0.5055100000
-0.8526100000
-1.3076000000
-1.7322000000
-1.8459000000
-1.5654000000
-1.1324000000
-0.7384400000
-0.3984500000
-0.0446010000
0.4199900000
1.0924000000
1.9076000000
2.2947000000
1.8340000000
1.1326000000
0.6406000000
0.3623900000
0.2133800000
0.1320600000
0.0825310000
0.0437180000
0.0013339000
-0.0572630000
-0.1468100000
-0.2873000000
-0.5058800000
-0.8313600000
-1.2611000000
-1.6767000000
-1.8217000000
-1.5868000000
-1.1755000000
-0.7827200000
-0.4380400000
-0.0802660000
0.3866600000
1.0642000000
1.8994000000
2.3174000000
1.8578000000
1.1405000000
0.6406900000
0.3653700000
0.2294100000
0.1734100000
0.1667400000
0.1973500000
0.2652000000
0.3792400000
0.5552000000
0.8094800000
1.1381000000
1.4712000000
1.6514000000
1.5599000000
1.2668000000
0.9179600000
0.5730700000
0.1998800000
-0.2892400000
-1.0079000000
-1.9271000000
-2.4106000000
-1.8958000000
-1.1169000000
-0.6083000000
-0.3656400000
-0.3026200000
-0.3728000000
-0.5679500000
-0.8976000000
-1.3403000000
-1.7445000000
-1.8344000000
-1.5471000000
-1.1238000000
-0.7446600000
-0.4220600000
-0.0922230000
0.3351500000
0.9578700000
1.7627000000
2.2813000000
1.9570000000
1.2548000000
0.7197300000
0.4087400000
0.2400500000
0.1466300000
0.0880670000
0.0400750000
-0.0143600000
-0.0909080000
-0.2082700000
-0.3914900000
-0.6715400000
-1.0678000000
-1.5236000000
-1.8212000000
-1.7333000000
-1.3564000000
-0.9386900000
-0.5773300000
-0.2379300000
0.1640600000
0.7334000000
1.5238000000
2.2272000000
2.1434000000
1.4514000000
0.8378300000
0.4701500000
0.2761500000
0.1811300000
0.1410200000
0.1335700000
0.1494100000
0.1871500000
0.2513300000
0.3518000000
0.5034000000
0.7228100000
1.0154000000
1.3414000000
1.5804000000
1.5911000000
1.3704000000
1.0446000000
0.7046600000
0.3480400000
-0.0944060000
-0.7339900000
-1.6318000000
-2.3791000000
-2.1489000000
-1.3442000000
-0.7319200000
-0.4186500000
-0.3169500000
-0.3675500000
-0.5546800000
-0.8855700000
-1.3398000000
-1.7628000000
-1.8609000000
-1.5634000000
-1.1282000000
-0.7461100000
-0.4302200000
-0.1172700000
0.2794200000
0.8556100000
1.6291000000
2.2292000000
2.0434000000
1.3677000000
0.7995300000
0.4541000000
0.2570600000
0.1352700000
0.0404570000
-0.0608750000
-0.1978900000
-0.4026900000
-0.7110300000
-1.1405000000
-1.6115000000
-1.8669000000
-1.7020000000
-1.2837000000
-0.8635800000
-0.5101000000
-0.1734300000
0.2357300000
0.8203300000
1.6112000000
2.2449000000
2.0718000000
1.3792000000
0.7970200000
0.4479900000
0.2558200000
0.1472600000
0.0765650000
0.0155590000
-0.0562310000
-0.1583900000
-0.3145100000
-0.5544300000
-0.9061600000
-1.3532000000
-1.7426000000
-1.8099000000
-1.5137000000
-1.0916000000
-0.7087000000
-0.3684300000
0.0003174600
0.4976100000
1.2156000000
2.0300000000
2.2864000000
1.7211000000
1.0307000000
0.5778200000
0.3319600000
0.2098100000
0.1571200000
0.1458000000
0.1638700000
0.2094700000
0.2880900000
0.4115400000
0.5965000000
0.8574500000
1.1834000000
1.4939000000
1.6343000000
1.5128000000
1.2149000000
0.8720300000
0.5278600000
0.1416800000
-0.3800400000
-1.1485000000
-2.0697000000
-2.3963000000
-1.7623000000
-1.0075000000
-0.5493200000
-0.3462600000
-0.3166400000
-0.4228500000
-0.6629900000
-1.0433000000
-1.5086000000
-1.8397000000
-1.7790000000
-1.4027000000
-0.9794600000
-0.6255300000
-0.3155000000
0.0256010000
0.4916200000
1.1686000000
1.9559000000
2.2640000000
1.7696000000
1.0916000000
0.6232800000
0.3547500000
0.2030700000
0.1074400000
0.0295770000
-0.0574600000
-0.1781500000
-0.3606400000
-0.6383700000
-1.0354000000
-1.5040000000
-1.8298000000
-1.7636000000
-1.3856000000
-0.9586000000
-0.5925600000
-0.2567600000
0.1318400000
0.6764300000
1.4417000000
2.1745000000
2.1822000000
1.5230000000
0.8911100000
0.5003700000
0.2876300000
0.1748400000
0.1130000000
0.0743460000
0.0424060000
0.0055799000
-0.0469550000
-0.1283400000
-0.2568900000
-0.4581700000
-0.7617600000
-1.1757000000
-1.6106000000
-1.8247000000
-1.6523000000
-1.2547000000
-0.8520800000
-0.5015100000
-0.1527400000
0.2855300000
0.9186100000
1.7490000000
2.3086000000
1.9890000000
1.2633000000
0.7145700000
0.4039500000
0.2476500000
0.1801100000
0.1662000000
0.1911400000
0.2531700000
0.3599600000
0.5264400000
0.7697000000
1.0907000000
1.4316000000
1.6431000000
1.5884000000
1.3129000000
0.9651500000
0.6199000000
0.2548300000
-0.2116200000
-0.8932400000
-1.8042000000
-2.4052000000
-2.0038000000
-1.2115000000
-0.6604000000
-0.3867100000
-0.3024000000
-0.3547500000
-0.5311200000
-0.8405000000
-1.2712000000
-1.6973000000
-1.8473000000
-1.6045000000
-1.1858000000
-0.7964000000
-0.4683000000
-0.1442900000
0.2631300000
0.8535200000
1.6470000000
2.2555000000
2.0466000000
1.3511000000
0.7808600000
0.4424600000
0.2585500000
0.1579900000
0.0972890000
0.0507160000
0.0010213000
-0.0667500000
-0.1697000000
-0.3306300000
-0.5792900000
-0.9421800000
-1.3949000000
-1.7681000000
-1.7990000000
-1.4787000000
-1.0548000000
-0.6770300000
-0.3385600000
0.0352840000
0.5457900000
1.2793000000
2.0777000000
2.2640000000
1.6643000000
0.9884200000
0.5541500000
0.3192700000
0.2018600000
0.1496100000
0.1352000000
0.1464200000
0.1802500000
0.2401100000
0.3350000000
0.4791700000
0.6895600000
0.9744800000
1.3025000000
1.5628000000
1.6069000000
1.4085000000
1.0878000000
0.7475400000
0.3957700000
-0.0297810000
-0.6367600000
-1.5069000000
-2.3246000000
-2.2332000000
-1.4461000000
-0.7933500000
-0.4456900000
-0.3202000000
-0.3513700000
-0.5184200000
-0.8274300000
-1.2677000000
-1.7118000000
-1.8731000000
-1.6230000000
-1.1921000000
-0.7982400000
-0.4751500000
-0.1658500000
0.2140700000
0.7610700000
1.5174000000
2.1857000000
2.1171000000
1.4628000000
0.8633600000
0.4906100000
0.2786100000
0.1509800000
0.0566760000
-0.0386720000
-0.1636100000
-0.3486000000
-0.6288500000
-1.0303000000
-1.5067000000
-1.8401000000
-1.7734000000
-1.3890000000
-0.9571800000
-0.5900900000
-0.2562300000
0.1275700000
0.6637300000
1.4187000000
2.1545000000
2.1884000000
1.5438000000
0.9087700000
0.5109700000
0.2908500000
0.1693000000
0.0951550000
0.0376950000
-0.0238000000
-0.1073300000
-0.2333600000
-0.4283400000
-0.7232200000
-1.1315000000
-1.5779000000
-1.8277000000
-1.6875000000
-1.2956000000
-0.8860200000
-0.5313400000
-0.1870500000
0.2355800000
0.8421000000
1.6587000000
2.2832000000
2.0555000000
1.3378000000
0.7623200000
0.4290900000
0.2574600000
0.1779500000
0.1516500000
0.1604500000
0.1989700000
0.2705700000
0.3856800000
0.5603700000
0.8106400000
1.1322000000
1.4575000000
1.6357000000
1.5511000000
1.2673000000
0.9237800000
0.5802100000
0.2060400000
-0.2856300000
-1.0090000000
-1.9346000000
-2.4173000000
-1.8933000000
-1.1108000000
-0.6036800000
-0.3652000000
-0.3091700000
-0.3904100000
-0.6021800000
-0.9530500000
-1.4098000000
-1.7927000000
-1.8228000000
-1.4925000000
-1.0645000000
-0.6951100000
-0.3797600000
-0.0495060000
0.3869600000
1.0238000000
1.8230000000
2.2781000000
1.8990000000
1.2046000000
0.6911800000
0.3927800000
0.2269100000
0.1280000000
0.0552750000
-0.0181900000
-0.1146400000
-0.2581900000
-0.4787900000
-0.8085200000
-1.2496000000
-1.6859000000
-1.8475000000
-1.6092000000
-1.1852000000
-0.7849700000
-0.4408200000
-0.0912850000
0.3583200000
1.0092000000
1.8306000000
2.3019000000
1.9087000000
1.1967000000
0.6780800000
0.3832500000
0.2277900000
0.1477000000
0.1063000000
0.0836680000
0.0686480000
0.0542450000
0.0348850000
0.0046057000
-0.0445360000
-0.1242500000
-0.2521800000
-0.4537800000
-0.7589200000
-1.1762000000
-1.6157000000
-1.8318000000
-1.6562000000
-1.2543000000
-0.8498600000
-0.4996600000
-0.1529200000
0.2814800000
0.9083900000
1.7335000000
2.3012000000
1.9981000000
1.2763000000
0.7239400000
0.4087100000
0.2474400000
0.1735200000
0.1502500000
0.1607800000
0.2004400000
0.2729500000
0.3889700000
0.5646300000
0.8157400000
1.1373000000
1.4606000000
1.6347000000
1.5465000000
1.2617000000
0.9186100000
0.5751600000
0.1997500000
-0.2951700000
-1.0237000000
-1.9502000000
-2.4170000000
-1.8793000000
-1.0989000000
-0.5971900000
-0.3629200000
-0.3102700000
-0.3950100000
-0.6110300000
-0.9666700000
-1.4256000000
-1.8018000000
-1.8177000000
-1.4789000000
-1.0509000000
-0.6839800000
-0.3698400000
-0.0385460000
0.4015700000
1.0437000000
1.8419000000
2.2775000000
1.8813000000
1.1887000000
0.6816500000
0.3874400000
0.2233400000
0.1244100000
0.0500970000
-0.0267000000
-0.1288600000
-0.2815200000
-0.5157300000
-0.8626600000
-1.3150000000
-1.7322000000
-1.8379000000
-1.5560000000
-1.1262000000
-0.7345900000
-0.3945300000
-0.0377920000
0.4331000000
1.1148000000
1.9321000000
2.2964000000
1.8135000000
1.1124000000
0.6277000000
0.3560800000
0.2129900000
0.1384300000
0.0982780000
0.0736940000
0.0535530000
0.0299980000
-0.0043524000
-0.0585470000
-0.1454300000
-0.2839700000
-0.5008000000
-0.8247600000
-1.2543000000
-1.6732000000
-1.8246000000
-1.5936000000
-1.1820000000
-0.7880200000
-0.4432500000
-0.0872610000
0.3754500000
1.0468000000
1.8811000000
2.3167000000
1.8738000000
1.1555000000
0.6499200000
0.3700200000
0.2306700000
0.1715400000
0.1610900000
0.1863400000
0.2461700000
0.3481800000
0.5069400000
0.7397300000
1.0508000000
1.3918000000
1.6247000000
1.6032000000
1.3488000000
1.0060000000
0.6610100000
0.3010200000
-0.1498800000
-0.8044300000
-1.7046000000
-2.3886000000
-2.0859000000
-1.2888000000
-0.7036600000
-0.4054300000
-0.3063200000
-0.3490600000
-0.5179800000
-0.8211600000
-1.2497000000
-1.6847000000
-1.8546000000
-1.6250000000
-1.2061000000
-0.8126600000
-0.4835400000
-0.1637500000
0.2327400000
0.8050900000
1.5864000000
2.2307000000
2.0858000000
1.4025000000
0.8159900000
0.4622500000
0.2678800000
0.1594500000
0.0909690000
0.0344440000
-0.0298450000
-0.1201200000
-0.2580400000
-0.4718100000
-0.7925900000
-1.2247000000
-1.6614000000
-1.8414000000
-1.6247000000
-1.2086000000
-0.8071700000
-0.4609100000
-0.1118300000
0.3337500000
0.9785900000
1.8036000000
2.3053000000
1.9359000000
1.2189000000
0.6902800000
0.3902900000
0.2346500000
0.1588500000
0.1267600000
0.1202300000
0.1314000000
0.1586500000
0.2048500000
0.2770000000
0.3864600000
0.5486800000
0.7789100000
1.0762000000
1.3880000000
1.5860000000
1.5497000000
1.3067000000
0.9809300000
0.6431800000
0.2764400000
-0.1974700000
-0.8936200000
-1.8266000000
-2.4310000000
-1.9995000000
-1.1913000000
-0.6438200000
-0.3835600000
-0.3221800000
-0.4110800000
-0.6425300000
-1.0223000000
-1.4995000000
-1.8538000000
-1.8069000000
-1.4252000000
-0.9929700000
-0.6374200000
-0.3355400000
-0.0144420000
0.4155700000
1.0436000000
1.8232000000
2.2562000000
1.8824000000
1.2039000000
0.6969600000
0.3954600000
0.2180900000
0.0974490000
-0.0119620000
-0.1451400000
-0.3364700000
-0.6239900000
-1.0358000000
-1.5242000000
-1.8604000000
-1.7802000000
-1.3807000000
-0.9430400000
-0.5763800000
-0.2455500000
0.1335300000
0.6622900000
1.4064000000
2.1368000000
2.1855000000
1.5556000000
0.9221200000
0.5197000000
0.2920000000
0.1590500000
0.0670920000
-0.0187120000
-0.1253500000
-0.2800700000
-0.5149400000
-0.8616200000
-1.3132000000
-1.7299000000
-1.8366000000
-1.5563000000
-1.1273000000
-0.7355400000
-0.3947900000
-0.0368750000
0.4359000000
1.1202000000
1.9384000000
2.2971000000
1.8084000000
1.1072000000
0.6242400000
0.3543300000
0.2129000000
0.1403500000
0.1030900000
0.0829450000
0.0697640000
0.0571840000
0.0401420000
0.0132200000
-0.0307920000
-0.1025400000
-0.2181700000
-0.4014300000
-0.6823100000
-1.0786000000
-1.5305000000
-1.8190000000
-1.7238000000
-1.3467000000
-0.9317300000
-0.5718900000
-0.2315400000
0.1743500000
0.7509100000
1.5480000000
2.2408000000
2.1303000000
1.4306000000
0.8229900000
0.4619900000
0.2732900000
0.1832600000
0.1492200000
0.1504400000
0.1794700000
0.2375700000
0.3328800000
0.4795500000
0.6947800000
0.9867300000
1.3214000000
1.5814000000
1.6144000000
1.4024000000
1.0738000000
0.7308900000
0.3778100000
-0.0506510000
-0.6632000000
-1.5362000000
-2.3338000000
-2.2108000000
-1.4231000000
-0.7810600000
-0.4400500000
-0.3161800000
-0.3448100000
-0.5052900000
-0.8038800000
-1.2336000000
-1.6801000000
-1.8675000000
-1.6452000000
-1.2221000000
-0.8242000000
-0.4957000000
-0.1832200000
0.1973400000
0.7435900000
1.5024000000
2.1850000000
2.1313000000
1.4750000000
0.8688800000
0.4930200000
0.2819900000
0.1592800000
0.0746950000
-0.0040845000
-0.1021000000
-0.2448000000
-0.4628000000
-0.7892600000
-1.2299000000
-1.6751000000
-1.8548000000
-1.6277000000
-1.2028000000
-0.7984600000
-0.4530500000
-0.1068700000
0.3337400000
0.9705900000
1.7873000000
2.2950000000
1.9434000000
1.2323000000
0.7008500000
0.3952400000
0.2319100000
0.1447700000
0.0950620000
0.0607000000
0.0278300000
-0.0144480000
-0.0776320000
-0.1767700000
-0.3331900000
-0.5752900000
-0.9288800000
-1.3723000000
-1.7466000000
-1.7947000000
-1.4921000000
-1.0743000000
-0.6957300000
-0.3553100000
0.0194650000
0.5298500000
1.2649000000
2.0740000000
2.2757000000
1.6761000000
0.9933600000
0.5558000000
0.3221000000
0.2102100000
0.1687500000
0.1725600000
0.2131500000
0.2931000000
0.4235400000
0.6214000000
0.9003500000
1.2425000000
1.5496000000
1.6544000000
1.4875000000
1.1644000000
0.8151400000
0.4682400000
0.0719470000
-0.4734300000
-1.2713000000
-2.1613000000
-2.3465000000
-1.6531000000
-0.9342800000
-0.5135300000
-0.3311900000
-0.3097600000
-0.4154600000
-0.6479700000
-1.0152000000
-1.4700000000
-1.8116000000
-1.7827000000
-1.4289000000
-1.0088000000
-0.6493600000
-0.3324200000
0.0157750000
0.4905600000
1.1800000000
1.9777000000
2.2739000000
1.7579000000
1.0743000000
0.6099300000
0.3488700000
0.2079400000
0.1286600000
0.0765570000
0.0305080000
-0.0251200000
-0.1057200000
-0.2304700000
-0.4253400000
-0.7212900000
-1.1322000000
-1.5821000000
-1.8335000000
-1.6906000000
-1.2951000000
-0.8839700000
-0.5296000000
-0.1869800000
0.2325100000
0.8339700000
1.6457000000
2.2755000000
2.0623000000
1.3490000000
0.7707200000
0.4336300000
0.2579400000
0.1733600000
0.1397300000
0.1372500000
0.1582000000
0.2025200000
0.2761000000
0.3902800000
0.5610700000
0.8039900000
1.1154000000
1.4327000000
1.6145000000
1.5455000000
1.2768000000
0.9406300000
0.5992900000
0.2263600000
-0.2626300000
-0.9826700000
-1.9151000000
-2.4265000000
-1.9165000000
-1.1250000000
-0.6097400000
-0.3691500000
-0.3165600000
-0.4068700000
-0.6339900000
-1.0049000000
-1.4737000000
-1.8331000000
-1.8073000000
-1.4416000000
-1.0119000000
-0.6522600000
-0.3443400000
-0.0158390000
0.4245100000
1.0670000000
1.8560000000
2.2675000000
1.8612000000
1.1765000000
0.6768200000
0.3843200000
0.2166100000
0.1084000000
0.0173110000
-0.0873380000
-0.2341700000
-0.4558700000
-0.7872400000
-1.2350000000
-1.6871000000
-1.8655000000
-1.6292000000
-1.1970000000
-0.7905900000
-0.4460700000
-0.1023100000
0.3343100000
0.9647900000
1.7747000000
2.2863000000
1.9486000000
1.2429000000
0.7093300000
0.3993400000
0.2298600000
0.1336000000
0.0696530000
0.0127100000
-0.0560310000
-0.1550800000
-0.3071800000
-0.5415500000
-0.8865300000
-1.3296000000
-1.7268000000
-1.8145000000
-1.5330000000
-1.1130000000
-0.7274200000
-0.3862000000
-0.0205240000
0.4687600000
1.1767000000
1.9987000000
2.2974000000
1.7560000000
1.0576000000
0.5930800000
0.3401200000
0.2147700000
0.1615200000
0.1517000000
0.1734200000
0.2253800000
0.3141200000
0.4527700000
0.6586200000
0.9427300000
1.2797000000
1.5625000000
1.6320000000
1.4441000000
1.1202000000
0.7755200000
0.4263700000
0.0146550000
-0.5639600000
-1.4026000000
-2.2586000000
-2.2892000000
-1.5361000000
-0.8529600000
-0.4734100000
-0.3223200000
-0.3285000000
-0.4653300000
-0.7366000000
-1.1433000000
-1.6015000000
-1.8597000000
-1.7103000000
-1.3057000000
-0.8955800000
-0.5556200000
-0.2439100000
0.1200600000
0.6334400000
1.3646000000
2.1089000000
2.2049000000
1.5945000000
0.9525100000
0.5406300000
0.3093900000
0.1788200000
0.0951740000
0.0250030000
-0.0556450000
-0.1691400000
-0.3418300000
-0.6059800000
-0.9876800000
-1.4518000000
-1.8052000000
-1.7865000000
-1.4328000000
-1.0046000000
-0.6322900000
-0.2959200000
0.0839160000
0.6095800000
1.3577000000
2.1259000000
2.2260000000
1.5959000000
0.9415500000
0.5285300000
0.3036600000
0.1867000000
0.1265900000
0.0950870000
0.0768150000
0.0628460000
0.0470710000
0.0239640000
-0.0130620000
-0.0732790000
-0.1706000000
-0.3258200000
-0.5673300000
-0.9216200000
-1.3686000000
-1.7498000000
-1.8031000000
-1.4995000000
-1.0784000000
-0.6982000000
-0.3587500000
0.0121620000
0.5150900000
1.2403000000
2.0506000000
2.2798000000
1.6988000000
1.0130000000
0.5677000000
0.3271100000
0.2085300000
0.1588400000
0.1508500000
0.1734500000
0.2257500000
0.3144500000
0.4527300000
0.6578100000
0.9407800000
1.2766000000
1.5593000000
1.6305000000
1.4450000000
1.1226000000
0.7783200000
0.4293500000
0.0180570000
-0.5596800000
-1.3977000000
-2.2564000000
-2.2925000000
-1.5402000000
-0.8552300000
-0.4744500000
-0.3229900000
-0.3295100000
-0.4673400000
-0.7402800000
-1.1489000000
-1.6074000000
-1.8618000000
-1.7072000000
-1.3005000000
-0.8908200000
-0.5517900000
-0.2406600000
0.1232500000
0.6369500000
1.3681000000
2.1102000000
2.2024000000
1.5915000000
0.9508900000
0.5398800000
0.3087300000
0.1775300000
0.0924560000
0.0197680000
-0.0650180000
-0.1851200000
-0.3680300000
-0.6466600000
-1.0440000000
-1.5100000000
-1.8287000000
-1.7562000000
-1.3778000000
-0.9529000000
-0.5881000000
-0.2515500000
0.1402200000
0.6907900000
1.4622000000
2.1880000000
2.1729000000
1.5050000000
0.8776400000
0.4926500000
0.2844000000
0.1756000000
0.1184000000
0.0862600000
0.0642150000
0.0428500000
0.0146520000
-0.0284360000
-0.0971260000
-0.2070600000
-0.3810500000
-0.6484800000
-1.0300000000
-1.4796000000
-1.7977000000
-1.7486000000
-1.3935000000
-0.9772700000
-0.6118700000
-0.2717800000
0.1244400000
0.6814700000
1.4645000000
2.2034000000
2.1833000000
1.5012000000
0.8688900000
0.4868200000
0.2871700000
0.1937000000
0.1618400000
0.1705200000
0.2133600000
0.2940100000
0.4239500000
0.6201600000
0.8962600000
1.2351000000
1.5410000000
1.6493000000
1.4886000000
1.1697000000
0.8218400000
0.4752500000
0.0794800000
-0.4646100000
-1.2615000000
-2.1562000000
-2.3525000000
-1.6612000000
-0.9387500000
-0.5155000000
-0.3327400000
-0.3127400000
-0.4217900000
-0.6597700000
-1.0338000000
-1.4917000000
-1.8236000000
-1.7756000000
-1.4110000000
-0.9907800000
-0.6344900000
-0.3195400000
0.0288960000
0.5061900000
1.1983000000
1.9901000000
2.2667000000
1.7417000000
1.0631000000
0.6040700000
0.3452600000
0.2037300000
0.1211500000
0.0625110000
0.0053704000
-0.0682420000
-0.1774200000
-0.3465600000
-0.6065100000
-0.9824400000
-1.4405000000
-1.7932000000
-1.7832000000
-1.4389000000
-1.0142000000
-0.6417400000
-0.3041700000
0.0769670000
0.6042700000
1.3557000000
2.1296000000
2.2313000000
1.5970000000
0.9398600000
0.5269800000
0.3045300000
0.1924600000
0.1406800000
0.1227800000
0.1262900000
0.1468400000
0.1854100000
0.2473500000
0.3424400000
0.4849100000
0.6911600000
0.9689300000
1.2881000000
1.5434000000
1.5928000000
1.4063000000
1.0948000000
0.7585200000
0.4077700000
-0.0175200000
-0.6244000000
-1.4972000000
-2.3261000000
-2.2439000000
-1.4526000000
-0.7949400000
-0.4465300000
-0.3242500000
-0.3628600000
-0.5424900000
-0.8691500000
-1.3249000000
-1.7596000000
-1.8740000000
-1.5817000000
-1.1425000000
-0.7569200000
-0.4422600000
-0.1365900000
0.2449200000
0.7970500000
1.5525000000
2.1929000000
2.0885000000
1.4335000000
0.8468700000
0.4820000000
0.2708900000
0.1377200000
0.0307360000
-0.0869700000
-0.2484200000
-0.4898000000
-0.8470300000
-1.3172000000
-1.7560000000
-1.8667000000
-1.5683000000
-1.1221000000
-0.7246300000
-0.3870700000
-0.0394490000
0.4144700000
1.0704000000
1.8727000000
2.2807000000
1.8548000000
1.1608000000
0.6611600000
0.3716400000
0.2081400000
0.1059800000
0.0242750000
-0.0653800000
-0.1882800000
-0.3729300000
-0.6525900000
-1.0497000000
-1.5128000000
-1.8258000000
-1.7497000000
-1.3721000000
-0.9492400000
-0.5850200000
-0.2469900000
0.1487800000
0.7063800000
1.4850000000
2.2031000000
2.1624000000
1.4850000000
0.8625600000
0.4839500000
0.2808900000
0.1769800000
0.1257300000
0.1021100000
0.0931360000
0.0922170000
0.0961730000
0.1036800000
0.1145300000
0.1293500000
0.1495800000
0.1776700000
0.2174600000
0.2747200000
0.3578500000
0.4781900000
0.6487100000
0.8774100000
1.1494000000
1.3995000000
1.5168000000
1.4325000000
1.1933000000
0.8897000000
0.5588400000
0.1676600000
-0.3737200000
-1.1793000000
-2.1367000000
-2.4233000000
-1.7226000000
-0.9582200000
-0.5207100000
-0.3537700000
-0.3798100000
-0.5708200000
-0.9287700000
-1.4218000000
-1.8532000000
-1.8912000000
-1.5237000000
-1.0662000000
-0.6959700000
-0.4067800000
-0.1323300000
0.2064100000
0.6959900000
1.3860000000
2.0656000000
2.1435000000
1.5809000000
0.9726600000
0.5633200000
0.3111800000
0.1359300000
-0.0252310000
-0.2230100000
-0.5065900000
-0.9199800000
-1.4475000000
-1.8814000000
-1.8830000000
-1.4794000000
-1.0045000000
-0.6181600000
-0.2967200000
0.0404880000
0.4886000000
1.1320000000
1.8886000000
2.2298000000
1.8012000000
1.1419000000
0.6602000000
0.3653900000
0.1746100000
0.0185650000
-0.1551900000
-0.3938900000
-0.7437900000
-1.2232000000
-1.7212000000
-1.9242000000
-1.6638000000
-1.1969000000
-0.7744100000
-0.4316500000
-0.1034600000
0.3022000000
0.8829700000
1.6497000000
2.2219000000
2.0162000000
1.3479000000
0.7888400000
0.4432000000
0.2354400000
0.0905100000
-0.0447650000
-0.2124600000
-0.4538000000
-0.8092000000
-1.2841000000
-1.7458000000
-1.8892000000
-1.6026000000
-1.1483000000
-0.7419100000
-0.4025900000
-0.0618810000
0.3750500000
1.0052000000
1.7988000000
2.2688000000
1.9130000000
1.2222000000
0.7017100000
0.3933400000
0.2144500000
0.0964870000
-0.0058421000
-0.1260900000
-0.2960700000
-0.5512500000
-0.9234500000
-1.3935000000
-1.7887000000
-1.8265000000
-1.4934000000
-1.0556000000
-0.6723000000
-0.3360900000
0.0286800000
0.5219300000
1.2312000000
2.0251000000
2.2648000000
1.7093000000
1.0316000000
0.5814800000
0.3294600000
0.1922000000
0.1125800000
0.0567080000
0.0030722000
-0.0652750000
-0.1661200000
-0.3221100000
-0.5624700000
-0.9143000000
-1.3592000000
-1.7427000000
-1.8035000000
-1.5059000000
-1.0861000000
-0.7048900000
-0.3644200000
0.0068252000
0.5093800000
1.2345000000
2.0478000000
2.2834000000
1.7037000000
1.0158000000
0.5688700000
0.3280300000
0.2104300000
0.1630300000
0.1591000000
0.1883300000
0.2511000000
0.3558500000
0.5175800000
0.7534000000
1.0660000000
1.4038000000
1.6262000000
1.5928000000
1.3331000000
0.9906200000
0.6463500000
0.2839700000
-0.1744700000
-0.8424700000
-1.7508000000
-2.4009000000
-2.0506000000
-1.2523000000
-0.6822900000
-0.3964500000
-0.3066000000
-0.3579400000
-0.5368000000
-0.8516800000
-1.2888000000
-1.7151000000
-1.8524000000
-1.5948000000
-1.1709000000
-0.7829800000
-0.4580100000
-0.1369800000
0.2674600000
0.8538300000
1.6417000000
2.2481000000
2.0460000000
1.3560000000
0.7861800000
0.4456900000
0.2580100000
0.1513900000
0.0809860000
0.0188640000
-0.0556430000
-0.1627500000
-0.3271000000
-0.5797200000
-0.9479200000
-1.4061000000
-1.7796000000
-1.8019000000
-1.4724000000
-1.0450000000
-0.6673700000
-0.3298700000
0.0433060000
0.5534300000
1.2854000000
2.0780000000
2.2579000000
1.6595000000
0.9870100000
0.5539800000
0.3179600000
0.1970200000
0.1382100000
0.1128500000
0.1064400000
0.1123400000
0.1284500000
0.1557700000
0.1979100000
0.2614400000
0.3564300000
0.4966800000
0.6975500000
0.9655300000
1.2713000000
1.5168000000
1.5696000000
1.3975000000
1.0993000000
0.7694900000
0.4203900000
-0.0056318000
-0.6149600000
-1.4942000000
-2.3339000000
-2.2524000000
-1.4528000000
-0.7917000000
-0.4453700000
-0.3299500000
-0.3811400000
-0.5807500000
-0.9342300000
-1.4104000000
-1.8228000000
-1.8632000000
-1.5158000000
-1.0710000000
-0.6995100000
-0.3972200000
-0.0969120000
0.2861700000
0.8438800000
1.5955000000
2.1974000000
2.0503000000
1.3974000000
0.8275400000
0.4719100000
0.2606800000
0.1185700000
-0.0075528000
-0.1584400000
-0.3732900000
-0.6934600000
-1.1416000000
-1.6368000000
-1.9018000000
-1.7181000000
-1.2767000000
-0.8469300000
-0.4944600000
-0.1655500000
0.2290900000
0.7899100000
1.5541000000
2.2013000000
2.0923000000
1.4290000000
0.8385000000
0.4721700000
0.2598800000
0.1249200000
0.0150810000
-0.1070700000
-0.2752100000
-0.5258900000
-0.8931500000
-1.3647000000
-1.7784000000
-1.8440000000
-1.5225000000
-1.0805000000
-0.6916300000
-0.3551200000
0.0027235000
0.4804700000
1.1694000000
1.9693000000
2.2753000000
1.7652000000
1.0794000000
0.6105300000
0.3443600000
0.1967700000
0.1076100000
0.0401500000
-0.0300990000
-0.1238900000
-0.2642000000
-0.4798300000
-0.8017600000
-1.2329000000
-1.6639000000
-1.8355000000
-1.6151000000
-1.2008000000
-0.8016600000
-0.4554400000
-0.1034600000
0.3487000000
1.0037000000
1.8330000000
2.3110000000
1.9131000000
1.1947000000
0.6745900000
0.3822200000
0.2328000000
0.1633900000
0.1396300000
0.1453700000
0.1754200000
0.2319400000
0.3231500000
0.4628100000
0.6680000000
0.9488200000
1.2788000000
1.5527000000
1.6177000000
1.4331000000
1.1150000000
0.7736600000
0.4242700000
0.0087620000
-0.5778200000
-1.4270000000
-2.2790000000
-2.2799000000
-1.5138000000
-0.8363500000
-0.4654200000
-0.3232200000
-0.3402500000
-0.4920700000
-0.7835000000
-1.2100000000
-1.6648000000
-1.8737000000
-1.6670000000
-1.2443000000
-0.8417800000
-0.5116700000
-0.2031000000
0.1664600000
0.6936400000
1.4352000000
2.1450000000
2.1648000000
1.5336000000
0.9120300000
0.5183900000
0.2951400000
0.1638100000
0.0714730000
-0.0165940000
-0.1278400000
-0.2905300000
-0.5380500000
-0.9019300000
-1.3673000000
-1.7723000000
-1.8337000000
-1.5160000000
-1.0793000000
-0.6930300000
-0.3562800000
0.0041652000
0.4872300000
1.1841000000
1.9871000000
2.2777000000
1.7515000000
1.0649000000
0.6009500000
0.3404300000
0.1993900000
0.1192600000
0.0655100000
0.0167710000
-0.0430260000
-0.1300000000
-0.2643600000
-0.4730300000
-0.7859700000
-1.2080000000
-1.6389000000
-1.8284000000
-1.6299000000
-1.2243000000
-0.8243800000
-0.4762600000
-0.1250000000
0.3225800000
0.9706300000
1.8033000000
2.3141000000
1.9426000000
1.2190000000
0.6880100000
0.3898200000
0.2397400000
0.1742200000
0.1592800000
0.1803900000
0.2352800000
0.3305600000
0.4799800000
0.7010100000
1.0015000000
1.3443000000
1.6036000000
1.6229000000
1.3944000000
1.0569000000
0.7112400000
0.3569600000
-0.0744200000
-0.6925900000
-1.5674000000
-2.3414000000
-2.1856000000
-1.3989000000
-0.7686100000
-0.4342600000
-0.3112500000
-0.3357300000
-0.4869300000
-0.7711400000
-1.1860000000
-1.6343000000
-1.8567000000
-1.6748000000
-1.2649000000
-0.8621600000
-0.5264500000
-0.2103300000
0.1693000000
0.7112400000
1.4702000000
2.1766000000
2.1564000000
1.5018000000
0.8837400000
0.5004900000
0.2886000000
0.1710100000
0.0981900000
0.0401290000
-0.0238420000
-0.1122300000
-0.2465200000
-0.4546100000
-0.7680000000
-1.1948000000
-1.6383000000
-1.8429000000
-1.6480000000
-1.2361000000
-0.8307700000
-0.4821400000
-0.1359500000
0.2999300000
0.9292800000
1.7505000000
2.2980000000
1.9798000000
1.2625000000
0.7172300000
0.4046900000
0.2416700000
0.1615200000
0.1264800000
0.1173300000
0.1254300000
0.1484200000
0.1882700000
0.2508000000
0.3459600000
0.4879100000
0.6928000000
0.9680700000
1.2838000000
1.5366000000
1.5869000000
1.4042000000
1.0961000000
0.7613700000
0.4109800000
-0.0145860000
-0.6222200000
-1.4968000000
-2.3284000000
-2.2459000000
-1.4523000000
-0.7938800000
-0.4461200000
-0.3256900000
-0.3676300000
-0.5525300000
-0.8863200000
-1.3479000000
-1.7775000000
-1.8723000000
-1.5644000000
-1.1230000000
-0.7410400000
-0.4296800000
-0.1253500000
0.2568800000
0.8110500000
1.5660000000
2.1953000000
2.0773000000
1.4221000000
0.8405100000
0.4786400000
0.2678300000
0.1325000000
0.0205830000
-0.1057900000
-0.2813100000
-0.5439400000
-0.9278600000
-1.4133000000
-1.8164000000
-1.8406000000
-1.4863000000
-1.0383000000
-0.6546700000
-0.3225300000
0.0355140000
0.5182600000
1.2119000000
1.9956000000
2.2562000000
1.7280000000
1.0547000000
0.5978800000
0.3355000000
0.1839600000
0.0828950000
-0.0066276000
-0.1136900000
-0.2664400000
-0.4973800000
-0.8392600000
-1.2895000000
-1.7170000000
-1.8452000000
-1.5781000000
-1.1483000000
-0.7524200000
-0.4105900000
-0.0567380000
0.4057200000
1.0753000000
1.8942000000
2.2992000000
1.8492000000
1.1439000000
0.6466100000
0.3659500000
0.2172300000
0.1387400000
0.0950210000
0.0661380000
0.0398920000
0.0070476000
-0.0417770000
-0.1186500000
-0.2408500000
-0.4330100000
-0.7247700000
-1.1289000000
-1.5709000000
-1.8205000000
-1.6856000000
-1.2988000000
-0.8912300000
-0.5365600000
-0.1915300000
0.2322400000
0.8406900000
1.6606000000
2.2874000000
2.0569000000
1.3360000000
0.7599500000
0.4279700000
0.2590100000
0.1840400000
0.1651400000
0.1857500000
0.2428500000
0.3430800000
0.5006200000
0.7328700000
1.0448000000
1.3895000000
1.6282000000
1.6108000000
1.3563000000
1.0117000000
0.6657600000
0.3069600000
-0.1400000000
-0.7873600000
-1.6817000000
-2.3798000000
-2.1018000000
-1.3074000000
-0.7151600000
-0.4102400000
-0.3052100000
-0.3414000000
-0.5017700000
-0.7940300000
-1.2132000000
-1.6534000000
-1.8520000000
-1.6509000000
-1.2391000000
-0.8411900000
-0.5076600000
-0.1877800000
0.2032700000
0.7651900000
1.5412000000
2.2150000000
2.1175000000
1.4405000000
0.8401000000
0.4755000000
0.2762000000
0.1675300000
0.1028200000
0.0545150000
0.0044629000
-0.0626540000
-0.1639700000
-0.3221000000
-0.5666300000
-0.9248500000
-1.3762000000
-1.7584000000
-1.8063000000
-1.4957000000
-1.0716000000
-0.6912400000
-0.3524000000
0.0180040000
0.5205600000
1.2446000000
2.0508000000
2.2754000000
1.6954000000
1.0122000000
0.5677500000
0.3262400000
0.2049700000
0.1503200000
0.1340500000
0.1433700000
0.1747400000
0.2310600000
0.3207200000
0.4573400000
0.6578400000
0.9328600000
1.2589000000
1.5366000000
1.6150000000
1.4443000000
1.1329000000
0.7931500000
0.4453500000
0.0348550000
-0.5413700000
-1.3802000000
-2.2525000000
-2.3074000000
-1.5534000000
-0.8607100000
-0.4767500000
-0.3271200000
-0.3403800000
-0.4906200000
-0.7820700000
-1.2101000000
-1.6677000000
-1.8780000000
-1.6696000000
-1.2445000000
-0.8412700000
-0.5119800000
-0.2057000000
0.1597000000
0.6801300000
1.4145000000
2.1297000000
2.1725000000
1.5520000000
0.9268500000
0.5274800000
0.2995000000
0.1638300000
0.0663340000
-0.0290660000
-0.1515400000
-0.3315500000
-0.6043000000
-0.9978400000
-1.4747000000
-1.8293000000
-1.7928000000
-1.4204000000
-0.9853100000
-0.6135700000
-0.2799800000
0.0965940000
0.6178100000
1.3579000000
2.1155000000
2.2165000000
1.5970000000
0.9476200000
0.5332900000
0.3027500000
0.1752700000
0.0975850000
0.0375710000
-0.0264020000
-0.1130600000
-0.2435900000
-0.4451800000
-0.7488400000
-1.1649000000
-1.6074000000
-1.8323000000
-1.6646000000
-1.2640000000
-0.8577300000
-0.5061300000
-0.1596700000
0.2723700000
0.8950900000
1.7185000000
2.2979000000
2.0097000000
1.2885000000
0.7315700000
0.4126300000
0.2489800000
0.1733700000
0.1485300000
0.1571700000
0.1941600000
0.2627100000
0.3728500000
0.5402700000
0.7814500000
1.0958000000
1.4248000000
1.6252000000
1.5693000000
1.3013000000
0.9606700000
0.6177200000
0.2498300000
-0.2249100000
-0.9210400000
-1.8432000000
-2.4180000000
-1.9761000000
-1.1804000000
-0.6410600000
-0.3800600000
-0.3094800000
-0.3796800000
-0.5810500000
-0.9221400000
-1.3761000000
-1.7760000000
-1.8376000000
-1.5242000000
-1.0944000000
-0.7194800000
-0.4028600000
-0.0782090000
0.3442200000
0.9601800000
1.7550000000
2.2694000000
1.9552000000
1.2614000000
0.7273100000
0.4129000000
0.2373900000
0.1325500000
0.0554340000
-0.0224220000
-0.1245400000
-0.2763200000
-0.5089200000
-0.8539400000
-1.3058000000
-1.7273000000
-1.8413000000
-1.5645000000
-1.1344000000
-0.7411900000
-0.4007400000
-0.0456110000
0.4212300000
1.0972000000
1.9149000000
2.2975000000
1.8295000000
1.1267000000
0.6363800000
0.3605900000
0.2147000000
0.1378800000
0.0952930000
0.0674360000
0.0424090000
0.0112800000
-0.0349520000
-0.1078100000
-0.2238200000
-0.4067300000
-0.6861600000
-1.0792000000
-1.5261000000
-1.8113000000
-1.7185000000
-1.3461000000
-0.9339000000
-0.5741700000
-0.2320700000
0.1774400000
0.7600500000
1.5639000000
2.2522000000
2.1237000000
1.4167000000
0.8120100000
0.4558600000
0.2723200000
0.1887000000
0.1639000000
0.1792700000
0.2303000000
0.3223500000
0.4685300000
0.6863000000
0.9848900000
1.3304000000
1.6002000000
1.6332000000
1.4116000000
1.0739000000
0.7269100000
0.3744100000
-0.0497850000
-0.6539400000
-1.5156000000
-2.3154000000
-2.2181000000
-1.4420000000
-0.7958400000
-0.4467300000
-0.3126900000
-0.3271800000
-0.4669400000
-0.7371800000
-1.1393000000
-1.5914000000
-1.8485000000
-1.7061000000
-1.3085000000
-0.9004100000
-0.5586000000
-0.2422000000
0.1298600000
0.6562200000
1.4025000000
2.1405000000
2.1940000000
1.5603000000
0.9237800000
0.5228900000
0.3015400000
0.1809300000
0.1099400000
0.0583080000
0.0064130000
-0.0618780000
-0.1641700000
-0.3233900000
-0.5693700000
-0.9293300000
-1.3818000000
-1.7622000000
-1.8052000000
-1.4912000000
-1.0666000000
-0.6868100000
-0.3481900000
0.0228590000
0.5270800000
1.2530000000
2.0568000000
2.2722000000
1.6880000000
1.0068000000
0.5647300000
0.3245300000
0.2036300000
0.1486000000
0.1312400000
0.1385600000
0.1666300000
0.2177600000
0.2994400000
0.4243100000
0.6089100000
0.8666400000
1.1850000000
1.4843000000
1.6167000000
1.4970000000
1.2063000000
0.8689400000
0.5258300000
0.1363200000
-0.3936300000
-1.1750000000
-2.0997000000
-2.3951000000
-1.7360000000
-0.9846300000
-0.5368200000
-0.3445200000
-0.3274500000
-0.4506900000
-0.7142600000
-1.1203000000
-1.5908000000
-1.8728000000
-1.7374000000
-1.3289000000
-0.9116500000
-0.5708300000
-0.2671200000
0.0776920000
0.5575100000
1.2498000000
2.0139000000
2.2356000000
1.6979000000
1.0386000000
0.5937600000
0.3369400000
0.1860700000
0.0816460000
-0.0157000000
-0.1366600000
-0.3121600000
-0.5776700000
-0.9635000000
-1.4409000000
-1.8173000000
-1.8129000000
-1.4537000000
-1.0148000000
-0.6377600000
-0.3042400000
0.0646640000
0.5695600000
1.2915000000
2.0672000000
2.2412000000
1.6560000000
0.9926700000
0.5596200000
0.3165800000
0.1813100000
0.0979340000
0.0323850000
-0.0385990000
-0.1354600000
-0.2814700000
-0.5059300000
-0.8390500000
-1.2774000000
-1.6959000000
-1.8300000000
-1.5792000000
-1.1601000000
-0.7667700000
-0.4233500000
-0.0661940000
0.4013200000
1.0791000000
1.9078000000
2.3098000000
1.8448000000
1.1332000000
0.6378300000
0.3628900000
0.2234900000
0.1597900000
0.1396700000
0.1483400000
0.1815400000
0.2421900000
0.3392700000
0.4872300000
0.7031200000
0.9942500000
1.3252000000
1.5784000000
1.6058000000
1.3928000000
1.0664000000
0.7249000000
0.3709400000
-0.0615550000
-0.6820500000
-1.5632000000
-2.3488000000
-2.1948000000
-1.4003000000
-0.7662700000
-0.4335000000
-0.3167600000
-0.3530600000
-0.5233600000
-0.8343500000
-1.2745000000
-1.7142000000
-1.8685000000
-1.6152000000
-1.1856000000
-0.7933700000
-0.4701200000
-0.1582000000
0.2274900000
0.7839500000
1.5483000000
2.2026000000
2.1005000000
1.4361000000
0.8437400000
0.4790400000
0.2729100000
0.1500000000
0.0607060000
-0.0279500000
-0.1428900000
-0.3126400000
-0.5709600000
-0.9475100000
-1.4172000000
-1.7984000000
-1.8141000000
-1.4709000000
-1.0355000000
-0.6565200000
-0.3212500000
0.0473670000
0.5499100000
1.2706000000
2.0572000000
2.2538000000
1.6739000000
1.0033000000
0.5649100000
0.3210100000
0.1891200000
0.1137700000
0.0624770000
0.0149800000
-0.0442070000
-0.1309000000
-0.2651600000
-0.4738200000
-0.7867300000
-1.2086000000
-1.6390000000
-1.8278000000
-1.6292000000
-1.2238000000
-0.8240800000
-0.4760000000
-0.1245700000
0.3234100000
0.9721300000
1.8052000000
2.3145000000
1.9412000000
1.2175000000
0.6870100000
0.3893200000
0.2397100000
0.1747100000
0.1604900000
0.1826700000
0.2392300000
0.3370300000
0.4901500000
0.7159900000
1.0211000000
1.3640000000
1.6136000000
1.6164000000
1.3767000000
1.0364000000
0.6909000000
0.3345600000
-0.1041600000
-0.7363200000
-1.6217000000
-2.3625000000
-2.1475000000
-1.3549000000
-0.7423900000
-0.4224400000
-0.3087200000
-0.3399500000
-0.4973100000
-0.7878600000
-1.2072000000
-1.6513000000
-1.8562000000
-1.6581000000
-1.2451000000
-0.8455000000
-0.5120100000
-0.1944900000
0.1912200000
0.7442500000
1.5123000000
2.1987000000
2.1327000000
1.4655000000
0.8583800000
0.4860700000
0.2809400000
0.1672400000
0.0968350000
0.0406470000
-0.0213570000
-0.1071300000
-0.2375900000
-0.4400400000
-0.7459800000
-1.1665000000
-1.6145000000
-1.8411000000
-1.6685000000
-1.2625000000
-0.8539800000
-0.5028600000
-0.1587200000
0.2690700000
0.8849600000
1.7019000000
2.2887000000
2.0186000000
1.3026000000
0.7420800000
0.4181000000
0.2487800000
0.1656800000
0.1297400000
0.1211700000
0.1312000000
0.1577600000
0.2034600000
0.2751500000
0.3841300000
0.5458400000
0.7756700000
1.0731000000
1.3862000000
1.5866000000
1.5526000000
1.3103000000
0.9842500000
0.6463100000
0.2802200000
-0.1917600000
-0.8845600000
-1.8159000000
-2.4292000000
-2.0082000000
-1.1996000000
-0.6484700000
-0.3852400000
-0.3214100000
-0.4077500000
-0.6360800000
-1.0125000000
-1.4885000000
-1.8486000000
-1.8118000000
-1.4349000000
-1.0020000000
-0.6446300000
-0.3418500000
-0.0212920000
0.4066100000
1.0316000000
1.8120000000
2.2566000000
1.8930000000
1.2134000000
0.7026800000
0.3987700000
0.2205400000
0.1002800000
-0.0075823000
-0.1378000000
-0.3242700000
-0.6046700000
-1.0086000000
-1.4958000000
-1.8494000000
-1.7957000000
-1.4074000000
-0.9675000000
-0.5968900000
-0.2658000000
0.1082500000
0.6262900000
1.3603000000
2.1084000000
2.2076000000
1.5959000000
0.9511500000
0.5364400000
0.3016900000
0.1659000000
0.0740440000
-0.0091425000
-0.1103600000
-0.2560000000
-0.4771000000
-0.8062900000
-1.2464000000
-1.6825000000
-1.8462000000
-1.6106000000
-1.1877000000
-0.7871800000
-0.4422900000
-0.0918380000
0.3590000000
1.0116000000
1.8344000000
2.3035000000
1.9064000000
1.1935000000
0.6757300000
0.3820100000
0.2278400000
0.1494900000
0.1107000000
0.0921500000
0.0835730000
0.0793420000
0.0760220000
0.0709970000
0.0615890000
0.0443220000
0.0141060000
-0.0368780000
-0.1207900000
-0.2563500000
-0.4705400000
-0.7943200000
-1.2317000000
-1.6727000000
-1.8499000000
-1.6245000000
-1.2027000000
-0.8003200000
-0.4557000000
-0.1097000000
0.3310400000
0.9685300000
1.7872000000
2.2973000000
1.9453000000
1.2326000000
0.7004900000
0.3954700000
0.2338400000
0.1498200000
0.1053200000
0.0793760000
0.0599440000
0.0389800000
0.0094728000
-0.0367040000
-0.1108100000
-0.2294800000
-0.4168500000
-0.7027200000
-1.1025000000
-1.5496000000
-1.8196000000
-1.7055000000
-1.3238000000
-0.9126400000
-0.5554000000
-0.2128400000
0.2016500000
0.7937300000
1.6029000000
2.2659000000
2.0962000000
1.3841000000
0.7915200000
0.4448700000
0.2661200000
0.1838600000
0.1578200000
0.1694600000
0.2137100000
0.2948100000
0.4245000000
0.6197500000
0.8941500000
1.2309000000
1.5358000000
1.6459000000
1.4888000000
1.1725000000
0.8256100000
0.4792300000
0.0836820000
-0.4598500000
-1.2564000000
-2.1539000000
-2.3558000000
-1.6654000000
-0.9408700000
-0.5163900000
-0.3336000000
-0.3146900000
-0.4260200000
-0.6676400000
-1.0461000000
-1.5059000000
-1.8310000000
-1.7705000000
-1.3991000000
-0.9791500000
-0.6249200000
-0.3112400000
0.0374010000
0.5163700000
1.2103000000
1.9981000000
2.2618000000
1.7312000000
1.0558000000
0.6002600000
0.3428900000
0.2009700000
0.1162600000
0.0534080000
-0.0108880000
-0.0960980000
-0.2236300000
-0.4208000000
-0.7196100000
-1.1347000000
-1.5891000000
-1.8409000000
-1.6927000000
-1.2921000000
-0.8790000000
-0.5248100000
-0.1833300000
0.2342800000
0.8326600000
1.6402000000
2.2698000000
2.0631000000
1.3538000000
0.7752200000
0.4360000000
0.2570000000
0.1673300000
0.1256900000
0.1105200000
0.1113900000
0.1241800000
0.1487300000
0.1879000000
0.2476600000
0.3375100000
0.4709000000
0.6635400000
0.9246300000
1.2321000000
1.4969000000
1.5823000000
1.4348000000
1.1439000000
0.8142200000
0.4694600000
0.0598040000
-0.5158800000
-1.3585000000
-2.2515000000
-2.3287000000
-1.5686000000
-0.8650100000
-0.4783200000
-0.3341900000
-0.3614600000
-0.5359800000
-0.8622200000
-1.3228000000
-1.7669000000
-1.8869000000
-1.5907000000
-1.1457000000
-0.7585700000
-0.4471800000
-0.1500000000
0.2159400000
0.7435700000
1.4769000000
2.1472000000
2.1250000000
1.4994000000
0.8974900000
0.5128800000
0.2864700000
0.1400900000
0.0181910000
-0.1202200000
-0.3128500000
-0.6001400000
-1.0137000000
-1.5122000000
-1.8686000000
-1.8019000000
-1.3992000000
-0.9537900000
-0.5837200000
-0.2555900000
0.1140000000
0.6251400000
1.3489000000
2.0911000000
2.2035000000
1.6069000000
0.9642600000
0.5454200000
0.3037900000
0.1577600000
0.0499890000
-0.0584980000
-0.1999300000
-0.4080400000
-0.7192700000
-1.1504000000
-1.6189000000
-1.8657000000
-1.6933000000
-1.2739000000
-0.8555600000
-0.5026600000
-0.1641000000
0.2501800000
0.8433300000
1.6400000000
2.2564000000
2.0530000000
1.3549000000
0.7804200000
0.4386000000
0.2513300000
0.1464600000
0.0794420000
0.0231510000
-0.0417090000
-0.1331900000
-0.2728800000
-0.4887700000
-0.8109100000
-1.2404000000
-1.6657000000
-1.8296000000
-1.6063000000
-1.1942000000
-0.7973500000
-0.4515100000
-0.0974590000
0.3597100000
1.0225000000
1.8551000000
2.3150000000
1.8959000000
1.1766000000
0.6629500000
0.3764800000
0.2321900000
0.1684500000
0.1523600000
0.1695800000
0.2173200000
0.3010400000
0.4331000000
0.6306200000
0.9064600000
1.2417000000
1.5397000000
1.6396000000
1.4762000000
1.1595000000
0.8141400000
0.4673100000
0.0675120000
-0.4854800000
-1.2944000000
-2.1847000000
-2.3419000000
-1.6309000000
-0.9160500000
-0.5039100000
-0.3305800000
-0.3200200000
-0.4407600000
-0.6941600000
-1.0848000000
-1.5464000000
-1.8469000000
-1.7493000000
-1.3616000000
-0.9445300000
-0.5964100000
-0.2846500000
0.0683240000
0.5584400000
1.2650000000
2.0388000000
2.2436000000
1.6826000000
1.0189000000
0.5791500000
0.3308400000
0.1920200000
0.1058500000
0.0372710000
-0.0379440000
-0.1413900000
-0.2978400000
-0.5382600000
-0.8925600000
-1.3474000000
-1.7502000000
-1.8264000000
-1.5267000000
-1.0974000000
-0.7109100000
-0.3721000000
-0.0099129000
0.4745400000
1.1746000000
1.9870000000
2.2879000000
1.7592000000
1.0662000000
0.6001100000
0.3417100000
0.2069900000
0.1385200000
0.1042600000
0.0870560000
0.0776010000
0.0704150000
0.0616140000
0.0475230000
0.0236130000
-0.0165990000
-0.0829710000
-0.1906800000
-0.3624200000
-0.6281600000
-1.0110000000
-1.4695000000
-1.8054000000
-1.7688000000
-1.4117000000
-0.9887900000
-0.6205000000
-0.2834800000
0.1026700000
0.6411500000
1.4038000000
2.1599000000
2.2083000000
1.5550000000
0.9100900000
0.5104200000
0.2960200000
0.1882100000
0.1385200000
0.1214800000
0.1250400000
0.1450000000
0.1822900000
0.2420600000
0.3337300000
0.4711500000
0.6706800000
0.9415500000
1.2587000000
1.5248000000
1.5965000000
1.4289000000
1.1247000000
0.7895300000
0.4418300000
0.0268170000
-0.5593100000
-1.4114000000
-2.2789000000
-2.2956000000
-1.5247000000
-0.8395400000
-0.4667300000
-0.3284500000
-0.3554300000
-0.5244600000
-0.8406200000
-1.2906000000
-1.7371000000
-1.8825000000
-1.6117000000
-1.1729000000
-0.7812600000
-0.4636100000
-0.1609400000
0.2102900000
0.7446900000
1.4870000000
2.1609000000
2.1266000000
1.4899000000
0.8867600000
0.5054000000
0.2843300000
0.1459200000
0.0364360000
-0.0821980000
-0.2436300000
-0.4843800000
-0.8408500000
-1.3114000000
-1.7538000000
-1.8702000000
-1.5742000000
-1.1270000000
-0.7281500000
-0.3904000000
-0.0441100000
0.4066600000
1.0580000000
1.8594000000
2.2796000000
1.8660000000
1.1719000000
0.6683300000
0.3754800000
0.2094500000
0.1048600000
0.0201450000
-0.0738840000
-0.2034800000
-0.3983200000
-0.6921500000
-1.1036000000
-1.5653000000
-1.8418000000
-1.7168000000
-1.3203000000
-0.9017100000
-0.5437900000
-0.2042800000
0.2041500000
0.7860000000
1.5820000000
2.2459000000
2.1010000000
1.4028000000
0.8080600000
0.4538700000
0.2645800000
0.1669200000
0.1170900000
0.0912480000
0.0764150000
0.0650360000
0.0518740000
0.0321160000
-0.0000450460
-0.0528380000
-0.1386800000
-0.2763700000
-0.4926100000
-0.8168300000
-1.2489000000
-1.6741000000
-1.8320000000
-1.6018000000
-1.1870000000
-0.7907800000
-0.4461900000
-0.0931040000
