0.3749800000
0.6784300000
0.6321000000
0.5631800000
0.4419600000
0.6776600000
0.7830200000
0.8070300000
1.3090000000
1.1396000000
1.0505000000
0.9461300000
0.5714000000
0.0920870000
-0.1186800000
-0.4472400000
-0.5444100000
-0.4754800000
-0.4326100000
-0.4237700000
-0.6344900000
-0.7312400000
-0.9039400000
-1.2117000000
-1.1426000000
-1.1478000000
-1.1365000000
-0.6748100000
-0.1250700000
-0.2053600000
0.3191700000
0.1893800000
0.3412700000
0.1964900000
0.2335100000
0.4372800000
0.4228400000
0.8325900000
1.0018000000
1.1306000000
1.0027000000
1.0527000000
0.9059800000
0.5022400000
0.1134000000
0.0572620000
-0.3548000000
-0.0878290000
-0.2985700000
-0.2157300000
-0.4972100000
-0.4726500000
-0.6602200000
-1.0281000000
-1.2327000000
-1.4157000000
-0.9800800000
-0.9452600000
-0.5829700000
-0.4236700000
0.0064403000
-0.0106580000
0.0068189000
0.0350250000
0.2215800000
0.3194200000
0.4838400000
0.8363100000
0.8790900000
1.1761000000
1.1355000000
1.1669000000
0.9530000000
0.6029400000
0.5921600000
0.1669200000
0.0780080000
0.0013544000
-0.0364310000
-0.0160040000
-0.2507100000
-0.3748400000
-0.7319300000
-0.8514300000
-1.1302000000
-1.3146000000
-1.2420000000
-1.1479000000
-0.7314900000
-0.5993300000
-0.2860700000
-0.1435500000
-0.2732300000
-0.3155400000
-0.0152650000
0.0146610000
0.2491700000
0.6666400000
0.9657200000
1.2553000000
1.1751000000
1.2967000000
0.9753800000
0.7940300000
0.7244300000
0.3808000000
0.1392200000
0.1264400000
0.2426200000
0.3797500000
0.0990440000
-0.1344800000
-0.3114300000
-0.8838200000
-0.9101600000
-1.2913000000
-1.2007000000
-1.2146000000
-1.1839000000
-0.5859200000
-0.5180000000
-0.4272000000
-0.6198200000
-0.3679900000
-0.4282200000
-0.3664700000
0.0495190000
0.1943000000
0.5507100000
1.0114000000
1.1468000000
1.1233000000
0.9885500000
0.8810900000
0.8626300000
0.5814000000
0.3973800000
0.4537500000
0.4978400000
0.4155700000
0.3247400000
0.1925900000
-0.2540400000
-0.6033300000
-0.8684000000
-1.2430000000
-1.3269000000
-1.0199000000
-0.9209800000
-0.7158500000
-0.7924100000
-0.7377600000
-0.7148000000
-0.7881400000
-0.5844600000
-0.6195900000
-0.1897300000
0.2228500000
0.4647700000
0.9366000000
1.0825000000
1.0105000000
1.0408000000
0.7580400000
0.7685800000
0.6873800000
0.7580700000
0.8430000000
0.7127100000
0.6662800000
0.7418500000
0.3246000000
0.1041600000
-0.3566400000
-0.8508100000
-0.8621500000
-0.7850600000
-0.9403700000
-0.8770200000
-0.7604100000
-0.7395500000
-0.6112500000
-0.7751100000
-0.9469600000
-0.8783000000
-0.6583900000
-0.5545000000
-0.1256900000
0.1948700000
0.5320500000
0.6223000000
0.9492500000
0.8681500000
0.7531800000
0.6396700000
0.6936100000
0.5110500000
0.9423000000
1.1048000000
0.9904200000
0.8814900000
0.9134900000
0.3612600000
-0.0853910000
-0.4994900000
-0.7759800000
-0.6479900000
-0.6934900000
-0.5392700000
-0.9016700000
-0.5868300000
-0.8735500000
-0.8303800000
-1.0960000000
-1.2004000000
-0.9941400000
-0.7978600000
-0.4749400000
-0.0969800000
0.2476100000
0.6804400000
0.5317800000
0.6377900000
0.4964700000
0.5567900000
0.6930800000
0.7910200000
0.9189300000
1.0949000000
1.2528000000
1.0168000000
0.8411900000
0.4789700000
0.1760900000
-0.1721600000
-0.4570500000
-0.4871000000
-0.6387000000
-0.5263900000
-0.4932700000
-0.4292700000
-0.6812300000
-1.0479000000
-1.2265000000
-1.2365000000
-1.2974000000
-0.8459500000
-0.8371900000
-0.3890800000
-0.0724960000
0.2409400000
0.3201500000
0.5748600000
0.3558400000
0.4493000000
0.6168800000
0.6681500000
0.8956200000
1.1292000000
1.2973000000
1.2253000000
1.0317000000
0.7183800000
0.4471400000
0.2863700000
-0.0596240000
-0.3260300000
-0.2195100000
-0.2966600000
-0.3395200000
-0.4673300000
-0.4371200000
-0.8908700000
-1.0349000000
-1.3335000000
-1.2436000000
-1.2735000000
-0.8040600000
-0.7006400000
-0.3759200000
-0.0831110000
0.3600800000
-0.0314230000
-0.0038249000
0.1474800000
0.3412300000
0.2761800000
0.7251100000
0.9616600000
1.1540000000
1.3700000000
1.1869000000
1.1298000000
0.6729900000
0.3372900000
0.2945200000
-0.1060300000
-0.0198370000
0.0205300000
-0.0545970000
-0.3656700000
-0.3327600000
-0.6932400000
-1.0824000000
-1.2854000000
-1.3141000000
-1.1602000000
-0.9485400000
-0.9322800000
-0.5127000000
-0.2945700000
-0.2668400000
-0.1216100000
-0.3248900000
-0.0500220000
0.1020200000
0.4419400000
0.6870800000
0.8603500000
1.1079000000
1.3604000000
1.1867000000
0.8632100000
0.6324400000
0.6220900000
0.3662900000
0.2016300000
0.2642000000
0.3773600000
0.2626000000
0.0168310000
-0.3203100000
-0.6005600000
-0.8993800000
-1.1685000000
-1.1485000000
-1.1551000000
-1.0932000000
-0.9773200000
-0.6921300000
-0.5710000000
-0.4686100000
-0.4743100000
-0.2917800000
-0.3467100000
-0.1991800000
-0.2184300000
0.4085200000
0.7680300000
1.0848000000
1.0943000000
1.3889000000
0.9702600000
0.8070800000
0.7974100000
0.6407800000
0.6147800000
0.5012200000
0.5221600000
0.5400800000
0.3153900000
0.0552490000
-0.3454200000
-0.7564200000
-0.9107400000
-1.0737000000
-1.1832000000
-0.9700300000
-0.9234900000
-0.7813400000
-0.6883500000
-0.7360500000
-0.4734500000
-0.4396600000
-0.5401600000
-0.6067400000
-0.3414000000
0.0595660000
0.4906700000
0.9560600000
1.0156000000
1.0203000000
1.0642000000
0.8073100000
0.8829300000
0.7432900000
0.6200800000
0.8067800000
0.8963100000
0.8887900000
0.4459600000
0.4001100000
-0.0868530000
-0.3363400000
-0.6095100000
-0.9559900000
-0.8278900000
-0.8611500000
-0.8765700000
-0.7919500000
-0.6806800000
-0.8283500000
-0.9516000000
-0.9439100000
-0.8171200000
-0.8377600000
-0.6017600000
-0.2853000000
0.4077500000
0.4180200000
0.7840800000
0.9249200000
0.7041700000
0.9219700000
0.3945400000
0.7724800000
0.8013800000
0.8985200000
0.6331600000
0.9123000000
0.8723000000
0.6837300000
0.3214400000
-0.2577600000
-0.5701200000
-0.6618200000
-0.7971900000
-0.7115000000
-0.6897400000
-0.6700200000
-0.5406600000
-0.6901200000
-1.0082000000
-1.0052000000
-1.0510000000
-0.9553600000
-0.8201200000
-0.4481400000
-0.1707200000
0.1944300000
0.5795800000
0.7375800000
0.5178300000
0.8152200000
0.6810800000
0.5390300000
0.7729200000
1.1477000000
1.1134000000
1.1148000000
1.2564000000
1.0875000000
0.7147800000
0.3169300000
-0.1344700000
-0.3565000000
-0.6042400000
-0.3087400000
-0.5595000000
-0.3412800000
-0.7358000000
-0.9333800000
-0.8714700000
-1.0223000000
-1.2018000000
-1.3338000000
-1.0883000000
-0.8496000000
-0.3248300000
-0.1476600000
0.1747600000
0.2217700000
0.3169600000
0.4302600000
0.3458700000
0.5072200000
0.7322000000
1.1924000000
1.0862000000
1.2280000000
1.4089000000
1.0959000000
0.9410400000
0.5347200000
-0.0669500000
-0.2267800000
-0.1840400000
-0.1471700000
-0.4296300000
-0.4948800000
-0.6202700000
-0.7009900000
-0.8942700000
-0.9323600000
-1.2443000000
-1.2185000000
-1.1404000000
-0.9076500000
-0.6763100000
-0.1142500000
0.0688820000
0.1172700000
0.0727490000
0.1582100000
0.0235510000
0.3500600000
0.3785800000
0.9051200000
0.9086900000
1.2736000000
1.1732000000
1.2092000000
0.9129700000
0.5666200000
0.3999200000
-0.0302910000
0.1078400000
0.0255080000
0.1372100000
0.0634150000
-0.2129800000
-0.2268100000
-0.7418900000
-1.1104000000
-1.1968000000
-1.2644000000
-1.3235000000
-1.0331000000
-0.6921900000
-0.5273900000
-0.2319200000
-0.2994600000
-0.1724200000
-0.1914700000
-0.1954000000
0.0378980000
0.3196700000
0.7416800000
0.9285600000
1.0973000000
1.1459000000
1.3310000000
0.8993200000
0.9413700000
0.6280000000
0.1856700000
0.3627100000
0.3814200000
0.3498800000
0.2920200000
0.1217800000
-0.0453030000
-0.6196300000
-0.8323600000
-1.0988000000
-1.1858000000
-1.0111000000
-0.9229800000
-0.9066600000
-0.7708400000
-0.4655600000
-0.5129700000
-0.3756900000
-0.3384600000
-0.3523100000
-0.2517900000
0.1816700000
0.2914600000
0.5634100000
1.1449000000
1.0944000000
1.3401000000
0.9195000000
0.9337000000
0.5747800000
0.3974200000
0.7558000000
0.2540400000
0.3830200000
0.4447600000
0.3221200000
-0.0563860000
-0.2687400000
-0.6349100000
-0.9299700000
-0.9453700000
-1.1434000000
-0.9623000000
-0.8568700000
-0.6155800000
-0.6241200000
-0.5234000000
-0.6314600000
-0.7291100000
-0.6055900000
-0.4842900000
-0.1809800000
0.2140900000
0.4627100000
0.9722200000
0.9025900000
1.0887000000
1.0860000000
0.8818300000
0.7399500000
0.6461100000
0.9847400000
0.9208200000
0.7637700000
0.5884500000
0.7458300000
0.5173300000
-0.1689100000
-0.3911700000
-0.7770500000
-0.8839500000
-0.8410300000
-1.0218000000
-0.8904500000
-0.6438900000
-0.6158500000
-0.7607000000
-0.8779500000
-0.8260700000
-0.7371000000
-0.7918700000
-0.5139500000
-0.1967400000
0.3628800000
0.5756000000
0.6761200000
0.9802300000
0.7716400000
0.7610800000
0.6203800000
0.6883500000
0.6515900000
0.9558300000
0.8877700000
0.9457100000
1.0558000000
0.9431400000
0.2025600000
0.0154050000
-0.3235700000
-0.6147200000
-0.8784200000
-0.6898300000
-0.6671300000
-0.8150500000
-0.7617800000
-0.7742300000
-0.8697600000
-1.1011000000
-1.0244000000
-0.9443600000
-0.8987700000
-0.3655400000
0.1152000000
0.3416800000
0.6170700000
0.7178400000
0.7993900000
0.6505400000
0.6007000000
0.6331600000
0.7064200000
0.9084100000
1.0171000000
1.2256000000
0.9604300000
0.8612800000
0.5592000000
0.1320900000
-0.1481300000
-0.4023100000
-0.6246000000
-0.6123400000
-0.4773100000
-0.5107900000
-0.5462600000
-0.8477000000
-0.8898700000
-1.0378000000
-1.2839000000
-1.0824000000
-0.7835400000
-0.8520500000
-0.4393700000
0.1209900000
0.3748700000
0.5741600000
0.4252600000
0.3807100000
0.5015000000
0.5012400000
0.5936300000
0.9393600000
1.1021000000
1.1415000000
1.1487000000
0.8477500000
0.7584900000
0.2748500000
-0.0185350000
-0.2433000000
-0.2522600000
-0.3051100000
-0.3644900000
-0.2226800000
-0.4623200000
-0.5466000000
-0.9000400000
-1.0520000000
-1.1562000000
-1.3637000000
-1.0456000000
-0.9566800000
-0.5519000000
-0.3114800000
0.0905310000
0.1128600000
0.0606440000
0.3634000000
0.3311400000
0.3762700000
0.4501800000
0.7360700000
1.0346000000
1.1999000000
1.0504000000
1.0525000000
0.8468400000
0.6596800000
0.2917700000
0.0940060000
0.0350810000
-0.0774830000
0.0460230000
-0.0831100000
-0.2987200000
-0.4558800000
-0.6916400000
-0.8647800000
-1.2516000000
-1.4136000000
-1.2816000000
-1.0535000000
-0.7084700000
-0.2876100000
-0.2657000000
-0.1882100000
-0.0947910000
-0.0213610000
0.0206230000
0.2282600000
0.2676700000
0.6931900000
1.2434000000
1.3645000000
1.3368000000
1.1577000000
0.9846900000
0.8057800000
0.5281600000
0.4223800000
0.2347200000
0.3794200000
0.2281400000
0.1379400000
-0.0422770000
-0.0245830000
-0.4450500000
-0.8893300000
-1.1247000000
-1.3090000000
-1.1448000000
-1.0270000000
-0.8627100000
-0.6445400000
-0.5826800000
-0.4358100000
-0.4297200000
-0.3886500000
-0.3515300000
-0.1987100000
0.0453840000
0.4644700000
0.9366700000
0.9583800000
1.2441000000
1.2159000000
1.1556000000
0.8404200000
0.6636900000
0.6843800000
0.2836400000
0.4987700000
0.4549300000
0.5401400000
0.3039000000
0.1099500000
-0.4889000000
-0.7348000000
-0.8569900000
-1.0378000000
-1.2201000000
-1.2817000000
-0.9934600000
-0.6781400000
-0.6221800000
-0.5217900000
-0.5686900000
-0.7552700000
-0.4279700000
-0.4056100000
-0.0561010000
0.0518380000
0.4518300000
0.8826200000
1.0493000000
1.2066000000
0.9642400000
0.7733300000
0.5933200000
0.5776500000
0.6469700000
0.7802000000
0.5666600000
0.7226200000
0.6990300000
0.3188200000
-0.0832010000
-0.2530400000
-0.9443900000
-0.9046900000
-0.9700000000
-0.9948200000
-1.1030000000
-0.7156700000
-0.6745300000
-0.6552800000
-0.7202500000
-0.7799800000
-0.8188400000
-0.7463300000
-0.4981400000
-0.1422100000
0.3524100000
0.5703900000
0.7165100000
0.9709300000
0.7669400000
0.8807100000
0.7347400000
0.7326500000
0.7923100000
0.9268800000
0.9241600000
0.9043800000
0.9028000000
0.4796400000
0.2520700000
-0.3271300000
-0.4151800000
-0.5226300000
-0.9387600000
-0.8007900000
-0.4943800000
-0.8025400000
-0.7619500000
-0.7978200000
-0.9723200000
-1.0147000000
-1.0030000000
-0.9447600000
-0.6100400000
-0.3407800000
0.0491560000
0.3292100000
0.6102200000
0.8375600000
0.5862800000
0.6635200000
0.4985400000
0.6704600000
0.7552800000
1.0019000000
0.9892200000
1.0427000000
1.0719000000
0.8529100000
0.5780000000
0.2954000000
-0.1838600000
-0.4033600000
-0.4353600000
-0.6730900000
-0.5782100000
-0.5821700000
-0.6616400000
-0.8087100000
-1.0077000000
-1.1011000000
-1.2452000000
-1.1808000000
-0.9803800000
-0.3699600000
-0.5176000000
0.1017900000
0.1900800000
0.3537100000
0.5076900000
0.4371600000
0.4515600000
0.5682100000
0.7065400000
1.0370000000
1.0206000000
1.1504000000
1.5207000000
1.2256000000
0.7443800000
0.4797900000
-0.0829150000
-0.2829100000
-0.3292700000
-0.3491900000
-0.3035600000
-0.3283600000
-0.5859500000
-0.7754900000
-0.8697800000
-1.1178000000
-1.3871000000
-1.2962000000
-1.1057000000
-0.9128600000
-0.6473700000
-0.2800900000
-0.0149330000
0.1451500000
0.0818950000
0.1537200000
0.3562700000
0.4609700000
0.6207500000
0.7206100000
0.9615100000
1.1420000000
1.4695000000
0.9973600000
0.8107500000
0.7388400000
0.2665400000
0.1634000000
0.0098689000
0.1416000000
0.0903370000
-0.1761600000
-0.3012100000
-0.4960900000
-0.7071900000
-1.0096000000
-1.2438000000
-1.2994000000
-1.2473000000
-0.9148000000
-0.7669800000
-0.4392600000
-0.1867100000
-0.1151200000
-0.1101700000
0.0231410000
-0.0472310000
0.2205100000
0.1968700000
0.5919700000
0.9075800000
1.3882000000
1.3231000000
1.2286000000
1.2195000000
0.8737700000
0.5104900000
0.6306500000
0.1753300000
0.1077900000
0.0280340000
-0.1031800000
-0.0271110000
-0.3785700000
-0.5674300000
-1.0573000000
-1.1400000000
-1.3180000000
-1.0092000000
-1.3147000000
-0.7702800000
-0.8081300000
-0.5107400000
-0.3847400000
-0.2395200000
-0.4057900000
-0.3563100000
-0.2358600000
0.2215000000
0.5535800000
0.8428800000
0.9855900000
1.1656000000
1.4500000000
1.1255000000
0.8117400000
0.4946100000
0.6337500000
0.5255300000
0.5965600000
0.5860500000
0.3411400000
0.3623500000
0.1202900000
-0.3927100000
-0.7916800000
-1.1083000000
-1.0403000000
-1.1182000000
-0.8827500000
-0.8703300000
-0.5766400000
-0.5915300000
-0.6408200000
-0.6797900000
-0.7157000000
-0.6038200000
-0.5570900000
-0.4461200000
0.4351400000
0.7577400000
0.9252300000
1.0786000000
1.0517000000
1.0032000000
0.9023900000
0.7989400000
0.6335300000
0.5391000000
0.7197800000
0.7111900000
0.7474200000
0.5418800000
0.4493900000
0.0195110000
-0.3583400000
-0.8017500000
-0.9037100000
-0.9449100000
-0.9960800000
-0.6853700000
-0.8027000000
-0.8214900000
-0.6448200000
-0.6494200000
-0.9149700000
-0.8327400000
-0.7146600000
-0.4680800000
0.0124310000
0.2238500000
0.4037200000
0.8975700000
1.0914000000
0.8532600000
0.7995400000
0.7290100000
0.9896000000
0.6133600000
0.8751900000
0.9597300000
1.1875000000
0.7838500000
0.4598600000
0.3236300000
-0.1176500000
-0.4351800000
-0.5192100000
-0.7720400000
-0.7580800000
-0.7754400000
-0.4844100000
-0.6887600000
-0.5457300000
-1.0150000000
-0.8748300000
-0.9890500000
-1.0644000000
-0.8339100000
-0.4599700000
-0.0553610000
0.4120800000
0.6481300000
0.8625300000
0.8618300000
0.7591600000
0.6619700000
0.4669600000
0.7634200000
0.8913800000
1.1772000000
1.0995000000
1.0255000000
0.7321800000
0.5721200000
0.1992300000
-0.0610860000
-0.5783500000
-0.5340200000
-0.5131200000
-0.5781300000
-0.6541700000
-0.7725900000
-0.6695700000
-0.8557000000
-1.1330000000
-1.1568000000
-1.2539000000
-0.8902300000
-0.5097900000
-0.2579100000
0.1071400000
0.2684300000
0.6614500000
0.4881000000
0.5672800000
0.4386300000
0.3796000000
0.8378700000
0.9914600000
1.1624000000
0.9903800000
1.2809000000
1.2040000000
0.7417600000
0.4635000000
0.1476200000
-0.1811200000
-0.1337100000
-0.5788900000
-0.3908400000
-0.1798400000
-0.3310800000
-0.6444700000
-0.7783600000
-0.8410800000
-1.1553000000
-1.1907000000
-1.1384000000
-0.7022500000
-0.5569200000
-0.1812500000
0.0235000000
0.1077100000
0.1230600000
0.2765800000
0.2836200000
0.3820300000
0.6482300000
0.7035600000
1.0970000000
1.4428000000
1.2708000000
1.0624000000
1.0207000000
0.4267500000
0.2276200000
0.2028700000
-0.0397630000
-0.0213680000
-0.1119000000
-0.2139700000
-0.1774600000
-0.5675800000
-0.7275800000
-0.8887700000
-1.2600000000
-1.2652000000
-1.1403000000
-1.0216000000
-0.7048000000
-0.5347300000
-0.3666400000
-0.0538170000
-0.0677150000
-0.0349780000
0.0924130000
0.0905250000
0.4264900000
0.6903100000
0.8605100000
1.2871000000
1.4198000000
1.1624000000
1.0949000000
0.8007300000
0.7199700000
0.2752200000
0.2127200000
0.3352900000
0.2431000000
0.1683900000
0.0166000000
-0.2480500000
-0.5883000000
-0.9522800000
-1.0188000000
-1.1332000000
-1.2525000000
-1.0428000000
-0.8512400000
-0.5740900000
-0.5214900000
-0.4050300000
-0.3823900000
-0.3629100000
-0.1275700000
-0.3464000000
0.0845580000
0.5503200000
0.9331000000
0.9913600000
1.3313000000
1.2537000000
1.0036000000
0.8403900000
0.7553400000
0.6119500000
0.1971900000
0.4373500000
0.4506200000
0.3772200000
0.3009100000
-0.0131160000
-0.2527600000
-0.6351800000
-0.9526100000
-1.2036000000
-1.0997000000
-1.0868000000
-0.9975900000
-0.5988000000
-0.5633300000
-0.5718000000
-0.7137400000
-0.6510000000
-0.6339500000
-0.4190000000
-0.1900100000
0.2614800000
0.5405400000
0.9773600000
0.9953300000
1.1958000000
1.1113000000
0.8283100000
0.6797000000
0.5759800000
0.6668300000
0.8717600000
0.8515000000
0.7043200000
0.6579400000
0.3724200000
-0.1582500000
-0.5068200000
-0.9118100000
-1.0239000000
-1.0862000000
-1.0456000000
-1.0644000000
-0.6529700000
-0.4285000000
-0.5964300000
-0.8453000000
-0.9937400000
-0.7493000000
-0.5858700000
-0.5423500000
-0.0614050000
0.2544100000
0.5698400000
0.8289100000
1.0632000000
1.0033000000
0.9273200000
0.6612100000
0.5404300000
0.8467500000
1.0854000000
0.9499800000
0.8155800000
0.9514700000
0.5015200000
0.2510700000
-0.2141400000
-0.4498900000
-0.6424800000
-0.9270500000
-0.7678400000
-0.7759800000
-0.6034500000
-0.6902400000
-0.8304500000
-0.9028100000
-0.9730400000
-1.0484000000
-0.8861200000
-0.7144600000
-0.3432800000
-0.0372910000
0.3790400000
0.6505000000
0.6727500000
0.6329800000
0.8578300000
0.6903200000
0.7231400000
0.7576200000
0.7901900000
0.9930800000
1.2030000000
0.9518000000
0.7954100000
0.5270200000
-0.0158860000
-0.4155000000
-0.6331000000
-0.7927700000
-0.6279700000
-0.6383900000
-0.7780000000
-0.5273600000
-0.7112000000
-0.9204500000
-1.0253000000
-1.1490000000
-1.2544000000
-1.0276000000
-0.5769500000
-0.3218600000
0.1120300000
0.3927800000
0.2638100000
0.4215000000
0.5061200000
0.3610700000
0.5224800000
0.7485300000
0.8536800000
1.1459000000
1.1435000000
1.1756000000
1.0726000000
0.7377900000
0.4885700000
0.0661070000
-0.0763110000
-0.2078000000
-0.2754700000
-0.1772500000
-0.3851700000
-0.3626800000
-0.6741900000
-0.7608400000
-1.3032000000
-1.3774000000
-1.0835000000
-1.0722000000
-0.7917600000
-0.4031500000
-0.1741200000
-0.0211480000
0.1988100000
0.2306700000
0.2083700000
0.3905000000
0.3424800000
0.6770700000
0.6955600000
1.2905000000
1.3297000000
1.0665000000
1.1069000000
0.8804800000
0.5618400000
0.4236900000
0.0389210000
-0.1423600000
-0.0492200000
-0.0652570000
-0.1368000000
-0.3499200000
-0.4879000000
-0.8397000000
-1.0286000000
-1.3629000000
-1.3330000000
-1.0589000000
-0.8806900000
-0.6727100000
-0.2689200000
-0.2432700000
-0.0057832000
-0.0587470000
-0.0674830000
-0.0671860000
0.1535800000
0.4031800000
0.6678700000
0.9485700000
1.1762000000
1.1486000000
1.2575000000
1.0823000000
0.7313200000
0.4980800000
0.2343900000
0.1395200000
0.2394800000
0.0149900000
0.1438900000
-0.0445530000
-0.4553100000
-0.4723500000
-0.8734400000
-1.1526000000
-1.2062000000
-1.3189000000
-1.1544000000
-0.5924500000
-0.6168400000
-0.3583200000
-0.4557600000
-0.4331000000
-0.3613700000
-0.2856000000
-0.1981200000
0.2664800000
0.5418400000
0.5568700000
1.1645000000
1.2704000000
1.2822000000
0.9983300000
1.0071000000
0.6073600000
0.5850500000
0.4578900000
0.4962100000
0.4376000000
0.2027800000
0.3068100000
0.1058500000
-0.0363590000
-0.5841800000
-1.0362000000
-1.3264000000
-1.3617000000
-1.0920000000
-0.8949600000
-0.5437300000
-0.5640700000
-0.5022200000
-0.6041200000
-0.6140600000
-0.4618200000
-0.3449300000
-0.0260340000
0.2029600000
0.6060700000
0.9349900000
1.1298000000
0.8953100000
0.9481400000
0.8346000000
0.8684000000
0.6723000000
0.5322600000
0.5154700000
0.7476300000
0.6530100000
0.6506300000
0.2174900000
-0.0192370000
-0.4281800000
-0.8535200000
-1.0961000000
-1.0717000000
-0.7918200000
-0.8077500000
-0.6746000000
-0.6596900000
-0.7150500000
-0.7323700000
-0.8288400000
-0.6156400000
-0.7427100000
-0.3450600000
-0.1176800000
0.3012700000
0.7076000000
0.7870100000
1.1328000000
0.8108100000
0.7353600000
0.6867300000
0.5624200000
0.8258400000
0.8092100000
0.8269500000
0.8184100000
0.9549100000
0.1982600000
0.1738700000
-0.2734600000
-0.3543500000
-0.6679400000
-1.0117000000
-0.9047100000
-0.7506400000
-0.6662300000
-0.8062000000
-0.8495300000
-0.8270100000
-0.8179500000
-0.8299700000
-0.9364100000
-0.7543300000
-0.4281300000
-0.0130580000
0.3664200000
0.6172900000
0.7909100000
0.8135800000
0.6200900000
0.6331300000
0.6321700000
0.6671000000
0.7636800000
1.0705000000
0.9786000000
0.9274900000
0.6487700000
0.4405500000
0.0863080000
-0.2048500000
-0.4997900000
-0.7789500000
-0.8286600000
-0.5082300000
-0.6253000000
-0.6242900000
-0.7973900000
-0.8744900000
-0.9086100000
-1.1612000000
-1.1269000000
-0.8556500000
-0.6038300000
-0.1619800000
0.1423800000
0.2637100000
0.4647400000
0.5974900000
0.4141800000
0.4967300000
0.7205500000
0.8033400000
0.8141400000
1.1566000000
1.0101000000
1.1860000000
0.8969600000
0.6032300000
0.4140400000
0.1020800000
-0.0269860000
-0.3261000000
-0.3862400000
-0.4172100000
-0.4104100000
-0.4122100000
-0.6805900000
-0.7380700000
-1.2041000000
-1.1941000000
-1.4116000000
-1.1178000000
-0.8378800000
-0.4531500000
-0.1681000000
0.0820990000
0.0657080000
0.3298900000
0.2225700000
0.1563200000
0.4757500000
0.6793400000
0.8994700000
1.1886000000
1.2577000000
1.3883000000
1.3187000000
0.9238000000
0.5326400000
0.1524700000
0.1194300000
-0.2815000000
-0.1845200000
-0.2352100000
-0.1771900000
-0.4115500000
-0.6235800000
-0.6479500000
-0.9318500000
-1.1473000000
-1.2532000000
-1.0721000000
-0.9988800000
-0.8365300000
-0.3103000000
-0.1560600000
-0.1001900000
-0.1197500000
-0.1397400000
0.0827600000
-0.1930100000
0.3745400000
0.7637000000
0.9815500000
1.3984000000
1.2066000000
1.2611000000
1.1149000000
0.8666900000
0.5528700000
0.2842900000
0.0830960000
0.1343600000
0.1523300000
0.2035500000
0.0131810000
-0.3044400000
-0.6937600000
-0.8341000000
-1.0924000000
-1.2689000000
-1.4666000000
-0.9861400000
-0.7638800000
-0.7782200000
-0.4334100000
-0.3134900000
-0.3552400000
-0.5452000000
-0.2716100000
-0.2195600000
0.1168900000
0.5448900000
0.7150000000
1.0347000000
1.1480000000
1.3712000000
0.9758000000
0.9183400000
0.7264000000
0.4110500000
0.4596900000
0.4105000000
0.5620100000
0.5754800000
0.3625400000
0.0980200000
-0.2097300000
-0.5327900000
-1.0567000000
-1.1918000000
-1.0546000000
-1.1665000000
-0.8194000000
-0.9336600000
-0.6204500000
-0.5810100000
-0.5118600000
-0.5406700000
-0.5059100000
-0.4261800000
-0.1969500000
0.3702100000
0.6089200000
0.8314300000
1.0919000000
1.0467000000
1.2141000000
0.7957000000
0.7064400000
0.7579800000
0.4917600000
0.5789600000
0.6237700000
0.7172500000
0.6681500000
0.2189600000
-0.0174290000
-0.5168200000
-0.7277500000
-1.0288000000
-1.2462000000
-0.9436400000
-0.7833200000
-0.8092200000
-0.5680900000
-0.6381300000
-0.8172100000
-0.8724100000
-0.7125000000
-0.6864400000
-0.3471700000
-0.0769300000
0.2857500000
0.6639200000
1.0000000000
0.8759100000
1.1148000000
0.7181300000
0.6819000000
0.5897000000
0.7770400000
0.6589700000
0.8408100000
0.7890200000
0.8293300000
0.5628500000
0.2751000000
-0.0398950000
-0.5203600000
-0.7678100000
-0.8455600000
-0.8498900000
-0.7264500000
-0.6808500000
-0.5338500000
-0.6805700000
-0.8841100000
-1.0066000000
-0.9317800000
-1.0841000000
-0.6038700000
-0.3789200000
-0.0096273000
0.4239500000
0.7735500000
0.6430100000
0.8422300000
0.7248200000
0.7236900000
0.8257800000
0.7439800000
0.8852300000
1.2598000000
0.9618400000
0.9695300000
0.6967100000
0.5155400000
0.0815400000
-0.2920500000
-0.4585800000
-0.4327400000
-0.5339500000
-0.7815100000
-0.4842800000
-0.6276000000
-0.7059900000
-1.0182000000
-1.1378000000
-1.1524000000
-1.0323000000
-0.8234300000
-0.6389500000
-0.1805300000
-0.0260930000
0.2190100000
0.2710700000
0.5323800000
0.5483100000
0.4628600000
0.6970100000
0.7592700000
0.9260800000
1.0660000000
1.2119000000
1.1343000000
0.8438600000
0.7658800000
0.2407400000
0.1279700000
-0.2757700000
-0.2647500000
-0.4689400000
-0.3134800000
-0.4928400000
-0.3892800000
-0.6901200000
-0.8468200000
-1.0108000000
-1.2109000000
-1.3024000000
-1.1669000000
-0.7896000000
-0.4747000000
-0.1220800000
0.1486000000
0.3769500000
0.4048400000
0.3710500000
0.3842900000
0.3482600000
0.4082900000
0.7864400000
1.1717000000
1.1670000000
1.4376000000
1.2880000000
1.0045000000
0.7806300000
0.3822100000
-0.0083053000
0.1929200000
0.0905940000
-0.0273110000
-0.1422900000
-0.2996100000
-0.4724000000
-0.7553100000
-1.0871000000
-1.2621000000
-1.3744000000
-1.2380000000
-0.9784100000
-0.5922600000
-0.4998300000
-0.1679200000
-0.2529300000
-0.1721500000
-0.1428300000
0.1530100000
0.2037100000
0.4293400000
0.7024800000
0.9747900000
1.2486000000
1.3881000000
1.2653000000
1.2084000000
0.8914500000
0.3653000000
0.3604000000
0.2791200000
0.2863600000
0.2002200000
0.2522900000
-0.1222600000
-0.3066900000
-0.5932300000
-0.9228100000
-1.1966000000
-1.0831000000
-1.1814000000
-1.0956000000
-0.8908900000
-0.5614600000
-0.3927900000
-0.3469600000
-0.1982500000
-0.3667300000
-0.2108700000
-0.0556440000
0.3763500000
0.6512700000
0.9009000000
0.9368100000
1.1680000000
1.3557000000
1.0985000000
0.9571100000
0.6428600000
0.4850000000
0.3982400000
0.5550900000
0.5429600000
0.6056600000
0.1941200000
0.1498100000
-0.4725200000
-0.5336300000
-1.1647000000
-1.3270000000
-1.1116000000
-0.9828800000
-0.9872500000
-0.5566000000
-0.5719700000
-0.4451100000
-0.4455700000
-0.5083700000
-0.6097000000
-0.2537200000
-0.1339100000
0.2908200000
0.4763300000
0.8676000000
1.0199000000
1.2320000000
0.9205800000
0.9423300000
0.6789600000
0.7699900000
0.5309600000
0.6977300000
0.7358400000
0.6381200000
0.5893500000
0.2352800000
-0.1424400000
-0.6417400000
-0.9183600000
-1.0737000000
-1.0016000000
-1.0689000000
-0.9315500000
-0.8527500000
-0.6083600000
-0.6696800000
-0.7168100000
-0.8629100000
-0.6793500000
-0.4077600000
-0.4242500000
-0.1250400000
0.4011600000
0.5802100000
1.0327000000
1.0679000000
1.0104000000
0.9956500000
0.7037700000
0.7472800000
0.8039900000
0.8441600000
0.9688800000
0.7897900000
0.8198700000
0.2868100000
0.2251000000
-0.1047700000
-0.4615800000
-0.6940400000
-0.8480200000
-0.8564100000
-0.6795400000
-0.8438600000
-0.6684700000
-0.6716100000
-1.0117000000
-1.0910000000
-1.1902000000
-0.9297200000
-0.7024300000
-0.1413400000
0.0731250000
0.3184000000
0.7763400000
0.8448600000
0.8529400000
0.6873500000
0.6612500000
0.7775300000
1.0344000000
0.8253100000
1.0973000000
1.2507000000
1.0120000000
0.7911200000
0.3927700000
0.1512900000
-0.2920900000
-0.6118600000
-0.5524700000
-0.6555400000
-0.6801700000
-0.5098800000
-0.6868600000
-0.8388900000
-0.8466800000
-1.0984000000
-1.0502000000
-1.0479000000
-0.9190600000
-0.5149300000
-0.3369000000
0.0483170000
0.3814400000
0.5586600000
0.4227900000
0.4067100000
0.5714600000
0.5889000000
0.7488300000
0.9200700000
1.0524000000
1.3769000000
1.1551000000
1.0697000000
0.6788300000
0.3855000000
0.0704850000
-0.0397990000
-0.3704400000
-0.5446600000
-0.4120900000
-0.4409400000
-0.5143600000
-0.7866900000
-0.9104900000
-1.0926000000
-1.3086000000
-1.2441000000
-1.0572000000
-0.7747200000
-0.4393300000
-0.2858300000
0.0313360000
0.2067000000
0.2297400000
0.4033900000
0.3851200000
0.5467100000
0.7406800000
0.9726900000
1.1598000000
1.4092000000
1.3703000000
1.2474000000
0.9344100000
0.5843400000
0.2491300000
0.0880890000
-0.1745800000
-0.2682700000
-0.1407600000
-0.2049200000
-0.3129900000
-0.4827700000
-0.7744000000
-0.8807800000
-1.1136000000
-1.3316000000
-1.1970000000
-1.0711000000
-0.6826100000
-0.4828900000
-0.1612900000
0.0877970000
-0.1464500000
0.0545910000
0.2912300000
0.2153900000
0.5245200000
0.7619500000
1.0391000000
1.2893000000
1.3026000000
1.1283000000
1.1839000000
0.6783600000
0.4181200000
0.5888300000
0.1869400000
0.2447900000
0.0881220000
-0.0198490000
0.0628270000
-0.3998100000
-0.6962200000
-0.7301200000
-1.0635000000
-1.4208000000
-1.2512000000
-1.0005000000
-0.8735900000
-0.5571700000
-0.3657500000
-0.4245000000
-0.2862300000
-0.2946400000
-0.2836100000
-0.1780300000
0.0283900000
0.5029500000
0.7988200000
1.0423000000
1.2321000000
1.1905000000
1.0067000000
0.8189200000
0.4951000000
0.5234000000
0.5108600000
0.4394600000
0.3037500000
0.3819000000
0.1891900000
-0.2920400000
-0.4207100000
-0.9609600000
-0.9715800000
-1.1520000000
-1.2514000000
-1.0674000000
-0.9748200000
-0.8867400000
-0.3792700000
-0.5312400000
-0.5573900000
-0.5683400000
-0.3635900000
-0.3239100000
-0.0949030000
0.3266600000
0.5650000000
1.0475000000
1.2481000000
1.1854000000
1.0009000000
0.9400800000
0.6122600000
0.5181500000
0.5931800000
0.5493100000
0.6349300000
0.5918600000
0.6171100000
0.1819900000
-0.0718670000
-0.4500200000
-0.9049900000
-0.9202900000
-1.3425000000
-1.0084000000
-0.9243200000
-0.7215800000
-0.7566400000
-0.5858000000
-0.6160400000
-0.7625300000
-0.6271900000
-0.4442600000
-0.3560100000
0.0531180000
0.3458100000
0.5190800000
0.8773900000
0.8638100000
0.9731100000
0.8669200000
0.6452400000
0.7385000000
0.7549500000
0.8950900000
0.8176600000
0.8046400000
0.7889200000
0.7210100000
0.2474500000
-0.1900100000
-0.6967100000
-0.8621300000
-0.8741300000
-0.7033200000
-0.8951600000
-0.7743600000
-0.6687500000
-0.6775400000
-0.8254600000
-0.9697900000
-0.9616700000
-0.9261300000
-0.4340400000
-0.5017300000
0.0016450000
0.4431600000
0.6337600000
0.7265300000
0.7150500000
0.6344100000
0.7382500000
0.6428100000
0.6817400000
0.8778100000
0.9369100000
1.1461000000
0.8679700000
0.6642200000
0.4626500000
-0.0024432000
-0.0807100000
-0.4412200000
-0.5806200000
-0.7299400000
-0.5189800000
-0.6302400000
-0.6673400000
-0.5983700000
-0.9915600000
-1.1327000000
-1.0837000000
-1.1856000000
-0.9412800000
-0.4365000000
-0.1934500000
0.0005099100
0.3522300000
0.5240900000
0.5779200000
0.5403900000
0.6000500000
0.5331300000
0.6920600000
0.9448400000
1.1678000000
1.1856000000
0.9539400000
0.9315900000
0.7563700000
0.4801500000
0.0942630000
-0.2710100000
-0.5933800000
-0.4782700000
-0.4936400000
-0.6878800000
-0.4482600000
-0.8354500000
-0.9742500000
-1.0115000000
-1.1836000000
-1.1145000000
-1.0757000000
-0.8268700000
-0.6229900000
-0.2407100000
0.1628000000
0.3304800000
0.3423000000
0.3570400000
0.2339000000
0.2759400000
0.6078600000
0.8551000000
1.1985000000
1.1478000000
1.2014000000
1.1639000000
0.9219400000
0.4939300000
0.3377900000
0.0175400000
-0.0259310000
-0.1636300000
-0.1117800000
-0.1759900000
-0.3084600000
-0.6303800000
-0.6638100000
-1.1080000000
-1.3605000000
-1.1373000000
-1.0820000000
-0.9116600000
-0.7758700000
-0.3161700000
-0.3590600000
-0.0729140000
0.1731200000
0.0091295000
0.0599340000
0.3361200000
0.4575100000
0.7570200000
1.0081000000
1.3957000000
1.2118000000
1.3189000000
0.9983500000
0.7944700000
0.5014000000
0.2231400000
0.0449050000
0.1552100000
0.0376270000
0.0992950000
-0.1736500000
-0.2301900000
-0.5601500000
-0.8640500000
-1.1807000000
-1.3188000000
-1.2459000000
-1.1918000000
-0.7527400000
-0.6265200000
-0.4832300000
-0.2404300000
-0.1139500000
-0.1159300000
-0.1009100000
0.0362020000
0.3212300000
0.4919400000
0.8565900000
1.0901000000
1.2328000000
1.1927000000
1.1546000000
1.0648000000
0.6167900000
0.3474000000
0.3707900000
0.5545800000
0.4634900000
0.2885700000
0.2887300000
-0.0646130000
-0.2920900000
-0.7557600000
-0.9278200000
-1.2269000000
-1.1954000000
-1.2225000000
-0.7604100000
-0.7883500000
-0.4795500000
-0.5456200000
-0.4246400000
-0.5801900000
-0.5057000000
-0.4722900000
-0.0129370000
0.0913670000
0.6293700000
0.7858900000
1.1850000000
1.2024000000
1.1856000000
0.7298900000
0.5890400000
0.7295900000
0.6917100000
0.4200300000
0.6197600000
0.5892500000
0.5242500000
0.2179000000
-0.0678240000
-0.3621900000
-1.0599000000
-0.9796200000
-1.0862000000
-1.1743000000
-1.0716000000
-0.8693300000
-0.6723300000
-0.5478900000
-0.8536900000
-0.8135700000
-0.8718900000
-0.5084900000
-0.4115100000
-0.0370480000
0.5080800000
0.8403800000
1.0324000000
0.8665800000
0.9415900000
0.9125000000
0.9120000000
0.6479800000
0.8854000000
0.8090400000
0.7834200000
0.9152000000
0.8584400000
0.4600200000
0.2395200000
-0.1746400000
-0.5878500000
-0.8504200000
-1.0014000000
-1.0407000000
-0.6929600000
-0.5258400000
-0.6260900000
-0.6778500000
-0.8931900000
-1.1307000000
-1.0313000000
-0.8522600000
-0.5902200000
-0.3815500000
0.2058000000
0.5197200000
0.7718900000
0.5846600000
0.7627600000
0.7019200000
0.5423600000
0.4908400000
0.7748800000
0.7574900000
1.2652000000
1.1265000000
0.9277600000
0.8301600000
0.2408000000
-0.0106480000
-0.2986700000
-0.4145000000
-0.6755200000
-0.7412500000
-0.6316700000
-0.5860600000
-0.4690600000
-0.7096200000
-0.7917600000
-1.0785000000
-1.1106000000
-1.1837000000
-0.7616200000
-0.5989900000
-0.2583300000
-0.0508850000
0.3262000000
0.6368000000
0.6103400000
0.4711800000
0.6065100000
0.7745600000
0.8079000000
0.8698000000
1.0728000000
1.2488000000
1.1368000000
0.9534500000
0.6738600000
0.3061200000
-0.0834840000
-0.2171000000
-0.3705200000
-0.5206500000
-0.3275800000
-0.4023100000
-0.3396100000
-0.5354300000
-0.8476900000
-0.9052900000
-1.2557000000
-1.2109000000
-0.9351300000
-0.8142700000
-0.4503800000
-0.1312500000
0.1304800000
0.2363900000
0.1792000000
0.3015200000
0.2488800000
0.4558500000
0.7443100000
0.8322200000
1.1709000000
1.3838000000
1.2078000000
1.3811000000
1.0057000000
0.5807200000
0.1895500000
-0.0623200000
-0.1676400000
-0.1224400000
-0.2458000000
-0.2115000000
-0.3708700000
-0.7424900000
-0.7340200000
-1.0059000000
-1.1736000000
-1.4158000000
-1.1715000000
-0.8438400000
-0.6254400000
-0.3422900000
-0.0640890000
-0.1883300000
0.1758900000
0.0219710000
0.1891700000
0.2937600000
0.3012400000
0.4952100000
1.0785000000
1.2204000000
1.4180000000
1.3528000000
0.9757800000
0.8426600000
0.4090000000
0.3238100000
0.1037600000
0.0933290000
0.0638310000
0.0336960000
-0.1295500000
-0.2223600000
-0.6545400000
-0.9780100000
-1.1704000000
-1.2338000000
-1.2742000000
-1.2709000000
-0.8243900000
-0.5823800000
-0.2828900000
-0.0063660000
-0.1984600000
-0.1718600000
-0.1185800000
-0.1034700000
0.2630200000
0.5363000000
1.0259000000
1.0640000000
1.2272000000
1.0235000000
1.1384000000
0.7957300000
0.6304500000
0.5194100000
0.5357300000
0.3926500000
0.3418000000
0.4666200000
0.2958300000
-0.2085900000
-0.3715400000
-0.7302000000
-0.8949000000
-1.2113000000
-1.1733000000
-1.0608000000
-0.9492700000
-0.7026000000
-0.6017800000
-0.4621400000
-0.4547100000
-0.4456500000
-0.4682700000
-0.3906200000
0.0503050000
0.3404100000
0.6019300000
0.8669600000
1.1938000000
1.2497000000
0.9724300000
0.9383400000
0.6720000000
0.4990000000
0.6846300000
0.5453500000
0.6617500000
0.6107100000
0.3144400000
0.3216000000
-0.1843200000
-0.6819200000
-0.8886200000
-1.0151000000
-1.2743000000
-1.0559000000
-0.7271800000
-0.6099100000
-0.6391900000
-0.5672400000
-0.6637200000
-0.7450400000
-0.8306200000
-0.7628700000
-0.2389300000
0.1139600000
0.4630600000
0.6836100000
0.7594000000
1.0685000000
1.0223000000
1.0186000000
0.7160500000
0.7472600000
0.8872800000
0.6125800000
0.9524400000
0.7541500000
0.6706200000
0.3966000000
0.0436990000
-0.4846900000
-0.3446500000
-0.5886100000
-0.9122600000
-0.8639200000
-0.7352400000
-0.7557800000
-0.6085400000
-0.7509300000
-0.6916600000
-1.0029000000
-0.8337600000
-0.8652100000
-0.5305500000
-0.2946000000
0.1055200000
0.5071700000
0.7672400000
0.8878400000
0.9595900000
0.8637000000
0.6745000000
0.6969500000
0.7416500000
0.7989000000
1.0027000000
1.1914000000
1.0643000000
0.6437700000
0.1708000000
0.1271800000
-0.2901100000
-0.5240000000
-0.7285500000
-0.6661600000
-0.8013500000
-0.7404800000
-0.7285800000
-0.7957800000
-1.0226000000
-1.1235000000
-1.1134000000
-1.0770000000
-0.7905600000
-0.5559700000
-0.3490900000
0.1661800000
0.4266900000
0.3897100000
0.5421500000
0.5611300000
0.4072000000
0.6323700000
0.7163000000
0.7936900000
1.0256000000
1.1262000000
1.2450000000
0.8315000000
0.4605600000
0.2362700000
-0.1280100000
-0.4611600000
-0.3366400000
-0.4158400000
-0.3009200000
-0.3615200000
-0.7530200000
-0.6063400000
-0.7918100000
-1.0700000000
-1.3808000000
-1.3261000000
-1.0234000000
-0.8559200000
-0.4520800000
-0.1135900000
0.0638770000
0.2383900000
0.3227400000
0.2695300000
0.3823800000
0.4096400000
0.4892100000
1.0300000000
1.1606000000
1.3168000000
1.3233000000
1.0295000000
0.8747100000
0.4425100000
0.2979100000
-0.0172710000
-0.2639200000
-0.2090900000
-0.2810200000
-0.2757900000
-0.6345400000
-0.6678700000
-0.8785900000
-1.1331000000
-1.1611000000
-1.3014000000
-1.2129000000
-0.9035400000
-0.7901300000
-0.4585800000
-0.0003203900
-0.1191300000
0.2279700000
0.1392900000
0.0520230000
0.1576500000
0.3595300000
0.7460700000
1.0883000000
1.2000000000
1.2253000000
1.1683000000
1.0373000000
0.6656800000
0.3541300000
0.1132200000
0.2598200000
0.1308200000
-0.0377830000
-0.0408200000
0.0443420000
-0.2379800000
-0.7793000000
-0.7355400000
-1.3336000000
-1.2633000000
-1.3111000000
-1.0108000000
-0.7264500000
-0.6257600000
-0.3948400000
-0.2504600000
-0.3167900000
-0.2797700000
-0.0313300000
-0.0220350000
0.3521900000
0.6255900000
0.7784500000
1.1142000000
1.2316000000
1.2644000000
0.9861900000
0.9903100000
0.6172400000
0.4174200000
0.2726300000
0.4458800000
0.3887200000
0.2055800000
0.1550600000
0.0097744000
-0.4364300000
-0.9040900000
-0.9841700000
-1.2790000000
-1.3318000000
-1.0809000000
-0.9090100000
-0.7188900000
-0.4778300000
-0.4116900000
-0.3214300000
-0.4676900000
-0.5164700000
-0.2810300000
-0.0038012000
0.3161400000
0.5536500000
0.7337800000
1.3178000000
1.0185000000
1.1274000000
0.9710300000
0.7381000000
0.5923300000
0.6746700000
0.6740200000
0.7297000000
0.6068200000
0.3473800000
0.0359360000
-0.2764200000
-0.5827000000
-0.8520100000
-1.1490000000
-1.2378000000
-0.9640500000
-0.7132900000
-0.5757100000
-0.7660100000
-0.6331500000
-0.7822100000
-0.6924400000
-0.8389400000
-0.5382400000
-0.3505800000
-0.1381700000
0.3765600000
0.6386800000
0.9850600000
1.0106000000
0.9340900000
0.7160300000
0.5732700000
0.6901600000
0.6806000000
0.9063200000
0.9328400000
0.9311000000
0.6357500000
0.4853400000
0.1835000000
-0.3407500000
-0.4737400000
-0.8740000000
-0.9679200000
-0.9381000000
-0.9317800000
-0.6878600000
-0.6861500000
-0.7476600000
-0.9563300000
-0.7712700000
-0.9642200000
-0.9544800000
-0.6641300000
-0.1012200000
0.2000800000
0.4698600000
0.7206200000
1.0152000000
0.9321000000
0.7087100000
0.6934300000
0.7395100000
0.7301800000
0.8113700000
0.9430300000
1.1436000000
1.0493000000
0.7749800000
0.4462500000
0.0177170000
-0.3929900000
-0.6435200000
-0.7772900000
-0.8663500000
-0.7551200000
-0.5502100000
-0.8464100000
-0.6882700000
-0.8841100000
-0.9854300000
-1.0210000000
-1.0918000000
-0.7900700000
-0.4046000000
-0.1789600000
0.2504900000
0.3198500000
0.5945400000
0.5954800000
0.7397900000
0.4870000000
0.6469200000
0.8874400000
0.8346400000
1.2516000000
1.1845000000
1.2321000000
0.9250000000
0.7045400000
0.2741000000
0.0595220000
-0.0889740000
-0.3995600000
-0.3868100000
-0.5959000000
-0.2554700000
-0.6196700000
-0.7168900000
-0.9080400000
-1.1312000000
-1.0900000000
-1.2514000000
-1.0199000000
-0.6569200000
-0.3533300000
0.0111980000
0.1215700000
0.2965100000
0.2528900000
0.3673600000
0.2550700000
0.4687400000
0.5846700000
0.9283700000
0.9568300000
1.2385000000
1.1824000000
1.1599000000
1.0873000000
0.5254200000
0.0763390000
0.0783610000
-0.0568170000
-0.1813200000
-0.2347800000
-0.2523800000
-0.4000100000
-0.6559400000
-0.9062300000
-1.1929000000
-1.4314000000
-1.3862000000
-1.1140000000
-0.8303900000
-0.6979500000
-0.4265700000
-0.2379900000
0.1430200000
-0.0577070000
0.1531100000
0.2343600000
0.2206300000
0.3475700000
0.6571500000
0.9244100000
1.1016000000
1.3854000000
1.1623000000
1.1300000000
0.8324700000
0.4624000000
0.4093200000
0.0033463000
0.0154220000
-0.0430860000
-0.1141100000
-0.1214700000
-0.3285000000
-0.7401500000
-0.9185900000
-1.1695000000
-1.2649000000
-1.2961000000
-1.0944000000
-0.8809200000
-0.5371400000
-0.4645800000
-0.2898400000
-0.1270400000
-0.1713100000
-0.1551800000
-0.0159580000
0.0790520000
0.5894700000
0.8867200000
1.1711000000
1.3079000000
1.2155000000
0.9758500000
0.8885800000
0.5595200000
0.5390800000
0.3792000000
0.4213900000
0.4879200000
0.2866000000
0.0853250000
-0.2111200000
-0.2849000000
-0.9511700000
-0.8753700000
-1.2229000000
-1.1946000000
-1.0671000000
-0.9121100000
-0.5700200000
-0.4549900000
-0.6314700000
-0.3774800000
-0.4415700000
-0.3456700000
-0.3523700000
-0.1301500000
0.2853600000
0.8327600000
1.0279000000
1.2099000000
0.9547100000
1.0660000000
0.8407400000
0.7026800000
0.6061600000
0.5950600000
0.5936400000
0.7872500000
0.6369000000
0.5864500000
0.0769170000
-0.2350000000
-0.6305200000
-1.1138000000
-1.1043000000
-1.0638000000
-0.9878100000
-0.8494000000
-0.8685700000
-0.7971900000
-0.4480000000
-0.8044500000
-0.7784400000
-0.7106900000
-0.5941900000
-0.2161300000
-0.0152420000
0.3314800000
0.7403600000
1.0010000000
0.9260600000
0.8820900000
0.8937700000
0.5956500000
0.8455800000
0.5464500000
0.8252200000
0.9132800000
0.7274500000
0.8206300000
0.4932700000
0.0164050000
-0.4195500000
-0.7942200000
-0.8805800000
-0.9767200000
-1.0315000000
-0.9056000000
-0.8777700000
-0.5456300000
-0.6567000000
-0.8481100000
-0.8195100000
-1.0572000000
-0.6312100000
-0.5632200000
-0.3948900000
0.2459900000
0.2543900000
0.7239300000
0.7948300000
0.8566400000
0.8479500000
0.7692700000
0.6711100000
0.7807700000
0.7449500000
1.1935000000
0.9745600000
0.9530900000
0.5641700000
0.1679600000
0.1272500000
-0.2968700000
-0.5784200000
-0.8184400000
-0.6669400000
-0.6520200000
-0.6039700000
-0.6982700000
-0.5298200000
-0.8875600000
-0.9301300000
-0.9760100000
-0.9701600000
-0.9300500000
-0.5733100000
-0.0670220000
0.0939260000
0.7405000000
0.6675900000
0.5914600000
0.4842800000
0.3934100000
0.5416300000
0.8124100000
0.9548100000
0.9814600000
1.1341000000
1.0402000000
0.7956000000
0.5903700000
0.2612900000
-0.1519800000
-0.4456000000
-0.4426800000
-0.3442200000
-0.4309500000
-0.5198000000
-0.7097800000
-0.6003700000
-0.8891300000
-1.1544000000
-1.2486000000
-1.2566000000
-0.9179000000
-0.9054000000
-0.3552200000
0.1162200000
0.2460300000
0.3282300000
0.2826100000
0.3028700000
0.4624100000
0.4279800000
0.7519400000
0.9249500000
1.1490000000
1.4359000000
1.1826000000
1.0789000000
0.8263500000
0.4926400000
0.2832500000
0.1589500000
-0.2151600000
-0.4056600000
-0.2309600000
-0.2397100000
-0.4406700000
-0.5530600000
-1.0016000000
-1.0286000000
-1.3615000000
-1.4196000000
-1.1659000000
-0.8653800000
-0.4217700000
-0.2373200000
-0.1206800000
-0.0245680000
0.0536850000
0.0242460000
0.1277700000
0.1735300000
0.4929400000
0.7266500000
1.1195000000
1.1983000000
1.2870000000
1.2348000000
0.9408500000
0.7437600000
0.4026300000
0.1669000000
0.0325850000
0.1185800000
0.0447570000
-0.1115500000
0.0085974000
-0.2824900000
-0.7605500000
-1.0788000000
-1.2280000000
-1.2735000000
-1.4597000000
-0.9752100000
-0.7793000000
-0.4251700000
-0.4400300000
-0.3508200000
-0.1670700000
-0.1506300000
-0.2083900000
0.1022500000
0.2470200000
0.6655800000
1.0442000000
1.1885000000
1.2927000000
1.3770000000
1.2262000000
0.9015700000
0.4860400000
0.3986200000
0.4711100000
0.3730000000
0.2826600000
0.2950700000
0.0837440000
-0.0649790000
-0.5342100000
-0.9375600000
-1.0627000000
-1.1304000000
-1.1628000000
-1.0612000000
-0.8177500000
-0.6233500000
-0.6226400000
-0.2932100000
-0.4034200000
-0.4569800000
-0.5099700000
-0.2002800000
-0.0063037000
0.1163900000
0.8558000000
0.8180100000
1.0522000000
1.1781000000
1.0400000000
0.8536500000
0.7255800000
0.5471400000
0.4762700000
0.5020200000
0.6204500000
0.5196400000
0.3661100000
0.2526000000
-0.3264700000
-0.7530600000
-0.8605900000
-1.0703000000
-1.1635000000
-0.8746700000
-0.6891000000
-0.8146400000
-0.6714300000
-0.6041100000
-0.7787400000
-0.6481300000
-0.5936600000
-0.5624800000
-0.2112500000
-0.0069500000
0.4212000000
0.8400000000
0.9820500000
0.9272800000
1.2097000000
0.7179100000
0.9452200000
0.7012000000
0.8178300000
0.7013700000
0.5869000000
0.8756200000
0.4847900000
0.3289200000
0.1422900000
-0.2405900000
-0.9032300000
-0.6575800000
-0.8797400000
-0.9454700000
-0.7191000000
-0.7654000000
-0.6369700000
-0.7569600000
-0.8407800000
-0.9946200000
-0.8848000000
-0.8546400000
-0.6361100000
-0.3009000000
0.1131700000
0.6816100000
0.6039500000
0.7515300000
0.8038200000
0.6568100000
0.8015500000
0.6570400000
0.7394600000
0.8923400000
1.0838000000
0.8621700000
1.0532000000
0.5610000000
0.3515600000
-0.1586400000
-0.3736400000
-0.6785600000
-0.7747600000
-0.7424400000
-0.6059300000
-0.7078700000
-0.5242200000
-0.7307700000
-1.0568000000
-1.2155000000
-1.2792000000
-0.7622900000
-0.8467900000
-0.4912500000
-0.0238550000
0.4155800000
0.4439200000
0.5583000000
0.7898400000
0.6871300000
0.7770300000
0.6832500000
0.8275300000
0.9769800000
1.1022000000
1.2322000000
1.2218000000
0.9671100000
0.6620100000
0.3555100000
-0.1430300000
-0.3284800000
-0.5036600000
-0.5572700000
-0.3964900000
-0.4773300000
-0.5399400000
-0.8260400000
-0.8361200000
-1.0697000000
-1.2298000000
-1.2894000000
-1.0430000000
-0.7805800000
-0.3024200000
-0.0978130000
0.1561800000
0.3747900000
0.4723400000
0.5768300000
0.2995500000
0.5212700000
0.5615000000
0.6955800000
1.0948000000
1.1688000000
1.2193000000
1.1043000000
0.9937200000
0.4046000000
0.1227800000
-0.0467200000
-0.2772900000
-0.3837700000
-0.2552100000
-0.3347700000
-0.5119600000
-0.5633600000
-0.7119800000
-1.1590000000
-1.2472000000
-1.2736000000
-1.2456000000
-1.0504000000
-0.5468800000
-0.4281300000
-0.0337820000
0.0750030000
0.0861740000
0.0775250000
0.2170600000
0.2379100000
0.5084200000
0.8819000000
0.9596400000
1.1869000000
1.2907000000
1.3971000000
0.8256400000
0.7310700000
0.3638900000
0.2538700000
-0.0724130000
0.1637600000
-0.0680620000
-0.0179130000
-0.2371000000
-0.2917400000
-0.6803500000
-1.1343000000
-1.0294000000
-1.2316000000
-1.1728000000
-1.2155000000
-0.7452000000
-0.4791900000
-0.1655300000
-0.1560400000
-0.1391900000
-0.0434920000
-0.0807450000
0.0661140000
0.3920500000
0.5893900000
0.9079500000
1.1298000000
1.4716000000
1.2665000000
0.9468900000
0.8922300000
0.6266900000
0.3094000000
0.2960500000
0.4815400000
0.4445600000
0.4254400000
0.0679350000
0.0034523000
-0.4965300000
-0.8546100000
-1.0661000000
-1.2285000000
-1.0806000000
-1.1606000000
-0.9339800000
-0.6333200000
-0.5368600000
-0.6034500000
-0.4753400000
-0.5391600000
-0.4419900000
-0.1806100000
-0.0331800000
0.5910300000
0.7371800000
1.1001000000
1.2087000000
1.1501000000
0.8766800000
0.8252400000
0.5780600000
0.6267400000
0.4378100000
0.8983300000
0.6465800000
0.3536900000
0.4762100000
0.0511980000
-0.2681300000
-0.5263000000
-0.8444600000
-1.0522000000
-0.9883400000
-1.1429000000
-0.9510000000
-0.6996800000
-0.7544300000
-0.7988700000
-0.7216500000
-0.6539100000
-0.6867000000
-0.6385600000
-0.5095500000
0.0699280000
0.4385500000
0.7039700000
0.9878400000
1.0987000000
1.0803000000
1.0858000000
0.7238000000
0.5326700000
0.6396700000
0.8785700000
0.8100200000
0.5108300000
0.6543200000
0.3990500000
-0.0186380000
-0.2806300000
-0.7208400000
-0.8746500000
-1.0206000000
-1.1093000000
-0.9318400000
-0.6372900000
-0.9055500000
-0.8250700000
-0.8410000000
-0.8462300000
-0.7936100000
-0.6961800000
-0.4876600000
-0.2502400000
0.3065000000
0.4884600000
0.8016300000
0.9426900000
0.8904400000
0.6359200000
0.9365800000
0.6127100000
0.7668100000
0.9683300000
1.0252000000
1.1159000000
0.9768200000
0.8673100000
0.1069000000
-0.1925300000
-0.5108300000
-0.6433900000
-0.9390400000
-1.0232000000
-0.4515300000
-0.6190100000
-0.6349000000
-0.8616600000
-0.8593100000
-0.9753300000
-1.1932000000
-0.9959700000
-0.7201700000
-0.5827800000
0.1857200000
0.1771600000
0.4991700000
0.5727900000
0.5668900000
0.7325000000
0.4210500000
0.6594000000
0.7111100000
0.8659000000
1.0313000000
0.8712000000
1.0866000000
0.9363600000
0.6437600000
0.1797900000
-0.0938150000
-0.3098400000
-0.5408500000
-0.6575900000
-0.3691800000
-0.4893600000
-0.5731400000
-0.6165200000
-0.9397600000
-1.1767000000
-1.1791000000
-1.1283000000
-1.1633000000
-0.6279500000
-0.2593800000
0.0199230000
0.1670600000
0.3759900000
0.4465900000
0.3531200000
0.5163900000
0.5042000000
0.7344300000
0.8372100000
1.1547000000
1.0905000000
1.3440000000
0.9302900000
0.9478300000
0.4789900000
0.1486400000
-0.0526830000
-0.2765000000
-0.3315000000
-0.2536200000
-0.3199900000
-0.6644900000
-0.5350700000
-0.8703300000
-1.2728000000
-1.3331000000
-1.3526000000
-1.0745000000
-0.9112500000
-0.4182400000
-0.3020800000
-0.0446490000
-0.1017400000
0.0679000000
0.1612300000
0.1415400000
0.1631400000
0.4730300000
0.6054600000
1.1620000000
1.0129000000
1.2921000000
1.0627000000
0.8500000000
0.5211200000
0.3492900000
-0.0805910000
0.0530890000
0.0343600000
0.1520600000
0.0236940000
-0.1488800000
-0.5263600000
-0.4475100000
-0.9846600000
-1.1820000000
-1.1433000000
-1.1647000000
-0.9868800000
-0.6709100000
-0.3771100000
-0.5532400000
-0.1759700000
-0.2871100000
-0.2820400000
-0.0727160000
0.0660700000
0.3360900000
0.4790400000
0.8332200000
1.1841000000
1.2231000000
1.2214000000
1.0826000000
0.7925900000
0.6569200000
0.3479900000
0.2098700000
0.2305500000
0.2774300000
0.2542000000
0.1618100000
-0.0913330000
-0.5750200000
-0.8828600000
-1.0349000000
-1.2971000000
-1.1034000000
-1.2033000000
-0.7852000000
-0.5115800000
-0.3989300000
-0.6128200000
-0.3562200000
-0.3316000000
-0.2654000000
-0.0233400000
-0.0611610000
0.3352400000
0.7051600000
1.0354000000
1.2806000000
1.1487000000
1.1232000000
0.8714700000
0.7504100000
0.7593900000
0.4796100000
0.4882500000
0.5750900000
0.4927500000
0.4621300000
0.1092100000
-0.3156400000
-0.7140200000
-0.9937700000
-1.2006000000
-1.0902000000
-1.0719000000
-0.8705100000
-0.8444800000
-0.6098600000
-0.7173700000
-0.6112900000
-0.5653400000
-0.5845700000
-0.4719200000
-0.1052100000
-0.0973290000
0.7187500000
0.8459800000
1.1585000000
1.2465000000
1.0122000000
0.9086100000
0.8200600000
0.6714800000
0.6621300000
0.8626400000
0.9164800000
0.6571400000
0.7752800000
0.5125100000
0.2684900000
-0.3443100000
-0.5559400000
-0.9367300000
-1.0509000000
-1.0670000000
-0.7985000000
-0.5986100000
-0.8444900000
-0.7731700000
-0.7706900000
-0.8693000000
-0.9068000000
-0.6609600000
-0.3237700000
-0.0774730000
0.1111300000
0.6076700000
0.8245300000
0.8884900000
0.6967200000
0.7468200000
0.7162100000
0.6041500000
0.8346000000
0.8243200000
1.0765000000
1.0496000000
0.9500500000
0.5048400000
0.2895400000
-0.2352500000
-0.3351800000
-0.6603700000
-0.7916700000
-0.8357000000
-0.7911100000
-0.5571200000
-0.7185600000
-0.7304500000
-0.9275900000
-1.1559000000
-0.9160900000
-0.9600900000
-0.8978000000
-0.4593800000
-0.1654000000
0.3255700000
0.4949400000
0.5784900000
0.5730600000
0.6261800000
0.4739500000
0.5069000000
0.7924500000
0.9475800000
1.1850000000
1.0632000000
1.1757000000
0.9472200000
0.5134100000
0.2391300000
-0.1313900000
-0.3609400000
-0.5835800000
-0.4994900000
-0.4543100000
-0.6240200000
-0.6218300000
-0.5507500000
-0.9547200000
-1.0420000000
-1.2050000000
-1.2361000000
-1.1145000000
-0.6077900000
-0.3695300000
-0.0537580000
0.2109100000
0.3633800000
0.3498300000
0.2507900000
0.3178700000
0.4349500000
0.6958800000
0.8991600000
1.0186000000
1.1489000000
1.4323000000
0.8293700000
0.9184800000
0.5121900000
0.2122400000
-0.3095300000
-0.0482890000
-0.2976200000
-0.3126600000
-0.1915400000
-0.2755200000
-0.7915000000
-0.8108900000
-1.1011000000
-1.3722000000
-1.3784000000
-1.0432000000
-1.2027000000
-0.7412100000
-0.3725200000
0.1595500000
-0.0131150000
0.0555980000
0.0645220000
0.2027900000
0.2541600000
0.5376000000
0.7888700000
1.0928000000
1.2712000000
1.1124000000
1.2047000000
1.1196000000
0.8383400000
0.2106500000
0.3718500000
0.0983860000
0.0817960000
-0.0133580000
0.0032315000
-0.2320600000
-0.4840700000
-0.6991300000
-1.0803000000
-1.1770000000
-1.2574000000
-1.2458000000
-0.9639400000
-0.8598800000
-0.4680100000
-0.3017500000
-0.0118530000
-0.1262500000
0.0279260000
0.0917650000
0.1172300000
0.4415500000
0.4781300000
0.9031000000
1.2301000000
1.1368000000
1.5353000000
1.0529000000
0.7458400000
0.5753100000
0.4763800000
0.3164100000
0.3205100000
0.2944100000
0.1365700000
-0.0081234000
-0.1784800000
-0.4810900000
-0.8882500000
-1.1606000000
-1.3281000000
-1.1226000000
-1.0976000000
-0.7857100000
-0.7333700000
-0.3378400000
-0.4572300000
-0.4536900000
-0.5890300000
-0.4164300000
-0.2151600000
0.3136200000
0.3382900000
0.6259200000
1.1033000000
1.3384000000
1.1293000000
0.9243300000
0.9706600000
0.6703800000
0.6081500000
0.5615300000
0.5769300000
0.5857500000
0.3603800000
0.5877900000
-0.2571700000
-0.1328100000
-0.5056100000
-1.0592000000
-0.9050300000
-1.1600000000
-1.1675000000
-0.8219500000
-0.5884200000
-0.6815800000
-0.6026800000
-0.6090300000
-0.6242000000
-0.7174700000
-0.5592100000
-0.1496500000
0.1468500000
0.5623000000
0.8229700000
1.1948000000
1.0893000000
0.9404300000
0.7384400000
0.8467200000
0.6955200000
0.5598000000
0.6569600000
0.7457300000
0.7418300000
0.4776200000
0.1541900000
0.2397500000
-0.5507900000
-0.4302000000
-0.9155800000
-0.9030200000
-0.8702400000
-0.9254100000
-0.7084800000
-0.7438800000
-0.6208100000
-0.9084300000
-1.0022000000
-0.9951700000
-0.8266200000
-0.3898400000
-0.1274800000
0.1708400000
0.5462500000
0.7520000000
0.7531900000
1.0971000000
0.6797700000
0.7844500000
0.7486700000
0.7882400000
0.7672700000
0.9901300000
1.0204000000
0.8656900000
0.4544200000
0.2542900000
-0.0991360000
-0.5481900000
-0.7248900000
-0.8010100000
-0.7609100000
-0.6642300000
-0.8037000000
-0.6885500000
-0.7433300000
-0.7743500000
-0.9410600000
-1.0563000000
-0.9212900000
-0.9050600000
-0.3113900000
-0.1291800000
0.2456100000
0.4344200000
0.8376800000
0.6015300000
0.5930600000
0.5436700000
0.5396600000
0.7913200000
1.1179000000
1.0194000000
1.0211000000
1.0588000000
0.8400000000
0.6080800000
0.1929800000
-0.2913900000
-0.3066400000
-0.5748300000
-0.5063500000
-0.5803800000
-0.4856300000
-0.5554400000
-0.6745400000
-1.0362000000
-0.9434000000
-1.1518000000
-1.1136000000
-0.7591600000
-0.7377400000
-0.4202900000
0.0467910000
0.4472600000
0.4478100000
0.3771200000
0.4651500000
0.3737700000
0.3464900000
0.7516200000
0.9009000000
1.1004000000
1.2270000000
1.1989000000
0.9679800000
0.8440000000
0.4976800000
0.1626500000
0.0256350000
-0.2677100000
-0.2335300000
-0.2491700000
-0.4414200000
-0.4123400000
-0.7420700000
-0.7036600000
-1.1232000000
-1.2373000000
-1.1571000000
-1.0918000000
-0.7188400000
-0.5432100000
-0.2123900000
-0.0373270000
0.0580270000
0.2579700000
0.2764300000
0.1107100000
0.4001200000
0.4070100000
0.6714000000
1.0853000000
1.0297000000
1.3272000000
1.1959000000
0.9514300000
0.7730300000
0.4288800000
0.1822200000
0.0251930000
-0.1726600000
-0.1435300000
-0.1608200000
-0.1675100000
-0.2881300000
-0.6933700000
-0.8592400000
-1.3076000000
-1.2929000000
-1.2711000000
-0.9308500000
-0.7281700000
-0.3990300000
-0.2327300000
-0.0581460000
-0.1137500000
-0.0362770000
-0.1033400000
0.1326300000
0.3936300000
0.6327600000
0.8928800000
1.2227000000
1.1465000000
1.0191000000
1.0973000000
0.9142500000
0.5783000000
0.3597300000
0.4102600000
0.2187300000
0.3539500000
0.1378700000
0.0463080000
-0.3385000000
-0.4429900000
-0.7743100000
-1.3513000000
-1.0365000000
-1.1854000000
-1.0839000000
-0.7885500000
-0.5742900000
-0.5546200000
-0.5904800000
-0.4785200000
-0.5667300000
-0.3779700000
-0.3081700000
0.0603600000
0.4964900000
0.7122500000
1.1668000000
1.1441000000
1.1100000000
1.1051000000
0.9453600000
0.6935400000
0.4621900000
0.4502000000
0.4679000000
0.4505800000
0.2705100000
0.3897000000
0.0634880000
-0.3185100000
-0.6939800000
-0.9312500000
-1.1196000000
-1.0633000000
-1.0518000000
-0.6928100000
-0.6558000000
-0.4792500000
-0.5138000000
-0.6556600000
-0.6132500000
-0.6399000000
-0.5664000000
-0.3070800000
0.2180200000
0.4674500000
0.8920200000
0.9242200000
1.0031000000
1.0540000000
0.9043700000
0.8245100000
0.6921900000
0.5633200000
0.6921800000
0.9592600000
0.5561500000
0.8062200000
0.3779500000
0.0907720000
-0.3063300000
-0.7175400000
-0.9031100000
-0.8225700000
-1.0079000000
-0.9316500000
-0.9205200000
-0.7029100000
-0.8444800000
-0.7893400000
-1.0338000000
-0.9578300000
-1.0711000000
-0.3380700000
-0.1359500000
0.2877800000
0.5173600000
0.7352800000
1.0620000000
0.7409200000
0.8470500000
0.8452900000
0.7624500000
0.7833200000
0.9155100000
0.9488400000
1.1395000000
1.0278000000
0.7055500000
0.3270000000
-0.2060600000
-0.3923400000
-0.6912600000
-0.7667500000
-0.7008900000
-0.8207700000
-0.7478600000
-0.6897200000
-0.7557900000
-0.9048600000
-1.0613000000
-1.0970000000
-1.0997000000
-0.9719600000
-0.3797600000
-0.1460300000
0.4211400000
0.4294000000
0.5546300000
0.6360500000
0.5753800000
0.6208100000
0.7035900000
0.6651000000
1.0452000000
1.0975000000
1.1215000000
0.9559900000
0.9519200000
0.5832300000
-0.0597600000
-0.2305200000
-0.2787900000
-0.5624200000
-0.6123700000
-0.5341400000
-0.5195300000
-0.7504400000
-0.7408000000
-0.9622300000
-1.1453000000
-1.3376000000
-1.1098000000
-0.8389400000
-0.5876500000
-0.3069900000
0.1394100000
0.2415900000
0.3547900000
0.3919900000
0.3108700000
0.4369100000
0.4318500000
0.5618500000
0.9491000000
0.8787400000
1.1013000000
1.3557000000
0.9308100000
0.7428400000
0.4354600000
0.1273800000
-0.1407400000
-0.3554900000
-0.2961900000
-0.4883100000
-0.2948600000
-0.3848900000
-0.5229800000
-0.8771000000
-1.1782000000
-1.3543000000
-1.3237000000
-1.0976000000
-0.9429700000
-0.5689100000
-0.1468900000
0.0021165000
0.0976690000
0.1702200000
0.2514900000
0.2467900000
0.3583900000
0.5279400000
0.5798900000
1.1319000000
1.2996000000
1.2505000000
1.3497000000
0.8811300000
0.6276300000
0.4550000000
0.1568700000
0.1143000000
-0.0264440000
-0.1385200000
-0.0376140000
-0.2968300000
-0.3793700000
-0.6158200000
-1.0663000000
-1.2471000000
-1.2962000000
-1.1563000000
-0.9313200000
-0.7859600000
-0.3330400000
-0.1764400000
-0.1498100000
-0.2062400000
-0.1538900000
-0.0099980000
-0.0064990000
0.3941400000
0.4623000000
0.9791300000
1.0813000000
1.3349000000
1.1478000000
1.1416000000
0.8570600000
0.6505200000
0.4193000000
0.2483300000
0.3441600000
0.0935040000
0.2579400000
0.0376910000
-0.2172700000
-0.5416800000
-0.8118900000
-1.1532000000
-1.1249000000
-1.1485000000
-0.9685700000
-1.0028000000
-0.5160800000
-0.5442800000
-0.3803300000
-0.4564700000
-0.3645500000
-0.2735100000
-0.2066000000
0.1041000000
0.5395900000
0.7376000000
1.0624000000
1.1420000000
1.3215000000
0.9383000000
0.7961100000
0.8214400000
0.5236900000
0.3384400000
0.4139800000
0.6749700000
0.3489700000
0.1364700000
0.2401500000
-0.3094700000
-0.6411500000
-1.0325000000
-1.2118000000
-1.2620000000
-0.9422900000
-0.8219700000
-0.9761700000
-0.8012200000
-0.7672400000
-0.6248100000
-0.5443600000
-0.4948200000
-0.4597100000
-0.1833800000
0.0995470000
0.6265600000
0.9348800000
0.8309300000
1.1267000000
1.1193000000
0.8788300000
0.6454100000
0.7339200000
0.4563500000
0.8203300000
0.8538900000
0.6612000000
0.6010400000
0.2811600000
-0.0422130000
-0.2631900000
-0.7119900000
-1.0036000000
-1.0512000000
-0.9826500000
-0.7448800000
-0.8775100000
-0.7670900000
-0.6732700000
-0.9522200000
-0.8593100000
-0.8956800000
-0.7279600000
-0.5218400000
-0.1359100000
0.2137300000
0.8059600000
0.8439600000
1.0140000000
0.7983200000
0.7958200000
0.7527600000
0.8042200000
0.7979700000
0.9827100000
0.9718900000
0.8523000000
0.8444500000
0.7029400000
0.3082300000
-0.1704900000
-0.6332800000
-0.6201000000
-0.8940600000
-0.6907200000
-0.7652700000
-0.6649900000
-0.8019800000
-0.8650200000
-0.8732000000
-1.1243000000
-0.8665400000
-0.9346500000
-0.4827600000
-0.4312100000
0.1742600000
0.1755300000
0.5700300000
0.6296100000
0.7942700000
0.7145800000
0.7270900000
0.6080200000
0.7791200000
0.8212700000
1.0766000000
1.0042000000
1.2504000000
0.8397700000
0.6712000000
0.1284600000
-0.4353000000
-0.3472900000
-0.5411100000
-0.7195000000
-0.5909900000
-0.5475300000
-0.7355000000
-0.7705400000
-0.8961400000
-1.0972000000
-1.1428000000
-1.1729000000
-1.1222000000
-0.7243800000
-0.1808300000
-0.0966190000
0.2409600000
0.4851800000
0.3824900000
0.4559000000
0.4202400000
0.5240600000
0.6700300000
0.9552100000
1.1298000000
1.2616000000
1.1923000000
1.0119000000
0.5687200000
0.1756700000
0.1666100000
-0.1214600000
-0.1922100000
-0.2061700000
-0.4336000000
-0.3085700000
-0.4778700000
-0.5013100000
-1.0676000000
-1.1314000000
-1.2469000000
-1.0519000000
-1.1518000000
-0.8990400000
-0.5645500000
-0.1900700000
0.0503530000
0.1511200000
0.3575400000
0.1639200000
-0.0084937000
0.3140000000
0.6624800000
0.7623300000
1.0378000000
1.2591000000
1.5016000000
0.9655500000
0.8280700000
0.6887200000
0.4646900000
0.0687450000
0.1045300000
-0.1706300000
-0.0262980000
-0.1865800000
-0.2213800000
-0.4800200000
-0.7946700000
-1.0128000000
-1.1904000000
-1.1662000000
-1.4224000000
-1.0310000000
-0.6198000000
-0.4806700000
-0.1266900000
0.0115800000
-0.2481500000
0.0796440000
-0.0555560000
-0.0022641000
0.2744100000
0.8253000000
0.9012500000
1.4213000000
1.3645000000
1.1746000000
1.0737000000
0.6834800000
0.4778300000
0.2638000000
0.3794700000
0.2247800000
0.2616000000
0.1838700000
-0.0485790000
-0.2264700000
-0.5182700000
-0.9473800000
-1.2728000000
-1.4444000000
-1.2364000000
-1.1050000000
-0.7207600000
-0.6942500000
-0.3257300000
-0.3434000000
-0.4819000000
-0.4335100000
-0.2970700000
-0.2706900000
0.2161100000
0.4844300000
0.6504500000
1.0584000000
1.3242000000
1.4669000000
1.1342000000
0.9279100000
0.7603500000
0.4334500000
0.6359900000
0.4302300000
0.3213200000
0.5431900000
0.1782100000
0.1422600000
-0.3321600000
-0.7611700000
-1.1030000000
-1.1950000000
-1.2553000000
-1.1710000000
-0.8701900000
-0.7173200000
-0.6428200000
-0.6108300000
-0.6920000000
-0.4900600000
-0.6191000000
-0.4479900000
-0.2563300000
0.0850620000
0.5417200000
0.6559600000
0.9865900000
1.0349000000
1.1727000000
0.9450400000
0.8539900000
0.6620100000
0.5492400000
0.6916800000
0.7697400000
0.6506700000
0.6065600000
0.2795600000
0.0138900000
-0.5244700000
-0.6849100000
-0.8775100000
-1.0147000000
-0.9694700000
-0.8715300000
-0.6180500000
-0.8390500000
-0.9270500000
-0.8935500000
-0.8281600000
-0.9108600000
-0.7498400000
-0.5521000000
-0.2280900000
0.2384700000
0.7579700000
0.8137200000
0.9343600000
0.8078300000
0.8578300000
0.8341000000
0.6756400000
0.6041300000
0.8133500000
0.8641500000
0.8134700000
0.8552300000
0.6955100000
0.2821300000
-0.0533330000
-0.4675400000
-0.8461400000
-0.8067400000
-0.7660100000
-0.7145900000
-0.5987100000
-0.6340800000
-0.8401200000
-0.9405600000
-1.0755000000
-0.9396500000
-0.9457300000
-0.6806700000
-0.2448400000
-0.0763110000
0.3392900000
0.5882900000
0.8196400000
0.5557000000
0.7064200000
0.4926500000
0.7039500000
0.6841600000
0.9100800000
1.0103000000
1.2841000000
1.0992000000
1.0234000000
0.5693400000
0.0430890000
-0.2434600000
-0.4232000000
-0.5555700000
-0.6088200000
-0.5592200000
-0.4869300000
-0.6220200000
-0.6310800000
-0.8003600000
-1.1501000000
-1.1292000000
-1.3095000000
-0.7656400000
-0.5193100000
-0.2124800000
-0.0081541000
0.0823930000
0.3073700000
0.5576400000
0.5211900000
0.4925900000
0.2953300000
0.8166600000
0.9873500000
1.2911000000
1.2013000000
1.2464000000
0.9777300000
0.7763900000
0.3407700000
0.2927100000
0.0293940000
-0.1588900000
-0.3773500000
-0.3207300000
-0.2332100000
-0.3420300000
-0.8374500000
-0.8805400000
-1.0809000000
-1.3117000000
-1.3030000000
-1.1205000000
-0.7888600000
-0.4264300000
-0.2684700000
0.0446920000
0.2978300000
0.2712200000
0.1264100000
0.1233300000
0.4718400000
0.5700700000
0.8214200000
1.0575000000
1.3453000000
1.4605000000
1.2520000000
1.1337000000
0.6211000000
0.3199900000
0.0394880000
0.0530840000
0.0456040000
-0.0738590000
-0.1773700000
-0.2834200000
-0.5921800000
-0.6096200000
-1.0817000000
-1.2870000000
-1.5534000000
-1.4304000000
-0.9942100000
-0.7140500000
-0.4425600000
-0.0787840000
-0.1582400000
-0.1122800000
-0.1350000000
-0.0035198000
0.0204610000
0.2517600000
0.7892300000
0.9636700000
1.1473000000
1.3008000000
1.3289000000
0.9365100000
0.7702800000
0.5290800000
0.2722700000
0.2650100000
0.3426600000
0.3557500000
0.2097600000
0.0434860000
-0.3176400000
-0.3557100000
-0.8324300000
-1.1996000000
-1.4589000000
-1.3881000000
-0.9848900000
-0.9659700000
-0.6096600000
-0.5981700000
-0.3974700000
-0.3470700000
-0.2319100000
-0.3075900000
-0.1932100000
0.0144650000
0.5950700000
0.8257800000
0.9720000000
1.0954000000
1.2481000000
1.1371000000
0.8379700000
0.6484900000
0.5992300000
0.5496600000
0.3309800000
0.5190500000
0.5187900000
0.1807900000
0.0421420000
-0.4532700000
-0.6868000000
-0.9023200000
-1.2299000000
-1.1861000000
-1.0050000000
-0.9250000000
-0.5797400000
-0.6303700000
-0.4589200000
-0.5263800000
-0.6894900000
-0.5176300000
-0.4285900000
-0.0934670000
0.1097000000
0.4941900000
0.7453400000
1.0411000000
1.1125000000
1.0134000000
0.8167400000
0.7676700000
0.5218200000
0.8447000000
0.8095600000
0.6655200000
0.7138200000
0.5724800000
0.3076300000
-0.0978900000
-0.4879600000
-0.7176800000
-1.0721000000
-1.0223000000
-0.8838200000
-1.0232000000
-0.7369800000
-0.8369600000
-0.7887300000
-0.9865200000
-0.9063000000
-0.7648600000
-0.6139600000
-0.5402500000
-0.2277800000
0.0792810000
0.5863800000
0.9804700000
0.8254200000
0.9991600000
0.7112100000
0.7701300000
0.9426800000
0.8771900000
0.8229700000
0.7980400000
0.8786500000
0.9951000000
0.6029700000
0.2158300000
-0.3420400000
-0.6348200000
-0.6835700000
-0.8463900000
-0.9571000000
-0.7765000000
-0.6770000000
-0.8356400000
-0.7313100000
-0.8814600000
-0.8533300000
-1.0819000000
-0.8015900000
-0.7811000000
-0.4525500000
-0.0788200000
0.4168200000
0.7496600000
0.8745000000
0.8183800000
0.6831300000
0.5485100000
0.5957300000
0.5509300000
0.8393300000
1.1737000000
1.1822000000
1.0097000000
0.8542300000
0.4835500000
0.1030400000
-0.1219800000
-0.5104700000
-0.5029300000
-0.5669000000
-0.5200900000
-0.6310100000
-0.5975200000
-0.7406500000
-0.8285500000
-1.0809000000
-1.3744000000
-1.1506000000
-0.9622300000
-0.6750100000
-0.3009800000
0.0420290000
0.1819500000
0.5866500000
0.3734000000
0.4143200000
0.4900900000
0.5024500000
0.7784200000
0.9790600000
0.9789200000
1.1077000000
1.1857000000
1.0368000000
0.8536500000
0.4719000000
0.0495680000
-0.1053200000
-0.1496000000
-0.2902100000
-0.4060700000
-0.2172300000
-0.4250300000
-0.7480500000
-0.7358900000
-1.0977000000
-1.1471000000
-1.4228000000
-0.9228000000
-0.8139400000
-0.6150900000
-0.0486860000
0.0985760000
0.1369700000
0.2791600000
0.2044700000
0.2423500000
0.4515900000
0.5483600000
0.8923400000
1.0481000000
1.3641000000
1.4522000000
1.0271000000
0.9695100000
0.5670800000
0.2011000000
0.0192400000
0.0566650000
0.0163670000
0.1507700000
-0.2236200000
-0.1589300000
-0.5664900000
-0.9535200000
-1.0000000000
-1.1924000000
-1.1401000000
-1.0476000000
-0.9277700000
-0.6102900000
-0.5226100000
-0.2454000000
-0.1397400000
-0.1271400000
0.0044354000
0.0815210000
0.3602400000
0.4094800000
0.6511100000
1.1973000000
1.2584000000
1.1476000000
1.2282000000
1.0562000000
0.8005800000
0.5347000000
0.3834900000
0.1244800000
0.1025200000
0.2017200000
0.0353110000
0.0390880000
-0.2575800000
-0.3734100000
-0.9580000000
-1.2398000000
-1.2224000000
-1.2172000000
-1.0552000000
-0.7107900000
-0.4684800000
-0.4913000000
-0.4710500000
-0.4111700000
-0.5038000000
-0.2877000000
0.0314210000
0.0437580000
0.4718900000
0.6262700000
1.0870000000
