1.6282000000
2.3960000000
1.6281000000
2.3961000000
1.6281000000
2.3961000000
1.6281000000
2.3961000000
1.6281000000
2.3961000000
1.6281000000
2.3961000000
1.6281000000
2.3961000000
1.6281000000
2.3961000000
1.6281000000
2.3961000000
0.4699000000
1.0867000000
2.1243000000
2.0417000000
2.1388000000
2.0232000000
2.1586000000
1.9972000000
2.1851000000
1.9612000000
2.2194000000
1.9127000000
2.2611000000
1.8505000000
2.3067000000
1.7789000000
2.3482000000
1.7105000000
2.3766000000
1.6621000000
2.3900000000
1.6387000000
2.3945000000
1.6309000000
2.3957000000
1.6288000000
2.3960000000
1.6282000000
2.3960000000
1.6281000000
2.3961000000
1.6281000000
2.3961000000
1.6281000000
2.3961000000
1.6281000000
2.3961000000
1.6281000000
2.3961000000
1.6281000000
2.3961000000
1.6281000000
2.3961000000
1.6281000000
2.4785000000
1.4774000000
2.3895000000
1.6395000000
2.3943000000
1.6311000000
2.3956000000
1.6288000000
2.3960000000
1.6282000000
2.3960000000
1.6281000000
2.3961000000
1.6281000000
2.3961000000
1.6281000000
2.3961000000
1.6281000000
2.3961000000
1.6281000000
2.3961000000
1.6281000000
2.3961000000
1.6281000000
2.3961000000
1.6281000000
2.3961000000
1.6281000000
2.3961000000
1.6281000000
2.3961000000
1.6281000000
2.3961000000
1.6281000000
2.3961000000
1.6281000000
2.3961000000
1.6281000000
2.3961000000
1.6281000000
2.3961000000
1.6281000000
2.3961000000
1.6281000000
2.3961000000
1.6281000000
2.3961000000
1.6281000000
2.3961000000
1.6281000000
2.3961000000
1.6281000000
2.3961000000
1.6281000000
2.3961000000
1.6281000000
2.3961000000
1.6281000000
2.3961000000
1.6281000000
2.3961000000
1.6281000000
2.3961000000
1.6281000000
2.3961000000
1.6281000000
2.3961000000
1.6281000000
2.3961000000
1.6281000000
2.3961000000
1.6281000000
2.3961000000
1.6281000000
2.3961000000
1.6281000000
2.3961000000
1.6281000000
2.3961000000
1.6281000000
2.3961000000
1.6281000000
2.3961000000
1.6281000000
2.3961000000
1.6281000000
2.3961000000
1.6281000000
2.3961000000
1.6281000000
2.3961000000
1.6281000000
2.3961000000
1.6281000000
2.3961000000
1.6281000000
2.3961000000
1.6281000000
2.3961000000
1.6281000000
2.3961000000
1.6281000000
2.3961000000
1.6281000000
2.3961000000
1.6281000000
2.3961000000
1.6281000000
2.3961000000
1.6281000000
2.3961000000
1.6281000000
2.3961000000
1.6281000000
2.3961000000
1.6281000000
2.3961000000
1.6281000000
2.3961000000
1.6281000000
2.3961000000
1.6281000000
2.3961000000
1.6281000000
2.3961000000
1.6281000000
2.3961000000
1.6281000000
2.3961000000
1.6281000000
2.3961000000
1.6281000000
2.3961000000
1.6281000000
2.3961000000
1.6281000000
2.3961000000
1.6281000000
2.3961000000
1.6281000000
2.3961000000
1.6281000000
2.3961000000
1.6281000000
2.3961000000
1.6281000000
2.3961000000
1.6281000000
2.3961000000
1.6281000000
2.3961000000
1.6281000000
2.3961000000
1.6281000000
2.3961000000
1.6281000000
2.3961000000
1.6281000000
2.3961000000
1.6281000000
2.3961000000
1.6281000000
2.3961000000
1.6281000000
2.3961000000
1.6281000000
2.3961000000
1.6281000000
2.3961000000
1.6281000000
2.3961000000
1.6281000000
2.3961000000
1.6281000000
2.3961000000
1.6281000000
2.3961000000
1.6281000000
2.3961000000
1.6281000000
2.3961000000
1.6281000000
2.3961000000
1.6281000000
2.3961000000
1.6281000000
2.3961000000
1.6281000000
2.3961000000
1.6281000000
2.3961000000
1.6281000000
2.3961000000
1.6281000000
2.3961000000
1.6281000000
2.3961000000
1.6281000000
2.3961000000
1.6281000000
2.3961000000
1.6281000000
2.3961000000
1.6281000000
2.3961000000
1.6281000000
2.3961000000
1.6281000000
2.3961000000
1.6281000000
2.3961000000
1.6281000000
2.3961000000
1.6281000000
2.3961000000
1.6281000000
2.3961000000
1.6281000000
2.3961000000
1.6281000000
2.3961000000
1.6281000000
2.3961000000
1.6281000000
2.3961000000
1.6281000000
2.3961000000
1.6281000000
2.3961000000
1.6281000000
2.3961000000
1.6281000000
2.3961000000
1.6281000000
2.3961000000
1.6281000000
2.3961000000
1.6281000000
2.3961000000
1.6281000000
2.3961000000
1.6281000000
2.3961000000
1.6281000000
2.3961000000
1.6281000000
2.3961000000
1.6281000000
2.3961000000
1.6281000000
2.3961000000
1.6281000000
2.3961000000
1.6281000000
2.3961000000
1.6281000000
2.3961000000
1.6281000000
2.3961000000
1.6281000000
2.3961000000
1.6281000000
2.3961000000
1.6281000000
2.3961000000
1.6281000000
2.3961000000
1.6281000000
2.3961000000
1.6281000000
2.3961000000
1.6281000000
2.3961000000
1.6281000000
2.3961000000
1.6281000000
2.3961000000
1.6281000000
2.3961000000
1.6281000000
2.3961000000
1.6281000000
2.3961000000
1.6281000000
2.3961000000
1.6281000000
2.3961000000
1.6281000000
2.3961000000
1.6281000000
2.3961000000
1.6281000000
2.3961000000
1.6281000000
2.3961000000
1.6281000000
2.3961000000
1.6281000000
2.3961000000
1.6281000000
2.3961000000
1.6281000000
2.3961000000
3.5972000000
-1.0561000000
-2.0890000000
-2.0849000000
-2.0898000000
-2.0840000000
-2.0909000000
-2.0827000000
-2.0924000000
-2.0809000000
-2.0945000000
-2.0783000000
-2.0975000000
-2.0748000000
-2.1016000000
-2.0698000000
-2.1074000000
-2.0627000000
-2.1155000000
-2.0527000000
-2.1266000000
-2.0387000000
-2.1420000000
-2.0189000000
-2.1630000000
-1.9913000000
-2.1909000000
-1.9531000000
-2.2267000000
-1.9020000000
-2.2696000000
-1.8375000000
-2.3151000000
-1.7653000000
-2.3548000000
-1.6995000000
-2.3801000000
-1.6559000000
-2.3913000000
-1.6364000000
-2.3948000000
-1.6302000000
-2.3958000000
-1.6286000000
-2.3960000000
-1.6282000000
-2.3960000000
-1.6281000000
-2.3961000000
-1.6281000000
-2.3961000000
-1.6281000000
-2.3961000000
-1.6281000000
-2.3961000000
-1.6281000000
-2.3961000000
-1.6281000000
-2.3961000000
-1.6281000000
-2.3961000000
-1.6281000000
-2.3961000000
-1.6281000000
-2.3961000000
-1.6281000000
-2.3961000000
-1.6281000000
-2.3961000000
-1.6281000000
-2.3961000000
-1.6281000000
-2.3961000000
-1.6281000000
-2.3961000000
-1.6281000000
-2.3961000000
-1.6281000000
-2.3961000000
-1.6281000000
-2.3961000000
-1.6281000000
-2.3961000000
-1.6281000000
-2.3961000000
-1.6281000000
-2.3961000000
-1.6281000000
-2.3961000000
-1.6281000000
-2.3961000000
-1.6281000000
-2.3961000000
-1.6281000000
-2.3961000000
-1.6281000000
-2.3961000000
-1.6281000000
-2.3961000000
-1.6281000000
-2.3961000000
-1.6281000000
-2.3961000000
-1.6281000000
-2.3961000000
-1.6281000000
-2.3961000000
-1.6281000000
-2.3961000000
-1.6281000000
-2.3961000000
-1.6281000000
-2.3961000000
-1.6281000000
-2.3961000000
-1.6281000000
-2.3961000000
-1.6281000000
-2.3961000000
-1.6281000000
-2.3961000000
-1.6281000000
-2.3961000000
-1.6281000000
-2.3961000000
-1.6281000000
-2.3961000000
-1.6281000000
-2.3961000000
-1.6281000000
-2.3961000000
-1.6281000000
-2.3961000000
-1.6281000000
-2.3961000000
-1.6281000000
-2.3961000000
-1.6281000000
-2.3961000000
-1.6281000000
-2.3961000000
-1.6281000000
-2.3961000000
-1.6281000000
-2.3961000000
-1.6281000000
-2.3961000000
-1.6281000000
-2.3961000000
-1.6281000000
-2.3961000000
-1.6281000000
-2.3961000000
-1.6281000000
-2.3961000000
-1.6281000000
-2.3961000000
-1.6281000000
-2.3961000000
-1.6281000000
-2.3961000000
-1.6281000000
-2.3961000000
-1.6281000000
-2.3961000000
-1.6281000000
-2.3961000000
-1.6281000000
-2.3961000000
-1.6281000000
-2.3961000000
-1.6281000000
-2.3961000000
-1.6281000000
-2.3961000000
0.1363000000
0.3261200000
0.7688800000
1.6688000000
2.3885000000
1.6414000000
2.3940000000
1.6317000000
2.3956000000
1.6290000000
2.3959000000
1.6283000000
2.3960000000
1.6281000000
2.3961000000
1.6281000000
2.3961000000
1.6281000000
2.3961000000
3.3906000000
-0.5913900000
-1.3380000000
-2.3353000000
-1.7322000000
-2.3688000000
-1.6755000000
-2.3869000000
-1.6442000000
-2.3935000000
-1.6325000000
-2.3954000000
-1.6292000000
-2.3959000000
-1.6283000000
-2.3960000000
-1.6281000000
-2.3961000000
-1.6281000000
-2.3961000000
-1.6281000000
-2.3961000000
-0.4157400000
-0.9692700000
-1.9787000000
-2.2031000000
-1.9361000000
-2.2417000000
-1.8799000000
-2.2863000000
-1.8115000000
-2.3308000000
-1.7396000000
-2.3659000000
-1.6805000000
-2.3856000000
-1.6465000000
-2.3931000000
-1.6332000000
-2.3953000000
-1.6294000000
-2.3959000000
-1.6284000000
-2.3960000000
-1.6281000000
-2.3961000000
-1.6281000000
-2.3961000000
-1.6281000000
-2.3961000000
-1.6281000000
-2.3961000000
-1.6281000000
-2.3961000000
-1.6281000000
-2.3961000000
-1.6281000000
-2.3961000000
-1.6281000000
-2.3961000000
-1.6281000000
-2.3961000000
-1.6281000000
-2.3961000000
-1.6281000000
-2.3961000000
-1.6281000000
-2.3961000000
-1.6281000000
-2.3961000000
-1.6281000000
-2.3961000000
-1.6281000000
-2.3961000000
-1.6281000000
-2.3961000000
-1.6281000000
-2.3961000000
-1.6281000000
-2.3961000000
-1.6281000000
-2.3961000000
-1.6281000000
-2.3961000000
-1.6281000000
-2.3961000000
-1.6281000000
-2.3961000000
-1.6281000000
-2.3961000000
-1.6281000000
-2.3961000000
-1.6281000000
-2.3961000000
-1.6281000000
-2.3961000000
-1.6281000000
-2.3961000000
-1.6281000000
-2.3961000000
-1.6281000000
-2.3961000000
-1.6281000000
-2.3961000000
-1.6281000000
-2.3961000000
-1.6281000000
-2.3961000000
-1.6281000000
-2.3961000000
-1.6281000000
-2.3961000000
-1.6281000000
-2.3961000000
-1.6281000000
-2.3961000000
-1.6281000000
-2.3961000000
-1.6281000000
-1.5587000000
-2.3998000000
-1.6214000000
-2.3969000000
-1.6265000000
-2.3963000000
-1.6277000000
-2.3961000000
-1.6280000000
-2.3961000000
-1.6280000000
-2.3961000000
-1.6281000000
-2.3961000000
-1.6281000000
-2.3961000000
-1.6281000000
-2.3961000000
-1.6281000000
-2.3961000000
-1.6281000000
-2.3961000000
-1.6281000000
-2.3961000000
-2.0927000000
-2.0805000000
-2.0950000000
-2.0778000000
-2.0981000000
-2.0740000000
-2.1025000000
-2.0686000000
-2.1087000000
-2.0611000000
-2.1173000000
-2.0505000000
-2.1291000000
-2.0355000000
-2.1455000000
-2.0145000000
-2.1676000000
-1.9851000000
-2.1970000000
-1.9447000000
-2.2342000000
-1.8910000000
-2.2780000000
-1.8244000000
-2.3233000000
-1.7520000000
-2.3607000000
-1.6894000000
-2.3831000000
-1.6507000000
-2.3923000000
-1.6346000000
-2.3951000000
-1.6297000000
-2.3958000000
-1.6285000000
-2.3960000000
-1.6282000000
-2.3961000000
-1.6281000000
-2.3961000000
-1.6281000000
-2.3961000000
-1.6281000000
-2.3961000000
-1.6281000000
-2.3961000000
-1.6281000000
-2.3961000000
-1.6281000000
-2.3961000000
-1.6281000000
-2.3961000000
-1.6281000000
-2.3961000000
-1.6281000000
-2.3961000000
-1.6281000000
-2.3961000000
-1.6281000000
-2.3961000000
-1.6281000000
-2.3961000000
-1.6281000000
-2.3961000000
-1.6281000000
-2.3961000000
-1.6281000000
-2.3961000000
-1.6281000000
-2.3961000000
-1.6281000000
-2.3961000000
-1.6281000000
-2.3961000000
-1.6281000000
-2.3961000000
-1.6281000000
-2.3961000000
-1.6281000000
-2.3961000000
-1.6281000000
-2.3961000000
-1.6281000000
-2.3961000000
-1.6281000000
-2.3961000000
-1.6281000000
-2.3961000000
-1.6281000000
-2.3961000000
-1.6281000000
-2.3961000000
-1.6281000000
-2.3961000000
-1.6281000000
-2.3961000000
-1.6281000000
-2.3961000000
-1.6281000000
-2.3961000000
-1.6281000000
-2.3961000000
-1.6281000000
-2.3961000000
-1.6281000000
-2.3961000000
-1.6281000000
-2.3961000000
-1.6281000000
-2.3961000000
-1.6281000000
-2.3961000000
-1.6281000000
-2.3961000000
0.0794290000
0.1904300000
0.4542700000
1.0531000000
2.0856000000
2.0890000000
2.0849000000
2.0897000000
2.0840000000
2.0908000000
2.0828000000
2.0923000000
2.0810000000
2.0943000000
2.0785000000
2.0973000000
2.0750000000
2.1013000000
2.0701000000
2.1070000000
2.0632000000
2.1149000000
2.0534000000
2.1259000000
2.0397000000
2.1410000000
2.0203000000
2.1616000000
1.9932000000
2.1890000000
1.9558000000
2.2243000000
1.9054000000
2.2669000000
1.8417000000
2.3125000000
1.7696000000
2.3527000000
1.7029000000
2.3791000000
1.6578000000
2.3909000000
1.6371000000
2.3947000000
1.6304000000
2.3957000000
1.6286000000
2.3960000000
1.6282000000
2.3960000000
1.6281000000
2.3961000000
1.6281000000
2.3961000000
1.6281000000
2.3961000000
1.6281000000
2.3961000000
1.6281000000
2.3961000000
1.6281000000
2.3961000000
1.6281000000
2.3961000000
1.6281000000
2.3961000000
1.6281000000
2.3961000000
1.6281000000
2.3961000000
1.6281000000
2.3961000000
1.6281000000
2.3961000000
1.6281000000
2.3961000000
1.6281000000
2.3961000000
1.6281000000
2.3961000000
1.6281000000
2.3961000000
1.6281000000
2.3961000000
1.6281000000
2.3961000000
1.6281000000
2.3961000000
1.6281000000
2.3961000000
1.6281000000
2.3961000000
1.6281000000
2.3961000000
1.6281000000
2.3961000000
1.6281000000
2.3961000000
1.6281000000
2.3961000000
1.6281000000
2.3961000000
1.6281000000
2.3961000000
1.6281000000
2.3961000000
1.6281000000
2.3961000000
1.6281000000
2.3961000000
1.6281000000
2.3961000000
1.6281000000
2.3961000000
1.6281000000
2.3961000000
1.6281000000
2.3961000000
1.6281000000
2.3961000000
1.6281000000
2.3961000000
1.6281000000
2.3961000000
1.6281000000
2.3961000000
1.6281000000
2.3961000000
1.6281000000
2.3961000000
1.6281000000
2.3961000000
1.6281000000
2.3961000000
1.6281000000
2.3961000000
1.6281000000
2.3961000000
1.6281000000
2.3961000000
1.6281000000
2.3961000000
1.6281000000
2.3961000000
1.6281000000
2.3961000000
1.6281000000
2.3961000000
1.6281000000
2.3961000000
1.6281000000
2.3961000000
1.6281000000
2.3961000000
1.6281000000
2.3961000000
1.6281000000
2.3961000000
1.6281000000
2.3961000000
1.6281000000
2.3961000000
1.6281000000
2.3961000000
1.6281000000
2.3961000000
1.6281000000
2.3961000000
1.6281000000
2.3961000000
1.6281000000
2.3961000000
1.6281000000
2.3961000000
1.6281000000
2.3961000000
1.6281000000
2.3961000000
1.6281000000
2.3961000000
1.6281000000
2.3961000000
1.6281000000
2.3961000000
1.6281000000
2.3961000000
1.6281000000
2.3961000000
1.6281000000
2.3961000000
1.6281000000
2.3961000000
1.6281000000
2.3961000000
1.6281000000
2.3961000000
1.6281000000
2.3961000000
1.6281000000
2.3961000000
1.6281000000
2.3961000000
1.6281000000
2.3961000000
1.6281000000
2.3961000000
1.6281000000
2.3961000000
1.6281000000
2.3961000000
1.6281000000
2.3961000000
1.6281000000
2.3961000000
1.6281000000
2.3961000000
1.6281000000
2.3961000000
1.6281000000
2.3961000000
1.6281000000
2.3961000000
1.6281000000
2.3961000000
1.6281000000
2.3961000000
1.6281000000
2.3961000000
1.6281000000
2.3961000000
1.6281000000
2.3961000000
1.6281000000
2.3961000000
1.6281000000
2.3961000000
1.6281000000
2.3961000000
1.6281000000
2.3961000000
1.6281000000
2.3961000000
1.6281000000
2.3961000000
1.6281000000
2.3961000000
1.6281000000
2.3961000000
1.6281000000
2.3961000000
1.6281000000
2.3961000000
1.6281000000
2.3961000000
1.6281000000
2.3961000000
1.6281000000
2.3961000000
1.6281000000
2.3961000000
1.6281000000
2.3961000000
1.6281000000
2.3961000000
1.6281000000
2.3961000000
1.6281000000
2.3961000000
1.6281000000
2.3961000000
1.6281000000
2.3961000000
1.6281000000
2.3961000000
1.6281000000
2.3961000000
1.6281000000
2.3961000000
1.6281000000
2.3961000000
1.6281000000
2.3961000000
1.6281000000
2.3961000000
1.6281000000
2.3961000000
1.6281000000
2.3961000000
1.6281000000
2.3961000000
1.6281000000
2.3961000000
1.6281000000
2.3961000000
1.6281000000
2.3961000000
1.6281000000
2.3961000000
1.6281000000
2.3961000000
1.6281000000
2.3961000000
1.6281000000
2.3961000000
1.6281000000
2.3961000000
1.6281000000
2.3961000000
1.6281000000
2.3961000000
1.6281000000
2.3961000000
1.6281000000
2.3961000000
1.6281000000
2.3961000000
1.6281000000
2.3961000000
1.6281000000
2.3961000000
1.6281000000
2.3961000000
1.6281000000
2.3961000000
1.6281000000
2.3961000000
1.6281000000
2.3961000000
1.6281000000
2.3961000000
1.6281000000
2.3961000000
1.6281000000
2.3961000000
1.6281000000
2.3961000000
1.6281000000
2.3961000000
1.6281000000
2.3961000000
1.6281000000
2.3961000000
1.6281000000
2.3961000000
1.6281000000
2.3961000000
1.6281000000
2.3961000000
1.6281000000
2.3961000000
1.6281000000
2.3961000000
1.6281000000
2.3961000000
1.6281000000
2.3961000000
1.6281000000
2.3961000000
1.6281000000
2.3961000000
1.6281000000
2.3961000000
1.6281000000
2.3961000000
1.6281000000
2.3961000000
1.6281000000
2.3961000000
1.6281000000
2.3961000000
1.6281000000
2.3961000000
1.6281000000
2.3961000000
1.6281000000
2.3961000000
1.6281000000
2.3961000000
1.6281000000
2.3961000000
1.6281000000
2.3961000000
1.6281000000
2.3961000000
1.6281000000
2.3961000000
1.6281000000
2.3961000000
1.6281000000
2.3961000000
1.6281000000
2.3961000000
1.6281000000
2.3961000000
1.6281000000
2.3961000000
1.6281000000
2.3961000000
1.6281000000
2.3961000000
1.6281000000
2.3961000000
1.6281000000
2.3961000000
1.6281000000
2.3961000000
1.6281000000
2.3961000000
1.6281000000
2.3961000000
1.6281000000
2.3961000000
1.6281000000
2.3961000000
1.6281000000
2.3961000000
1.6281000000
2.3961000000
1.6281000000
2.3961000000
1.6281000000
2.3961000000
1.6281000000
2.3961000000
1.6281000000
2.3961000000
1.6281000000
1.0819000000
2.1189000000
2.0484000000
2.1314000000
2.0326000000
2.1485000000
2.0105000000
2.1717000000
1.9795000000
2.2023000000
1.9371000000
2.2408000000
1.8812000000
2.2853000000
1.8130000000
2.3299000000
1.7410000000
2.3653000000
1.6815000000
2.3853000000
1.6469000000
2.3930000000
1.6334000000
2.3953000000
1.6294000000
2.3959000000
1.6284000000
2.3960000000
1.6281000000
2.3961000000
1.6281000000
2.3961000000
1.6281000000
2.3961000000
1.6281000000
2.3961000000
1.6281000000
2.3961000000
1.6281000000
2.3961000000
1.6281000000
2.3961000000
1.6281000000
2.3961000000
1.6281000000
2.3961000000
1.6281000000
2.3961000000
1.6281000000
2.3961000000
1.6281000000
2.3961000000
1.6281000000
2.3961000000
1.6281000000
2.3961000000
1.6281000000
2.3961000000
1.6281000000
2.3961000000
1.6281000000
2.3961000000
1.6281000000
2.3961000000
1.6281000000
2.3961000000
1.6281000000
2.3961000000
1.6281000000
2.3961000000
1.6281000000
2.3961000000
1.6281000000
2.3961000000
1.6281000000
2.3961000000
1.6281000000
2.3961000000
1.6281000000
2.3961000000
1.6281000000
2.3961000000
1.6281000000
2.3961000000
1.6281000000
2.3961000000
1.6281000000
2.3961000000
1.6281000000
2.3961000000
1.6281000000
2.3961000000
1.6281000000
2.3961000000
1.6281000000
2.3961000000
1.6281000000
2.3961000000
1.6281000000
2.3961000000
1.6281000000
2.3961000000
1.6281000000
2.3961000000
-0.3659100000
-0.8587100000
-1.8168000000
-2.3277000000
-1.7446000000
-2.3638000000
-1.6841000000
-2.3846000000
-1.6481000000
-2.3928000000
-1.6338000000
-2.3952000000
-1.6295000000
-2.3959000000
-1.6284000000
-2.3960000000
-1.6281000000
-2.3961000000
-1.6281000000
-2.3961000000
-1.6281000000
-2.3961000000
-1.6281000000
-2.3961000000
-1.6281000000
-2.3961000000
-1.6281000000
-2.3961000000
-1.6281000000
-2.3961000000
-1.6281000000
-2.3961000000
-1.6281000000
-2.3961000000
-1.6281000000
-2.3961000000
-1.6281000000
-2.3961000000
-1.6281000000
-2.3961000000
-1.6281000000
-2.3961000000
-1.6281000000
-2.3961000000
-1.6281000000
-2.3961000000
-1.6281000000
-2.3961000000
-1.6281000000
-2.3961000000
-1.6281000000
-2.3961000000
-1.6281000000
-2.3961000000
-1.6281000000
-2.3961000000
-1.6281000000
-2.3961000000
-1.6281000000
-2.3961000000
-0.1811900000
-0.4324700000
-1.0059000000
-2.0271000000
-2.1544000000
-2.0027000000
-2.1796000000
-1.9688000000
-2.2124000000
-1.9227000000
-2.2529000000
-1.8630000000
-2.2983000000
-1.7924000000
-2.3413000000
-1.7222000000
-2.3726000000
-1.6691000000
-2.3884000000
-1.6415000000
-2.3940000000
-1.6317000000
-2.3956000000
-1.6290000000
-2.3959000000
-1.6283000000
-2.3960000000
-1.6281000000
-2.3961000000
-1.6281000000
-2.3961000000
-1.6281000000
-2.3961000000
-1.6281000000
-2.3961000000
-1.6281000000
-2.3961000000
-1.6281000000
-2.3961000000
-1.6281000000
-2.3961000000
-1.6281000000
-2.3961000000
-1.6281000000
-2.3961000000
-1.6281000000
-2.3961000000
-1.6281000000
-2.3961000000
-1.6281000000
-2.3961000000
-1.6281000000
-2.3961000000
-1.6281000000
-2.3961000000
-1.6281000000
-2.3961000000
-1.6281000000
-2.3961000000
-1.6281000000
-2.3961000000
-1.6281000000
-2.3961000000
-1.6281000000
-2.3961000000
-1.6281000000
-2.3961000000
-1.6281000000
-2.3961000000
-1.6281000000
-2.3961000000
-1.6281000000
-2.3961000000
-1.6281000000
-2.3961000000
-1.6281000000
-2.3961000000
-1.6281000000
-2.3961000000
-1.6281000000
-2.3961000000
-1.6281000000
-2.3961000000
-1.6281000000
-2.3961000000
-1.6281000000
-2.3961000000
-1.6281000000
-2.3961000000
-1.6281000000
-2.3961000000
-1.6281000000
-2.3961000000
-1.6281000000
-2.3961000000
-1.6281000000
-2.3961000000
-1.6281000000
-2.3961000000
-1.6281000000
-2.3961000000
-1.6281000000
-2.3961000000
-1.6281000000
-2.3961000000
-1.6281000000
-2.3961000000
-1.6281000000
-2.3961000000
-1.6281000000
-2.3961000000
-1.6281000000
-3.2758000000
0.3211700000
0.7576300000
1.6493000000
2.3926000000
1.6341000000
4.2163000000
-2.1107000000
-2.0586000000
-2.1201000000
-2.0469000000
-2.1330000000
-2.0305000000
-2.1508000000
-2.0075000000
-2.1748000000
-1.9754000000
-2.2062000000
-1.9316000000
-2.2455000000
-1.8742000000
-2.2904000000
-1.8050000000
-2.3345000000
-1.7335000000
-2.3683000000
-1.6764000000
-2.3866000000
-1.6446000000
-2.3935000000
-1.6326000000
-2.3954000000
-1.6292000000
-2.3959000000
-1.6283000000
-2.3960000000
-1.6281000000
-2.3961000000
-1.6281000000
-2.3961000000
-1.6281000000
-2.3961000000
-1.6281000000
-2.3961000000
-1.6281000000
-2.3961000000
-1.6281000000
-2.3961000000
-1.6281000000
-2.3961000000
-1.6281000000
-2.3961000000
-1.6281000000
-2.3961000000
-1.6281000000
-2.3961000000
-1.6281000000
-2.3961000000
-1.6281000000
-2.3961000000
-1.6281000000
-2.3961000000
-1.6281000000
-2.3961000000
-1.6281000000
-2.3961000000
-1.6281000000
-2.3961000000
-1.6281000000
-2.3961000000
-1.6281000000
-2.3961000000
-1.6281000000
-2.3961000000
-1.6281000000
-2.3961000000
-1.6281000000
-2.3961000000
-1.6281000000
-2.3961000000
-1.6281000000
-2.3961000000
-1.6281000000
-2.3961000000
-1.6281000000
-2.3961000000
-1.6281000000
-2.3961000000
-1.6281000000
-2.3961000000
-1.6281000000
-2.3961000000
-1.6281000000
-2.3961000000
-1.6281000000
-2.3961000000
-1.6281000000
-2.3961000000
-1.6281000000
-2.3961000000
-1.6281000000
-2.3961000000
-1.6281000000
-2.3961000000
-1.6281000000
-2.3961000000
-1.6281000000
-2.3961000000
-1.6281000000
-2.3961000000
-1.6281000000
-2.3961000000
-1.6281000000
-2.3961000000
-1.6281000000
-2.3961000000
-1.6281000000
-2.3961000000
-1.6281000000
-2.3961000000
-1.6281000000
-2.3961000000
-1.6281000000
-2.3961000000
-1.6281000000
-2.3961000000
-1.6281000000
-2.3961000000
-1.6281000000
-2.3961000000
-1.6281000000
-2.3961000000
-1.6281000000
-2.3961000000
-1.6281000000
-2.3961000000
-1.6281000000
-2.3961000000
-1.6281000000
-2.3961000000
-1.6281000000
-2.3961000000
-1.6281000000
-2.3961000000
-1.6281000000
-2.3961000000
-1.6281000000
-2.3961000000
-1.6281000000
-2.3961000000
-1.6281000000
-2.3961000000
-1.6281000000
-2.3961000000
-1.6281000000
-2.3961000000
-1.6281000000
-2.3961000000
-1.6281000000
-2.3961000000
-1.6281000000
-2.3961000000
-1.6281000000
-2.3961000000
-1.6281000000
-2.3961000000
-1.6281000000
-2.3961000000
-1.6281000000
-2.3961000000
-1.6281000000
-2.3961000000
-1.6281000000
-2.3961000000
-1.6281000000
-2.3961000000
-1.6281000000
-2.3961000000
-1.6281000000
-2.3961000000
-1.6281000000
-2.3961000000
-1.6281000000
-2.3961000000
-1.6281000000
-2.3961000000
-1.6281000000
-2.3961000000
-1.6281000000
-2.3961000000
-1.6281000000
-2.3961000000
-1.6281000000
-2.3961000000
-1.6281000000
-2.3961000000
-1.6281000000
-2.3961000000
-1.6281000000
-2.3961000000
-1.6281000000
-2.3961000000
-1.6281000000
-2.3961000000
-1.6281000000
-2.3961000000
-1.6281000000
-2.3961000000
-1.6281000000
-2.3961000000
-1.6281000000
-2.3961000000
-1.6281000000
-2.3961000000
-1.6281000000
-2.3961000000
-1.6281000000
-2.3961000000
-1.6281000000
-2.3961000000
-1.6281000000
-2.3961000000
-1.6281000000
-2.3961000000
-1.6281000000
-2.3961000000
-1.6281000000
-2.3961000000
-1.6281000000
-2.3961000000
-1.6281000000
-2.3961000000
-1.6281000000
-2.3961000000
-1.6281000000
-2.3961000000
-1.6281000000
-2.3961000000
-1.6281000000
-2.3961000000
-1.6281000000
-2.3961000000
-1.6281000000
-2.3961000000
-1.6281000000
-2.3961000000
-1.6281000000
-2.3961000000
-1.6281000000
-2.3961000000
-1.6281000000
-2.3961000000
-1.6281000000
-2.3961000000
-1.6281000000
-2.3961000000
-1.6281000000
-2.3961000000
-1.6281000000
-2.3961000000
-1.6281000000
-2.3961000000
-1.6281000000
-2.3961000000
-1.6281000000
-2.3961000000
-1.6281000000
-2.3961000000
-1.6281000000
-2.3961000000
-1.6281000000
-2.3961000000
-1.6281000000
-2.3961000000
-1.6281000000
-2.3961000000
-1.6281000000
-2.3961000000
-1.6281000000
-2.3961000000
-1.6281000000
-2.3961000000
-1.6281000000
-2.3961000000
-1.6281000000
-2.3961000000
-1.6281000000
-2.3961000000
-1.6281000000
-2.3961000000
-1.6281000000
-2.3961000000
-1.6281000000
-2.3961000000
-1.6281000000
-2.3961000000
-1.6281000000
-2.3961000000
-1.6281000000
-2.3961000000
-1.6281000000
-2.3961000000
-1.6281000000
-2.3961000000
-1.6281000000
-2.3961000000
-1.6281000000
-2.3961000000
-1.6281000000
-2.3961000000
-1.6281000000
-2.3961000000
-1.6281000000
-2.3961000000
-1.6281000000
-2.3961000000
-1.6281000000
-2.3961000000
-1.6281000000
-2.3961000000
-1.6281000000
-2.3961000000
-1.6281000000
-2.3961000000
-1.6281000000
-2.3961000000
-1.6281000000
-2.3961000000
-1.6281000000
-2.3961000000
-1.6281000000
-2.3961000000
-1.6281000000
-2.3961000000
-1.6281000000
-2.3961000000
-1.6281000000
-2.3961000000
-1.6281000000
-2.3961000000
-1.6281000000
-2.3961000000
-1.6281000000
-2.3961000000
-1.6281000000
-2.3961000000
-1.6281000000
-2.3961000000
-1.6281000000
-2.3961000000
-1.6281000000
-2.3961000000
-1.6281000000
-2.3961000000
-1.6281000000
-2.3961000000
-1.6281000000
-2.3961000000
-1.6281000000
-2.3961000000
-1.6281000000
-2.3961000000
-1.6281000000
-2.3961000000
-1.6281000000
-2.3961000000
-1.6281000000
-2.3961000000
-1.6281000000
-2.3961000000
-1.6281000000
-2.3961000000
-1.6281000000
-2.3961000000
-1.6281000000
-2.3961000000
-1.6281000000
-2.3961000000
-1.6281000000
-2.3961000000
-1.6281000000
-2.3961000000
-1.6281000000
-2.3961000000
-1.6281000000
-2.3961000000
-1.6281000000
-2.3961000000
-1.6281000000
-2.3961000000
-1.6281000000
-2.3961000000
-1.6281000000
-2.3961000000
-1.6281000000
-2.3961000000
-1.6281000000
-2.3961000000
-1.6281000000
-2.3961000000
-1.6281000000
-2.3961000000
-1.6281000000
-2.3961000000
-1.6281000000
-2.3961000000
-1.6281000000
-2.3961000000
-1.6281000000
-2.3961000000
-1.6281000000
-2.3961000000
-1.6281000000
-2.3961000000
-1.6281000000
-2.3961000000
-1.6281000000
-2.3961000000
-1.6281000000
-2.3961000000
-1.6281000000
-2.3961000000
-1.6281000000
-2.3961000000
-1.6281000000
-2.3961000000
-1.6281000000
-2.3961000000
-1.6281000000
-2.3961000000
-1.6281000000
-2.3961000000
-1.6281000000
-2.3961000000
-1.6281000000
-2.3961000000
-1.6281000000
-2.3961000000
-1.6281000000
-2.3961000000
-0.4807600000
-1.1099000000
-2.1496000000
-2.0091000000
-2.1731000000
-1.9777000000
-2.2040000000
-1.9347000000
-2.2429000000
-1.8781000000
-2.2876000000
-1.8094000000
-2.3320000000
-1.7376000000
-2.3667000000
-1.6792000000
-2.3859000000
-1.6459000000
-2.3932000000
-1.6330000000
-2.3954000000
-1.6293000000
-2.3959000000
-1.6284000000
-2.3960000000
-1.6281000000
-2.3961000000
-1.6281000000
-2.3961000000
-1.6281000000
-2.3961000000
-1.6281000000
-2.3961000000
-1.6281000000
-2.3961000000
-1.6281000000
-2.3961000000
-1.6281000000
-2.3961000000
-1.6281000000
-2.3961000000
-1.6281000000
-2.3961000000
-1.6281000000
-2.3961000000
-1.6281000000
-2.3961000000
-1.6281000000
-2.3961000000
-1.6281000000
-2.3961000000
-1.6281000000
-2.3961000000
-1.6281000000
-2.3961000000
-1.6281000000
-2.3961000000
-1.6281000000
-2.3961000000
-1.6281000000
-2.3961000000
-1.6281000000
-2.3961000000
-1.6281000000
-2.3961000000
-1.6281000000
-2.3961000000
-1.6281000000
-2.3961000000
-1.6281000000
-2.3961000000
-1.6281000000
-2.3961000000
-1.6281000000
-2.3961000000
-1.6281000000
-2.3961000000
-1.6281000000
-2.3961000000
-1.6281000000
-2.3961000000
-1.6281000000
-2.3961000000
-1.6281000000
-2.3961000000
-1.6281000000
-2.3961000000
-1.6281000000
-2.3961000000
-1.6281000000
-2.3961000000
-1.6281000000
-2.3961000000
-0.6199200000
-1.3943000000
-2.3627000000
-1.6859000000
-2.3841000000
-1.6490000000
-2.3927000000
-1.6341000000
-2.3952000000
-1.6296000000
-2.3959000000
-1.6284000000
-2.3960000000
-1.6282000000
-2.3961000000
-1.6281000000
-2.3961000000
-1.6281000000
-2.3961000000
-1.6281000000
-2.3961000000
-1.6281000000
-2.3961000000
-1.6281000000
-2.3961000000
-1.6281000000
-2.3961000000
-1.6281000000
-2.3961000000
-1.6281000000
-2.3961000000
-1.6281000000
-2.3961000000
-1.6281000000
-2.3961000000
-1.6281000000
-2.3961000000
-1.6281000000
-2.3961000000
-1.6281000000
-2.3961000000
-1.6281000000
-2.3961000000
-1.6281000000
-2.3961000000
-1.6281000000
-2.3961000000
-1.6281000000
-2.3961000000
-1.6281000000
-2.3961000000
-1.6281000000
-2.3961000000
-1.6281000000
-2.3961000000
-1.6281000000
-2.3961000000
-1.6281000000
-2.3961000000
-1.6281000000
-2.3961000000
-1.6281000000
-2.3961000000
-1.6281000000
-2.3961000000
-1.6281000000
-2.3961000000
-1.6281000000
-2.3961000000
-1.6281000000
-2.3961000000
-1.6281000000
-2.3961000000
-1.6281000000
-2.3961000000
-1.6281000000
-2.3961000000
-1.6281000000
-2.3961000000
-1.6281000000
-2.3961000000
-1.6281000000
-2.3961000000
-1.6281000000
-2.3961000000
-1.6281000000
-2.3961000000
-1.6281000000
-2.3961000000
-1.6281000000
-2.3961000000
-1.6281000000
-2.3961000000
-1.6281000000
-2.3961000000
-1.6281000000
-2.3961000000
-1.6281000000
-2.3961000000
-1.6281000000
-2.3961000000
-1.6281000000
-2.3961000000
-1.6281000000
-2.3961000000
-1.6281000000
-2.3961000000
-1.6281000000
-2.3961000000
-1.6281000000
-2.3961000000
-1.6281000000
-2.3961000000
-1.6281000000
-2.3961000000
-1.6281000000
-2.3961000000
-1.6281000000
-2.3961000000
-1.6281000000
-2.3961000000
-1.6281000000
-2.3961000000
-1.6281000000
-2.3961000000
-1.6281000000
-2.3961000000
-1.6281000000
-2.3961000000
-1.6281000000
-2.3961000000
-1.6281000000
-2.3961000000
-1.6281000000
-2.3961000000
-1.6281000000
-2.3961000000
-1.6281000000
-2.3961000000
-1.6281000000
-2.3961000000
-1.6281000000
-2.3961000000
-1.6281000000
-2.3961000000
-1.6281000000
-2.3961000000
-1.6281000000
-2.3961000000
-1.6281000000
-2.3961000000
-1.6281000000
-2.3961000000
-1.6281000000
-2.3961000000
-1.6281000000
-2.3961000000
-1.6281000000
-2.3961000000
-1.6281000000
-2.3961000000
-1.6281000000
-2.3961000000
-1.6281000000
-2.5324000000
-1.3734000000
-2.3534000000
-1.7018000000
-2.3794000000
-1.6572000000
-2.3911000000
-1.6369000000
-2.3948000000
-1.6304000000
-2.3957000000
-1.6286000000
-2.3960000000
-1.6282000000
-2.3960000000
-1.6281000000
-2.3961000000
-1.6281000000
-2.3961000000
-1.6281000000
-2.3961000000
-1.6281000000
-2.3961000000
-1.6281000000
-2.3961000000
-1.6281000000
-2.3961000000
-1.6281000000
-2.3961000000
-1.6281000000
-2.3961000000
-1.6281000000
-2.3961000000
-1.6281000000
-2.3961000000
-1.6281000000
-2.3961000000
-1.6281000000
-2.3961000000
-1.6281000000
-2.3961000000
-1.6281000000
-2.3961000000
-1.6281000000
-2.3961000000
-1.6281000000
-2.3961000000
-1.6281000000
-2.3961000000
-1.6281000000
-2.3961000000
-1.6281000000
-2.3961000000
-1.6281000000
-2.3961000000
-1.6281000000
-2.3961000000
-1.6281000000
-2.3961000000
-1.6281000000
-2.3961000000
-1.6281000000
-2.3961000000
-1.6281000000
-2.3961000000
-1.6281000000
-2.3961000000
-1.6281000000
-2.3961000000
-1.6281000000
-2.3961000000
-1.6281000000
-2.3961000000
-1.6281000000
-2.3961000000
-1.6281000000
-2.3961000000
-1.6281000000
-2.3961000000
-1.6281000000
-2.3961000000
-1.6281000000
-2.3961000000
-1.6281000000
-1.0382000000
-2.0675000000
-2.1100000000
-2.0595000000
-2.1190000000
-2.0483000000
-2.1316000000
-2.0324000000
-2.1488000000
-2.0102000000
-2.1721000000
-1.9791000000
-2.2027000000
-1.9365000000
-2.2413000000
-1.8805000000
-2.2858000000
-1.8122000000
-2.3304000000
-1.7402000000
-2.3656000000
-1.6810000000
-2.3855000000
-1.6467000000
-2.3931000000
-1.6333000000
-2.3953000000
-1.6294000000
-2.3959000000
-1.6284000000
-2.3960000000
-1.6281000000
-2.3961000000
-1.6281000000
-2.3961000000
-1.6281000000
-2.3961000000
-1.6281000000
-2.3961000000
-1.6281000000
-2.3961000000
-1.6281000000
-2.3961000000
-1.6281000000
-2.3961000000
-1.6281000000
-2.3961000000
-1.6281000000
-2.3961000000
-1.6281000000
-2.3961000000
-1.6281000000
-2.3961000000
-1.6281000000
-2.3961000000
-1.6281000000
-2.3961000000
-1.6281000000
-3.6148000000
1.0937000000
2.1320000000
2.0319000000
2.1494000000
2.0094000000
2.1729000000
1.9780000000
2.2038000000
1.9351000000
2.2425000000
1.8786000000
2.2872000000
1.8100000000
2.3317000000
1.7382000000
2.3665000000
1.6795000000
2.3858000000
1.6460000000
2.3932000000
1.6331000000
2.3953000000
1.6293000000
2.3959000000
1.6284000000
2.3960000000
1.6281000000
2.3961000000
1.6281000000
2.3961000000
1.6281000000
2.3961000000
1.6281000000
2.3961000000
1.7312000000
2.3692000000
1.6749000000
2.3870000000
1.6440000000
2.3936000000
1.6324000000
2.3954000000
1.6292000000
2.3959000000
1.6283000000
2.3960000000
1.6281000000
2.3961000000
1.6281000000
2.3961000000
1.6281000000
2.3961000000
1.6281000000
2.3961000000
1.6281000000
2.3961000000
1.6281000000
2.3961000000
1.6281000000
2.3961000000
1.6281000000
2.3961000000
1.6281000000
2.3961000000
1.6281000000
2.3961000000
1.6281000000
2.3961000000
1.6281000000
2.3961000000
1.6281000000
2.3961000000
1.6281000000
2.3961000000
1.6281000000
2.3961000000
1.6281000000
2.3961000000
1.6281000000
2.3961000000
1.6281000000
2.3961000000
1.6281000000
2.3961000000
1.6281000000
2.3961000000
1.6281000000
2.3961000000
1.6281000000
2.3961000000
1.6281000000
2.3961000000
1.6281000000
2.3961000000
1.6281000000
2.3961000000
1.6281000000
2.3961000000
1.6281000000
2.3961000000
1.6281000000
2.3961000000
1.6281000000
2.3961000000
1.6281000000
2.3961000000
1.6281000000
2.3961000000
1.6281000000
2.3961000000
1.6281000000
2.3961000000
1.6281000000
2.3961000000
1.6281000000
2.3961000000
1.6281000000
2.3961000000
1.6281000000
2.3961000000
1.6281000000
2.3961000000
1.6281000000
2.3961000000
1.6281000000
2.3961000000
1.6281000000
2.3961000000
1.6281000000
2.3961000000
1.6281000000
2.3961000000
1.6281000000
2.3961000000
1.6281000000
2.3961000000
1.6281000000
2.3961000000
1.6281000000
2.3961000000
1.6281000000
2.3961000000
1.6281000000
2.3961000000
1.6281000000
2.3961000000
1.6281000000
2.3961000000
1.6281000000
2.3961000000
1.6281000000
2.3961000000
1.6281000000
2.3961000000
1.6281000000
2.3961000000
1.6281000000
2.3961000000
1.6281000000
2.3961000000
1.6281000000
2.3961000000
1.6281000000
2.3961000000
1.6281000000
2.3961000000
1.6281000000
2.3961000000
1.6281000000
2.3961000000
1.6281000000
2.3961000000
1.6281000000
2.3961000000
1.6281000000
2.3961000000
1.6281000000
2.3961000000
1.6281000000
2.3961000000
1.6281000000
2.3961000000
1.6281000000
2.3961000000
1.6281000000
2.3961000000
1.6281000000
2.3961000000
1.6281000000
2.3961000000
1.6281000000
2.3961000000
1.6281000000
2.3961000000
1.6281000000
2.3961000000
1.6281000000
2.3961000000
1.6281000000
2.3961000000
1.6281000000
2.3961000000
1.6281000000
2.3961000000
1.6281000000
2.3961000000
1.6281000000
2.3961000000
1.6281000000
2.3961000000
1.6281000000
2.3961000000
1.6281000000
2.3961000000
1.6281000000
2.3961000000
1.6281000000
2.3961000000
1.6281000000
2.3961000000
1.6281000000
2.3961000000
1.6281000000
2.3961000000
1.6281000000
2.3961000000
1.6281000000
2.3961000000
1.6281000000
2.3961000000
1.6281000000
2.3961000000
1.6281000000
2.3961000000
1.6281000000
2.3961000000
1.6281000000
2.3961000000
1.6281000000
2.3961000000
1.6281000000
2.3961000000
1.6281000000
2.3961000000
1.6281000000
2.3961000000
1.6281000000
2.3961000000
1.6281000000
2.3961000000
1.6281000000
2.3961000000
1.6281000000
2.3961000000
1.6281000000
2.3961000000
1.6281000000
2.3961000000
1.6281000000
2.3961000000
1.6281000000
2.3961000000
1.6281000000
2.3961000000
1.6281000000
2.3961000000
1.6281000000
2.3961000000
1.6281000000
2.3961000000
1.6281000000
2.3961000000
1.6281000000
2.3961000000
1.6281000000
2.3961000000
1.6281000000
2.3961000000
1.6281000000
2.3961000000
1.6281000000
2.3961000000
1.6281000000
2.3961000000
1.6281000000
2.3961000000
1.6281000000
2.3961000000
1.6281000000
2.3961000000
1.6281000000
2.3961000000
1.6281000000
2.3961000000
1.6281000000
2.3961000000
1.6281000000
2.3961000000
1.6281000000
2.3961000000
1.6281000000
2.3961000000
1.6281000000
2.3961000000
1.6281000000
2.3961000000
1.6281000000
2.3961000000
1.6281000000
2.3961000000
1.6281000000
2.3961000000
1.6281000000
2.3961000000
1.6281000000
2.3961000000
1.6281000000
2.3961000000
1.6281000000
2.3961000000
1.6281000000
2.3961000000
1.6281000000
2.3961000000
1.6281000000
2.3961000000
1.6281000000
2.3961000000
1.6281000000
2.3961000000
1.6281000000
2.3961000000
1.6281000000
2.3961000000
1.6281000000
2.3961000000
1.6281000000
2.3961000000
1.6281000000
2.3961000000
1.6281000000
2.3961000000
1.6281000000
2.3961000000
1.6281000000
2.3961000000
1.6281000000
2.3961000000
1.6281000000
2.3961000000
1.6281000000
2.3961000000
1.6281000000
2.3961000000
1.6281000000
2.3961000000
1.6281000000
2.3961000000
1.6281000000
2.3961000000
1.6281000000
2.3961000000
1.6281000000
2.3961000000
1.6281000000
3.9743000000
-1.7754000000
-2.3499000000
-1.7077000000
-2.3776000000
-1.6604000000
-2.3904000000
-1.6381000000
-2.3946000000
-1.6307000000
-2.3957000000
-1.6287000000
-2.3960000000
-1.6282000000
-2.3960000000
-1.6281000000
-2.3961000000
-1.6281000000
-2.3961000000
-1.6281000000
-2.3961000000
-1.6281000000
-2.3961000000
-1.6281000000
-2.3961000000
-1.6281000000
-2.3961000000
-1.6281000000
-2.3961000000
-1.6281000000
-2.3961000000
-1.6281000000
-2.3961000000
-1.6281000000
-2.3961000000
-1.6281000000
-2.3961000000
-1.6281000000
-2.3961000000
-1.6281000000
-2.3961000000
-1.6281000000
-2.3961000000
-1.6281000000
-2.3961000000
-1.6281000000
-2.3961000000
-1.6281000000
-2.3961000000
-1.6281000000
-2.3961000000
-1.6281000000
-2.3961000000
-1.6281000000
-2.3961000000
-1.6281000000
-2.3961000000
-1.6281000000
-2.3961000000
-1.6281000000
-2.3961000000
-1.6281000000
-2.3961000000
-1.6281000000
-2.3961000000
-1.6281000000
-2.3961000000
-1.6281000000
-2.3961000000
-1.6281000000
-2.3961000000
-1.6281000000
-2.3961000000
-1.6281000000
-2.3961000000
-1.6281000000
-2.3961000000
-1.6281000000
-2.3961000000
-1.6281000000
-2.3961000000
-1.6281000000
-2.3961000000
-1.6281000000
-2.3961000000
-1.6281000000
-2.3961000000
-1.6281000000
-2.3961000000
-1.6281000000
-2.3961000000
-1.6281000000
-2.3961000000
-1.6281000000
-2.3961000000
-1.6281000000
-2.3961000000
-1.6281000000
-2.3961000000
-1.6281000000
-2.3961000000
-1.6281000000
-2.3961000000
-1.6281000000
-2.3961000000
-1.6281000000
-2.3961000000
-1.6281000000
-2.3961000000
-1.6281000000
-2.3961000000
-1.6281000000
-2.3961000000
-1.6281000000
-2.3961000000
-1.6281000000
-2.3961000000
-1.6281000000
-2.3961000000
-1.6281000000
-2.3961000000
-1.6281000000
-2.3961000000
-1.6281000000
-2.3961000000
-1.6281000000
-2.3961000000
-1.6281000000
-2.3961000000
-1.6281000000
-2.3961000000
-1.6281000000
-2.3961000000
-1.6281000000
-2.3961000000
-1.6281000000
-2.3961000000
-1.6281000000
-2.3961000000
-1.6281000000
-2.3961000000
-1.6281000000
-2.3961000000
-1.6281000000
-2.3961000000
-1.6281000000
-2.3961000000
-1.6281000000
-2.3961000000
-1.6281000000
-2.3961000000
-1.6281000000
-2.3961000000
-1.6281000000
-2.3961000000
-1.6281000000
-2.3961000000
-1.6281000000
-1.6148000000
-2.3977000000
-1.6252000000
-2.3964000000
-1.6274000000
-2.3962000000
-1.6279000000
-2.3961000000
-1.6280000000
-2.3961000000
-1.6281000000
-2.3961000000
-1.6281000000
-2.3961000000
-1.6281000000
-2.3961000000
-1.6281000000
-2.3961000000
-1.6281000000
-2.3961000000
-1.6281000000
-2.3961000000
-1.6281000000
-2.3961000000
-1.6281000000
-2.3961000000
-1.6281000000
-2.3961000000
-1.6281000000
-2.3961000000
-1.6281000000
-2.3961000000
-1.6281000000
-2.3961000000
-1.6281000000
-2.3961000000
-1.6281000000
-2.3961000000
-1.6281000000
-2.3961000000
-1.6281000000
-2.3961000000
-1.6281000000
-2.3961000000
-1.6281000000
-2.3961000000
-1.6281000000
-2.3961000000
-1.6281000000
-2.3961000000
-1.6281000000
-2.3961000000
-1.6281000000
-2.3961000000
-1.6281000000
-2.3961000000
-1.6281000000
-2.3961000000
-1.6281000000
-2.3961000000
-1.6281000000
-2.3961000000
-1.6281000000
-2.3961000000
-1.6281000000
-2.3961000000
-1.6281000000
-2.3961000000
-1.6281000000
-2.3961000000
-1.6281000000
-2.3961000000
-1.6281000000
-2.3961000000
-1.6281000000
-2.3961000000
-1.6281000000
-2.3961000000
-1.6281000000
-2.3961000000
-1.6281000000
-2.3961000000
-1.6281000000
-2.3961000000
-1.6281000000
-2.3961000000
-1.6281000000
-2.3961000000
-1.6281000000
-2.3961000000
-1.6281000000
-2.3961000000
-1.6281000000
-2.3961000000
-1.6281000000
-2.3961000000
-1.6281000000
-2.3961000000
-1.6281000000
-2.3961000000
-1.6281000000
-2.3961000000
-1.6281000000
-2.3961000000
-1.6281000000
-2.3961000000
-1.6281000000
-2.3961000000
-1.6281000000
-2.3961000000
-1.6281000000
-2.3961000000
-1.6281000000
-2.3961000000
-1.6281000000
-2.3961000000
-1.6281000000
-2.3961000000
-1.6281000000
-2.3961000000
-1.6281000000
-2.3961000000
-1.6281000000
-2.3961000000
-1.6281000000
-2.3961000000
-1.6281000000
-2.3961000000
-1.6281000000
-2.3961000000
-1.6281000000
-2.3961000000
-1.6281000000
-2.3961000000
-1.6281000000
-2.3961000000
-1.6281000000
-2.3961000000
-1.6281000000
-2.3961000000
-1.6281000000
-2.3961000000
-1.6281000000
-3.6982000000
1.2680000000
2.2908000000
1.8043000000
2.3349000000
1.7329000000
2.3686000000
1.6760000000
2.3867000000
1.6444000000
2.3935000000
1.6326000000
2.3954000000
1.6292000000
2.3959000000
1.6283000000
2.3960000000
1.6281000000
2.3961000000
1.6281000000
2.3961000000
1.6281000000
2.3961000000
1.6281000000
2.3961000000
1.6281000000
2.3961000000
1.6281000000
2.3961000000
1.6281000000
2.3961000000
1.6281000000
2.3961000000
1.6281000000
2.3961000000
1.6281000000
2.3961000000
1.6281000000
2.3961000000
1.6281000000
2.3961000000
1.6281000000
2.3961000000
1.6281000000
2.3961000000
1.6281000000
2.3961000000
1.6281000000
2.5139000000
1.4094000000
2.3688000000
1.6755000000
2.3869000000
1.6442000000
2.3935000000
1.6325000000
2.3954000000
1.6292000000
2.3959000000
1.6283000000
2.3960000000
1.6281000000
2.3961000000
1.6281000000
2.3961000000
1.6281000000
2.3961000000
1.6281000000
2.3961000000
1.6281000000
2.3961000000
1.6281000000
2.3961000000
1.6281000000
2.3961000000
1.6281000000
2.3961000000
1.6281000000
2.3961000000
1.6281000000
2.3961000000
1.6281000000
2.3961000000
1.6281000000
2.3961000000
1.6281000000
2.3961000000
1.6281000000
2.3961000000
1.6281000000
2.3961000000
1.6281000000
2.3961000000
1.6281000000
2.3961000000
1.6281000000
2.3961000000
1.6281000000
2.3961000000
1.6281000000
2.3961000000
1.6281000000
2.3961000000
1.6281000000
2.3961000000
1.6281000000
2.3961000000
1.6281000000
2.3961000000
1.6281000000
2.3961000000
1.6281000000
2.3961000000
1.6281000000
2.3961000000
1.6281000000
2.3961000000
1.6281000000
2.3961000000
1.6281000000
2.3961000000
1.6281000000
2.3961000000
1.6281000000
2.3961000000
1.6281000000
2.3961000000
1.6281000000
2.3961000000
1.6281000000
2.3961000000
1.6281000000
2.3961000000
1.6281000000
2.3961000000
1.6281000000
2.3961000000
1.6281000000
2.3961000000
1.6281000000
2.3961000000
1.6281000000
2.3961000000
1.6281000000
2.3961000000
1.6281000000
2.3961000000
1.6281000000
2.3961000000
1.6281000000
2.3961000000
1.6281000000
2.3961000000
1.6281000000
2.3961000000
1.6281000000
2.3961000000
1.6281000000
2.3961000000
1.6281000000
2.3961000000
1.6281000000
2.3961000000
1.6281000000
2.3961000000
1.6281000000
2.3961000000
1.6281000000
2.3961000000
1.6281000000
2.3961000000
1.6281000000
2.3961000000
1.6281000000
2.3961000000
1.6281000000
2.3961000000
1.6281000000
2.3961000000
1.6281000000
2.3961000000
1.6281000000
2.3961000000
1.6281000000
2.3961000000
1.6281000000
2.3961000000
1.6281000000
2.3961000000
1.6281000000
2.3961000000
1.6281000000
2.3961000000
1.6281000000
2.3961000000
1.6281000000
2.3961000000
1.6281000000
2.3961000000
1.6281000000
2.3961000000
1.6281000000
2.3961000000
1.6281000000
2.3961000000
1.6281000000
2.3961000000
1.6281000000
2.3961000000
1.6281000000
2.3961000000
1.6281000000
2.3961000000
1.6281000000
2.3961000000
1.6281000000
2.3961000000
1.6281000000
2.3961000000
1.6281000000
2.3961000000
1.6281000000
2.3961000000
1.6281000000
2.3961000000
1.6281000000
2.3961000000
1.6281000000
2.3961000000
1.6281000000
2.3961000000
1.6281000000
2.3961000000
1.6281000000
2.3961000000
1.6281000000
2.3961000000
1.6281000000
2.3961000000
1.6281000000
2.3961000000
1.6281000000
2.3961000000
1.6281000000
2.3961000000
1.6281000000
2.3961000000
1.6281000000
2.3961000000
1.6281000000
2.3961000000
1.6281000000
2.3961000000
1.6281000000
2.3961000000
1.6281000000
2.3961000000
1.6281000000
2.3961000000
1.6281000000
2.3961000000
1.6281000000
2.3961000000
1.6281000000
2.3961000000
1.6281000000
2.3961000000
1.6281000000
2.3961000000
1.6281000000
2.3961000000
1.6281000000
2.3961000000
1.6281000000
2.3961000000
1.6281000000
2.3961000000
1.6281000000
2.3961000000
1.6281000000
2.3961000000
1.6281000000
2.3961000000
1.6281000000
2.3961000000
1.6281000000
2.3961000000
1.6281000000
2.3961000000
1.6281000000
2.3961000000
1.6281000000
2.3961000000
1.6281000000
2.3961000000
1.6281000000
2.3961000000
1.6281000000
2.3961000000
1.6281000000
2.3961000000
1.6281000000
2.3961000000
1.6281000000
2.3961000000
1.6281000000
2.3961000000
1.6281000000
2.3961000000
1.6281000000
2.3961000000
1.6281000000
2.3961000000
1.6281000000
2.3961000000
1.6281000000
2.3961000000
1.6281000000
2.3961000000
1.6281000000
2.3961000000
1.6281000000
2.3961000000
1.6281000000
2.3961000000
1.6281000000
2.3961000000
1.6281000000
2.3961000000
1.6281000000
2.3961000000
1.6281000000
2.3961000000
1.6281000000
2.3961000000
1.6281000000
2.3961000000
1.6281000000
2.3961000000
1.6281000000
2.3961000000
1.6281000000
2.3961000000
1.6281000000
2.3961000000
1.6281000000
2.3961000000
1.6281000000
2.3961000000
1.6281000000
2.3961000000
1.6281000000
2.3961000000
1.6281000000
2.3961000000
1.6281000000
2.3961000000
1.6281000000
2.3961000000
1.6281000000
2.3961000000
1.6281000000
2.3961000000
1.6281000000
2.3961000000
1.6281000000
2.3961000000
1.6281000000
2.3961000000
1.6281000000
2.3961000000
1.6281000000
2.3961000000
1.6281000000
2.3961000000
1.6281000000
2.3961000000
1.6281000000
2.3961000000
1.6281000000
2.3961000000
1.6281000000
2.3961000000
1.6281000000
2.3961000000
1.6281000000
2.3961000000
1.6281000000
2.3961000000
1.6281000000
2.3961000000
1.6281000000
2.3961000000
1.6281000000
2.3961000000
1.6281000000
2.3961000000
1.6281000000
2.3961000000
1.6281000000
2.3961000000
1.6281000000
2.3961000000
1.6281000000
2.3961000000
1.6281000000
2.3961000000
1.6281000000
2.3961000000
1.6281000000
2.3961000000
1.6281000000
2.3961000000
1.6281000000
2.3961000000
1.6281000000
2.3961000000
1.6281000000
2.3961000000
1.6281000000
2.3961000000
1.6281000000
2.3961000000
1.6281000000
2.3961000000
1.6281000000
2.3961000000
1.6281000000
2.3961000000
1.6281000000
2.3961000000
1.6281000000
2.3961000000
1.6281000000
2.3961000000
1.6281000000
2.3961000000
1.6281000000
2.3961000000
1.6281000000
2.3961000000
1.6281000000
2.3961000000
1.6281000000
2.3961000000
1.6281000000
2.3961000000
1.6281000000
2.3961000000
1.6281000000
2.3961000000
1.6281000000
2.3961000000
1.6281000000
2.3961000000
1.6281000000
2.3961000000
1.6281000000
2.3961000000
1.6281000000
2.3961000000
1.6281000000
2.3961000000
1.6281000000
2.3961000000
1.6281000000
2.3961000000
1.6281000000
2.3961000000
1.6281000000
2.3961000000
1.6281000000
2.3961000000
1.6281000000
2.3961000000
1.6281000000
2.3961000000
1.6281000000
2.3961000000
1.6281000000
2.3961000000
1.6281000000
2.3961000000
1.6281000000
2.3961000000
1.6281000000
2.3961000000
1.6281000000
2.3961000000
1.6281000000
2.3961000000
1.6281000000
2.3961000000
1.6281000000
2.3961000000
1.6281000000
2.3961000000
1.6281000000
2.3961000000
1.6281000000
2.3961000000
1.6281000000
2.3961000000
1.6281000000
2.3961000000
1.6281000000
2.3961000000
1.6281000000
2.3961000000
1.6281000000
2.3961000000
1.6281000000
2.3961000000
1.6281000000
2.3961000000
1.6281000000
2.3961000000
1.6281000000
2.3961000000
1.6281000000
2.3961000000
1.6281000000
2.3961000000
1.6281000000
2.3961000000
1.6281000000
2.3961000000
1.6281000000
2.3961000000
1.6281000000
2.3961000000
1.6281000000
2.3961000000
1.6281000000
2.3961000000
1.6281000000
2.3961000000
1.6281000000
2.3961000000
1.6281000000
2.3961000000
1.6281000000
2.3961000000
1.6281000000
2.3961000000
1.6281000000
2.3961000000
1.6281000000
2.3961000000
1.6281000000
2.3961000000
1.6281000000
2.3961000000
1.6281000000
2.3961000000
1.6281000000
2.3961000000
1.6281000000
2.3961000000
1.6281000000
2.3961000000
1.6281000000
2.3961000000
1.6281000000
2.3961000000
1.6281000000
2.3961000000
1.6281000000
2.3961000000
1.6281000000
2.3961000000
1.6281000000
2.3961000000
1.6281000000
2.3961000000
1.6281000000
2.3961000000
1.6281000000
2.3961000000
1.6281000000
2.3961000000
1.6281000000
2.3961000000
1.6281000000
2.3961000000
1.6281000000
2.3961000000
1.6281000000
2.3961000000
1.6281000000
2.3961000000
1.6281000000
2.3961000000
1.6281000000
2.3961000000
1.6281000000
2.3961000000
1.6281000000
2.3961000000
1.6281000000
2.3961000000
1.6281000000
2.3961000000
1.6281000000
2.3961000000
1.6281000000
2.3961000000
1.6281000000
2.3961000000
1.6281000000
2.3961000000
1.6281000000
2.3961000000
1.6281000000
2.3961000000
1.6281000000
2.3961000000
1.6281000000
2.3961000000
1.6281000000
2.3961000000
1.6281000000
2.3961000000
1.6281000000
2.3961000000
1.6281000000
2.3961000000
1.6281000000
2.3961000000
1.6281000000
2.3961000000
1.6281000000
2.3961000000
1.6281000000
2.3961000000
-0.3215600000
-0.7585100000
-1.6508000000
-2.3923000000
-1.6347000000
-2.3951000000
-1.6297000000
-2.3958000000
-1.6285000000
-2.3960000000
0.2519800000
0.5983700000
1.3519000000
2.3427000000
1.7197000000
2.3734000000
1.6676000000
2.3888000000
1.6409000000
2.3941000000
1.6315000000
2.3956000000
1.6289000000
2.3959000000
1.6283000000
2.3960000000
1.6281000000
2.3961000000
1.6281000000
2.3961000000
1.6281000000
2.3961000000
1.6281000000
2.3961000000
1.6281000000
2.3961000000
1.6281000000
2.3961000000
1.6281000000
2.3961000000
1.6281000000
2.3961000000
1.6281000000
2.3961000000
1.6281000000
2.3961000000
1.6281000000
2.3961000000
1.6281000000
2.3961000000
1.6281000000
2.3961000000
1.6281000000
2.3961000000
1.6281000000
2.3961000000
1.6281000000
2.3961000000
1.6281000000
2.3961000000
1.6281000000
2.3961000000
1.6281000000
2.3961000000
1.6281000000
2.3961000000
1.6281000000
2.3961000000
1.6281000000
2.3961000000
1.6281000000
2.3961000000
1.6281000000
2.3961000000
1.6281000000
2.3961000000
1.6281000000
2.3961000000
1.6281000000
2.3961000000
1.6281000000
2.3961000000
1.6281000000
2.3961000000
1.6281000000
2.3961000000
1.6281000000
2.3961000000
1.6281000000
2.3961000000
1.6281000000
2.3961000000
1.6281000000
2.3961000000
1.6281000000
2.3961000000
1.6281000000
2.3961000000
1.6281000000
2.3961000000
1.6281000000
2.3961000000
1.6281000000
2.3961000000
1.6281000000
2.3961000000
1.6281000000
2.3961000000
1.6281000000
2.3961000000
1.6281000000
2.3961000000
1.6281000000
2.3961000000
1.6281000000
2.3961000000
1.6281000000
2.3961000000
1.6281000000
2.3961000000
1.6281000000
2.3961000000
1.6281000000
2.3961000000
1.6281000000
2.3961000000
1.6281000000
2.3961000000
1.6281000000
2.3961000000
1.6281000000
2.3961000000
1.6281000000
2.3961000000
1.6281000000
2.3961000000
1.6281000000
2.3961000000
1.6281000000
2.3961000000
1.6281000000
2.3961000000
1.6281000000
2.3961000000
1.6281000000
2.3961000000
1.6281000000
2.3961000000
1.6281000000
2.3961000000
1.6281000000
2.3961000000
1.6281000000
2.3961000000
1.6281000000
2.3961000000
1.6281000000
2.3961000000
1.6281000000
2.3961000000
1.6281000000
2.3961000000
1.6281000000
2.3961000000
1.6281000000
2.3961000000
1.6281000000
2.3961000000
1.6281000000
2.3961000000
1.6281000000
2.3961000000
1.6281000000
2.3961000000
1.6281000000
2.3961000000
1.6281000000
2.3961000000
1.6281000000
2.3961000000
1.6281000000
2.3961000000
1.6281000000
2.3961000000
1.6281000000
2.3961000000
1.6281000000
2.3961000000
1.6281000000
2.3961000000
1.6281000000
2.3961000000
1.6281000000
2.3961000000
1.6281000000
2.3961000000
1.6281000000
2.8146000000
0.7707900000
1.6721000000
2.3877000000
1.6428000000
2.3938000000
1.6321000000
2.3955000000
1.6291000000
2.3959000000
1.6283000000
2.3960000000
1.6281000000
2.3961000000
1.6281000000
2.3961000000
1.6281000000
2.3961000000
1.6281000000
2.3961000000
1.6281000000
2.3961000000
1.6281000000
2.3961000000
0.1506000000
0.3600800000
0.8456400000
1.7961000000
2.3393000000
1.7255000000
2.3714000000
1.6711000000
2.3879000000
1.6424000000
2.3939000000
1.6320000000
2.3955000000
1.6290000000
2.3959000000
1.6283000000
2.3960000000
1.6281000000
2.3961000000
1.6281000000
2.3961000000
1.6281000000
2.3961000000
1.6281000000
2.3961000000
1.6281000000
2.3961000000
1.6281000000
2.3961000000
1.6281000000
2.3961000000
1.6281000000
2.3961000000
1.6281000000
2.3961000000
1.6281000000
2.3961000000
1.6281000000
2.3961000000
1.6281000000
2.3961000000
1.6281000000
2.3961000000
1.6281000000
2.3961000000
1.6281000000
2.3961000000
1.6281000000
2.3961000000
1.6281000000
2.3961000000
1.6281000000
2.3961000000
1.6281000000
2.3961000000
1.6281000000
2.3961000000
1.6281000000
2.3961000000
1.6281000000
2.3961000000
1.6281000000
2.3961000000
1.6281000000
2.3961000000
1.6281000000
2.3961000000
1.6281000000
2.3961000000
1.6281000000
2.3961000000
1.6281000000
2.3961000000
1.6281000000
2.3961000000
1.6281000000
2.3961000000
1.6281000000
2.3961000000
1.6281000000
2.3961000000
1.6281000000
2.3961000000
1.6281000000
2.3961000000
1.6281000000
2.3961000000
1.6281000000
2.3961000000
1.6281000000
2.3961000000
1.6281000000
2.3961000000
1.6281000000
2.3961000000
1.6281000000
2.3961000000
1.6281000000
2.3961000000
1.6281000000
2.3961000000
1.6281000000
2.3961000000
1.6281000000
2.3961000000
1.6281000000
2.3961000000
1.6281000000
2.3961000000
1.6281000000
2.3961000000
1.6281000000
2.3961000000
1.6281000000
2.3961000000
1.6281000000
2.3961000000
1.6281000000
2.3961000000
1.6281000000
2.3961000000
1.6281000000
2.3961000000
1.6281000000
2.3961000000
1.6281000000
2.3961000000
1.6281000000
2.3961000000
1.6281000000
2.3961000000
1.6281000000
2.3961000000
1.6281000000
2.3961000000
1.6281000000
2.3961000000
1.6281000000
2.3961000000
1.6281000000
2.3961000000
1.6281000000
2.3961000000
1.6281000000
2.3961000000
1.6281000000
2.3961000000
1.6281000000
2.3961000000
1.6281000000
2.3961000000
1.6281000000
2.3961000000
1.6281000000
2.3961000000
1.6281000000
2.3961000000
1.6281000000
2.3961000000
1.6281000000
2.3961000000
1.6281000000
2.3961000000
1.6281000000
2.3961000000
1.6281000000
2.3961000000
1.6281000000
2.3961000000
1.6281000000
2.3961000000
1.6281000000
2.3961000000
1.6281000000
2.3961000000
1.6281000000
2.3961000000
1.6281000000
2.3961000000
1.6281000000
2.3961000000
1.6281000000
2.3961000000
1.6281000000
2.3961000000
1.6281000000
2.3961000000
1.6281000000
2.3961000000
1.6281000000
2.3961000000
1.6281000000
2.3961000000
1.6281000000
2.3961000000
1.6281000000
2.3961000000
1.6281000000
2.3961000000
1.6281000000
2.3961000000
1.6281000000
2.3961000000
1.6281000000
2.3961000000
1.6281000000
2.3961000000
1.6281000000
2.3961000000
1.6281000000
2.3961000000
1.6281000000
2.3961000000
1.6281000000
2.3961000000
1.6281000000
2.3961000000
1.6281000000
2.3961000000
1.6281000000
2.3961000000
1.6281000000
2.3961000000
1.6281000000
2.3961000000
1.6281000000
2.3961000000
1.6281000000
2.3961000000
1.6281000000
2.3961000000
1.6281000000
2.3961000000
1.6281000000
2.3961000000
1.6281000000
2.3961000000
1.6281000000
2.3961000000
1.6281000000
2.3961000000
1.6281000000
2.3961000000
1.6281000000
2.3961000000
1.6281000000
2.3961000000
1.6281000000
2.3961000000
1.6281000000
2.3961000000
1.6281000000
2.3961000000
1.6281000000
2.3961000000
1.6281000000
2.3961000000
1.6281000000
2.3961000000
1.6281000000
2.3961000000
1.6281000000
2.3961000000
1.6281000000
2.3961000000
1.6281000000
2.3961000000
1.6281000000
2.3961000000
1.6281000000
2.3961000000
1.6281000000
2.3961000000
1.6281000000
2.3961000000
1.6281000000
2.3961000000
1.6281000000
2.3961000000
1.6281000000
2.3961000000
1.6281000000
2.3961000000
1.6281000000
2.3961000000
1.6281000000
2.3961000000
1.6281000000
2.3961000000
1.6281000000
2.3961000000
1.6281000000
2.3961000000
1.6281000000
2.3961000000
1.6281000000
2.3961000000
1.6281000000
2.3961000000
1.6281000000
2.3961000000
1.6281000000
2.3961000000
1.6281000000
2.3961000000
1.6281000000
3.5363000000
-0.9229400000
-1.9137000000
-2.2603000000
-1.8518000000
-2.3059000000
-1.7803000000
-2.3475000000
-1.7117000000
-2.3762000000
-1.6627000000
-2.3899000000
-1.6390000000
-2.3944000000
-1.6310000000
-2.3957000000
-1.6288000000
-2.3960000000
-1.6282000000
-2.3960000000
-1.6281000000
-2.3961000000
-1.6281000000
-2.3961000000
-1.6281000000
-2.3961000000
-1.6281000000
-2.3961000000
-1.6281000000
-2.3961000000
-1.6281000000
-2.3961000000
-1.6281000000
-2.3961000000
-1.6281000000
-2.3961000000
-1.6281000000
-2.3961000000
-1.6281000000
-2.3961000000
-1.6281000000
-2.3961000000
-1.6281000000
-2.3961000000
-1.6281000000
-2.3961000000
-1.7123000000
-2.3760000000
-1.6631000000
-2.3898000000
-1.6391000000
-2.3944000000
-1.6310000000
-2.3957000000
-1.6288000000
-2.3960000000
-1.6282000000
-2.3960000000
-1.6281000000
-2.3961000000
-1.6281000000
-2.3961000000
-1.6281000000
-2.3961000000
-1.6281000000
-2.3961000000
-1.6281000000
-2.3961000000
-1.6281000000
-2.3961000000
-1.6281000000
-2.3961000000
-1.6281000000
-2.3961000000
-1.6281000000
-2.3961000000
-1.6281000000
-2.3961000000
-1.6281000000
-2.3961000000
-1.6281000000
-2.3961000000
-1.6281000000
-2.3961000000
-1.6281000000
-2.3961000000
-1.6281000000
-2.3961000000
-1.6281000000
-2.3961000000
-1.6281000000
-2.3961000000
-1.6281000000
-2.3961000000
-1.6281000000
-2.3961000000
-1.6281000000
-2.3961000000
-1.6281000000
-2.3961000000
-1.6281000000
-2.3961000000
-1.6281000000
-2.3961000000
-1.6281000000
-2.3961000000
-1.6281000000
-2.3961000000
-1.6281000000
-2.3961000000
-1.6281000000
-2.3961000000
-1.6281000000
-2.3961000000
-1.6281000000
-2.3961000000
-1.6281000000
-2.3961000000
-1.6281000000
-2.3961000000
-1.6281000000
-2.3961000000
-1.6281000000
-2.3961000000
-1.6281000000
-2.3961000000
-1.6281000000
-2.3961000000
-0.6287300000
-1.4115000000
-2.3696000000
-1.6741000000
-2.3872000000
-1.6436000000
-2.3936000000
-1.6323000000
-2.3955000000
-1.6291000000
-2.3959000000
-1.6283000000
-2.3960000000
-1.6281000000
-2.3961000000
-1.6281000000
-2.3961000000
-1.6281000000
-2.3961000000
-1.6281000000
-2.3961000000
-1.6281000000
-2.3961000000
-1.6281000000
-2.3961000000
-1.6281000000
-2.3961000000
-1.6281000000
-2.3961000000
-1.6281000000
-2.3961000000
-1.6281000000
-2.3961000000
-1.6281000000
-2.3961000000
-1.6281000000
-2.3961000000
-1.6281000000
-2.3961000000
-1.6281000000
-2.3961000000
-1.6281000000
-2.3961000000
-1.6281000000
-2.3961000000
-1.6281000000
-2.3961000000
-1.6281000000
-2.3961000000
-1.6281000000
-2.3961000000
-1.6281000000
-2.3961000000
-1.6281000000
-2.3961000000
-1.6281000000
-2.3961000000
-1.6281000000
-2.3961000000
-1.6281000000
-2.3961000000
-1.6281000000
-2.3961000000
-1.6281000000
-2.3961000000
-1.6281000000
-2.3961000000
-1.6281000000
-2.3961000000
-1.6281000000
-2.3961000000
-1.6281000000
-4.1650000000
2.0493000000
2.1305000000
2.0338000000
2.1473000000
2.0121000000
2.1700000000
1.9818000000
2.2001000000
1.9402000000
2.2381000000
1.8852000000
2.2823000000
1.8177000000
2.3272000000
1.7455000000
2.3635000000
1.6846000000
2.3845000000
1.6484000000
2.3928000000
1.6339000000
2.3952000000
1.6295000000
2.3959000000
1.6284000000
2.3960000000
1.6281000000
2.3961000000
1.6281000000
2.3961000000
1.6281000000
2.3961000000
1.6281000000
2.3961000000
1.6281000000
2.3961000000
1.6281000000
2.3961000000
1.6281000000
2.3961000000
1.6281000000
2.3961000000
1.6281000000
2.3961000000
1.6281000000
2.3961000000
1.6281000000
2.3961000000
1.6281000000
2.3961000000
1.6281000000
2.3961000000
1.6281000000
2.3961000000
1.6281000000
2.3961000000
1.6281000000
2.3961000000
1.6281000000
2.3961000000
1.6281000000
2.3961000000
1.6281000000
2.3961000000
1.6281000000
2.3961000000
1.6281000000
2.3961000000
1.6281000000
2.3961000000
1.6281000000
2.3961000000
1.6281000000
2.3961000000
1.6281000000
2.3961000000
1.6281000000
2.3961000000
1.6281000000
2.3961000000
1.6281000000
2.3961000000
1.6281000000
2.3961000000
1.6281000000
2.3961000000
1.6281000000
2.3961000000
1.6281000000
2.3961000000
1.6281000000
2.3961000000
1.6281000000
2.3961000000
1.6281000000
2.3961000000
1.6281000000
2.3961000000
1.6281000000
2.3961000000
1.6281000000
2.3961000000
1.6281000000
2.3961000000
1.6281000000
2.3961000000
1.6281000000
2.3961000000
1.6281000000
2.3961000000
1.6281000000
2.3961000000
1.6281000000
2.3961000000
1.6281000000
2.3961000000
1.6281000000
2.3961000000
1.6281000000
2.3961000000
1.6281000000
3.1323000000
0.0222670000
0.0534360000
0.1281900000
0.3068000000
0.7248300000
1.5912000000
2.3995000000
1.6220000000
2.3969000000
1.6267000000
2.3963000000
1.6277000000
2.3961000000
1.6280000000
2.3961000000
1.6280000000
2.3961000000
1.6281000000
2.3961000000
1.6281000000
2.3961000000
1.6281000000
2.3961000000
1.6281000000
2.3961000000
1.6281000000
2.3961000000
1.6281000000
2.3961000000
1.6281000000
2.3961000000
3.3448000000
-0.4842400000
-1.1173000000
-2.1574000000
-1.9988000000
-2.1835000000
-1.9634000000
-2.2174000000
-1.9155000000
-2.2588000000
-1.8540000000
-2.3044000000
-1.7826000000
-2.3463000000
-1.7137000000
-2.3755000000
-1.6639000000
-2.3896000000
-1.6394000000
-2.3944000000
-1.6311000000
-2.3956000000
-1.6288000000
-2.3960000000
-1.6282000000
-2.3960000000
-1.6281000000
-2.3961000000
-1.6281000000
-2.3961000000
-1.6281000000
-2.3961000000
-1.6281000000
-2.3961000000
-1.6281000000
-2.3961000000
-1.6281000000
-2.3961000000
-1.6281000000
-2.3961000000
-1.6281000000
-2.3961000000
-1.6281000000
-2.3961000000
-1.6281000000
-2.3961000000
-1.6281000000
-2.3961000000
-1.6281000000
-2.3961000000
-1.6281000000
-2.3961000000
-1.6281000000
-2.3961000000
-1.6281000000
-2.3961000000
-1.6281000000
-2.3961000000
-1.6281000000
-2.3961000000
-1.6281000000
-2.3961000000
-1.6281000000
-2.3961000000
-1.6281000000
-2.3961000000
-1.6281000000
-2.3961000000
-1.6281000000
-2.3961000000
-1.6281000000
-2.3961000000
-1.6281000000
-2.3961000000
-1.6281000000
-2.3961000000
-1.6281000000
-2.3961000000
-1.6281000000
-2.3961000000
-1.6281000000
-2.3961000000
-1.6281000000
-2.3961000000
-1.6281000000
-2.3961000000
-1.6281000000
-2.3961000000
-1.6281000000
-2.3961000000
-1.6281000000
-2.3961000000
-1.6281000000
-2.3961000000
-1.6281000000
-2.3961000000
-1.6281000000
-2.3961000000
-1.6281000000
-2.3961000000
-1.6281000000
-2.3961000000
-1.6281000000
-2.3961000000
-1.6281000000
-2.3961000000
-1.6281000000
-2.3961000000
-1.6281000000
-2.3961000000
-1.6281000000
-2.3961000000
-1.6281000000
-2.3961000000
-1.6281000000
-2.3961000000
-1.6281000000
-2.3961000000
-1.6281000000
-2.3961000000
-1.6281000000
-2.3961000000
-1.6281000000
-2.3961000000
-1.6281000000
-2.3961000000
-1.6281000000
-2.3961000000
-1.6281000000
-2.3961000000
-1.6281000000
-2.3961000000
-1.6281000000
-2.3961000000
-1.6281000000
-2.3961000000
-1.6281000000
-2.3961000000
-1.6281000000
-2.3961000000
-1.6281000000
-2.3961000000
-1.6281000000
-2.3961000000
-1.6281000000
-2.9348000000
-0.4927700000
-1.1354000000
-2.1760000000
-1.9737000000
-2.2079000000
-1.9292000000
-2.2475000000
-1.8712000000
-2.2925000000
-1.8016000000
-2.3364000000
-1.7304000000
-2.3695000000
-1.6743000000
-2.3872000000
-1.6437000000
-2.3936000000
-1.6324000000
-2.3955000000
-1.6291000000
-2.3959000000
-1.6283000000
-2.3960000000
-1.6281000000
-2.3961000000
-1.6281000000
-2.3961000000
-1.6281000000
-2.3961000000
-1.6281000000
-2.3961000000
-1.6281000000
-2.3961000000
-1.6281000000
-2.3961000000
-1.6281000000
-2.3961000000
-1.6281000000
-2.3961000000
-1.6281000000
-2.3961000000
-1.6281000000
-2.3961000000
-1.6281000000
-2.3961000000
-1.6281000000
-2.3961000000
-1.6281000000
-2.3961000000
-1.6281000000
-2.3961000000
-3.3192000000
0.4240600000
0.9875200000
2.0032000000
2.1791000000
1.9695000000
2.2118000000
1.9236000000
2.2522000000
1.8641000000
2.2975000000
1.7937000000
2.3406000000
1.7233000000
2.3722000000
1.6697000000
2.3883000000
1.6418000000
2.3940000000
1.6318000000
2.3955000000
1.6290000000
2.3959000000
1.6283000000
2.3960000000
1.6281000000
2.3961000000
1.6281000000
2.3961000000
1.6281000000
2.3961000000
1.6281000000
2.3961000000
1.6281000000
2.3961000000
1.6281000000
2.3961000000
1.6281000000
2.3961000000
1.6281000000
2.3961000000
1.6281000000
2.3961000000
1.6281000000
2.3961000000
1.6281000000
2.3961000000
1.6281000000
2.3961000000
1.6281000000
2.3961000000
1.6281000000
2.3961000000
1.6281000000
2.3961000000
1.6281000000
2.3961000000
1.6281000000
2.3961000000
1.6281000000
2.3961000000
1.6281000000
2.3961000000
1.6281000000
2.3961000000
1.6281000000
2.3961000000
1.6281000000
2.3961000000
1.6281000000
2.3961000000
1.6281000000
2.3961000000
1.6281000000
2.3961000000
1.6281000000
2.3961000000
1.6281000000
2.3961000000
1.6281000000
2.3961000000
1.6281000000
2.3961000000
1.6281000000
2.3961000000
1.6281000000
2.3961000000
1.6281000000
2.3961000000
1.6281000000
2.3961000000
1.6281000000
2.3961000000
1.6281000000
2.3961000000
1.6281000000
2.3961000000
1.6281000000
2.3961000000
1.6281000000
2.3961000000
1.6281000000
2.3961000000
1.6281000000
2.3961000000
1.6281000000
2.3961000000
1.6281000000
2.3961000000
1.6281000000
2.3961000000
1.6281000000
2.3961000000
1.6281000000
2.3961000000
1.6281000000
2.3961000000
1.6281000000
2.3961000000
1.6281000000
2.3961000000
1.6281000000
2.3961000000
1.6281000000
2.3961000000
1.6281000000
2.3961000000
1.6281000000
2.3961000000
1.6281000000
2.3961000000
1.6281000000
2.3961000000
1.6281000000
2.3961000000
1.6281000000
2.3961000000
1.6281000000
2.3961000000
1.6281000000
2.3961000000
1.6281000000
2.3961000000
1.6281000000
2.3961000000
1.6281000000
2.3961000000
1.4438000000
2.3807000000
1.6550000000
2.3915000000
1.6361000000
2.3949000000
1.6301000000
2.3958000000
1.6286000000
2.3960000000
1.6282000000
2.3960000000
1.6281000000
2.3961000000
1.6281000000
2.3961000000
1.6281000000
2.3961000000
1.6281000000
2.3961000000
1.6281000000
2.3961000000
1.6281000000
2.3961000000
1.6281000000
2.3961000000
1.6281000000
2.3961000000
1.6281000000
2.3961000000
1.6281000000
2.3961000000
1.6281000000
2.3961000000
1.6281000000
2.3961000000
1.6281000000
2.3961000000
1.6281000000
2.3961000000
3.0555000000
0.2063000000
0.4916200000
1.1329000000
2.1736000000
1.9770000000
2.2047000000
1.9338000000
2.2436000000
1.8769000000
2.2884000000
1.8081000000
2.3327000000
1.7364000000
2.3672000000
1.6783000000
2.3861000000
1.6455000000
2.3933000000
1.6329000000
2.3954000000
1.6293000000
2.3959000000
1.6284000000
2.3960000000
1.6281000000
2.3961000000
1.6281000000
2.3961000000
1.6281000000
2.3961000000
1.6281000000
2.3961000000
1.6281000000
2.3961000000
1.6281000000
2.3961000000
1.6281000000
2.3961000000
1.6281000000
2.3961000000
1.6281000000
2.3961000000
1.6281000000
2.3961000000
1.6281000000
2.3961000000
1.6281000000
2.3961000000
1.6281000000
2.3961000000
1.6281000000
2.3961000000
1.6281000000
2.3961000000
1.6281000000
2.3961000000
1.6281000000
2.3961000000
1.6281000000
2.3961000000
1.6281000000
2.3961000000
1.6281000000
2.3961000000
1.6281000000
2.3961000000
1.6281000000
2.3961000000
1.6281000000
2.3961000000
1.6281000000
2.3961000000
1.6281000000
