-8.5400000000
1.2211000000
3.1170000000
-5.6428000000
-4.2715000000
0.8738300000
-7.8152000000
-0.8838900000
0.9803600000
-2.6864000000
0.0563650000
-2.5591000000
-5.7146000000
-0.8745800000
-2.6496000000
-3.3379000000
2.0848000000
-7.4449000000
-10.0720000000
2.8100000000
-2.9760000000
-9.0480000000
-1.2820000000
-2.1276000000
-6.0796000000
-0.9951500000
-1.2531000000
-2.7373000000
5.2670000000
-9.1451000000
-6.9016000000
1.4539000000
0.3835100000
0.3556200000
4.3114000000
-8.6694000000
-9.6744000000
1.6027000000
-1.9449000000
-7.9476000000
0.5840200000
2.2284000000
-6.1367000000
1.9240000000
-0.7349200000
-9.6541000000
-6.9610000000
-2.1743000000
0.0693770000
-2.4252000000
4.5430000000
-5.4255000000
-7.4626000000
0.8137200000
1.4962000000
-5.7793000000
5.4428000000
-4.7478000000
-6.6151000000
-3.7891000000
-6.3648000000
-5.0636000000
4.1254000000
-7.0496000000
-7.0160000000
2.2490000000
-5.9935000000
-3.6416000000
-7.8173000000
-9.9588000000
3.1330000000
-1.4911000000
-10.3430000000
-7.1023000000
-1.9110000000
0.5501800000
-2.0497000000
5.4309000000
-6.9469000000
-7.9525000000
-8.4482000000
0.4662700000
-5.8783000000
-4.4817000000
3.0965000000
-6.5378000000
-3.7653000000
-8.7632000000
-10.2400000000
-4.0016000000
-4.1708000000
-5.8327000000
-3.5147000000
-6.1792000000
-5.1124000000
5.8525000000
-3.0390000000
-4.9786000000
-1.6614000000
-4.6599000000
-5.2108000000
1.1130000000
2.2835000000
-10.4100000000
0.9371200000
-4.0284000000
-7.2611000000
-1.2714000000
2.0461000000
-4.5465000000
-3.9183000000
3.1280000000
-6.1446000000
-3.9018000000
-6.0042000000
-7.8659000000
-6.4310000000
-3.3829000000
-6.5356000000
-2.9790000000
4.2747000000
-6.2475000000
-8.0330000000
-4.2545000000
-5.3652000000
0.9697200000
2.0593000000
-7.6610000000
2.2889000000
-5.2177000000
-6.2299000000
-3.7451000000
-6.2842000000
-5.1568000000
2.5788000000
-2.5301000000
-8.2625000000
0.7836600000
1.8148000000
-1.4180000000
5.5398000000
-9.4549000000
-5.5383000000
0.8913900000
-0.1216300000
-8.0642000000
5.5396000000
-4.8965000000
-7.2549000000
-8.2521000000
3.3581000000
-4.7225000000
-5.2590000000
-1.0330000000
-5.3279000000
-7.8669000000
3.5153000000
-4.7486000000
-6.6236000000
-3.4490000000
-7.3729000000
-7.5986000000
4.6296000000
-4.2288000000
-5.0821000000
-3.2377000000
-4.3673000000
0.4458000000
3.4678000000
-7.0686000000
-2.8674000000
0.7364600000
-6.8145000000
3.4125000000
0.2715700000
-4.8006000000
-2.0493000000
3.4695000000
-10.6460000000
-8.7119000000
1.7501000000
-5.8529000000
-5.4807000000
4.6474000000
-7.5115000000
-12.6960000000
3.6824000000
-1.2716000000
-2.5614000000
3.5397000000
-8.6595000000
-10.1920000000
-4.3902000000
-4.1968000000
-5.7759000000
-3.5060000000
-6.2246000000
-4.5542000000
4.0787000000
-5.3233000000
-6.1397000000
1.2169000000
0.3818100000
-3.4244000000
6.0043000000
-3.7717000000
-6.3453000000
-3.4928000000
-6.3900000000
-2.5382000000
3.0503000000
-9.9345000000
-3.3527000000
-2.2331000000
-6.8328000000
-0.4901200000
2.9272000000
-11.0420000000
-6.5280000000
0.0507490000
-6.5726000000
-2.7172000000
4.8971000000
-6.4367000000
-6.2440000000
4.8345000000
-7.7459000000
-5.2349000000
1.5754000000
-2.0738000000
2.6156000000
1.7984000000
-5.5661000000
-4.8722000000
2.1968000000
-5.0420000000
-3.1975000000
2.6957000000
-6.5532000000
-5.7607000000
4.3606000000
-6.1679000000
-8.1222000000
2.5650000000
0.9490200000
-8.1530000000
0.6102800000
1.8291000000
-0.9533700000
5.2577000000
-8.0367000000
-5.1273000000
1.2857000000
-1.8724000000
0.1688000000
3.4565000000
-5.3055000000
-5.4744000000
4.2814000000
-6.7426000000
-10.7860000000
-4.4998000000
-2.2627000000
-6.4241000000
-4.7036000000
4.4626000000
-5.1994000000
-6.2271000000
-1.0309000000
-0.1532500000
-2.9674000000
0.7937300000
-5.3396000000
-6.5663000000
0.4272200000
1.6557000000
-8.4796000000
1.2444000000
3.0954000000
-6.1915000000
-4.3579000000
-0.3313200000
-4.7407000000
0.6539600000
2.1487000000
-2.7978000000
-1.7542000000
-2.0588000000
-6.6475000000
-0.8330700000
1.3765000000
-5.2293000000
-2.6080000000
4.7534000000
-5.8632000000
-6.6363000000
-3.0551000000
-4.3605000000
-8.3295000000
1.0563000000
1.6539000000
-1.9730000000
5.7972000000
-5.1618000000
-6.9870000000
-8.2653000000
-3.3596000000
-4.9129000000
-4.7206000000
4.4206000000
-4.9030000000
-6.0747000000
-2.3459000000
-5.9983000000
-6.5916000000
-3.9349000000
-6.4518000000
-3.8579000000
4.7387000000
-8.0551000000
-13.0780000000
3.0193000000
-1.7495000000
-2.6966000000
2.6052000000
-7.9538000000
-11.0440000000
-7.7225000000
-4.3963000000
-5.3897000000
-3.5419000000
-7.4831000000
-13.2810000000
4.1948000000
-6.3454000000
-6.2052000000
-3.2824000000
-4.3439000000
-11.1310000000
-7.3026000000
-4.8397000000
-5.5914000000
-3.4692000000
-1.9775000000
-10.0770000000
-9.0096000000
-4.6968000000
-5.5516000000
-2.8160000000
4.4885000000
-3.3363000000
-5.1788000000
-3.2896000000
-7.6170000000
-1.0042000000
3.8825000000
-7.0434000000
-8.1739000000
3.3205000000
-4.3035000000
-4.6125000000
4.8409000000
-8.5509000000
-8.9592000000
3.2911000000
-7.9989000000
-10.7070000000
-4.2709000000
0.4981100000
-0.7173800000
-7.3549000000
-2.1900000000
2.5213000000
-2.3456000000
1.7663000000
-1.6111000000
-6.9496000000
-1.6094000000
3.0853000000
-1.6735000000
5.4180000000
-6.3005000000
-13.0850000000
4.1207000000
-2.1543000000
-2.9433000000
0.1440500000
-5.6967000000
-7.1664000000
4.6387000000
-4.2491000000
-5.1687000000
-2.9326000000
-4.4633000000
-0.7974100000
2.8630000000
-10.1270000000
-5.1094000000
2.2141000000
-4.6024000000
-4.2980000000
3.6430000000
-8.5853000000
-8.3933000000
3.2570000000
-1.7526000000
-2.6323000000
-0.4015600000
-4.9032000000
-2.0470000000
4.1200000000
-6.7432000000
-8.7671000000
-4.3512000000
-5.1526000000
-2.1472000000
5.4275000000
-9.0535000000
-5.0620000000
0.7553600000
-1.2398000000
-6.8555000000
5.3920000000
-7.6868000000
-8.5922000000
-3.3053000000
-2.4005000000
-7.8446000000
-0.5260400000
3.7915000000
-6.1459000000
-5.0298000000
4.3558000000
-7.2716000000
-9.7645000000
4.2956000000
-3.5445000000
-4.2510000000
4.4683000000
-8.2724000000
-4.0360000000
-8.2377000000
-8.7047000000
-7.8203000000
-1.3061000000
-5.7252000000
-3.6050000000
-6.5439000000
-12.5960000000
4.2592000000
-5.2368000000
-5.9858000000
-3.4056000000
-5.4323000000
-12.4340000000
-1.3718000000
-1.6272000000
-5.1873000000
-3.2970000000
2.7659000000
-6.9102000000
-7.4679000000
4.4748000000
-5.0716000000
-5.5157000000
-0.0061417000
-5.7639000000
-6.7518000000
5.0062000000
-8.3398000000
-4.9899000000
0.9382500000
-1.7970000000
-2.8736000000
4.2472000000
-1.7496000000
5.8570000000
-5.2553000000
-12.7690000000
-0.8034000000
-1.4042000000
-10.9740000000
-4.3331000000
0.0365070000
-1.0763000000
-4.8783000000
-5.4075000000
5.4114000000
-5.4814000000
-6.8057000000
-3.3966000000
-7.2759000000
-8.3989000000
3.6169000000
-5.0607000000
-6.3443000000
-3.6249000000
-6.4629000000
-7.8463000000
3.8043000000
-5.1768000000
-6.2778000000
-3.6690000000
-6.2264000000
-5.9312000000
1.5536000000
-2.6143000000
-7.8361000000
0.3831000000
2.2278000000
-10.2110000000
0.8736800000
-3.0870000000
-6.2690000000
2.4524000000
-3.6036000000
-4.1350000000
3.6211000000
-7.3430000000
-10.1410000000
4.4641000000
-4.7801000000
-4.9631000000
4.7617000000
-7.8049000000
-4.5470000000
-0.2045500000
-3.1208000000
-6.0263000000
4.6162000000
-7.1374000000
-9.9251000000
3.2576000000
-5.3319000000
-6.3148000000
-3.8282000000
-6.7846000000
-3.3877000000
3.3009000000
-2.7438000000
-2.4360000000
-2.0459000000
-7.3571000000
-0.1591700000
2.3190000000
-2.5037000000
5.1694000000
-9.1969000000
-7.1984000000
2.3114000000
-0.1094800000
-1.6711000000
5.2033000000
-5.3006000000
-6.4652000000
-2.2260000000
-4.3071000000
-4.9420000000
-1.8920000000
4.8976000000
-6.7196000000
-4.3028000000
4.0072000000
-7.7044000000
-7.5553000000
1.7965000000
-5.7675000000
-3.5951000000
-7.5408000000
-9.9611000000
3.3873000000
-3.6716000000
-8.6798000000
1.1785000000
1.3530000000
-2.6542000000
0.3602200000
-2.4846000000
-6.1861000000
-0.6083200000
0.4463400000
-4.6218000000
-1.4839000000
5.0344000000
-7.0594000000
-11.3600000000
0.2660200000
-3.2980000000
-11.1150000000
4.2359000000
-4.8324000000
-6.3583000000
-3.7477000000
-6.2576000000
-5.5230000000
3.0141000000
-8.2456000000
-8.9439000000
0.1331700000
-3.2619000000
-12.3890000000
2.5092000000
-1.0229000000
-2.2348000000
1.1469000000
-6.1725000000
-6.5799000000
3.9143000000
-8.7364000000
-7.1544000000
2.5322000000
0.8241100000
-8.5930000000
1.6818000000
2.1702000000
-8.7012000000
0.0471250000
-2.7906000000
-11.6390000000
-6.7643000000
-2.9257000000
-6.3719000000
-8.0749000000
3.8757000000
-4.8134000000
-5.2915000000
-2.8967000000
5.8458000000
-6.1605000000
-9.3386000000
5.3167000000
-5.0047000000
-8.4138000000
1.3416000000
1.5047000000
-3.1159000000
5.9225000000
-3.9843000000
-12.4360000000
-3.4926000000
-0.5907200000
-3.6912000000
-4.1644000000
4.3663000000
-8.3867000000
-4.1860000000
-4.9958000000
-6.6968000000
-6.4210000000
4.4876000000
-6.9788000000
-9.4682000000
4.7538000000
-4.7772000000
-8.1527000000
0.4671400000
1.9845000000
-3.7566000000
4.8084000000
-1.3515000000
-4.8791000000
-4.1107000000
3.4723000000
-8.5660000000
-9.8253000000
1.3053000000
-0.5782900000
-3.8456000000
-4.3127000000
2.5254000000
-7.3319000000
-6.0601000000
2.6068000000
-1.7282000000
-1.7321000000
4.0717000000
-2.2343000000
2.1569000000
-0.6033700000
-3.5927000000
-4.1691000000
4.5428000000
-9.0165000000
-9.2515000000
2.3501000000
-7.4656000000
-8.7106000000
-6.6991000000
-3.0674000000
-4.7274000000
-8.7839000000
1.9168000000
2.0527000000
-6.3543000000
-10.7720000000
-6.0217000000
2.4269000000
-5.1961000000
-6.3193000000
-3.7083000000
-6.2805000000
-6.3605000000
3.6264000000
-6.9438000000
-12.1830000000
4.5271000000
-3.4483000000
-3.9947000000
4.3863000000
-8.5611000000
-4.3648000000
-2.2775000000
-4.7305000000
-5.4082000000
-2.7787000000
5.7418000000
-6.2322000000
-9.2196000000
5.4507000000
-5.5014000000
-6.9767000000
-3.0482000000
-4.6722000000
-8.4018000000
1.2552000000
1.5965000000
-3.2991000000
5.7884000000
-3.5054000000
-12.2960000000
-2.0482000000
0.2001800000
-9.1167000000
-3.1837000000
2.1292000000
-6.5677000000
-5.8755000000
-3.9306000000
-7.1029000000
-2.0051000000
-0.5195100000
-2.4244000000
5.3998000000
-7.7324000000
-8.2289000000
1.6160000000
1.0386000000
-1.2203000000
5.6166000000
-6.5158000000
-8.9899000000
-4.6645000000
1.4463000000
-1.5064000000
0.4200700000
3.5031000000
-6.3219000000
-5.7077000000
1.4142000000
-1.0073000000
-5.7291000000
-7.1463000000
2.9683000000
0.3780000000
-5.3811000000
-3.4975000000
-7.7997000000
-12.5160000000
-3.5683000000
-1.3761000000
-6.5493000000
-4.3039000000
1.4704000000
-2.4411000000
2.5685000000
1.7984000000
-5.8623000000
-7.4465000000
5.5739000000
-5.9544000000
-7.6155000000
-8.0988000000
3.0260000000
-5.6551000000
-7.5178000000
-2.6416000000
-4.9424000000
-5.3475000000
4.7859000000
-6.3119000000
-7.8766000000
6.0896000000
-5.7703000000
-7.3633000000
-1.3815000000
2.6581000000
-5.2372000000
-4.4377000000
4.8399000000
-2.9455000000
-4.1927000000
-2.1955000000
-6.4120000000
-4.1043000000
4.9411000000
-2.2456000000
1.8911000000
-0.0467790000
-2.2488000000
-6.5812000000
-3.5023000000
-7.5850000000
-9.6170000000
3.6618000000
-11.6730000000
-5.9426000000
-3.7954000000
-7.6581000000
-1.3887000000
4.9712000000
-6.9703000000
-6.5231000000
3.6141000000
-2.0666000000
-4.5361000000
-1.0608000000
2.9907000000
-11.0560000000
-6.5342000000
2.5329000000
-5.3330000000
-5.4983000000
-1.4969000000
5.0040000000
-6.9285000000
-9.1439000000
5.2445000000
-3.2283000000
-11.6030000000
-7.0677000000
-1.9119000000
-1.1828000000
-2.6812000000
5.3251000000
-8.7123000000
-6.0955000000
0.8523700000
0.7142700000
-8.7439000000
5.6884000000
-3.2619000000
-11.7170000000
2.9964000000
-0.6901000000
-2.2000000000
2.5017000000
-7.6161000000
-12.7030000000
-1.6681000000
-0.9370900000
-6.3570000000
3.3043000000
0.4705300000
-4.9684000000
-2.9219000000
3.4151000000
-11.5060000000
-7.9922000000
2.7578000000
-1.1101000000
-6.1830000000
5.2688000000
-6.5989000000
-12.9190000000
4.2441000000
-2.3792000000
-3.1076000000
0.0765860000
-5.7176000000
-7.9889000000
4.1948000000
-4.4884000000
-5.0406000000
-0.6375200000
3.2266000000
-10.3390000000
-8.3595000000
-4.2078000000
-7.3083000000
1.3702000000
1.0837000000
-2.0700000000
5.9659000000
-5.4392000000
-12.9340000000
1.3077000000
-2.3099000000
-4.8782000000
-5.8764000000
2.7752000000
-0.9861200000
-10.0670000000
-6.4848000000
-4.0596000000
-7.0764000000
-2.2592000000
5.1502000000
-7.5717000000
-11.8690000000
-7.0512000000
0.3662700000
1.7225000000
-7.3057000000
-1.3701000000
4.4128000000
-6.2546000000
-5.4800000000
-1.3522000000
-4.0767000000
-4.7476000000
4.5289000000
-8.4663000000
-11.0530000000
-8.3421000000
3.5908000000
-4.5429000000
-5.3287000000
-3.1519000000
-4.4407000000
-0.2016400000
2.7938000000
-10.5790000000
-5.4135000000
-1.3512000000
-6.4342000000
-3.7092000000
3.7382000000
-2.9828000000
-3.8797000000
-2.5924000000
-7.5929000000
-0.5286500000
2.7669000000
-9.9727000000
-4.7350000000
1.2959000000
-7.1523000000
-8.6982000000
-4.3278000000
-5.9398000000
1.5255000000
1.7709000000
-9.2062000000
4.4136000000
-3.1914000000
-6.3468000000
0.9110300000
0.6667300000
-8.9910000000
4.9385000000
-2.8462000000
-6.5221000000
-8.3319000000
3.7192000000
-6.2162000000
-5.8911000000
-0.5618500000
0.3639700000
-4.6283000000
-1.4366000000
4.7984000000
-6.5109000000
-3.5277000000
4.5016000000
-8.5224000000
-5.7085000000
0.5688000000
0.4746500000
-7.8224000000
-0.6437300000
3.8349000000
-6.6791000000
-4.1472000000
-0.1333600000
-1.8228000000
-4.4902000000
-0.9359000000
2.9074000000
-10.3960000000
-5.4858000000
2.2907000000
-4.0664000000
-3.4445000000
3.0819000000
-5.7964000000
-5.5683000000
6.0049000000
-2.4323000000
-0.3624300000
0.7262900000
