-1.1817000000
-1.1071000000
-1.0249000000
-0.9332400000
-0.8296700000
-0.7108300000
-0.5720800000
-0.4072000000
-0.2078400000
0.0355220000
0.3316000000
0.6801300000
1.0588000000
1.4169000000
1.6982000000
1.8790000000
1.9744000000
2.0132000000
2.0193000000
2.0075000000
1.9860000000
1.9591000000
1.9288000000
1.8963000000
1.8622000000
1.8266000000
1.7897000000
1.7515000000
1.7118000000
1.6706000000
1.6277000000
1.5830000000
1.5362000000
1.4871000000
1.4353000000
1.3804000000
1.3220000000
1.2594000000
1.1917000000
1.1180000000
1.0370000000
0.9468400000
0.8451300000
0.7287000000
0.5930800000
0.4323600000
0.2384200000
0.0018705000
-0.2864400000
-0.6282500000
-1.0051000000
-1.3700000000
-1.6645000000
-1.8593000000
-1.9651000000
-2.0103000000
-2.0199000000
-2.0100000000
-1.9896000000
-1.9632000000
-1.9333000000
-1.9011000000
-1.8672000000
-1.8318000000
-1.7951000000
-1.7571000000
-1.7176000000
-1.6766000000
-1.6340000000
-1.5896000000
-1.5431000000
-1.4944000000
-1.4430000000
-1.3886000000
-1.3307000000
-1.2687000000
-1.2018000000
-1.1291000000
-1.0492000000
-0.9605200000
-0.8606500000
-0.7465900000
-0.6140800000
-0.4574300000
-0.2688600000
-0.0390790000
0.2413500000
0.5759200000
0.9500100000
1.3203000000
1.6279000000
1.8372000000
1.9541000000
2.0063000000
2.0199000000
2.0122000000
1.9929000000
1.9672000000
1.9377000000
1.9058000000
1.8721000000
1.8369000000
1.8004000000
1.7625000000
1.7233000000
1.6825000000
1.6401000000
1.5960000000
1.5498000000
1.5014000000
1.4504000000
1.3965000000
1.3391000000
1.2777000000
1.2116000000
1.1398000000
1.0610000000
0.9736600000
0.8755300000
0.7637000000
0.6341000000
0.4812900000
0.2977600000
0.0743940000
-0.1984200000
-0.5256500000
-0.8961300000
-1.2706000000
-1.5901000000
-1.8138000000
-1.9423000000
-2.0019000000
-2.0197000000
-2.0142000000
-1.9962000000
-1.9712000000
-1.9421000000
-1.9105000000
-1.8771000000
-1.8421000000
-1.8058000000
-1.7681000000
-1.7290000000
-1.6885000000
-1.6464000000
-1.6025000000
-1.5566000000
-1.5086000000
-1.4579000000
-1.4044000000
-1.3476000000
-1.2869000000
-1.2215000000
-1.1505000000
-1.0729000000
-0.9869000000
-0.8904900000
-0.7808600000
-0.6541300000
-0.5050700000
-0.3265200000
-0.1095200000
0.1556200000
0.4751400000
0.8410800000
1.2184000000
1.5493000000
1.7877000000
1.9287000000
1.9963000000
2.0188000000
2.0159000000
1.9992000000
1.9750000000
1.9464000000
1.9151000000
1.8819000000
1.8471000000
1.8110000000
1.7735000000
1.7346000000
1.6943000000
1.6524000000
1.6088000000
1.5632000000
1.5155000000
1.4653000000
1.4122000000
1.3559000000
1.2957000000
1.2310000000
1.1609000000
1.0843000000
0.9996200000
0.9048300000
0.7972700000
0.6732400000
0.5277100000
0.3538500000
0.1428500000
-0.1149400000
-0.4268000000
-0.7876000000
-1.1665000000
-1.5076000000
-1.7603000000
-1.9140000000
-1.9902000000
-2.0176000000
-2.0174000000
-2.0022000000
-1.9788000000
-1.9508000000
-1.9198000000
-1.8868000000
-1.8522000000
-1.8163000000
-1.7790000000
-1.7403000000
-1.7002000000
-1.6586000000
-1.6152000000
-1.5699000000
-1.5225000000
-1.4727000000
-1.4201000000
-1.3642000000
-1.3047000000
-1.2407000000
-1.1714000000
-1.0958000000
-1.0124000000
-0.9192400000
-0.8137300000
-0.6923600000
-0.5503100000
-0.3810500000
-0.1760100000
0.0744260000
0.3783600000
0.7332600000
1.1126000000
1.4629000000
1.7301000000
1.8972000000
1.9827000000
2.0157000000
2.0185000000
2.0049000000
1.9825000000
1.9549000000
1.9243000000
1.8915000000
1.8572000000
1.8214000000
1.7843000000
1.7459000000
1.7060000000
1.6646000000
1.6214000000
1.5765000000
1.5294000000
1.4799000000
1.4277000000
1.3723000000
1.3133000000
1.2500000000
1.1816000000
1.1070000000
1.0247000000
0.9330800000
0.8294900000
0.7106300000
0.5718300000
0.4069100000
0.2074800000
-0.0359560000
-0.3321200000
-0.6807300000
-1.0594000000
-1.4175000000
-1.6986000000
-1.8793000000
-1.9746000000
-2.0133000000
-2.0194000000
-2.0076000000
-1.9861000000
-1.9591000000
-1.9289000000
-1.8964000000
-1.8622000000
-1.8267000000
-1.7898000000
-1.7515000000
-1.7119000000
-1.6707000000
-1.6278000000
-1.5831000000
-1.5363000000
-1.4872000000
-1.4354000000
-1.3805000000
-1.3221000000
-1.2595000000
-1.1918000000
-1.1182000000
-1.0372000000
-0.9470000000
-0.8453200000
-0.7289100000
-0.5933400000
-0.4326600000
-0.2387900000
-0.0023271000
0.2858900000
0.6276100000
1.0045000000
1.3694000000
1.6641000000
1.8590000000
1.9649000000
2.0101000000
2.0198000000
2.0100000000
1.9895000000
1.9632000000
1.9333000000
1.9011000000
1.8672000000
1.8318000000
1.7951000000
1.7570000000
1.7175000000
1.6766000000
1.6339000000
1.5895000000
1.5431000000
1.4943000000
1.4429000000
1.3885000000
1.3306000000
1.2686000000
1.2017000000
1.1290000000
1.0491000000
0.9603700000
0.8604800000
0.7463900000
0.6138400000
0.4571600000
0.2685200000
0.0386700000
-0.2418400000
-0.5764900000
-0.9506300000
-1.3210000000
-1.6283000000
-1.8375000000
-1.9544000000
-2.0065000000
-2.0200000000
-2.0123000000
-1.9929000000
-1.9672000000
-1.9378000000
-1.9059000000
-1.8722000000
-1.8370000000
-1.8005000000
-1.7626000000
-1.7233000000
-1.6826000000
-1.6402000000
-1.5961000000
-1.5499000000
-1.5015000000
-1.4505000000
-1.3966000000
-1.3392000000
-1.2778000000
-1.2117000000
-1.1399000000
-1.0612000000
-0.9738200000
-0.8757200000
-0.7639100000
-0.6343500000
-0.4815800000
-0.2981100000
-0.0748250000
0.1979000000
0.5250300000
0.8954600000
1.2699000000
1.5896000000
1.8135000000
1.9421000000
2.0017000000
2.0196000000
2.0141000000
1.9961000000
1.9711000000
1.9421000000
1.9105000000
1.8770000000
1.8420000000
1.8057000000
1.7680000000
1.7290000000
1.6884000000
1.6463000000
1.6024000000
1.5566000000
1.5085000000
1.4579000000
1.4044000000
1.3475000000
1.2868000000
1.2214000000
1.1504000000
1.0728000000
0.9867500000
0.8903200000
0.7806700000
0.6539000000
0.5048100000
0.3262100000
0.1091300000
-0.1560900000
-0.4757000000
-0.8417000000
-1.2190000000
-1.5498000000
-1.7881000000
-1.9289000000
-1.9965000000
-2.0189000000
-2.0160000000
-1.9993000000
-1.9751000000
-1.9465000000
-1.9152000000
-1.8819000000
-1.8472000000
-1.8110000000
-1.7736000000
-1.7347000000
-1.6944000000
-1.6525000000
-1.6089000000
-1.5633000000
-1.5156000000
-1.4653000000
-1.4123000000
-1.3560000000
-1.2958000000
-1.2311000000
-1.1611000000
-1.0845000000
-0.9997700000
-0.9050000000
-0.7974700000
-0.6734700000
-0.5279900000
-0.3541700000
-0.1432600000
0.1144400000
0.4262000000
0.7869400000
1.1659000000
1.5070000000
1.7600000000
1.9137000000
1.9900000000
2.0175000000
2.0173000000
2.0022000000
1.9788000000
1.9507000000
1.9197000000
1.8867000000
1.8522000000
1.8162000000
1.7789000000
1.7403000000
1.7002000000
1.6585000000
1.6151000000
1.5699000000
1.5225000000
1.4726000000
1.4200000000
1.3641000000
1.3046000000
1.2406000000
1.1713000000
1.0957000000
1.0123000000
0.9190900000
0.8135500000
0.6921500000
0.5500600000
0.3807500000
0.1756500000
-0.0748720000
-0.3789000000
-0.7338700000
-1.1132000000
-1.4634000000
-1.7305000000
-1.8974000000
-1.9829000000
-2.0158000000
-2.0186000000
-2.0050000000
-1.9825000000
-1.9550000000
-1.9243000000
-1.8916000000
-1.8573000000
-1.8215000000
-1.7844000000
-1.7460000000
-1.7061000000
-1.6646000000
-1.6215000000
-1.5765000000
-1.5295000000
-1.4800000000
-1.4278000000
-1.3724000000
-1.3134000000
-1.2501000000
-1.1817000000
-1.1071000000
-1.0249000000
-0.9332500000
-0.8296900000
-0.7108500000
-0.5721000000
-0.4072200000
-0.2078700000
0.0354870000
0.3315500000
0.6800800000
1.0587000000
1.4169000000
1.6981000000
1.8790000000
1.9744000000
2.0132000000
2.0193000000
2.0075000000
1.9860000000
1.9591000000
1.9288000000
1.8963000000
1.8622000000
1.8266000000
1.7897000000
1.7515000000
1.7118000000
1.6706000000
1.6277000000
1.5830000000
1.5362000000
1.4871000000
1.4353000000
1.3804000000
1.3220000000
1.2594000000
1.1917000000
1.1180000000
1.0370000000
0.9468500000
0.8451500000
0.7287100000
0.5931000000
0.4323800000
0.2384500000
0.0019048000
-0.2864000000
-0.6282000000
-1.0051000000
-1.3700000000
-1.6645000000
-1.8593000000
-1.9651000000
-2.0103000000
-2.0199000000
-2.0100000000
-1.9896000000
-1.9632000000
-1.9333000000
-1.9011000000
-1.8672000000
-1.8319000000
-1.7951000000
-1.7571000000
-1.7176000000
-1.6766000000
-1.6340000000
-1.5896000000
-1.5431000000
-1.4944000000
-1.4430000000
-1.3886000000
-1.3307000000
-1.2687000000
-1.2018000000
-1.1291000000
-1.0493000000
-0.9605300000
-0.8606700000
-0.7466100000
-0.6141000000
-0.4574600000
-0.2688800000
-0.0391120000
0.2413100000
0.5758700000
0.9499600000
1.3203000000
1.6279000000
1.8372000000
1.9541000000
2.0063000000
2.0199000000
2.0122000000
1.9929000000
1.9672000000
1.9377000000
1.9058000000
1.8721000000
1.8369000000
1.8004000000
1.7625000000
1.7233000000
1.6825000000
1.6401000000
1.5960000000
1.5498000000
1.5014000000
1.4504000000
1.3965000000
1.3391000000
1.2777000000
1.2116000000
1.1398000000
1.0610000000
0.9736700000
0.8755500000
0.7637200000
0.6341200000
0.4813100000
0.2977800000
0.0744270000
-0.1983800000
-0.5256000000
-0.8960800000
-1.2706000000
-1.5901000000
-1.8138000000
-1.9423000000
-2.0019000000
-2.0197000000
-2.0142000000
-1.9962000000
-1.9712000000
-1.9422000000
-1.9105000000
-1.8771000000
-1.8421000000
-1.8058000000
-1.7681000000
-1.7290000000
-1.6885000000
-1.6464000000
-1.6025000000
-1.5566000000
-1.5086000000
-1.4579000000
-1.4045000000
-1.3476000000
-1.2869000000
-1.2215000000
-1.1506000000
-1.0729000000
-0.9869100000
-0.8905000000
-0.7808700000
-0.6541400000
-0.5050900000
-0.3265400000
-0.1095500000
0.1555800000
0.4750900000
0.8410300000
1.2184000000
1.5493000000
1.7877000000
1.9286000000
1.9963000000
2.0188000000
2.0159000000
1.9992000000
1.9750000000
1.9464000000
1.9151000000
1.8819000000
1.8471000000
1.8110000000
1.7735000000
1.7346000000
1.6943000000
1.6524000000
1.6088000000
1.5632000000
1.5155000000
1.4653000000
1.4122000000
1.3559000000
1.2957000000
1.2310000000
1.1609000000
1.0843000000
0.9996300000
0.9048400000
0.7972800000
0.6732500000
0.5277300000
0.3538700000
0.1428800000
-0.1149000000
-0.4267500000
-0.7875500000
-1.1665000000
-1.5075000000
-1.7603000000
-1.9139000000
-1.9902000000
-2.0176000000
-2.0174000000
-2.0022000000
-1.9788000000
-1.9508000000
-1.9198000000
-1.8868000000
-1.8522000000
-1.8163000000
-1.7790000000
-1.7403000000
-1.7003000000
-1.6586000000
-1.6152000000
-1.5700000000
-1.5225000000
-1.4727000000
-1.4201000000
-1.3642000000
-1.3047000000
-1.2407000000
-1.1714000000
-1.0959000000
-1.0124000000
-0.9192600000
-0.8137500000
-0.6923800000
-0.5503300000
-0.3810700000
-0.1760400000
0.0743900000
0.3783200000
0.7332100000
1.1126000000
1.4628000000
1.7301000000
1.8972000000
1.9827000000
2.0157000000
2.0185000000
2.0049000000
1.9825000000
1.9549000000
1.9243000000
1.8915000000
1.8572000000
1.8214000000
1.7843000000
1.7459000000
1.7060000000
1.6646000000
1.6215000000
1.5765000000
1.5294000000
1.4799000000
1.4277000000
1.3723000000
1.3133000000
1.2500000000
1.1816000000
1.1070000000
1.0248000000
0.9331000000
0.8295100000
0.7106400000
0.5718500000
0.4069300000
0.2075100000
-0.0359210000
-0.3320800000
-0.6806800000
-1.0593000000
-1.4175000000
-1.6986000000
-1.8792000000
-1.9745000000
-2.0133000000
-2.0194000000
-2.0076000000
-1.9861000000
-1.9591000000
-1.9289000000
-1.8964000000
-1.8623000000
-1.8267000000
-1.7898000000
-1.7515000000
-1.7119000000
-1.6707000000
-1.6278000000
-1.5831000000
-1.5363000000
-1.4872000000
-1.4354000000
-1.3805000000
-1.3221000000
-1.2595000000
-1.1918000000
-1.1182000000
-1.0372000000
-0.9470100000
-0.8453300000
-0.7289300000
-0.5933600000
-0.4326900000
-0.2388200000
-0.0023614000
0.2858500000
0.6275700000
1.0044000000
1.3693000000
1.6640000000
1.8590000000
1.9649000000
2.0101000000
2.0198000000
2.0100000000
1.9895000000
1.9632000000
1.9333000000
1.9011000000
1.8672000000
1.8318000000
1.7951000000
1.7570000000
1.7176000000
1.6766000000
1.6340000000
1.5895000000
1.5431000000
1.4943000000
1.4429000000
1.3885000000
1.3306000000
1.2686000000
1.2017000000
1.1290000000
1.0491000000
0.9603800000
0.8605000000
0.7464100000
0.6138600000
0.4571800000
0.2685500000
0.0387040000
-0.2418000000
-0.5764500000
-0.9505800000
-1.3209000000
-1.6283000000
-1.8375000000
-1.9543000000
-2.0065000000
-2.0200000000
-2.0123000000
-1.9930000000
-1.9672000000
-1.9378000000
-1.9059000000
-1.8722000000
-1.8370000000
-1.8005000000
-1.7626000000
-1.7233000000
-1.6826000000
-1.6402000000
-1.5961000000
-1.5499000000
-1.5015000000
-1.4505000000
-1.3966000000
-1.3392000000
-1.2778000000
-1.2117000000
-1.1399000000
-1.0612000000
-0.9738300000
-0.8757300000
-0.7639300000
-0.6343600000
-0.4816000000
-0.2981300000
-0.0748570000
0.1978600000
0.5249900000
0.8954100000
1.2699000000
1.5896000000
1.8134000000
1.9421000000
2.0017000000
2.0196000000
2.0141000000
1.9961000000
1.9711000000
1.9421000000
1.9105000000
1.8770000000
1.8420000000
1.8057000000
1.7680000000
1.7290000000
1.6884000000
1.6463000000
1.6024000000
1.5566000000
1.5085000000
1.4579000000
1.4044000000
1.3475000000
1.2868000000
1.2214000000
1.1504000000
1.0728000000
0.9867600000
0.8903300000
0.7806800000
0.6539200000
0.5048300000
0.3262300000
0.1091600000
-0.1560500000
-0.4756500000
-0.8416500000
-1.2190000000
-1.5498000000
-1.7881000000
-1.9289000000
-1.9965000000
-2.0189000000
-2.0160000000
-1.9993000000
-1.9751000000
-1.9465000000
-1.9152000000
-1.8819000000
-1.8472000000
-1.8110000000
-1.7736000000
-1.7347000000
-1.6944000000
-1.6525000000
-1.6089000000
-1.5633000000
-1.5156000000
-1.4653000000
-1.4123000000
-1.3560000000
-1.2958000000
-1.2311000000
-1.1611000000
-1.0845000000
-0.9997800000
-0.9050100000
-0.7974800000
-0.6734900000
-0.5280100000
-0.3542000000
-0.1432900000
0.1144000000
0.4261600000
0.7868900000
1.1658000000
1.5070000000
1.7599000000
1.9137000000
1.9900000000
2.0175000000
2.0173000000
2.0022000000
1.9788000000
1.9507000000
1.9197000000
1.8867000000
1.8522000000
1.8162000000
1.7789000000
1.7403000000
1.7002000000
1.6585000000
1.6151000000
1.5699000000
1.5225000000
1.4726000000
1.4200000000
1.3641000000
1.3046000000
1.2406000000
1.1713000000
1.0957000000
1.0123000000
0.9191000000
0.8135600000
0.6921700000
0.5500800000
0.3807800000
0.1756800000
-0.0748360000
-0.3788500000
-0.7338200000
-1.1132000000
-1.4634000000
-1.7305000000
-1.8974000000
-1.9829000000
-2.0158000000
-2.0186000000
-2.0050000000
-1.9825000000
-1.9550000000
-1.9243000000
-1.8916000000
-1.8573000000
-1.8215000000
-1.7844000000
-1.7460000000
-1.7061000000
-1.6646000000
-1.6215000000
-1.5765000000
-1.5295000000
-1.4800000000
-1.4278000000
-1.3724000000
-1.3134000000
-1.2501000000
-1.1817000000
-1.1071000000
-1.0249000000
-0.9332600000
-0.8297000000
-0.7108700000
-0.5721200000
-0.4072400000
-0.2078900000
0.0354510000
0.3315100000
0.6800300000
1.0587000000
1.4169000000
1.6981000000
1.8789000000
1.9744000000
2.0132000000
2.0193000000
2.0076000000
1.9860000000
1.9591000000
1.9288000000
1.8963000000
1.8622000000
1.8266000000
1.7897000000
1.7515000000
1.7118000000
1.6706000000
1.6277000000
1.5830000000
1.5362000000
1.4871000000
1.4353000000
1.3805000000
1.3220000000
1.2594000000
1.1917000000
1.1181000000
1.0370000000
0.9468600000
0.8451600000
0.7287300000
0.5931200000
0.4324100000
0.2384800000
0.0019392000
-0.2863600000
-0.6281500000
-1.0050000000
-1.3699000000
-1.6645000000
-1.8593000000
-1.9651000000
-2.0103000000
-2.0199000000
-2.0100000000
-1.9896000000
-1.9632000000
-1.9333000000
-1.9011000000
-1.8672000000
-1.8319000000
-1.7951000000
-1.7571000000
-1.7176000000
-1.6767000000
-1.6340000000
-1.5896000000
-1.5431000000
-1.4944000000
-1.4430000000
-1.3886000000
-1.3307000000
-1.2687000000
-1.2018000000
-1.1291000000
-1.0493000000
-0.9605400000
-0.8606800000
-0.7466300000
-0.6141100000
-0.4574800000
-0.2689100000
-0.0391460000
0.2412700000
0.5758200000
0.9499100000
1.3203000000
1.6278000000
1.8372000000
1.9541000000
2.0063000000
2.0199000000
2.0122000000
1.9929000000
1.9672000000
1.9377000000
1.9058000000
1.8721000000
1.8369000000
1.8004000000
1.7625000000
1.7233000000
1.6825000000
1.6402000000
1.5960000000
1.5498000000
1.5014000000
1.4504000000
1.3965000000
1.3391000000
1.2777000000
1.2116000000
1.1398000000
1.0610000000
0.9736900000
0.8755600000
0.7637300000
0.6341400000
0.4813300000
0.2978100000
0.0744590000
-0.1983400000
-0.5255500000
-0.8960300000
-1.2705000000
-1.5900000000
-1.8138000000
-1.9423000000
-2.0019000000
-2.0197000000
-2.0142000000
-1.9962000000
-1.9712000000
-1.9422000000
-1.9105000000
-1.8771000000
-1.8421000000
-1.8058000000
-1.7681000000
-1.7290000000
-1.6885000000
-1.6464000000
-1.6025000000
-1.5566000000
-1.5086000000
-1.4580000000
-1.4045000000
-1.3476000000
-1.2869000000
-1.2215000000
-1.1506000000
-1.0729000000
-0.9869200000
-0.8905100000
-0.7808900000
-0.6541600000
-0.5051100000
-0.3265700000
-0.1095800000
0.1555400000
0.4750500000
0.8409800000
1.2183000000
1.5492000000
1.7877000000
1.9286000000
1.9963000000
2.0188000000
2.0159000000
1.9992000000
1.9750000000
1.9464000000
1.9151000000
1.8819000000
1.8471000000
1.8110000000
1.7735000000
1.7346000000
1.6943000000
1.6524000000
1.6088000000
1.5632000000
1.5155000000
1.4653000000
1.4122000000
1.3559000000
1.2957000000
1.2310000000
1.1609000000
1.0843000000
0.9996400000
0.9048500000
0.7973000000
0.6732700000
0.5277500000
0.3539000000
0.1429100000
-0.1148600000
-0.4267100000
-0.7875000000
-1.1664000000
-1.5075000000
-1.7603000000
-1.9139000000
-1.9902000000
-2.0176000000
-2.0174000000
-2.0022000000
-1.9788000000
-1.9508000000
-1.9198000000
-1.8868000000
-1.8522000000
-1.8163000000
-1.7790000000
-1.7404000000
-1.7003000000
-1.6586000000
-1.6152000000
-1.5700000000
-1.5225000000
-1.4727000000
-1.4201000000
-1.3642000000
-1.3047000000
-1.2407000000
-1.1715000000
-1.0959000000
-1.0125000000
-0.9192700000
-0.8137600000
-0.6923900000
-0.5503500000
-0.3811000000
-0.1760700000
0.0743540000
0.3782800000
0.7331600000
1.1125000000
1.4628000000
1.7301000000
1.8971000000
1.9827000000
2.0156000000
2.0185000000
2.0049000000
1.9825000000
1.9549000000
1.9243000000
1.8916000000
1.8572000000
1.8214000000
1.7843000000
1.7459000000
1.7060000000
1.6646000000
1.6215000000
1.5765000000
1.5294000000
1.4799000000
1.4277000000
1.3723000000
1.3134000000
1.2500000000
1.1816000000
1.1070000000
1.0248000000
0.9331100000
0.8295200000
0.7106600000
0.5718700000
0.4069500000
0.2075400000
-0.0358860000
-0.3320300000
-0.6806300000
-1.0593000000
-1.4174000000
-1.6985000000
-1.8792000000
-1.9745000000
-2.0133000000
-2.0194000000
-2.0076000000
-1.9861000000
-1.9591000000
-1.9289000000
-1.8964000000
-1.8623000000
-1.8267000000
-1.7898000000
-1.7515000000
-1.7119000000
-1.6707000000
-1.6278000000
-1.5831000000
-1.5363000000
-1.4872000000
-1.4354000000
-1.3806000000
-1.3221000000
-1.2595000000
-1.1918000000
-1.1182000000
-1.0372000000
-0.9470300000
-0.8453500000
-0.7289500000
-0.5933800000
-0.4327100000
-0.2388500000
-0.0023958000
0.2858100000
0.6275200000
1.0044000000
1.3693000000
1.6640000000
1.8590000000
1.9648000000
2.0101000000
2.0198000000
2.0100000000
1.9895000000
1.9632000000
1.9333000000
1.9011000000
1.8672000000
1.8318000000
1.7951000000
1.7570000000
1.7176000000
1.6766000000
1.6340000000
1.5895000000
1.5431000000
1.4943000000
1.4429000000
1.3885000000
1.3306000000
1.2686000000
1.2017000000
1.1290000000
1.0491000000
0.9603900000
0.8605100000
0.7464300000
0.6138800000
0.4572000000
0.2685800000
0.0387370000
-0.2417600000
-0.5764000000
-0.9505300000
-1.3209000000
-1.6283000000
-1.8375000000
-1.9543000000
-2.0065000000
-2.0200000000
-2.0123000000
-1.9930000000
-1.9672000000
-1.9378000000
-1.9059000000
-1.8722000000
-1.8370000000
-1.8005000000
-1.7626000000
-1.7234000000
-1.6826000000
-1.6402000000
-1.5961000000
-1.5499000000
-1.5015000000
-1.4505000000
-1.3966000000
-1.3392000000
-1.2779000000
-1.2117000000
-1.1399000000
-1.0612000000
-0.9738500000
-0.8757400000
-0.7639400000
-0.6343800000
-0.4816200000
-0.2981600000
-0.0748900000
0.1978200000
0.5249400000
0.8953600000
1.2699000000
1.5895000000
1.8134000000
1.9421000000
2.0017000000
2.0196000000
2.0141000000
1.9961000000
1.9711000000
1.9421000000
1.9105000000
1.8770000000
1.8420000000
1.8057000000
1.7680000000
1.7290000000
1.6885000000
1.6463000000
1.6024000000
1.5566000000
1.5085000000
1.4579000000
1.4044000000
1.3475000000
1.2868000000
1.2214000000
1.1504000000
1.0728000000
0.9867700000
0.8903500000
0.7807000000
0.6539400000
0.5048500000
0.3262600000
0.1092000000
-0.1560100000
-0.4756100000
-0.8416000000
-1.2189000000
-1.5497000000
-1.7880000000
-1.9289000000
-1.9965000000
-2.0189000000
-2.0160000000
-1.9993000000
-1.9751000000
-1.9465000000
-1.9152000000
-1.8820000000
-1.8472000000
-1.8110000000
-1.7736000000
-1.7347000000
-1.6944000000
-1.6525000000
-1.6089000000
-1.5633000000
-1.5156000000
-1.4654000000
-1.4123000000
-1.3560000000
-1.2958000000
-1.2312000000
-1.1611000000
-1.0845000000
-0.9997900000
-0.9050300000
-0.7975000000
-0.6735100000
-0.5280300000
-0.3542200000
-0.1433200000
0.1143700000
0.4261200000
0.7868400000
1.1658000000
1.5069000000
1.7599000000
1.9137000000
1.9900000000
2.0175000000
2.0173000000
2.0022000000
1.9788000000
1.9507000000
1.9197000000
1.8867000000
1.8522000000
1.8162000000
1.7789000000
1.7403000000
1.7002000000
1.6585000000
1.6152000000
1.5699000000
1.5225000000
1.4726000000
1.4200000000
1.3642000000
1.3046000000
1.2406000000
1.1713000000
1.0957000000
1.0123000000
0.9191100000
0.8135800000
0.6921800000
0.5501000000
0.3808000000
0.1757100000
-0.0748000000
-0.3788100000
-0.7337700000
-1.1131000000
-1.4633000000
-1.7304000000
-1.8974000000
-1.9829000000
-2.0158000000
-2.0186000000
-2.0050000000
-1.9825000000
-1.9550000000
-1.9243000000
-1.8916000000
-1.8573000000
-1.8215000000
-1.7844000000
-1.7460000000
-1.7061000000
-1.6647000000
-1.6215000000
-1.5766000000
-1.5295000000
-1.4800000000
-1.4278000000
-1.3724000000
-1.3135000000
-1.2501000000
-1.1817000000
-1.1071000000
-1.0249000000
-0.9332800000
-0.8297200000
-0.7108800000
-0.5721400000
-0.4072700000
-0.2079200000
0.0354160000
0.3314700000
0.6799800000
1.0586000000
1.4168000000
1.6981000000
1.8789000000
1.9743000000
2.0132000000
2.0193000000
2.0076000000
1.9860000000
1.9591000000
1.9288000000
1.8963000000
1.8622000000
1.8266000000
1.7897000000
1.7515000000
1.7118000000
1.6706000000
1.6277000000
1.5830000000
1.5363000000
1.4871000000
1.4353000000
1.3805000000
1.3220000000
1.2594000000
1.1917000000
1.1181000000
1.0371000000
0.9468700000
0.8451700000
0.7287500000
0.5931400000
0.4324300000
0.2385100000
0.0019735000
-0.2863200000
-0.6281100000
-1.0050000000
-1.3699000000
-1.6644000000
-1.8593000000
-1.9650000000
-2.0103000000
-2.0199000000
-2.0100000000
-1.9896000000
-1.9632000000
-1.9333000000
-1.9011000000
-1.8672000000
-1.8319000000
-1.7951000000
-1.7571000000
-1.7176000000
-1.6767000000
-1.6340000000
-1.5896000000
-1.5432000000
-1.4944000000
-1.4430000000
-1.3886000000
-1.3307000000
-1.2687000000
-1.2018000000
-1.1291000000
-1.0493000000
-0.9605600000
-0.8607000000
-0.7466400000
-0.6141300000
-0.4575000000
-0.2689400000
-0.0391790000
0.2412300000
0.5757700000
0.9498600000
1.3202000000
1.6278000000
1.8371000000
1.9541000000
2.0063000000
2.0199000000
2.0122000000
1.9929000000
1.9672000000
1.9377000000
1.9058000000
1.8721000000
1.8369000000
1.8004000000
1.7625000000
1.7233000000
1.6825000000
1.6402000000
1.5960000000
1.5498000000
1.5014000000
1.4504000000
1.3965000000
1.3391000000
1.2778000000
1.2116000000
1.1398000000
1.0610000000
0.9737000000
0.8755800000
0.7637500000
0.6341600000
0.4813500000
0.2978400000
0.0744920000
-0.1983000000
-0.5255100000
-0.8959800000
-1.2705000000
-1.5900000000
-1.8137000000
-1.9423000000
-2.0019000000
-2.0197000000
-2.0142000000
-1.9962000000
-1.9712000000
-1.9422000000
-1.9105000000
-1.8771000000
-1.8421000000
-1.8058000000
-1.7681000000
-1.7291000000
-1.6885000000
-1.6464000000
-1.6025000000
-1.5566000000
-1.5086000000
-1.4580000000
-1.4045000000
-1.3476000000
-1.2869000000
-1.2215000000
-1.1506000000
-1.0729000000
-0.9869300000
-0.8905300000
-0.7809000000
-0.6541800000
-0.5051400000
-0.3266000000
-0.1096100000
0.1555100000
0.4750000000
0.8409300000
1.2183000000
1.5492000000
1.7877000000
1.9286000000
1.9963000000
2.0188000000
2.0159000000
1.9992000000
1.9750000000
1.9464000000
1.9151000000
1.8819000000
1.8471000000
1.8110000000
1.7735000000
1.7347000000
1.6943000000
1.6524000000
1.6088000000
1.5632000000
1.5155000000
1.4653000000
1.4122000000
1.3559000000
1.2957000000
1.2310000000
1.1610000000
1.0843000000
0.9996500000
0.9048700000
0.7973100000
0.6732900000
0.5277700000
0.3539200000
0.1429400000
-0.1148200000
-0.4266600000
-0.7874500000
-1.1664000000
-1.5074000000
-1.7603000000
-1.9139000000
-1.9902000000
-2.0176000000
-2.0174000000
-2.0022000000
-1.9788000000
-1.9508000000
-1.9198000000
-1.8868000000
-1.8522000000
-1.8163000000
-1.7790000000
-1.7404000000
-1.7003000000
-1.6586000000
-1.6152000000
-1.5700000000
-1.5226000000
-1.4727000000
-1.4201000000
-1.3643000000
-1.3047000000
-1.2407000000
-1.1715000000
-1.0959000000
-1.0125000000
-0.9192800000
-0.8137800000
-0.6924100000
-0.5503700000
-0.3811200000
-0.1761000000
0.0743170000
0.3782300000
0.7331100000
1.1125000000
1.4627000000
1.7300000000
1.8971000000
1.9827000000
2.0156000000
2.0185000000
2.0049000000
1.9825000000
1.9549000000
1.9243000000
1.8916000000
1.8572000000
1.8214000000
1.7843000000
1.7459000000
1.7060000000
1.6646000000
1.6215000000
1.5765000000
1.5294000000
1.4799000000
1.4277000000
1.3723000000
1.3134000000
1.2500000000
1.1816000000
1.1070000000
1.0248000000
0.9331200000
0.8295400000
0.7106800000
0.5718900000
0.4069800000
0.2075700000
-0.0358500000
-0.3319900000
-0.6805800000
-1.0592000000
-1.4174000000
-1.6985000000
-1.8792000000
-1.9745000000
-2.0133000000
-2.0194000000
-2.0076000000
-1.9861000000
-1.9591000000
-1.9289000000
-1.8964000000
-1.8623000000
-1.8267000000
-1.7898000000
-1.7515000000
-1.7119000000
-1.6707000000
-1.6278000000
-1.5831000000
-1.5363000000
-1.4872000000
-1.4354000000
-1.3806000000
-1.3221000000
-1.2595000000
-1.1918000000
-1.1182000000
-1.0372000000
-0.9470400000
-0.8453600000
-0.7289600000
-0.5934000000
-0.4327300000
-0.2388800000
-0.0024301000
0.2857700000
0.6274700000
1.0043000000
1.3692000000
1.6640000000
1.8590000000
1.9648000000
2.0101000000
2.0198000000
2.0100000000
1.9895000000
1.9632000000
1.9333000000
1.9011000000
1.8672000000
1.8318000000
1.7951000000
1.7570000000
1.7176000000
1.6766000000
1.6340000000
1.5895000000
1.5431000000
1.4943000000
1.4429000000
1.3885000000
1.3306000000
1.2686000000
1.2017000000
1.1290000000
1.0491000000
0.9604000000
0.8605300000
0.7464400000
0.6139000000
0.4572300000
0.2686100000
0.0387700000
-0.2417200000
-0.5763500000
-0.9504800000
-1.3208000000
-1.6282000000
-1.8374000000
-1.9543000000
-2.0065000000
-2.0200000000
-2.0123000000
-1.9930000000
-1.9673000000
-1.9378000000
-1.9059000000
-1.8722000000
-1.8370000000
-1.8005000000
-1.7626000000
-1.7234000000
-1.6826000000
-1.6402000000
-1.5961000000
-1.5499000000
-1.5015000000
-1.4505000000
-1.3966000000
-1.3392000000
-1.2779000000
-1.2117000000
-1.1399000000
-1.0612000000
-0.9738600000
-0.8757600000
-0.7639600000
-0.6344000000
-0.4816400000
-0.2981900000
-0.0749220000
0.1977800000
0.5248900000
0.8953100000
1.2698000000
1.5895000000
1.8134000000
1.9421000000
2.0017000000
2.0196000000
2.0141000000
1.9961000000
1.9711000000
1.9421000000
1.9105000000
1.8770000000
1.8420000000
1.8057000000
1.7680000000
1.7290000000
1.6885000000
1.6463000000
1.6024000000
1.5566000000
1.5085000000
1.4579000000
1.4044000000
1.3476000000
1.2868000000
1.2214000000
1.1504000000
1.0728000000
0.9867900000
0.8903600000
0.7807100000
0.6539600000
0.5048700000
0.3262800000
0.1092300000
-0.1559700000
-0.4755600000
-0.8415500000
-1.2189000000
-1.5497000000
-1.7880000000
-1.9288000000
-1.9965000000
-2.0189000000
-2.0160000000
-1.9993000000
-1.9751000000
-1.9465000000
-1.9152000000
-1.8820000000
-1.8472000000
-1.8110000000
-1.7736000000
-1.7347000000
-1.6944000000
-1.6525000000
-1.6089000000
-1.5633000000
-1.5156000000
-1.4654000000
-1.4123000000
-1.3560000000
-1.2959000000
-1.2312000000
-1.1611000000
-1.0845000000
-0.9998000000
-0.9050400000
-0.7975100000
-0.6735200000
-0.5280500000
-0.3542500000
-0.1433500000
0.1143300000
0.4260700000
0.7867900000
1.1657000000
1.5069000000
1.7599000000
1.9137000000
1.9900000000
2.0175000000
2.0173000000
2.0022000000
1.9788000000
1.9507000000
1.9197000000
1.8867000000
1.8522000000
1.8162000000
1.7789000000
1.7403000000
1.7002000000
1.6585000000
1.6152000000
1.5699000000
1.5225000000
1.4726000000
1.4200000000
1.3642000000
1.3046000000
1.2406000000
1.1713000000
1.0958000000
1.0123000000
0.9191300000
0.8135900000
0.6922000000
0.5501200000
0.3808300000
0.1757400000
-0.0747630000
-0.3787700000
-0.7337200000
-1.1131000000
-1.4633000000
-1.7304000000
-1.8974000000
-1.9829000000
-2.0158000000
-2.0186000000
-2.0050000000
-1.9825000000
-1.9550000000
-1.9244000000
-1.8916000000
-1.8573000000
-1.8215000000
-1.7844000000
-1.7460000000
-1.7061000000
-1.6647000000
-1.6215000000
-1.5766000000
-1.5295000000
-1.4800000000
-1.4278000000
-1.3724000000
-1.3135000000
-1.2502000000
-1.1817000000
-1.1071000000
-1.0249000000
-0.9332900000
-0.8297300000
-0.7109000000
-0.5721600000
-0.4072900000
-0.2079500000
0.0353810000
0.3314300000
0.6799300000
1.0586000000
1.4168000000
1.6980000000
1.8789000000
1.9743000000
2.0132000000
2.0193000000
2.0076000000
1.9861000000
1.9591000000
1.9288000000
1.8963000000
1.8622000000
1.8266000000
1.7897000000
1.7515000000
1.7118000000
1.6706000000
1.6277000000
1.5830000000
1.5363000000
1.4871000000
1.4353000000
1.3805000000
1.3220000000
1.2594000000
1.1917000000
1.1181000000
1.0371000000
0.9468900000
0.8451900000
0.7287600000
0.5931600000
0.4324500000
0.2385400000
0.0020078000
-0.2862800000
-0.6280600000
-1.0049000000
-1.3698000000
-1.6644000000
-1.8592000000
-1.9650000000
-2.0102000000
-2.0199000000
-2.0101000000
-1.9896000000
-1.9632000000
-1.9333000000
-1.9012000000
-1.8672000000
-1.8319000000
-1.7952000000
-1.7571000000
-1.7176000000
-1.6767000000
-1.6340000000
-1.5896000000
-1.5432000000
-1.4944000000
-1.4430000000
-1.3886000000
-1.3307000000
-1.2687000000
-1.2018000000
-1.1291000000
-1.0493000000
-0.9605700000
-0.8607100000
-0.7466600000
-0.6141500000
-0.4575200000
-0.2689700000
-0.0392120000
0.2411900000
0.5757300000
0.9498100000
1.3202000000
1.6278000000
1.8371000000
1.9541000000
2.0063000000
2.0199000000
2.0122000000
1.9929000000
1.9672000000
1.9377000000
1.9058000000
1.8721000000
1.8369000000
1.8004000000
1.7625000000
1.7233000000
1.6825000000
1.6402000000
1.5960000000
1.5499000000
1.5014000000
1.4504000000
1.3965000000
1.3391000000
1.2778000000
1.2116000000
1.1398000000
1.0611000000
0.9737100000
0.8755900000
0.7637700000
0.6341700000
0.4813700000
0.2978600000
0.0745240000
-0.1982600000
-0.5254600000
-0.8959300000
-1.2704000000
-1.5900000000
-1.8137000000
-1.9423000000
-2.0019000000
-2.0197000000
-2.0142000000
-1.9962000000
-1.9712000000
-1.9422000000
-1.9105000000
-1.8771000000
-1.8421000000
-1.8058000000
-1.7681000000
-1.7291000000
-1.6885000000
-1.6464000000
-1.6025000000
-1.5567000000
-1.5086000000
-1.4580000000
-1.4045000000
-1.3477000000
-1.2869000000
-1.2215000000
-1.1506000000
-1.0729000000
-0.9869400000
-0.8905400000
-0.7809200000
-0.6542000000
-0.5051600000
-0.3266200000
-0.1096500000
0.1554700000
0.4749600000
0.8408800000
1.2182000000
1.5492000000
1.7876000000
1.9286000000
1.9963000000
2.0188000000
2.0159000000
1.9992000000
1.9750000000
1.9464000000
1.9151000000
1.8819000000
1.8471000000
1.8110000000
1.7735000000
1.7347000000
1.6943000000
1.6524000000
1.6088000000
1.5633000000
1.5155000000
1.4653000000
1.4122000000
1.3559000000
1.2958000000
1.2311000000
1.1610000000
1.0844000000
0.9996600000
0.9048800000
0.7973300000
0.6733100000
0.5277900000
0.3539500000
0.1429800000
-0.1147900000
-0.4266200000
-0.7874000000
-1.1664000000
-1.5074000000
-1.7602000000
-1.9139000000
-1.9902000000
-2.0176000000
-2.0174000000
-2.0022000000
-1.9788000000
-1.9508000000
-1.9198000000
-1.8868000000
-1.8522000000
-1.8163000000
-1.7790000000
-1.7404000000
-1.7003000000
-1.6586000000
-1.6152000000
-1.5700000000
-1.5226000000
-1.4727000000
-1.4201000000
-1.3643000000
-1.3047000000
-1.2407000000
-1.1715000000
-1.0959000000
-1.0125000000
-0.9193000000
-0.8137900000
-0.6924300000
-0.5503900000
-0.3811500000
-0.1761300000
0.0742810000
0.3781900000
0.7330600000
1.1124000000
1.4627000000
1.7300000000
1.8971000000
1.9827000000
2.0156000000
2.0185000000
2.0049000000
1.9825000000
1.9549000000
1.9243000000
1.8916000000
1.8572000000
1.8215000000
1.7844000000
1.7459000000
1.7060000000
1.6646000000
1.6215000000
1.5765000000
1.5294000000
1.4799000000
1.4277000000
1.3724000000
1.3134000000
1.2501000000
1.1816000000
1.1070000000
1.0248000000
0.9331300000
0.8295500000
0.7106900000
0.5719100000
0.4070000000
0.2076000000
-0.0358150000
-0.3319500000
-0.6805300000
-1.0592000000
-1.4174000000
-1.6985000000
-1.8792000000
-1.9745000000
-2.0133000000
-2.0194000000
-2.0076000000
-1.9861000000
-1.9591000000
-1.9289000000
-1.8964000000
-1.8623000000
-1.8267000000
-1.7898000000
-1.7515000000
-1.7119000000
-1.6707000000
-1.6278000000
-1.5831000000
-1.5363000000
-1.4872000000
-1.4354000000
-1.3806000000
-1.3221000000
-1.2595000000
-1.1918000000
-1.1182000000
-1.0372000000
-0.9470500000
-0.8453800000
-0.7289800000
-0.5934200000
-0.4327600000
-0.2389100000
-0.0024644000
0.2857300000
0.6274200000
1.0043000000
1.3692000000
1.6639000000
1.8589000000
1.9648000000
2.0101000000
2.0198000000
2.0100000000
1.9895000000
1.9632000000
1.9333000000
1.9011000000
1.8672000000
1.8318000000
1.7951000000
1.7570000000
1.7176000000
1.6766000000
1.6340000000
1.5895000000
1.5431000000
1.4943000000
1.4429000000
1.3885000000
1.3306000000
1.2686000000
1.2017000000
1.1290000000
1.0492000000
0.9604200000
0.8605400000
0.7464600000
0.6139200000
0.4572500000
0.2686300000
0.0388040000
-0.2416800000
-0.5763000000
-0.9504300000
-1.3208000000
-1.6282000000
-1.8374000000
-1.9543000000
-2.0064000000
-2.0200000000
-2.0123000000
-1.9930000000
-1.9673000000
-1.9378000000
-1.9059000000
-1.8722000000
-1.8370000000
-1.8005000000
-1.7626000000
-1.7234000000
-1.6826000000
-1.6402000000
-1.5961000000
-1.5499000000
-1.5015000000
-1.4505000000
-1.3966000000
-1.3392000000
-1.2779000000
-1.2117000000
-1.1399000000
-1.0612000000
-0.9738700000
-0.8757700000
-0.7639800000
-0.6344200000
-0.4816600000
-0.2982100000
-0.0749540000
0.1977400000
0.5248500000
0.8952600000
1.2698000000
1.5895000000
1.8134000000
1.9421000000
2.0017000000
2.0196000000
2.0142000000
1.9961000000
1.9711000000
1.9421000000
1.9105000000
1.8770000000
1.8421000000
1.8057000000
1.7680000000
1.7290000000
1.6885000000
1.6463000000
1.6024000000
1.5566000000
1.5085000000
1.4579000000
1.4044000000
1.3476000000
1.2868000000
1.2214000000
1.1505000000
1.0728000000
0.9868000000
0.8903800000
0.7807300000
0.6539800000
0.5048900000
0.3263100000
0.1092600000
-0.1559400000
-0.4755100000
-0.8415000000
-1.2189000000
-1.5496000000
-1.7880000000
-1.9288000000
-1.9965000000
-2.0189000000
-2.0160000000
-1.9993000000
-1.9751000000
-1.9465000000
-1.9152000000
-1.8820000000
-1.8472000000
-1.8111000000
-1.7736000000
-1.7347000000
-1.6944000000
-1.6525000000
-1.6089000000
-1.5633000000
-1.5156000000
-1.4654000000
-1.4123000000
-1.3560000000
-1.2959000000
-1.2312000000
-1.1611000000
-1.0845000000
-0.9998200000
-0.9050500000
-0.7975300000
-0.6735400000
-0.5280700000
-0.3542700000
-0.1433800000
0.1142900000
0.4260300000
0.7867400000
1.1657000000
1.5068000000
1.7599000000
1.9136000000
1.9900000000
2.0175000000
2.0173000000
2.0022000000
1.9788000000
1.9507000000
1.9197000000
1.8867000000
1.8522000000
1.8162000000
1.7789000000
1.7403000000
1.7002000000
1.6585000000
1.6152000000
1.5699000000
1.5225000000
1.4726000000
1.4200000000
1.3642000000
1.3046000000
1.2406000000
1.1714000000
1.0958000000
1.0123000000
0.9191400000
0.8136100000
0.6922200000
0.5501400000
0.3808500000
0.1757700000
-0.0747270000
-0.3787200000
-0.7336700000
-1.1130000000
-1.4632000000
-1.7304000000
-1.8974000000
-1.9829000000
-2.0158000000
-2.0186000000
-2.0050000000
-1.9825000000
-1.9550000000
-1.9244000000
-1.8916000000
-1.8573000000
-1.8215000000
-1.7844000000
-1.7460000000
-1.7061000000
-1.6647000000
-1.6215000000
-1.5766000000
-1.5295000000
-1.4800000000
-1.4278000000
-1.3725000000
-1.3135000000
-1.2502000000
-1.1817000000
-1.1071000000
-1.0249000000
-0.9333000000
-0.8297500000
-0.7109200000
-0.5721800000
-0.4073100000
-0.2079800000
0.0353450000
0.3313800000
0.6798900000
1.0585000000
1.4167000000
1.6980000000
1.8789000000
1.9743000000
2.0132000000
2.0193000000
2.0076000000
1.9861000000
1.9591000000
1.9288000000
1.8963000000
1.8622000000
1.8266000000
1.7897000000
1.7515000000
1.7118000000
1.6706000000
1.6277000000
1.5830000000
1.5363000000
1.4871000000
1.4353000000
1.3805000000
1.3220000000
1.2594000000
1.1917000000
1.1181000000
1.0371000000
0.9469000000
0.8452000000
0.7287800000
0.5931800000
0.4324800000
0.2385700000
0.0020422000
-0.2862300000
-0.6280100000
-1.0049000000
-1.3698000000
-1.6644000000
-1.8592000000
-1.9650000000
-2.0102000000
-2.0199000000
-2.0101000000
-1.9896000000
-1.9632000000
-1.9334000000
-1.9012000000
-1.8672000000
-1.8319000000
-1.7952000000
-1.7571000000
-1.7176000000
-1.6767000000
-1.6340000000
-1.5896000000
-1.5432000000
-1.4944000000
-1.4430000000
-1.3886000000
-1.3307000000
-1.2687000000
-1.2019000000
-1.1292000000
-1.0493000000
-0.9605800000
-0.8607200000
-0.7466700000
-0.6141700000
-0.4575500000
-0.2689900000
-0.0392460000
0.2411500000
0.5756800000
0.9497600000
1.3201000000
1.6277000000
1.8371000000
1.9541000000
2.0063000000
2.0199000000
2.0122000000
1.9929000000
1.9672000000
1.9377000000
1.9058000000
1.8721000000
1.8369000000
1.8004000000
1.7626000000
1.7233000000
1.6825000000
1.6402000000
1.5960000000
1.5499000000
1.5014000000
1.4504000000
1.3965000000
1.3391000000
1.2778000000
1.2116000000
1.1398000000
1.0611000000
0.9737200000
0.8756000000
0.7637800000
0.6341900000
0.4813900000
0.2978900000
0.0745560000
-0.1982200000
-0.5254100000
-0.8958800000
-1.2704000000
-1.5899000000
-1.8137000000
-1.9423000000
-2.0019000000
-2.0197000000
-2.0142000000
-1.9962000000
-1.9712000000
-1.9422000000
-1.9106000000
-1.8771000000
-1.8421000000
-1.8058000000
-1.7681000000
-1.7291000000
-1.6885000000
-1.6464000000
-1.6025000000
-1.5567000000
-1.5086000000
-1.4580000000
-1.4045000000
-1.3477000000
-1.2869000000
-1.2215000000
-1.1506000000
-1.0729000000
-0.9869600000
-0.8905500000
-0.7809300000
-0.6542200000
-0.5051800000
-0.3266500000
-0.1096800000
0.1554300000
0.4749100000
0.8408300000
1.2182000000
1.5491000000
1.7876000000
1.9286000000
1.9963000000
2.0188000000
2.0159000000
1.9992000000
1.9750000000
1.9464000000
1.9151000000
1.8819000000
1.8471000000
1.8110000000
1.7735000000
1.7347000000
1.6944000000
1.6525000000
1.6088000000
1.5633000000
1.5155000000
1.4653000000
1.4122000000
1.3559000000
1.2958000000
1.2311000000
1.1610000000
1.0844000000
0.9996700000
0.9048900000
0.7973400000
0.6733200000
0.5278100000
0.3539700000
0.1430100000
-0.1147500000
-0.4265700000
-0.7873500000
-1.1663000000
-1.5074000000
-1.7602000000
-1.9139000000
-1.9902000000
-2.0176000000
-2.0174000000
-2.0022000000
-1.9789000000
-1.9508000000
-1.9198000000
-1.8868000000
-1.8523000000
-1.8163000000
-1.7790000000
-1.7404000000
-1.7003000000
-1.6586000000
-1.6152000000
-1.5700000000
-1.5226000000
-1.4727000000
-1.4201000000
-1.3643000000
-1.3047000000
-1.2407000000
-1.1715000000
-1.0959000000
-1.0125000000
-0.9193100000
-0.8138100000
-0.6924500000
-0.5504100000
-0.3811700000
-0.1761600000
0.0742450000
0.3781400000
0.7330100000
1.1124000000
1.4626000000
1.7300000000
1.8971000000
1.9827000000
2.0156000000
2.0185000000
2.0050000000
1.9825000000
1.9549000000
1.9243000000
1.8916000000
1.8572000000
1.8215000000
1.7844000000
1.7459000000
1.7060000000
1.6646000000
1.6215000000
1.5765000000
1.5294000000
1.4799000000
1.4277000000
1.3724000000
1.3134000000
1.2501000000
1.1816000000
1.1070000000
1.0248000000
0.9331500000
0.8295700000
0.7107100000
0.5719300000
0.4070300000
0.2076300000
-0.0357800000
-0.3319100000
-0.6804800000
-1.0591000000
-1.4173000000
-1.6984000000
-1.8792000000
-1.9745000000
-2.0133000000
-2.0194000000
-2.0076000000
-1.9861000000
-1.9591000000
-1.9289000000
-1.8964000000
-1.8623000000
-1.8267000000
-1.7898000000
-1.7516000000
-1.7119000000
-1.6707000000
-1.6278000000
-1.5831000000
-1.5363000000
-1.4872000000
-1.4354000000
-1.3806000000
-1.3222000000
-1.2595000000
-1.1919000000
-1.1182000000
-1.0372000000
-0.9470600000
-0.8453900000
-0.7290000000
-0.5934400000
-0.4327800000
-0.2389300000
-0.0024987000
0.2856800000
0.6273700000
1.0042000000
1.3691000000
1.6639000000
1.8589000000
1.9648000000
2.0101000000
2.0198000000
2.0100000000
1.9895000000
1.9632000000
1.9333000000
1.9011000000
1.8672000000
1.8318000000
1.7951000000
1.7570000000
1.7176000000
1.6766000000
1.6340000000
1.5895000000
1.5431000000
1.4943000000
1.4429000000
1.3885000000
1.3306000000
1.2686000000
1.2017000000
1.1290000000
1.0492000000
0.9604300000
0.8605500000
0.7464800000
0.6139400000
0.4572700000
0.2686600000
0.0388370000
-0.2416400000
-0.5762600000
-0.9503800000
-1.3207000000
-1.6282000000
-1.8374000000
-1.9543000000
-2.0064000000
-2.0200000000
-2.0123000000
-1.9930000000
-1.9673000000
-1.9378000000
-1.9059000000
-1.8722000000
-1.8370000000
-1.8005000000
-1.7626000000
-1.7234000000
-1.6826000000
-1.6402000000
-1.5961000000
-1.5499000000
-1.5015000000
-1.4505000000
-1.3966000000
-1.3392000000
-1.2779000000
-1.2117000000
-1.1399000000
-1.0612000000
-0.9738800000
-0.8757800000
-0.7639900000
-0.6344400000
-0.4816900000
-0.2982400000
-0.0749870000
0.1977000000
0.5248000000
0.8952100000
1.2697000000
1.5894000000
1.8133000000
1.9420000000
2.0017000000
2.0196000000
2.0142000000
1.9961000000
1.9711000000
1.9421000000
1.9105000000
1.8770000000
1.8421000000
1.8057000000
1.7681000000
1.7290000000
1.6885000000
1.6463000000
1.6024000000
1.5566000000
1.5085000000
1.4579000000
1.4044000000
1.3476000000
1.2868000000
1.2214000000
1.1505000000
1.0728000000
0.9868100000
0.8903900000
0.7807400000
0.6539900000
0.5049200000
0.3263400000
0.1092900000
-0.1559000000
-0.4754700000
-0.8414500000
-1.2188000000
-1.5496000000
-1.7880000000
-1.9288000000
-1.9965000000
-2.0189000000
-2.0160000000
-1.9993000000
-1.9751000000
-1.9465000000
-1.9152000000
-1.8820000000
-1.8472000000
-1.8111000000
-1.7736000000
-1.7347000000
-1.6944000000
-1.6525000000
-1.6089000000
-1.5633000000
-1.5156000000
-1.4654000000
-1.4123000000
-1.3560000000
-1.2959000000
-1.2312000000
-1.1611000000
-1.0845000000
-0.9998300000
-0.9050700000
-0.7975400000
-0.6735600000
-0.5280900000
-0.3543000000
-0.1434100000
0.1142500000
0.4259800000
0.7866900000
1.1657000000
1.5068000000
1.7598000000
1.9136000000
1.9900000000
2.0175000000
2.0173000000
2.0022000000
1.9788000000
1.9507000000
1.9197000000
1.8868000000
1.8522000000
1.8162000000
1.7790000000
1.7403000000
1.7002000000
1.6585000000
1.6152000000
1.5699000000
1.5225000000
1.4726000000
1.4200000000
1.3642000000
1.3046000000
1.2406000000
1.1714000000
1.0958000000
1.0123000000
0.9191500000
0.8136200000
0.6922400000
0.5501600000
0.3808800000
0.1758000000
-0.0746910000
-0.3786800000
-0.7336200000
-1.1130000000
-1.4632000000
-1.7304000000
-1.8974000000
-1.9829000000
-2.0158000000
-2.0186000000
-2.0050000000
-1.9825000000
-1.9550000000
-1.9244000000
-1.8916000000
-1.8573000000
-1.8215000000
-1.7844000000
-1.7460000000
-1.7061000000
-1.6647000000
-1.6216000000
-1.5766000000
-1.5295000000
-1.4800000000
-1.4278000000
-1.3725000000
-1.3135000000
-1.2502000000
-1.1817000000
-1.1071000000
-1.0250000000
-0.9333100000
-0.8297600000
-0.7109300000
-0.5722000000
-0.4073400000
-0.2080100000
0.0353100000
0.3313400000
0.6798400000
1.0585000000
1.4167000000
1.6980000000
1.8789000000
1.9743000000
2.0132000000
2.0193000000
2.0076000000
1.9861000000
1.9591000000
1.9288000000
1.8964000000
1.8622000000
1.8266000000
1.7897000000
1.7515000000
1.7118000000
1.6706000000
1.6277000000
1.5830000000
1.5363000000
1.4871000000
1.4353000000
1.3805000000
1.3221000000
1.2594000000
1.1917000000
1.1181000000
1.0371000000
0.9469100000
0.8452200000
0.7288000000
0.5932000000
0.4325000000
0.2385900000
0.0020765000
-0.2861900000
-0.6279600000
-1.0048000000
-1.3698000000
-1.6643000000
-1.8592000000
-1.9650000000
-2.0102000000
-2.0199000000
-2.0101000000
-1.9896000000
-1.9632000000
-1.9334000000
-1.9012000000
-1.8672000000
-1.8319000000
-1.7952000000
-1.7571000000
-1.7176000000
-1.6767000000
-1.6341000000
-1.5896000000
-1.5432000000
-1.4944000000
-1.4430000000
-1.3886000000
-1.3307000000
-1.2687000000
-1.2019000000
-1.1292000000
-1.0493000000
-0.9605900000
-0.8607400000
-0.7466900000
-0.6141900000
-0.4575700000
-0.2690200000
-0.0392790000
0.2411100000
0.5756300000
0.9497100000
1.3201000000
1.6277000000
1.8371000000
1.9541000000
2.0063000000
2.0199000000
2.0122000000
1.9929000000
1.9672000000
1.9377000000
1.9058000000
1.8721000000
1.8369000000
1.8004000000
1.7626000000
1.7233000000
1.6826000000
1.6402000000
1.5960000000
1.5499000000
1.5014000000
1.4504000000
1.3965000000
1.3391000000
1.2778000000
1.2116000000
1.1398000000
1.0611000000
0.9737300000
0.8756200000
0.7638000000
0.6342100000
0.4814200000
0.2979200000
0.0745890000
-0.1981800000
-0.5253700000
-0.8958300000
-1.2703000000
-1.5899000000
-1.8137000000
-1.9423000000
-2.0019000000
-2.0197000000
-2.0142000000
-1.9962000000
-1.9712000000
-1.9422000000
-1.9106000000
-1.8771000000
-1.8421000000
-1.8058000000
-1.7681000000
-1.7291000000
-1.6885000000
-1.6464000000
-1.6025000000
-1.5567000000
-1.5086000000
-1.4580000000
-1.4045000000
-1.3477000000
-1.2869000000
-1.2215000000
-1.1506000000
-1.0730000000
-0.9869700000
-0.8905700000
-0.7809500000
-0.6542300000
-0.5052000000
-0.3266700000
-0.1097100000
0.1553900000
0.4748700000
0.8407800000
1.2181000000
1.5491000000
1.7876000000
1.9286000000
1.9963000000
2.0188000000
2.0159000000
1.9992000000
1.9750000000
1.9464000000
1.9151000000
1.8819000000
1.8471000000
1.8110000000
1.7735000000
1.7347000000
1.6944000000
1.6525000000
1.6088000000
1.5633000000
1.5155000000
1.4653000000
1.4122000000
1.3559000000
1.2958000000
1.2311000000
1.1610000000
1.0844000000
0.9996900000
0.9049100000
0.7973600000
0.6733400000
0.5278300000
0.3540000000
0.1430400000
-0.1147100000
-0.4265300000
-0.7873000000
-1.1663000000
-1.5073000000
-1.7602000000
-1.9139000000
-1.9902000000
-2.0176000000
-2.0174000000
-2.0022000000
-1.9789000000
-1.9508000000
-1.9198000000
-1.8868000000
-1.8523000000
-1.8163000000
-1.7790000000
-1.7404000000
-1.7003000000
-1.6586000000
-1.6152000000
-1.5700000000
-1.5226000000
-1.4727000000
-1.4201000000
-1.3643000000
-1.3047000000
-1.2407000000
-1.1715000000
-1.0959000000
-1.0125000000
-0.9193200000
-0.8138200000
-0.6924600000
-0.5504300000
-0.3812000000
-0.1761900000
0.0742080000
0.3781000000
0.7329600000
1.1123000000
1.4626000000
1.7299000000
1.8971000000
1.9827000000
2.0156000000
2.0185000000
2.0050000000
1.9825000000
1.9549000000
1.9243000000
1.8916000000
1.8572000000
1.8215000000
1.7844000000
1.7459000000
1.7060000000
1.6646000000
1.6215000000
1.5765000000
1.5294000000
1.4799000000
1.4277000000
1.3724000000
1.3134000000
1.2501000000
1.1816000000
1.1070000000
1.0248000000
0.9331600000
0.8295800000
0.7107300000
0.5719500000
0.4070500000
0.2076600000
-0.0357450000
-0.3318600000
-0.6804400000
-1.0591000000
-1.4173000000
-1.6984000000
-1.8792000000
-1.9745000000
-2.0133000000
-2.0194000000
-2.0076000000
-1.9861000000
-1.9592000000
-1.9289000000
-1.8964000000
-1.8623000000
-1.8267000000
-1.7898000000
-1.7516000000
-1.7119000000
-1.6707000000
-1.6278000000
-1.5831000000
-1.5364000000
-1.4872000000
-1.4354000000
-1.3806000000
-1.3222000000
-1.2595000000
-1.1919000000
-1.1182000000
-1.0372000000
-0.9470800000
-0.8454100000
-0.7290100000
-0.5934600000
-0.4328000000
-0.2389600000
-0.0025330000
0.2856400000
0.6273300000
1.0042000000
1.3691000000
1.6639000000
1.8589000000
1.9648000000
2.0101000000
2.0198000000
2.0100000000
1.9895000000
1.9632000000
1.9333000000
1.9011000000
1.8672000000
1.8318000000
1.7951000000
1.7570000000
1.7176000000
1.6766000000
1.6340000000
1.5896000000
1.5431000000
1.4943000000
1.4429000000
1.3885000000
1.3306000000
1.2686000000
1.2018000000
1.1290000000
1.0492000000
0.9604400000
0.8605700000
0.7464900000
0.6139600000
0.4572900000
0.2686900000
0.0388710000
-0.2416000000
-0.5762100000
-0.9503300000
-1.3207000000
-1.6281000000
-1.8374000000
-1.9543000000
-2.0064000000
-2.0200000000
-2.0123000000
-1.9930000000
-1.9673000000
-1.9378000000
-1.9059000000
-1.8722000000
-1.8370000000
-1.8005000000
-1.7626000000
-1.7234000000
-1.6826000000
-1.6403000000
-1.5961000000
-1.5499000000
-1.5015000000
-1.4505000000
-1.3966000000
-1.3393000000
-1.2779000000
-1.2118000000
-1.1400000000
-1.0612000000
-0.9738900000
-0.8758000000
-0.7640100000
-0.6344600000
-0.4817100000
-0.2982700000
-0.0750190000
0.1976600000
0.5247500000
0.8951600000
1.2697000000
1.5894000000
1.8133000000
1.9420000000
2.0017000000
2.0196000000
2.0142000000
1.9961000000
1.9711000000
1.9421000000
1.9105000000
1.8770000000
1.8421000000
1.8057000000
1.7681000000
1.7290000000
1.6885000000
1.6463000000
1.6024000000
1.5566000000
1.5085000000
1.4579000000
1.4044000000
1.3476000000
1.2868000000
1.2214000000
1.1505000000
1.0728000000
0.9868200000
0.8904000000
0.7807600000
0.6540100000
0.5049400000
0.3263600000
0.1093200000
-0.1558600000
-0.4754200000
-0.8414000000
-1.2188000000
-1.5496000000
-1.7879000000
-1.9288000000
-1.9965000000
-2.0189000000
-2.0160000000
-1.9993000000
-1.9751000000
-1.9465000000
-1.9152000000
-1.8820000000
-1.8472000000
-1.8111000000
-1.7736000000
-1.7347000000
-1.6944000000
-1.6525000000
-1.6089000000
-1.5633000000
-1.5156000000
-1.4654000000
-1.4123000000
-1.3560000000
-1.2959000000
-1.2312000000
-1.1611000000
-1.0845000000
-0.9998400000
-0.9050800000
-0.7975600000
-0.6735800000
-0.5281100000
-0.3543200000
-0.1434400000
0.1142200000
0.4259400000
0.7866400000
1.1656000000
1.5068000000
1.7598000000
1.9136000000
1.9900000000
2.0175000000
2.0173000000
2.0022000000
1.9788000000
1.9507000000
1.9197000000
1.8868000000
1.8522000000
1.8162000000
1.7790000000
1.7403000000
1.7002000000
1.6585000000
1.6152000000
1.5699000000
1.5225000000
1.4726000000
1.4200000000
1.3642000000
1.3046000000
1.2406000000
1.1714000000
1.0958000000
1.0124000000
0.9191600000
0.8136400000
0.6922500000
0.5501800000
0.3809000000
0.1758300000
-0.0746540000
-0.3786400000
-0.7335700000
-1.1129000000
-1.4632000000
-1.7303000000
-1.8973000000
-1.9829000000
-2.0158000000
-2.0186000000
-2.0050000000
-1.9825000000
-1.9550000000
-1.9244000000
-1.8916000000
-1.8573000000
-1.8215000000
-1.7844000000
-1.7460000000
-1.7061000000
-1.6647000000
-1.6216000000
-1.5766000000
-1.5295000000
-1.4800000000
-1.4278000000
-1.3725000000
-1.3135000000
-1.2502000000
-1.1817000000
-1.1072000000
-1.0250000000
-0.9333300000
-0.8297800000
-0.7109500000
-0.5722200000
-0.4073600000
-0.2080400000
0.0352750000
0.3313000000
0.6797900000
1.0584000000
1.4166000000
1.6979000000
1.8789000000
1.9743000000
2.0132000000
2.0193000000
2.0076000000
1.9861000000
1.9591000000
1.9288000000
1.8964000000
1.8622000000
1.8267000000
1.7897000000
1.7515000000
1.7118000000
1.6706000000
1.6278000000
1.5830000000
1.5363000000
1.4872000000
1.4354000000
1.3805000000
1.3221000000
1.2594000000
1.1918000000
1.1181000000
1.0371000000
0.9469200000
0.8452300000
0.7288100000
0.5932200000
0.4325200000
0.2386200000
0.0021108000
-0.2861500000
-0.6279100000
-1.0048000000
-1.3697000000
-1.6643000000
-1.8592000000
-1.9650000000
-2.0102000000
-2.0199000000
-2.0101000000
-1.9896000000
-1.9632000000
-1.9334000000
-1.9012000000
-1.8672000000
-1.8319000000
-1.7952000000
-1.7571000000
-1.7176000000
-1.6767000000
-1.6341000000
-1.5896000000
-1.5432000000
-1.4944000000
-1.4430000000
-1.3886000000
-1.3308000000
-1.2688000000
-1.2019000000
-1.1292000000
-1.0493000000
-0.9606100000
-0.8607500000
-0.7467100000
-0.6142100000
-0.4575900000
-0.2690500000
-0.0393120000
0.2410700000
0.5755900000
0.9496600000
1.3200000000
1.6277000000
1.8371000000
1.9541000000
2.0063000000
2.0199000000
2.0122000000
1.9929000000
1.9672000000
1.9377000000
1.9058000000
1.8721000000
1.8370000000
1.8004000000
1.7626000000
1.7233000000
1.6826000000
1.6402000000
1.5960000000
1.5499000000
1.5014000000
1.4504000000
1.3965000000
1.3392000000
1.2778000000
1.2116000000
1.1398000000
1.0611000000
0.9737500000
0.8756300000
0.7638100000
0.6342300000
0.4814400000
0.2979400000
0.0746210000
-0.1981400000
-0.5253200000
-0.8957800000
-1.2703000000
-1.5898000000
-1.8136000000
-1.9422000000
-2.0019000000
-2.0197000000
-2.0142000000
-1.9962000000
-1.9712000000
-1.9422000000
-1.9106000000
-1.8771000000
-1.8421000000
-1.8058000000
-1.7681000000
-1.7291000000
-1.6885000000
-1.6464000000
-1.6025000000
-1.5567000000
-1.5086000000
-1.4580000000
-1.4045000000
-1.3477000000
-1.2869000000
-1.2215000000
-1.1506000000
-1.0730000000
-0.9869800000
-0.8905800000
-0.7809600000
-0.6542500000
-0.5052200000
-0.3267000000
-0.1097400000
0.1553500000
0.4748200000
0.8407300000
1.2181000000
1.5490000000
1.7876000000
1.9286000000
1.9963000000
2.0188000000
2.0159000000
1.9992000000
1.9750000000
1.9464000000
1.9151000000
1.8819000000
1.8471000000
1.8110000000
1.7735000000
1.7347000000
1.6944000000
1.6525000000
1.6088000000
1.5633000000
1.5155000000
1.4653000000
1.4122000000
1.3559000000
1.2958000000
1.2311000000
1.1610000000
1.0844000000
0.9997000000
0.9049200000
0.7973700000
0.6733600000
0.5278600000
0.3540200000
0.1430700000
-0.1146700000
-0.4264900000
-0.7872500000
-1.1662000000
-1.5073000000
-1.7602000000
-1.9139000000
-1.9902000000
-2.0176000000
-2.0174000000
-2.0022000000
-1.9789000000
-1.9508000000
-1.9198000000
-1.8868000000
-1.8523000000
-1.8163000000
-1.7790000000
-1.7404000000
-1.7003000000
-1.6586000000
-1.6153000000
-1.5700000000
-1.5226000000
-1.4727000000
-1.4201000000
-1.3643000000
-1.3047000000
-1.2407000000
-1.1715000000
-1.0959000000
-1.0125000000
-0.9193400000
-0.8138400000
-0.6924800000
-0.5504500000
-0.3812200000
-0.1762200000
0.0741720000
0.3780600000
0.7329200000
1.1123000000
1.4626000000
1.7299000000
1.8971000000
1.9827000000
2.0156000000
2.0185000000
2.0050000000
1.9825000000
1.9549000000
1.9243000000
1.8916000000
1.8572000000
1.8215000000
1.7844000000
1.7459000000
1.7060000000
1.6646000000
1.6215000000
1.5765000000
1.5294000000
1.4799000000
1.4277000000
1.3724000000
1.3134000000
1.2501000000
1.1816000000
1.1070000000
1.0248000000
0.9331700000
0.8296000000
0.7107400000
0.5719700000
0.4070700000
0.2076900000
-0.0357090000
-0.3318200000
-0.6803900000
-1.0590000000
-1.4172000000
-1.6984000000
-1.8791000000
-1.9745000000
-2.0133000000
-2.0194000000
-2.0076000000
-1.9861000000
-1.9592000000
-1.9289000000
-1.8964000000
-1.8623000000
-1.8267000000
-1.7898000000
-1.7516000000
-1.7119000000
-1.6707000000
-1.6278000000
-1.5831000000
-1.5364000000
-1.4872000000
-1.4354000000
-1.3806000000
-1.3222000000
-1.2595000000
-1.1919000000
-1.1182000000
-1.0372000000
-0.9470900000
-0.8454200000
-0.7290300000
-0.5934700000
-0.4328300000
-0.2389900000
-0.0025674000
0.2856000000
0.6272800000
1.0041000000
1.3691000000
1.6638000000
1.8589000000
1.9648000000
2.0101000000
2.0198000000
2.0100000000
1.9895000000
1.9632000000
1.9333000000
1.9011000000
1.8672000000
1.8318000000
1.7951000000
1.7570000000
1.7176000000
1.6766000000
1.6340000000
1.5896000000
1.5431000000
1.4943000000
1.4429000000
1.3885000000
1.3307000000
1.2687000000
1.2018000000
1.1290000000
1.0492000000
0.9604500000
0.8605800000
0.7465100000
0.6139800000
0.4573200000
0.2687200000
0.0389040000
-0.2415600000
-0.5761600000
-0.9502800000
-1.3206000000
-1.6281000000
-1.8374000000
-1.9543000000
-2.0064000000
-2.0200000000
-2.0123000000
-1.9930000000
-1.9673000000
-1.9378000000
-1.9059000000
-1.8722000000
-1.8370000000
-1.8005000000
-1.7626000000
-1.7234000000
-1.6826000000
-1.6403000000
-1.5961000000
-1.5500000000
-1.5015000000
-1.4505000000
-1.3966000000
-1.3393000000
-1.2779000000
-1.2118000000
-1.1400000000
-1.0612000000
-0.9739100000
-0.8758100000
-0.7640200000
-0.6344700000
-0.4817300000
-0.2982900000
-0.0750520000
0.1976200000
0.5247100000
0.8951100000
1.2696000000
1.5894000000
1.8133000000
1.9420000000
2.0017000000
2.0196000000
2.0142000000
1.9961000000
1.9711000000
1.9421000000
1.9105000000
1.8770000000
1.8421000000
1.8057000000
1.7681000000
1.7290000000
1.6885000000
1.6463000000
1.6024000000
1.5566000000
1.5085000000
1.4579000000
1.4044000000
1.3476000000
1.2868000000
1.2214000000
1.1505000000
1.0728000000
0.9868300000
0.8904200000
0.7807700000
0.6540300000
0.5049600000
0.3263900000
0.1093500000
-0.1558200000
-0.4753800000
-0.8413500000
-1.2187000000
-1.5495000000
-1.7879000000
-1.9288000000
-1.9965000000
-2.0189000000
-2.0160000000
-1.9993000000
-1.9751000000
-1.9465000000
-1.9152000000
-1.8820000000
-1.8472000000
-1.8111000000
-1.7736000000
-1.7347000000
-1.6944000000
-1.6525000000
-1.6089000000
-1.5634000000
-1.5156000000
-1.4654000000
-1.4123000000
-1.3560000000
-1.2959000000
-1.2312000000
-1.1611000000
-1.0845000000
-0.9998500000
-0.9050900000
-0.7975700000
-0.6735900000
-0.5281300000
-0.3543500000
-0.1434700000
0.1141800000
0.4258900000
0.7865900000
1.1656000000
1.5067000000
1.7598000000
1.9136000000
1.9900000000
2.0175000000
2.0173000000
2.0022000000
1.9788000000
1.9507000000
1.9197000000
1.8868000000
1.8522000000
1.8162000000
1.7790000000
1.7403000000
1.7002000000
1.6586000000
1.6152000000
1.5699000000
1.5225000000
1.4726000000
1.4200000000
1.3642000000
1.3046000000
1.2406000000
1.1714000000
1.0958000000
1.0124000000
0.9191800000
0.8136500000
0.6922700000
0.5502000000
0.3809200000
0.1758600000
-0.0746180000
-0.3785900000
-0.7335200000
-1.1129000000
-1.4631000000
-1.7303000000
-1.8973000000
-1.9829000000
-2.0158000000
-2.0186000000
-2.0050000000
-1.9825000000
-1.9550000000
-1.9244000000
-1.8916000000
-1.8573000000
-1.8215000000
-1.7844000000
-1.7460000000
-1.7061000000
-1.6647000000
-1.6216000000
-1.5766000000
-1.5295000000
-1.4800000000
-1.4278000000
-1.3725000000
-1.3135000000
-1.2502000000
-1.1818000000
-1.1072000000
-1.0250000000
-0.9333400000
-0.8297900000
-0.7109700000
-0.5722400000
-0.4073900000
-0.2080700000
0.0352390000
0.3312600000
0.6797400000
1.0584000000
1.4166000000
1.6979000000
1.8788000000
1.9743000000
2.0132000000
2.0193000000
2.0076000000
1.9861000000
1.9591000000
1.9288000000
1.8964000000
1.8622000000
1.8267000000
1.7898000000
1.7515000000
1.7118000000
1.6706000000
1.6278000000
1.5831000000
1.5363000000
1.4872000000
1.4354000000
1.3805000000
1.3221000000
1.2594000000
1.1918000000
1.1181000000
1.0371000000
0.9469400000
0.8452500000
0.7288300000
0.5932400000
0.4325400000
0.2386500000
0.0021452000
-0.2861100000
-0.6278700000
-1.0047000000
-1.3697000000
-1.6643000000
-1.8592000000
-1.9650000000
-2.0102000000
-2.0199000000
-2.0101000000
-1.9896000000
-1.9632000000
-1.9334000000
-1.9012000000
-1.8673000000
-1.8319000000
-1.7952000000
-1.7571000000
-1.7177000000
-1.6767000000
-1.6341000000
-1.5896000000
-1.5432000000
-1.4944000000
-1.4430000000
-1.3886000000
-1.3308000000
-1.2688000000
-1.2019000000
-1.1292000000
-1.0493000000
-0.9606200000
-0.8607700000
-0.7467200000
-0.6142300000
-0.4576100000
-0.2690700000
-0.0393460000
0.2410200000
0.5755400000
0.9496100000
1.3200000000
1.6276000000
1.8370000000
1.9541000000
2.0063000000
2.0199000000
2.0122000000
1.9929000000
1.9672000000
1.9377000000
1.9058000000
1.8721000000
1.8370000000
1.8004000000
1.7626000000
1.7233000000
1.6826000000
1.6402000000
1.5960000000
1.5499000000
1.5015000000
1.4505000000
1.3965000000
1.3392000000
1.2778000000
1.2117000000
1.1398000000
1.0611000000
0.9737600000
0.8756400000
0.7638300000
0.6342500000
0.4814600000
0.2979700000
0.0746540000
-0.1981000000
-0.5252800000
-0.8957300000
-1.2702000000
-1.5898000000
-1.8136000000
-1.9422000000
-2.0019000000
-2.0197000000
-2.0142000000
-1.9962000000
-1.9712000000
-1.9422000000
-1.9106000000
-1.8771000000
-1.8421000000
-1.8058000000
-1.7681000000
-1.7291000000
-1.6886000000
-1.6464000000
-1.6025000000
-1.5567000000
-1.5086000000
-1.4580000000
-1.4045000000
-1.3477000000
-1.2869000000
-1.2215000000
-1.1506000000
-1.0730000000
-0.9869900000
-0.8905900000
-0.7809800000
-0.6542700000
-0.5052400000
-0.3267200000
-0.1097700000
0.1553100000
0.4747700000
0.8406800000
1.2181000000
1.5490000000
1.7875000000
1.9286000000
1.9963000000
2.0188000000
2.0159000000
1.9992000000
1.9750000000
1.9464000000
1.9151000000
1.8819000000
1.8471000000
1.8110000000
1.7735000000
1.7347000000
1.6944000000
1.6525000000
1.6088000000
1.5633000000
1.5155000000
1.4653000000
1.4122000000
1.3559000000
1.2958000000
1.2311000000
1.1610000000
1.0844000000
0.9997100000
0.9049300000
0.7973900000
0.6733800000
0.5278800000
0.3540500000
0.1431000000
-0.1146400000
-0.4264400000
-0.7872000000
-1.1662000000
-1.5072000000
-1.7601000000
-1.9138000000
-1.9901000000
-2.0176000000
-2.0174000000
-2.0023000000
-1.9789000000
-1.9508000000
-1.9198000000
-1.8868000000
-1.8523000000
-1.8163000000
-1.7790000000
-1.7404000000
-1.7003000000
-1.6586000000
-1.6153000000
-1.5700000000
-1.5226000000
-1.4727000000
-1.4201000000
-1.3643000000
-1.3047000000
-1.2407000000
-1.1715000000
-1.0959000000
-1.0125000000
-0.9193500000
-0.8138500000
-0.6925000000
-0.5504700000
-0.3812400000
-0.1762500000
0.0741360000
0.3780100000
0.7328700000
1.1122000000
1.4625000000
1.7299000000
1.8971000000
1.9827000000
2.0156000000
2.0185000000
2.0050000000
1.9825000000
1.9549000000
1.9243000000
1.8916000000
1.8572000000
1.8215000000
1.7844000000
1.7459000000
1.7060000000
1.6646000000
1.6215000000
1.5765000000
1.5294000000
1.4799000000
1.4277000000
1.3724000000
1.3134000000
1.2501000000
1.1816000000
1.1070000000
1.0248000000
0.9331800000
0.8296100000
0.7107600000
0.5719900000
0.4071000000
0.2077200000
-0.0356740000
-0.3317800000
-0.6803400000
-1.0590000000
-1.4172000000
-1.6983000000
-1.8791000000
-1.9745000000
-2.0133000000
-2.0194000000
-2.0076000000
-1.9861000000
-1.9592000000
-1.9289000000
-1.8964000000
-1.8623000000
-1.8267000000
-1.7898000000
-1.7516000000
-1.7119000000
-1.6707000000
-1.6278000000
-1.5831000000
-1.5364000000
-1.4872000000
-1.4355000000
-1.3806000000
-1.3222000000
-1.2595000000
-1.1919000000
-1.1183000000
-1.0373000000
-0.9471000000
-0.8454300000
-0.7290500000
-0.5934900000
-0.4328500000
-0.2390200000
-0.0026017000
0.2855600000
0.6272300000
1.0041000000
1.3690000000
1.6638000000
1.8589000000
1.9648000000
2.0101000000
2.0198000000
2.0100000000
1.9895000000
1.9632000000
1.9333000000
1.9011000000
1.8672000000
1.8318000000
1.7951000000
1.7571000000
1.7176000000
1.6766000000
1.6340000000
1.5896000000
1.5431000000
1.4943000000
1.4429000000
1.3885000000
1.3307000000
1.2687000000
1.2018000000
1.1291000000
1.0492000000
0.9604700000
0.8606000000
0.7465200000
0.6140000000
0.4573400000
0.2687400000
0.0389370000
-0.2415200000
-0.5761200000
-0.9502300000
-1.3206000000
-1.6281000000
-1.8373000000
-1.9543000000
-2.0064000000
-2.0200000000
-2.0123000000
-1.9930000000
-1.9673000000
-1.9378000000
-1.9059000000
-1.8722000000
-1.8370000000
-1.8005000000
-1.7626000000
-1.7234000000
-1.6826000000
-1.6403000000
-1.5961000000
-1.5500000000
-1.5015000000
-1.4505000000
-1.3966000000
-1.3393000000
-1.2779000000
-1.2118000000
-1.1400000000
-1.0612000000
-0.9739200000
-0.8758300000
-0.7640400000
-0.6344900000
-0.4817500000
-0.2983200000
-0.0750840000
0.1975800000
0.5246600000
0.8950600000
1.2696000000
1.5893000000
1.8133000000
1.9420000000
2.0017000000
2.0196000000
2.0142000000
1.9961000000
1.9712000000
1.9421000000
1.9105000000
1.8770000000
1.8421000000
1.8057000000
1.7681000000
1.7290000000
1.6885000000
1.6463000000
1.6025000000
1.5566000000
1.5085000000
1.4579000000
1.4044000000
1.3476000000
1.2868000000
1.2214000000
1.1505000000
1.0728000000
0.9868500000
0.8904300000
0.7807900000
0.6540500000
0.5049800000
0.3264100000
0.1093800000
-0.1557800000
-0.4753300000
-0.8413000000
-1.2187000000
-1.5495000000
-1.7879000000
-1.9288000000
-1.9965000000
-2.0189000000
-2.0160000000
-1.9993000000
-1.9751000000
-1.9465000000
-1.9152000000
-1.8820000000
-1.8472000000
-1.8111000000
-1.7736000000
-1.7347000000
-1.6944000000
-1.6525000000
-1.6089000000
-1.5634000000
-1.5156000000
-1.4654000000
-1.4123000000
-1.3560000000
-1.2959000000
-1.2312000000
-1.1611000000
-1.0845000000
-0.9998600000
-0.9051100000
-0.7975900000
-0.6736100000
-0.5281600000
-0.3543700000
-0.1435000000
0.1141400000
0.4258500000
0.7865400000
1.1655000000
1.5067000000
1.7597000000
1.9136000000
1.9900000000
2.0175000000
2.0173000000
2.0022000000
1.9788000000
1.9507000000
1.9197000000
1.8868000000
1.8522000000
1.8163000000
1.7790000000
1.7403000000
1.7002000000
1.6586000000
1.6152000000
1.5699000000
1.5225000000
1.4727000000
1.4200000000
1.3642000000
1.3046000000
1.2406000000
1.1714000000
1.0958000000
1.0124000000
0.9191900000
0.8136700000
0.6922900000
0.5502200000
0.3809500000
0.1758800000
-0.0745820000
-0.3785500000
-0.7334700000
-1.1128000000
-1.4631000000
-1.7303000000
-1.8973000000
-1.9828000000
-2.0158000000
-2.0186000000
-2.0050000000
-1.9826000000
-1.9550000000
-1.9244000000
-1.8916000000
-1.8573000000
-1.8215000000
-1.7844000000
-1.7460000000
-1.7061000000
-1.6647000000
-1.6216000000
-1.5766000000
-1.5295000000
-1.4800000000
-1.4278000000
-1.3725000000
-1.3135000000
-1.2502000000
-1.1818000000
-1.1072000000
-1.0250000000
-0.9333500000
-0.8298000000
-0.7109800000
-0.5722600000
-0.4074100000
-0.2081000000
0.0352040000
0.3312100000
0.6796900000
1.0583000000
1.4166000000
1.6979000000
1.8788000000
1.9743000000
2.0132000000
2.0193000000
2.0076000000
1.9861000000
1.9591000000
1.9288000000
1.8964000000
1.8622000000
1.8267000000
1.7898000000
1.7515000000
1.7118000000
1.6706000000
1.6278000000
1.5831000000
1.5363000000
1.4872000000
1.4354000000
1.3805000000
1.3221000000
1.2594000000
1.1918000000
1.1181000000
1.0371000000
0.9469500000
0.8452600000
0.7288400000
0.5932600000
0.4325700000
0.2386800000
0.0021795000
-0.2860700000
-0.6278200000
-1.0047000000
-1.3696000000
-1.6643000000
-1.8591000000
-1.9650000000
-2.0102000000
-2.0199000000
-2.0101000000
-1.9896000000
-1.9633000000
-1.9334000000
-1.9012000000
-1.8673000000
-1.8319000000
-1.7952000000
-1.7571000000
-1.7177000000
-1.6767000000
-1.6341000000
-1.5896000000
-1.5432000000
-1.4944000000
-1.4430000000
-1.3886000000
-1.3308000000
-1.2688000000
-1.2019000000
-1.1292000000
-1.0493000000
-0.9606300000
-0.8607800000
-0.7467400000
-0.6142500000
-0.4576400000
-0.2691000000
-0.0393790000
0.2409800000
0.5754900000
0.9495600000
1.3199000000
1.6276000000
1.8370000000
1.9541000000
2.0063000000
2.0199000000
2.0122000000
1.9929000000
1.9672000000
1.9377000000
1.9058000000
1.8721000000
1.8370000000
1.8004000000
1.7626000000
1.7233000000
1.6826000000
1.6402000000
1.5960000000
1.5499000000
1.5015000000
1.4505000000
1.3965000000
1.3392000000
1.2778000000
1.2117000000
1.1399000000
1.0611000000
0.9737700000
0.8756600000
0.7638400000
0.6342700000
0.4814800000
0.2980000000
0.0746860000
-0.1980600000
-0.5252300000
-0.8956800000
-1.2702000000
-1.5898000000
-1.8136000000
-1.9422000000
-2.0019000000
-2.0197000000
-2.0142000000
-1.9962000000
-1.9712000000
-1.9422000000
-1.9106000000
-1.8771000000
-1.8421000000
-1.8058000000
-1.7681000000
-1.7291000000
-1.6886000000
-1.6464000000
-1.6025000000
-1.5567000000
-1.5086000000
-1.4580000000
-1.4045000000
-1.3477000000
-1.2870000000
-1.2215000000
-1.1506000000
-1.0730000000
-0.9870000000
-0.8906100000
-0.7810000000
-0.6542900000
-0.5052600000
-0.3267500000
-0.1098000000
0.1552800000
0.4747300000
0.8406300000
1.2180000000
1.5490000000
1.7875000000
1.9285000000
1.9963000000
2.0188000000
2.0159000000
1.9992000000
1.9750000000
1.9465000000
1.9151000000
1.8819000000
1.8472000000
1.8110000000
1.7735000000
1.7347000000
1.6944000000
1.6525000000
1.6088000000
1.5633000000
1.5155000000
1.4653000000
1.4123000000
1.3559000000
1.2958000000
1.2311000000
1.1610000000
1.0844000000
0.9997200000
