1.3620000000
1.3930000000
1.6580000000
1.8500000000
1.6450000000
1.5850000000
1.0970000000
1.1550000000
1.0820000000
0.8880000000
0.8730000000
0.6000000000
0.5560000000
0.6090000000
0.7380000000
0.6820000000
0.7980000000
0.7710000000
0.6900000000
0.5640000000
0.7900000000
0.9450000000
0.7990000000
0.6760000000
0.4840000000
0.6700000000
0.5610000000
0.5710000000
0.5130000000
0.8280000000
0.8350000000
1.0240000000
1.0370000000
1.2350000000
1.0930000000
0.7410000000
0.9720000000
1.0160000000
0.9210000000
0.8960000000
1.1520000000
1.4590000000
1.0630000000
1.2560000000
1.3010000000
1.1950000000
1.4530000000
1.3710000000
0.8240000000
1.0760000000
1.1090000000
1.1550000000
0.9980000000
1.0240000000
0.9260000000
0.8930000000
1.0110000000
0.8670000000
0.7390000000
0.8470000000
0.8810000000
0.8530000000
0.7770000000
0.7390000000
0.8410000000
0.7570000000
0.9020000000
0.8560000000
0.7450000000
0.6630000000
0.5090000000
0.7220000000
0.7540000000
0.7910000000
0.8200000000
0.7530000000
0.7110000000
0.8000000000
0.8040000000
0.5130000000
0.5890000000
0.8580000000
0.7910000000
1.1220000000
0.8200000000
1.0490000000
1.0450000000
1.1120000000
1.2000000000
1.3370000000
1.0980000000
0.9720000000
0.7310000000
0.8700000000
1.0120000000
0.7920000000
0.7100000000
0.6870000000
0.7910000000
0.7750000000
0.7540000000
0.6780000000
0.9350000000
0.8970000000
0.8270000000
0.6810000000
1.0140000000
1.3620000000
1.5480000000
1.1010000000
1.1550000000
1.0460000000
0.9330000000
0.8990000000
1.1140000000
1.5430000000
1.8220000000
1.6330000000
1.4890000000
1.7600000000
2.4300000000
1.9710000000
1.9700000000
1.5830000000
1.2770000000
1.9920000000
1.6830000000
1.5730000000
1.5330000000
1.1810000000
1.4600000000
1.5850000000
1.4680000000
1.6800000000
1.3380000000
1.2810000000
1.0230000000
1.0950000000
0.9440000000
0.9840000000
0.7710000000
0.9180000000
1.4480000000
1.5030000000
1.5680000000
1.6640000000
1.6730000000
1.5390000000
1.4810000000
1.6290000000
1.3960000000
1.3390000000
1.6540000000
1.4020000000
1.1640000000
0.9750000000
0.9960000000
1.0040000000
0.8780000000
1.2490000000
0.9010000000
0.9220000000
0.9470000000
0.7700000000
0.8340000000
0.8250000000
1.0860000000
0.7640000000
0.9460000000
1.0150000000
1.0490000000
0.8030000000
0.8350000000
0.6800000000
0.6540000000
0.6420000000
0.7360000000
0.9030000000
0.9530000000
1.0340000000
0.9440000000
1.0490000000
0.9030000000
1.0870000000
1.1010000000
0.9300000000
0.8700000000
0.7790000000
0.7800000000
0.6890000000
0.8810000000
0.7360000000
0.8540000000
1.1470000000
1.0830000000
1.3610000000
0.9210000000
0.8950000000
0.7070000000
0.7520000000
0.7410000000
0.9020000000
1.1200000000
1.3740000000
0.8330000000
0.8330000000
0.8250000000
1.0180000000
0.9640000000
1.0440000000
1.1300000000
1.0920000000
0.9810000000
0.9420000000
0.8500000000
0.7270000000
0.9050000000
1.0540000000
1.3130000000
1.8260000000
1.7330000000
1.2540000000
1.1030000000
1.0190000000
1.3940000000
1.4110000000
1.4600000000
1.7570000000
1.3210000000
1.3320000000
1.3670000000
1.0010000000
0.8870000000
1.1580000000
1.1540000000
1.2920000000
1.4860000000
1.3090000000
1.3240000000
1.5620000000
1.3680000000
1.3470000000
1.2160000000
1.1020000000
1.1450000000
1.2280000000
1.2530000000
1.1330000000
1.1290000000
0.9810000000
1.0120000000
0.9340000000
1.1430000000
1.0510000000
1.1040000000
1.1170000000
0.8770000000
0.9690000000
0.7150000000
0.7470000000
1.0020000000
0.9170000000
0.8930000000
0.7780000000
0.9260000000
1.1050000000
1.2150000000
1.2870000000
1.3000000000
1.0830000000
1.1080000000
1.1120000000
0.9750000000
0.9210000000
1.0730000000
1.0210000000
0.9200000000
0.8980000000
0.9360000000
0.9880000000
1.0670000000
1.4980000000
0.9810000000
0.9620000000
1.1650000000
1.2620000000
1.1560000000
1.1320000000
1.0540000000
1.2340000000
0.9000000000
1.0980000000
1.0950000000
1.2360000000
1.2290000000
1.3910000000
0.6620000000
0.5700000000
0.8400000000
0.7940000000
0.6540000000
0.6510000000
0.5450000000
0.9780000000
1.0300000000
1.0330000000
0.9870000000
1.0380000000
0.9960000000
0.9050000000
0.6430000000
0.8430000000
1.1550000000
1.3220000000
1.5640000000
1.7070000000
1.5710000000
1.4870000000
1.4770000000
1.5360000000
1.0230000000
0.8250000000
0.8440000000
0.5760000000
0.5590000000
0.6340000000
0.5550000000
0.8200000000
1.1220000000
1.2830000000
1.4080000000
1.6800000000
1.4730000000
1.2930000000
1.2320000000
1.2550000000
1.1310000000
1.1880000000
1.0160000000
0.8410000000
0.8140000000
0.7610000000
0.6950000000
0.7210000000
0.7370000000
0.7570000000
0.2400000000
0.3130000000
0.4570000000
0.5790000000
0.5930000000
0.6220000000
0.6190000000
0.6600000000
0.9230000000
0.9060000000
0.9680000000
1.1850000000
1.1250000000
1.2130000000
1.1350000000
1.3420000000
1.1070000000
1.2080000000
1.0330000000
1.0170000000
0.5720000000
0.6840000000
0.8530000000
0.7510000000
0.9240000000
1.0640000000
1.0350000000
1.1170000000
1.0940000000
1.1650000000
1.2650000000
0.8160000000
0.7170000000
0.7580000000
0.9630000000
0.8490000000
0.8790000000
0.9240000000
1.0020000000
1.0990000000
1.1450000000
0.9990000000
0.8730000000
0.7860000000
0.7730000000
1.0120000000
0.9670000000
1.1980000000
1.1060000000
0.9410000000
0.5860000000
0.5080000000
0.5170000000
0.5520000000
0.6980000000
0.7160000000
0.9370000000
1.0080000000
0.9220000000
1.0140000000
0.7380000000
0.6760000000
0.5540000000
0.6050000000
0.7360000000
1.0720000000
1.0970000000
1.3050000000
1.1090000000
1.2150000000
1.1590000000
0.9670000000
0.8820000000
0.8960000000
1.0000000000
1.1380000000
0.7860000000
0.8970000000
0.8440000000
0.9230000000
0.6800000000
0.8240000000
0.7270000000
0.8710000000
0.8400000000
0.9060000000
0.9820000000
1.1160000000
1.2890000000
1.1160000000
0.9750000000
1.1240000000
0.9570000000
1.0290000000
0.8930000000
0.8720000000
0.9910000000
0.9190000000
1.0030000000
0.9560000000
1.0380000000
1.1550000000
0.9910000000
1.0070000000
1.3580000000
1.2020000000
1.0800000000
1.0760000000
1.0150000000
1.2060000000
1.4400000000
1.1480000000
1.2810000000
1.4070000000
1.1470000000
1.0130000000
0.9570000000
0.8350000000
0.7580000000
0.7990000000
0.6920000000
0.7130000000
0.6440000000
0.7390000000
0.6120000000
0.7150000000
1.0990000000
0.7830000000
1.1670000000
1.0180000000
1.1270000000
1.0280000000
1.0230000000
1.0740000000
1.2090000000
0.9790000000
1.0950000000
1.1190000000
0.9750000000
0.5130000000
0.5660000000
0.7410000000
0.6720000000
0.8030000000
0.6650000000
0.5910000000
0.7380000000
0.8690000000
0.7280000000
0.8090000000
0.6080000000
0.6600000000
0.7110000000
0.7390000000
0.7040000000
0.8110000000
0.6950000000
0.7320000000
0.7880000000
0.7950000000
0.7740000000
0.8580000000
0.8100000000
0.8260000000
1.0810000000
0.8570000000
0.9090000000
1.0790000000
0.8210000000
0.9140000000
1.0230000000
1.0510000000
1.0910000000
1.1010000000
0.8160000000
1.0120000000
1.1450000000
1.3660000000
1.3650000000
1.0120000000
0.8240000000
0.8790000000
0.8020000000
0.8280000000
0.9670000000
0.9780000000
1.0150000000
1.2900000000
1.3290000000
1.2550000000
1.1190000000
1.4200000000
1.2130000000
1.2760000000
1.3440000000
1.4430000000
1.0280000000
1.1530000000
1.2920000000
1.4760000000
1.3200000000
1.0510000000
1.1460000000
1.3190000000
1.2150000000
1.1410000000
1.2180000000
1.0720000000
1.0290000000
0.9440000000
0.9300000000
0.9190000000
1.1490000000
1.2890000000
1.1170000000
0.8200000000
0.9560000000
0.8960000000
0.8530000000
0.9520000000
0.9420000000
0.9710000000
1.0760000000
1.4540000000
1.0060000000
1.3300000000
1.2400000000
1.2140000000
0.6940000000
0.7760000000
0.5940000000
0.4550000000
0.5820000000
0.7230000000
0.8790000000
0.9940000000
0.9370000000
1.1060000000
0.8390000000
1.1190000000
0.9340000000
0.7780000000
0.7720000000
0.7590000000
0.7530000000
0.5040000000
0.6920000000
0.7930000000
0.8800000000
0.8980000000
0.9920000000
0.9960000000
0.8610000000
0.9990000000
1.0000000000
1.0320000000
0.8980000000
1.0130000000
0.9380000000
0.9860000000
0.8050000000
1.0290000000
1.1030000000
0.6410000000
0.9420000000
0.9900000000
1.2350000000
1.1770000000
1.3550000000
1.3130000000
0.9820000000
1.2170000000
1.2400000000
1.3260000000
1.6250000000
1.5150000000
1.3130000000
1.5210000000
1.3990000000
1.4610000000
1.3320000000
0.6920000000
0.7630000000
0.9480000000
0.7890000000
0.6300000000
0.6210000000
0.8760000000
1.0450000000
1.2330000000
1.2360000000
1.3380000000
1.2350000000
1.2340000000
1.4700000000
1.3930000000
1.4950000000
1.4850000000
1.5970000000
1.6800000000
1.3350000000
1.3500000000
0.9570000000
0.9450000000
1.0000000000
0.7600000000
0.7570000000
0.7360000000
0.7250000000
0.9720000000
0.8220000000
0.9770000000
0.9160000000
1.1090000000
0.4930000000
0.8830000000
0.5220000000
0.5400000000
0.6710000000
1.0060000000
0.9470000000
1.0530000000
1.1710000000
1.0120000000
1.1090000000
0.8070000000
0.8050000000
1.0530000000
0.8140000000
0.8550000000
0.9200000000
0.8620000000
0.8910000000
0.5300000000
0.6600000000
0.8730000000
0.8370000000
0.5990000000
0.6130000000
0.6350000000
0.6330000000
0.6760000000
0.7430000000
0.6730000000
0.5010000000
0.6210000000
0.4850000000
0.5320000000
0.8190000000
0.8590000000
0.8380000000
0.7460000000
0.8790000000
0.8640000000
0.7300000000
0.7030000000
0.7240000000
0.9740000000
1.0080000000
0.8120000000
0.8080000000
0.7600000000
0.8090000000
0.8910000000
0.9100000000
1.2180000000
0.8240000000
1.0150000000
0.9990000000
1.0340000000
1.0740000000
1.1640000000
1.1160000000
1.0650000000
1.1610000000
