-0.0019848000
0.1445500000
0.3095500000
0.4971100000
0.7106300000
0.9516900000
1.2181000000
1.5013000000
1.7832000000
2.0353000000
2.2222000000
2.3119000000
2.2888000000
2.1618000000
1.9596000000
1.7184000000
1.4698000000
1.2355000000
1.0268000000
0.8477600000
0.6980700000
0.5750800000
0.4753000000
0.3951800000
0.3314800000
0.2813500000
0.2424500000
0.2128200000
0.1909200000
0.1755100000
0.1656300000
0.1605800000
0.1598200000
0.1630000000
0.1699300000
0.1805200000
0.1948100000
0.2129500000
0.2351800000
0.2618500000
0.2933800000
0.3303100000
0.3732100000
0.4227600000
0.4796300000
0.5445100000
0.6180100000
0.7005800000
0.7923300000
0.8928800000
1.0011000000
1.1149000000
1.2308000000
1.3440000000
1.4485000000
1.5373000000
1.6036000000
1.6418000000
1.6485000000
1.6233000000
1.5691000000
1.4909000000
1.3950000000
1.2874000000
1.1736000000
1.0574000000
0.9411800000
0.8260100000
0.7116200000
0.5968100000
0.4796100000
0.3574000000
0.2270000000
0.0846910000
-0.0737420000
-0.2528900000
-0.4574400000
-0.6914700000
-0.9570600000
-1.2519000000
-1.5659000000
-1.8768000000
-2.1494000000
-2.3406000000
-2.4140000000
-2.3567000000
-2.1866000000
-1.9432000000
-1.6697000000
-1.4002000000
-1.1553000000
-0.9443700000
-0.7694400000
-0.6285700000
-0.5182600000
-0.4346300000
-0.3741500000
-0.3338100000
-0.3112500000
-0.3047000000
-0.3129700000
-0.3353500000
-0.3715600000
-0.4216900000
-0.4860800000
-0.5652400000
-0.6596900000
-0.7697000000
-0.8949400000
-1.0341000000
-1.1840000000
-1.3395000000
-1.4925000000
-1.6325000000
-1.7472000000
-1.8247000000
-1.8564000000
-1.8391000000
-1.7762000000
-1.6761000000
-1.5505000000
-1.4108000000
-1.2667000000
-1.1252000000
-0.9903300000
-0.8637600000
-0.7454500000
-0.6341400000
-0.5278000000
-0.4238800000
-0.3195300000
-0.2116500000
-0.0968880000
0.0283030000
0.1677000000
0.3252100000
0.5046200000
0.7090600000
0.9400000000
1.1955000000
1.4676000000
1.7402000000
1.9871000000
2.1754000000
2.2743000000
2.2667000000
2.1580000000
1.9727000000
1.7444000000
1.5040000000
1.2736000000
1.0656000000
0.8852100000
0.7326400000
0.6057500000
0.5013100000
0.4158500000
0.3460900000
0.2891000000
0.2423500000
0.2037300000
0.1714500000
0.1440000000
0.1201400000
0.0987860000
0.0790270000
0.0600480000
0.0411150000
0.0215420000
0.0006678600
-0.0221660000
-0.0476390000
-0.0764670000
-0.1094200000
-0.1473500000
-0.1911700000
-0.2419300000
-0.3007300000
-0.3687800000
-0.4473300000
-0.5376100000
-0.6406700000
-0.7571900000
-0.8871800000
-1.0294000000
-1.1811000000
-1.3369000000
-1.4891000000
-1.6271000000
-1.7390000000
-1.8135000000
-1.8424000000
-1.8230000000
-1.7587000000
-1.6582000000
-1.5325000000
-1.3929000000
-1.2488000000
-1.1068000000
-0.9706300000
-0.8418500000
-0.7202400000
-0.6043800000
-0.4920500000
-0.3805000000
-0.2666000000
-0.1469300000
-0.0177900000
0.1247800000
0.2849000000
0.4666600000
0.6735800000
0.9075900000
1.1674000000
1.4457000000
1.7268000000
1.9844000000
2.1844000000
2.2937000000
2.2932000000
2.1865000000
1.9988000000
1.7653000000
1.5186000000
1.2820000000
1.0689000000
0.8845800000
0.7293400000
0.6009700000
0.4961100000
0.4112200000
0.3429600000
0.2884000000
0.2450500000
0.2108200000
0.1840400000
0.1633100000
0.1475400000
0.1358600000
0.1275700000
0.1221300000
0.1191400000
0.1182700000
0.1193200000
0.1221300000
0.1266300000
0.1327900000
0.1406500000
0.1502700000
0.1618000000
0.1753900000
0.1912800000
0.2097400000
0.2310800000
0.2556900000
0.2839900000
0.3164800000
0.3537000000
0.3962400000
0.4447300000
0.4997900000
0.5620500000
0.6320200000
0.7100500000
0.7962000000
0.8900400000
0.9905000000
1.0957000000
1.2025000000
1.3068000000
1.4035000000
1.4865000000
1.5499000000
1.5887000000
1.5996000000
1.5820000000
1.5375000000
1.4702000000
1.3849000000
1.2871000000
1.1815000000
1.0718000000
0.9605100000
0.8486700000
0.7363400000
0.6225900000
0.5056600000
0.3831200000
0.2519400000
0.1084500000
-0.0515130000
-0.2326100000
-0.4396200000
-0.6768300000
-0.9465700000
-1.2468000000
-1.5672000000
-1.8854000000
-2.1650000000
-2.3612000000
-2.4357000000
-2.3754000000
-2.1994000000
-1.9489000000
-1.6690000000
-1.3946000000
-1.1466000000
-0.9342700000
-0.7592700000
-0.6195200000
-0.5113800000
-0.4309300000
-0.3746300000
-0.3395500000
-0.3234000000
-0.3245600000
-0.3419900000
-0.3751300000
-0.4238900000
-0.4884800000
-0.5693400000
-0.6669200000
-0.7814300000
-0.9124400000
-1.0583000000
-1.2156000000
-1.3784000000
-1.5374000000
-1.6809000000
-1.7955000000
-1.8684000000
-1.8913000000
-1.8622000000
-1.7861000000
-1.6734000000
-1.5372000000
-1.3896000000
-1.2405000000
-1.0965000000
-0.9612200000
-0.8358500000
-0.7199800000
-0.6120800000
-0.5099400000
-0.4109700000
-0.3123200000
-0.2109800000
-0.1037700000
0.0126780000
0.1419000000
0.2875800000
0.4533500000
0.6424300000
0.8568400000
1.0960000000
1.3547000000
1.6206000000
1.8727000000
2.0817000000
2.2164000000
2.2542000000
2.1905000000
2.0414000000
1.8360000000
1.6057000000
1.3755000000
1.1616000000
0.9718500000
0.8086300000
0.6708400000
0.5557500000
0.4600300000
0.3803400000
0.3135600000
0.2569200000
0.2080000000
0.1647300000
0.1252800000
0.0880490000
0.0515960000
0.0145930000
-0.0242220000
-0.0660860000
-0.1122500000
-0.1639900000
-0.2226600000
-0.2896700000
-0.3665100000
-0.4546600000
-0.5555400000
-0.6703300000
-0.7996600000
-0.9432300000
-1.0992000000
-1.2636000000
-1.4293000000
-1.5865000000
-1.7223000000
-1.8235000000
-1.8786000000
-1.8813000000
-1.8326000000
-1.7399000000
-1.6151000000
-1.4712000000
-1.3197000000
-1.1690000000
-1.0246000000
-0.8889400000
-0.7623100000
-0.6436200000
-0.5308100000
-0.4212300000
-0.3118500000
-0.1993800000
-0.0803040000
0.0491020000
0.1927500000
0.3546400000
0.5385300000
0.7474100000
0.9823000000
1.2404000000
1.5128000000
1.7815000000
2.0193000000
2.1933000000
2.2744000000
2.2493000000
2.1266000000
1.9333000000
1.7024000000
1.4636000000
1.2371000000
1.0338000000
0.8579000000
0.7092000000
0.5852900000
0.4828200000
0.3983400000
0.3285700000
0.2706000000
0.2219200000
0.1803600000
0.1441000000
0.1115600000
0.0813830000
0.0523620000
0.0234040000
-0.0065122000
-0.0383690000
-0.0731460000
-0.1118400000
-0.1555100000
-0.2052700000
-0.2623000000
-0.3278800000
-0.4033200000
-0.4899700000
-0.5890300000
-0.7014700000
-0.8276600000
-0.9670200000
-1.1175000000
-1.2748000000
-1.4321000000
-1.5797000000
-1.7058000000
-1.7982000000
-1.8469000000
-1.8464000000
-1.7981000000
-1.7089000000
-1.5896000000
-1.4520000000
-1.3068000000
-1.1616000000
-1.0216000000
-0.8889200000
-0.7640400000
-0.6458900000
-0.5324900000
-0.4212300000
-0.3091100000
-0.1928000000
-0.0687160000
0.0669840000
0.2183500000
0.3895000000
0.5842300000
0.8052800000
1.0530000000
1.3230000000
1.6036000000
1.8734000000
2.1012000000
2.2527000000
2.3011000000
2.2398000000
2.0852000000
1.8693000000
1.6266000000
1.3848000000
1.1612000000
0.9645000000
0.7967900000
0.6568100000
0.5416200000
0.4476800000
0.3715500000
0.3100900000
0.2605900000
0.2207600000
0.1887100000
0.1628800000
0.1419800000
0.1249900000
0.1110300000
0.0994090000
0.0895430000
0.0809430000
0.0731940000
0.0659340000
0.0588400000
0.0516190000
0.0439880000
0.0356730000
0.0263940000
0.0158570000
0.0037469000
-0.0102800000
-0.0266100000
-0.0456740000
-0.0679660000
-0.0940440000
-0.1245500000
-0.1602100000
-0.2018600000
-0.2504300000
-0.3069500000
-0.3725500000
-0.4483900000
-0.5356400000
-0.6353100000
-0.7480600000
-0.8739300000
-1.0119000000
-1.1593000000
-1.3114000000
-1.4609000000
-1.5980000000
-1.7114000000
-1.7900000000
-1.8253000000
-1.8138000000
-1.7579000000
-1.6652000000
-1.5459000000
-1.4112000000
-1.2701000000
-1.1298000000
-0.9942100000
-0.8653300000
-0.7432000000
-0.6266000000
-0.5134900000
-0.4012100000
-0.2867200000
-0.1666200000
-0.0372310000
0.1054200000
0.2655000000
0.4471600000
0.6540700000
0.8884100000
1.1492000000
1.4297000000
1.7144000000
1.9774000000
2.1842000000
2.3006000000
2.3059000000
2.2026000000
2.0156000000
1.7806000000
1.5312000000
1.2917000000
1.0759000000
0.8893100000
0.7324800000
0.6031600000
0.4979800000
0.4133700000
0.3459800000
0.2928700000
0.2515700000
0.2200400000
0.1966300000
0.1800500000
0.1692800000
0.1635700000
0.1623500000
0.1652500000
0.1720400000
0.1826400000
0.1970600000
0.2154600000
0.2380800000
0.2652600000
0.2974400000
0.3351500000
0.3789900000
0.4296200000
0.4877400000
0.5540200000
0.6290700000
0.7132900000
0.8067500000
0.9089600000
1.0187000000
1.1335000000
1.2499000000
1.3628000000
1.4658000000
1.5520000000
1.6145000000
1.6480000000
1.6495000000
1.6193000000
1.5605000000
1.4785000000
1.3797000000
1.2704000000
1.1555000000
1.0388000000
0.9225300000
0.8073600000
0.6929200000
0.5778700000
0.4601200000
0.3369700000
0.2051200000
0.0607950000
-0.1003000000
-0.2827800000
-0.4912900000
-0.7297100000
-0.9996500000
-1.2979000000
-1.6126000000
-1.9199000000
-2.1828000000
-2.3582000000
-2.4123000000
-2.3367000000
-2.1533000000
-1.9033000000
-1.6290000000
-1.3624000000
-1.1224000000
-0.9168900000
-0.7471800000
-0.6110000000
-0.5047300000
-0.4245400000
-0.3669400000
-0.3290300000
-0.3085200000
-0.3037300000
-0.3135300000
-0.3372800000
-0.3747300000
-0.4260000000
-0.4914800000
-0.5716700000
-0.6670900000
-0.7779800000
-0.9039700000
-1.0436000000
-1.1937000000
-1.3488000000
-1.5009000000
-1.6391000000
-1.7513000000
-1.8259000000
-1.8544000000
-1.8342000000
-1.7689000000
-1.6674000000
-1.5410000000
-1.4012000000
-1.2575000000
-1.1165000000
-0.9822900000
-0.8563100000
-0.7384500000
-0.6274100000
-0.5210900000
-0.4169500000
-0.3121000000
-0.2034100000
-0.0875330000
0.0391320000
0.1803900000
0.3401500000
0.5221900000
0.7295500000
0.9634600000
1.2215000000
1.4952000000
1.7671000000
2.0103000000
2.1914000000
2.2802000000
2.2619000000
2.1438000000
1.9521000000
1.7208000000
1.4801000000
1.2511000000
1.0456000000
0.8678700000
0.7179700000
0.5935500000
0.4913000000
0.4077600000
0.3396700000
0.2841600000
0.2387400000
0.2013400000
0.1702200000
0.1439200000
0.1212100000
0.1010800000
0.0826320000
0.0650970000
0.0477790000
0.0300360000
0.0112540000
-0.0091742000
-0.0318690000
-0.0574810000
-0.0867090000
-0.1203200000
-0.1591500000
-0.2041400000
-0.2563200000
-0.3168100000
-0.3868300000
-0.4676000000
-0.5603300000
-0.6659900000
-0.7851400000
-0.9175500000
-1.0617000000
-1.2143000000
-1.3696000000
-1.5191000000
-1.6520000000
-1.7564000000
-1.8215000000
-1.8400000000
-1.8107000000
-1.7382000000
-1.6318000000
-1.5027000000
-1.3620000000
-1.2183000000
-1.0775000000
-0.9431000000
-0.8160500000
-0.6958700000
-0.5809500000
-0.4689500000
-0.3570500000
-0.2420400000
-0.1204400000
0.0115180000
0.1578400000
0.3226700000
0.5100400000
0.7232300000
0.9636500000
1.2289000000
1.5100000000
1.7889000000
2.0371000000
2.2195000000
2.3050000000
2.2790000000
2.1509000000
1.9492000000
1.7097000000
1.4632000000
1.2309000000
1.0239000000
0.8462200000
0.6973400000
0.5746800000
0.4748000000
0.3941700000
0.3295200000
0.2780300000
0.2373100000
0.2053800000
0.1806500000
0.1618100000
0.1478300000
0.1379000000
0.1314000000
0.1278300000
0.1268300000
0.1281700000
0.1316700000
0.1372400000
0.1448900000
0.1546500000
0.1666300000
0.1810100000
0.1980100000
0.2179200000
0.2410700000
0.2678900000
0.2988200000
0.3344100000
0.3752300000
0.4219100000
0.4751100000
0.5354600000
0.6035500000
0.6798200000
0.7644600000
0.8572600000
0.9573700000
1.0631000000
1.1719000000
1.2797000000
1.3816000000
1.4715000000
1.5432000000
1.5910000000
1.6111000000
1.6017000000
1.5640000000
1.5015000000
1.4193000000
1.3228000000
1.2173000000
1.1070000000
0.9946600000
0.8819700000
0.7692000000
0.6556800000
0.5398600000
0.4194800000
0.2916600000
0.1529400000
-0.0007150500
-0.1738100000
-0.3711200000
-0.5971700000
-0.8551100000
-1.1447000000
-1.4588000000
-1.7795000000
-2.0753000000
-2.3031000000
-2.4209000000
-2.4057000000
-2.2657000000
-2.0365000000
-1.7634000000
-1.4854000000
-1.2279000000
-1.0035000000
-0.8161600000
-0.6647700000
-0.5460400000
-0.4560700000
-0.3911500000
-0.3481200000
-0.3244600000
-0.3183000000
-0.3283800000
-0.3539600000
-0.3947600000
-0.4508700000
-0.5226600000
-0.6106000000
-0.7150900000
-0.8361300000
-0.9728500000
-1.1230000000
-1.2820000000
-1.4429000000
-1.5954000000
-1.7270000000
-1.8244000000
-1.8768000000
-1.8781000000
-1.8293000000
-1.7378000000
-1.6154000000
-1.4745000000
-1.3266000000
-1.1800000000
-1.0399000000
-0.9089000000
-0.7875400000
-0.6748400000
-0.5689800000
-0.4675500000
-0.3678400000
-0.2669200000
-0.1616500000
-0.0487370000
0.0753170000
0.2141800000
0.3716000000
0.5511100000
0.7554400000
0.9854200000
1.2382000000
1.5050000000
1.7685000000
2.0022000000
2.1745000000
2.2570000000
2.2363000000
2.1200000000
1.9334000000
1.7084000000
1.4740000000
1.2503000000
1.0487000000
0.8734700000
0.7247700000
0.6003700000
0.4970800000
0.4114800000
0.3403500000
0.2807500000
0.2301700000
0.1863900000
0.1475300000
0.1119600000
0.0782230000
0.0450260000
0.0111650000
-0.0245050000
-0.0631120000
-0.1058000000
-0.1537500000
-0.2082100000
-0.2705100000
-0.3420400000
-0.4242300000
-0.5185000000
-0.6260700000
-0.7478100000
-0.8838200000
-1.0329000000
-1.1922000000
-1.3560000000
-1.5157000000
-1.6600000000
-1.7759000000
-1.8509000000
-1.8765000000
-1.8504000000
-1.7773000000
-1.6671000000
-1.5322000000
-1.3849000000
-1.2349000000
-1.0886000000
-0.9499200000
-0.8199300000
-0.6981700000
-0.5829800000
-0.4719600000
-0.3622600000
-0.2507000000
-0.1338400000
-0.0080374000
0.1305900000
0.2860500000
0.4623000000
0.6627700000
0.8894400000
1.1413000000
1.4119000000
1.6868000000
1.9419000000
2.1450000000
2.2637000000
2.2775000000
2.1871000000
2.0139000000
1.7909000000
1.5503000000
1.3160000000
1.1025000000
0.9159800000
0.7574300000
0.6250300000
0.5156500000
0.4257800000
0.3520600000
0.2914400000
0.2413000000
0.1993800000
0.1637900000
0.1329300000
0.1054400000
0.0801430000
0.0560050000
0.0321010000
0.0075715000
-0.0184080000
-0.0466510000
-0.0779900000
-0.1132900000
-0.1534900000
-0.1995900000
-0.2526700000
-0.3139100000
-0.3845600000
-0.4658800000
-0.5590800000
-0.6651900000
-0.7847600000
-0.9175800000
-1.0621000000
-1.2151000000
-1.3707000000
-1.5205000000
-1.6535000000
-1.7579000000
-1.8228000000
-1.8410000000
-1.8113000000
-1.7383000000
-1.6314000000
-1.5019000000
-1.3608000000
-1.2169000000
-1.0760000000
-0.9414000000
-0.8142400000
-0.6939700000
-0.5789500000
-0.4668400000
-0.3547800000
-0.2395800000
-0.1177300000
0.0145270000
0.1612200000
0.3265000000
0.5143800000
0.7281100000
0.9690500000
1.2347000000
1.5160000000
1.7944000000
2.0415000000
2.2221000000
2.3053000000
2.2770000000
2.1471000000
1.9444000000
1.7044000000
1.4582000000
1.2264000000
1.0200000000
0.8428800000
0.6945600000
0.5723800000
0.4728900000
0.3925400000
0.3281100000
0.2767600000
0.2361100000
0.2041900000
0.1794000000
0.1604500000
0.1463100000
0.1361500000
0.1293500000
0.1254200000
0.1239900000
0.1248000000
0.1276800000
0.1325300000
0.1393200000
0.1480800000
0.1589000000
0.1719300000
0.1873600000
0.2054500000
0.2265200000
0.2509300000
0.2791000000
0.3115400000
0.3487800000
0.3914200000
0.4401000000
0.4954700000
0.5581400000
0.6286800000
0.7074300000
0.7944700000
0.8894000000
0.9911500000
1.0977000000
1.2061000000
1.3121000000
1.4102000000
1.4944000000
1.5586000000
1.5976000000
1.6083000000
1.5897000000
1.5439000000
1.4749000000
1.3880000000
1.2886000000
1.1816000000
1.0708000000
0.9585800000
0.8461000000
0.7333400000
0.6193500000
0.5023400000
0.3798600000
0.2488300000
0.1056000000
-0.0540190000
-0.2346600000
-0.4411100000
-0.6776000000
-0.9464600000
-1.2456000000
-1.5649000000
-1.8820000000
-2.1609000000
-2.3569000000
-2.4321000000
-2.3731000000
-2.1987000000
-1.9497000000
-1.6709000000
-1.3972000000
-1.1495000000
-0.9371600000
-0.7619200000
-0.6217600000
-0.5130600000
-0.4319100000
-0.3747600000
-0.3386600000
-0.3213200000
-0.3210700000
-0.3368500000
-0.3680900000
-0.4146400000
-0.4767100000
-0.5547300000
-0.6491600000
-0.7602900000
-0.8878400000
-1.0305000000
-1.1851000000
-1.3463000000
-1.5057000000
-1.6519000000
-1.7719000000
-1.8529000000
-1.8855000000
-1.8663000000
-1.7992000000
-1.6936000000
-1.5620000000
-1.4168000000
-1.2683000000
-1.1235000000
-0.9867500000
-0.8595700000
-0.7418500000
-0.6322400000
-0.5286300000
-0.4284900000
-0.3290200000
-0.2272000000
-0.1198400000
-0.0035959000
0.1251000000
0.2699400000
0.4346400000
0.6225000000
0.8357300000
1.0741000000
1.3328000000
1.6004000000
1.8561000000
2.0711000000
2.2137000000
2.2598000000
2.2033000000
2.0588000000
1.8553000000
1.6245000000
1.3925000000
1.1761000000
0.9838000000
0.8182700000
0.6785700000
0.5620100000
0.4652800000
0.3850000000
0.3180300000
0.2616000000
0.2132800000
0.1709800000
0.1329000000
0.0974550000
0.0632490000
0.0290010000
-0.0064910000
-0.0443890000
-0.0858530000
-0.1320700000
-0.1842900000
-0.2438100000
-0.3120300000
-0.3903900000
-0.4803200000
-0.5831700000
-0.6999800000
-0.8312000000
-0.9762200000
-1.1328000000
-1.2964000000
-1.4594000000
-1.6115000000
-1.7398000000
-1.8314000000
-1.8758000000
-1.8683000000
-1.8111000000
-1.7125000000
-1.5845000000
-1.4399000000
-1.2894000000
-1.1408000000
-0.9988200000
-0.8654500000
-0.7407500000
-0.6234100000
-0.5112600000
-0.4015700000
-0.2912700000
-0.1770200000
-0.0552490000
0.0778360000
0.2262000000
0.3938500000
0.5844700000
0.8007400000
1.0430000000
1.3072000000
1.5822000000
1.8478000000
2.0742000000
2.2282000000
2.2833000000
2.2314000000
2.0868000000
1.8793000000
1.6425000000
1.4041000000
1.1818000000
0.9847900000
0.8156900000
0.6735900000
0.5556900000
0.4585900000
0.3788100000
0.3131900000
0.2589200000
0.2136000000
0.1752100000
0.1420100000
0.1125400000
0.0855500000
0.0599230000
0.0346720000
0.0088829000
-0.0183170000
-0.0477870000
-0.0804000000
-0.1170600000
-0.1587500000
-0.2064900000
-0.2614200000
-0.3247300000
-0.3977100000
-0.4816300000
-0.5777000000
-0.6868800000
-0.8096200000
-0.9454900000
-1.0927000000
-1.2474000000
-1.4033000000
-1.5512000000
-1.6800000000
-1.7776000000
-1.8335000000
-1.8416000000
-1.8021000000
-1.7206000000
-1.6075000000
-1.4742000000
-1.3313000000
-1.1871000000
-1.0469000000
-0.9136400000
-0.7878500000
-0.6687900000
-0.5546200000
-0.4428800000
-0.3306200000
-0.2145700000
-0.0911960000
0.0433370000
0.1930700000
0.3621600000
0.5545100000
0.7731200000
1.0187000000
1.2878000000
1.5698000000
1.8441000000
2.0807000000
2.2444000000
2.3067000000
2.2578000000
2.1118000000
1.8998000000
1.6571000000
1.4128000000
1.1855000000
0.9847600000
0.8133300000
0.6702000000
0.5524900000
0.4567100000
0.3793700000
0.3172800000
0.2677000000
0.2283300000
0.1972600000
0.1729200000
0.1540700000
0.1397000000
0.1290000000
0.1213400000
0.1162200000
0.1132700000
0.1121800000
0.1127600000
0.1148500000
0.1183700000
0.1232800000
0.1295900000
0.1373500000
0.1466600000
0.1576300000
0.1704400000
0.1853100000
0.2024800000
0.2222600000
0.2450000000
0.2711000000
0.3010200000
0.3352500000
0.3743700000
0.4189600000
0.4696400000
0.5270400000
0.5917200000
0.6641300000
0.7444900000
0.8326800000
0.9280600000
1.0293000000
1.1340000000
1.2388000000
1.3393000000
1.4300000000
1.5050000000
1.5589000000
1.5872000000
1.5877000000
1.5605000000
1.5082000000
1.4349000000
1.3459000000
1.2461000000
1.1400000000
1.0305000000
0.9197500000
0.8083500000
0.6960100000
0.5814700000
0.4627600000
0.3372400000
0.2016200000
0.0520750000
-0.1157900000
-0.3067400000
-0.5254900000
-0.7758100000
-1.0587000000
-1.3695000000
-1.6937000000
-2.0031000000
-2.2566000000
-2.4095000000
-2.4313000000
-2.3214000000
-2.1097000000
-1.8417000000
-1.5596000000
-1.2931000000
-1.0580000000
-0.8601300000
-0.6993100000
-0.5726000000
-0.4761300000
-0.4060700000
-0.3591200000
-0.3326000000
-0.3245200000
-0.3334900000
-0.3587100000
-0.3998300000
-0.4569300000
-0.5303300000
-0.6204900000
-0.7277600000
-0.8520600000
-0.9923700000
-1.1461000000
-1.3084000000
-1.4716000000
-1.6247000000
-1.7545000000
-1.8477000000
-1.8933000000
-1.8863000000
-1.8289000000
-1.7296000000
-1.6009000000
-1.4558000000
-1.3054000000
-1.1579000000
-1.0182000000
-0.8883400000
-0.7685700000
-0.6577700000
-0.5539500000
-0.4546700000
-0.3571800000
-0.2585600000
-0.1557400000
-0.0454550000
0.0757000000
0.2113100000
0.3650400000
0.5403500000
0.7399900000
0.9649400000
1.2128000000
1.4754000000
1.7367000000
1.9716000000
2.1494000000
2.2415000000
2.2327000000
2.1283000000
1.9510000000
1.7321000000
1.5005000000
1.2772000000
1.0743000000
0.8968600000
0.7455200000
0.6182900000
0.5121000000
0.4235700000
0.3494500000
0.2867700000
0.2329100000
0.1855700000
0.1427900000
0.1027900000
0.0640320000
0.0250630000
-0.0154640000
-0.0588650000
-0.1064500000
-0.1595800000
-0.2196400000
-0.2881100000
-0.3665000000
-0.4563600000
-0.5591400000
-0.6760200000
-0.8076200000
-0.9535900000
-1.1119000000
-1.2784000000
-1.4457000000
-1.6034000000
-1.7384000000
-1.8372000000
-1.8884000000
-1.8862000000
-1.8323000000
-1.7348000000
-1.6062000000
-1.4595000000
-1.3063000000
-1.1549000000
-1.0104000000
-0.8749700000
-0.7488600000
-0.6307800000
-0.5185700000
-0.4095200000
-0.3005600000
-0.1883900000
-0.0694790000
0.0598910000
0.2036200000
0.3656600000
0.5497500000
0.7587500000
0.9935300000
1.2511000000
1.5222000000
1.7887000000
2.0232000000
2.1931000000
2.2701000000
2.2417000000
2.1172000000
1.9234000000
1.6933000000
1.4559000000
1.2309000000
1.0292000000
0.8545100000
0.7067200000
0.5833700000
0.4811400000
0.3965700000
0.3264000000
0.2677200000
0.2179900000
0.1750600000
0.1370600000
0.1023800000
0.0696030000
0.0374650000
0.0048008000
-0.0294980000
-0.0665160000
-0.1073500000
-0.1531300000
-0.2050400000
-0.2643600000
-0.3324100000
-0.4105600000
-0.5002000000
-0.6025600000
-0.7185600000
-0.8484900000
-0.9915900000
-1.1454000000
-1.3053000000
-1.4638000000
-1.6104000000
-1.7330000000
-1.8191000000
-1.8592000000
-1.8492000000
-1.7913000000
-1.6938000000
-1.5683000000
-1.4268000000
-1.2794000000
-1.1336000000
-0.9939200000
-0.8621600000
-0.7383800000
-0.6212800000
-0.5087000000
-0.3979300000
-0.2858800000
-0.1692000000
-0.0442410000
0.0928490000
0.2461200000
0.4196400000
0.6170600000
0.8408500000
1.0908000000
1.3616000000
1.6405000000
1.9047000000
2.1226000000
2.2602000000
2.2935000000
2.2189000000
2.0554000000
1.8356000000
1.5931000000
1.3542000000
1.1348000000
0.9424300000
0.7787300000
0.6421600000
0.5296500000
0.4377000000
0.3628800000
0.3020900000
0.2526800000
0.2123700000
0.1792900000
0.1518700000
0.1288000000
0.1090200000
0.0915920000
0.0757570000
0.0608350000
0.0462220000
0.0313670000
0.0157450000
-0.0011591000
-0.0198660000
-0.0409210000
-0.0649070000
-0.0924600000
-0.1242800000
-0.1611600000
-0.2039600000
-0.2536600000
-0.3113300000
-0.3781000000
-0.4551800000
-0.5437100000
-0.6447100000
-0.7588100000
-0.8859600000
-1.0250000000
-1.1732000000
-1.3254000000
-1.4742000000
-1.6097000000
-1.7203000000
-1.7952000000
-1.8262000000
-1.8104000000
-1.7507000000
-1.6550000000
-1.5338000000
-1.3981000000
-1.2568000000
-1.1167000000
-0.9816800000
-0.8534000000
-0.7317900000
-0.6155400000
-0.5025400000
-0.3900900000
-0.2751000000
-0.1541500000
-0.0235140000
0.1208000000
0.2829700000
0.4671300000
0.6768700000
0.9141100000
1.1774000000
1.4593000000
1.7432000000
2.0022000000
2.2012000000
2.3067000000
2.3001000000
2.1867000000
1.9930000000
1.7550000000
1.5056000000
1.2680000000
1.0550000000
0.8715800000
0.7177200000
0.5910700000
0.4881900000
0.4055300000
0.3397600000
0.2880100000
0.2478300000
0.2172400000
0.1946400000
0.1787500000
0.1686000000
0.1634400000
0.1627500000
0.1661500000
0.1734500000
0.1845700000
0.1995500000
0.2185500000
0.2418200000
0.2697400000
0.3027400000
0.3413700000
0.3862400000
0.4380100000
0.4973900000
0.5650600000
0.6415700000
0.7273100000
0.8222700000
0.9258500000
1.0366000000
1.1521000000
1.2684000000
1.3803000000
1.4812000000
1.5642000000
1.6225000000
1.6510000000
1.6473000000
1.6122000000
1.5492000000
1.4641000000
1.3631000000
1.2525000000
1.1370000000
1.0202000000
0.9040500000
0.7890200000
0.6745800000
0.5592600000
0.4408600000
0.3165800000
0.1830500000
0.0364000000
-0.1277200000
-0.3139600000
-0.5269200000
-0.7702300000
-1.0450000000
-1.3468000000
-1.6622000000
-1.9651000000
-2.2170000000
-2.3751000000
-2.4085000000
-2.3138000000
-2.1172000000
-1.8608000000
-1.5859000000
-1.3227000000
-1.0878000000
-0.8880000000
-0.7237600000
-0.5925200000
-0.4905700000
-0.4141100000
-0.3597300000
-0.3246200000
-0.3065900000
-0.3040600000
-0.3159700000
-0.3417400000
-0.3811900000
-0.4344800000
-0.5020200000
-0.5843500000
-0.6819300000
-0.7949700000
-0.9229600000
-1.0642000000
-1.2154000000
-1.3705000000
-1.5212000000
-1.6565000000
-1.7640000000
-1.8324000000
-1.8541000000
-1.8272000000
-1.7562000000
-1.6505000000
-1.5217000000
-1.3809000000
-1.2373000000
-1.0972000000
-0.9640900000
-0.8393000000
-0.7225000000
-0.6122300000
-0.5063400000
-0.4022200000
-0.2969500000
-0.1873700000
-0.0700850000
0.0585360000
0.2023200000
0.3651900000
0.5508500000
0.7621900000
1.0000000000
1.2612000000
1.5360000000
1.8057000000
2.0420000000
2.2112000000
2.2847000000
2.2506000000
2.1195000000
1.9198000000
1.6852000000
1.4451000000
1.2190000000
1.0174000000
0.8438400000
0.6978900000
0.5769700000
0.4777300000
0.3967100000
0.3307100000
0.2769000000
0.2328800000
0.1966200000
0.1664100000
0.1408600000
0.1187600000
0.0991340000
0.0811040000
0.0639200000
0.0469040000
0.0294260000
0.0108840000
-0.0093198000
-0.0317970000
-0.0571900000
-0.0861910000
-0.1195600000
-0.1581300000
-0.2028200000
-0.2546700000
-0.3148000000
-0.3844000000
-0.4647200000
-0.5569300000
-0.6620500000
-0.7806400000
-0.9125100000
-1.0562000000
-1.2085000000
-1.3637000000
-1.5135000000
-1.6472000000
-1.7528000000
-1.8194000000
-1.8398000000
-1.8123000000
-1.7413000000
-1.6360000000
-1.5077000000
-1.3673000000
-1.2237000000
-1.0828000000
-0.9481500000
-0.8208300000
-0.7004300000
-0.5853500000
-0.4732800000
-0.3614000000
-0.2465400000
-0.1252100000
0.0063298000
0.1520900000
0.3162300000
0.5027700000
0.7150500000
0.9545700000
1.2191000000
1.5000000000
1.7795000000
2.0294000000
2.2148000000
2.3041000000
2.2820000000
2.1570000000
1.9573000000
1.7185000000
1.4718000000
1.2387000000
1.0306000000
0.8518700000
0.7020100000
0.5785000000
0.4779100000
0.3966800000
0.3315700000
0.2797200000
0.2387200000
0.2066000000
0.1817400000
0.1628300000
0.1488400000
0.1389500000
0.1325200000
0.1290900000
0.1282800000
0.1298500000
0.1336400000
0.1395700000
0.1476300000
0.1578900000
0.1704700000
0.1855300000
0.2033400000
0.2241700000
0.2484000000
0.2764600000
0.3088100000
0.3460200000
0.3886800000
0.4374300000
0.4929300000
0.5558100000
0.6266200000
0.7057500000
0.7932600000
0.8887700000
0.9912100000
1.0986000000
1.2079000000
1.3147000000
1.4137000000
1.4986000000
1.5633000000
1.6026000000
1.6131000000
1.5941000000
1.5476000000
1.4778000000
1.3900000000
1.2897000000
1.1820000000
1.0705000000
0.9577900000
0.8449600000
0.7319800000
0.6178800000
0.5008500000
0.3784200000
0.2475300000
0.1045000000
-0.0548530000
-0.2351500000
-0.4411700000
-0.6771500000
-0.9453900000
-1.2439000000
-1.5625000000
-1.8791000000
-2.1577000000
-2.3540000000
-2.4300000000
-2.3723000000
-2.1991000000
-1.9511000000
-1.6730000000
-1.3996000000
-1.1520000000
-0.9394900000
-0.7639900000
-0.6234900000
-0.5143600000
-0.4327200000
-0.3750200000
-0.3382800000
-0.3202000000
-0.3191100000
-0.3339100000
-0.3640200000
-0.4092800000
-0.4698700000
-0.5462300000
-0.6388200000
-0.7479700000
-0.8734800000
-1.0142000000
-1.1672000000
-1.3274000000
-1.4868000000
-1.6344000000
-1.7575000000
-1.8430000000
-1.8812000000
-1.8680000000
-1.8064000000
-1.7051000000
-1.5765000000
-1.4328000000
-1.2847000000
-1.1397000000
-1.0021000000
-0.8738900000
-0.7550900000
-0.6444600000
-0.5399900000
-0.4391800000
-0.3392300000
-0.2371500000
-0.1297600000
-0.0136910000
0.1146100000
0.2588700000
0.4228000000
0.6097900000
0.8221600000
1.0598000000
1.3185000000
1.5868000000
1.8447000000
2.0634000000
2.2111000000
2.2627000000
2.2110000000
2.0698000000
1.8678000000
1.6369000000
1.4038000000
1.1859000000
0.9919700000
0.8249300000
0.6839400000
0.5663700000
0.4689100000
0.3881700000
0.3210000000
0.2646000000
0.2165400000
0.1747400000
0.1373900000
0.1029200000
0.0699650000
0.0372540000
0.0036272000
-0.0320380000
-0.0708510000
-0.1139400000
-0.1625000000
-0.2177600000
-0.2810500000
-0.3537700000
-0.4373300000
-0.5331300000
-0.6423600000
-0.7657900000
-0.9033800000
-1.0538000000
-1.2136000000
-1.3771000000
-1.5351000000
-1.6760000000
-1.7869000000
-1.8556000000
-1.8744000000
-1.8419000000
-1.7635000000
-1.6497000000
-1.5129000000
-1.3651000000
-1.2155000000
-1.0703000000
-0.9328500000
-0.8040700000
-0.6833100000
-0.5687900000
-0.4580600000
-0.3482000000
-0.2360000000
-0.1180100000
0.0094658000
0.1503300000
0.3086200000
0.4882500000
0.6925200000
0.9231200000
1.1784000000
1.4510000000
1.7252000000
1.9753000000
2.1685000000
2.2734000000
2.2718000000
2.1677000000
1.9850000000
1.7574000000
1.5162000000
1.2840000000
1.0740000000
0.8913300000
0.7366400000
0.6077500000
0.5014400000
0.4141900000
0.3426800000
0.2839200000
0.2353400000
0.1947500000
0.1603100000
0.1304700000
0.1039000000
0.0794710000
0.0561760000
0.0331220000
0.0094764000
-0.0155570000
-0.0427640000
-0.0729490000
-0.1069500000
-0.1456700000
-0.1900800000
-0.2412300000
-0.3002700000
-0.3684200000
-0.4469300000
-0.5370500000
-0.6398300000
-0.7559600000
-0.8854400000
-1.0271000000
-1.1782000000
-1.3334000000
-1.4851000000
-1.6228000000
-1.7348000000
-1.8097000000
-1.8394000000
-1.8210000000
-1.7579000000
-1.6584000000
-1.5337000000
-1.3948000000
-1.2512000000
-1.1094000000
-0.9733500000
-0.8445200000
-0.7227600000
-0.6066800000
-0.4940700000
-0.3821900000
-0.2679300000
-0.1478500000
-0.0182310000
0.1248800000
0.2856400000
0.4681300000
0.6758800000
0.9108100000
1.1715000000
1.4508000000
1.7324000000
1.9900000000
2.1893000000
2.2970000000
2.2943000000
2.1854000000
1.9960000000
1.7612000000
1.5139000000
1.2773000000
1.0644000000
0.8804200000
0.7256800000
0.5978400000
0.4935600000
0.4092600000
0.3416300000
0.2877400000
0.2451000000
0.2116800000
0.1857900000
0.1660800000
0.1514900000
0.1411500000
0.1344200000
0.1307900000
0.1299000000
0.1314800000
0.1353700000
0.1414800000
0.1498300000
0.1604500000
0.1734900000
0.1891200000
0.2076100000
0.2292500000
0.2544300000
0.2835900000
0.3172300000
0.3559100000
0.4002400000
0.4508800000
0.5084800000
0.5736700000
0.6469800000
0.7287000000
0.8188100000
0.9167700000
1.0213000000
1.1300000000
1.2396000000
1.3453000000
1.4414000000
1.5216000000
1.5798000000
1.6113000000
1.6133000000
1.5860000000
1.5320000000
1.4560000000
1.3637000000
1.2604000000
1.1508000000
1.0385000000
0.9254400000
0.8124500000
0.6991900000
0.5844200000
0.4661500000
0.3417200000
0.2078900000
0.0608260000
-0.1037900000
-0.2906500000
-0.5044900000
-0.7491500000
-1.0260000000
-1.3313000000
-1.6518000000
-1.9616000000
-2.2215000000
-2.3872000000
-2.4261000000
-2.3333000000
-2.1351000000
-1.8749000000
-1.5955000000
-1.3280000000
-1.0897000000
-0.8875800000
-0.7220900000
-0.5906200000
-0.4893900000
-0.4145500000
-0.3627000000
-0.3310600000
-0.3174800000
-0.3204700000
-0.3390500000
-0.3727700000
-0.4215700000
-0.4857000000
-0.5656200000
-0.6618000000
-0.7744800000
-0.9033000000
-1.0467000000
-1.2016000000
-1.3620000000
-1.5195000000
-1.6625000000
-1.7781000000
-1.8538000000
-1.8809000000
-1.8568000000
-1.7859000000
-1.6780000000
-1.5454000000
-1.4004000000
-1.2527000000
-1.1091000000
-0.9736000000
-0.8475100000
-0.7305800000
-0.6213700000
-0.5177300000
-0.4171000000
-0.3166300000
-0.2132700000
-0.1038000000
0.0152020000
0.1473500000
0.2964000000
0.4660400000
0.6595000000
0.8786500000
1.1226000000
1.3855000000
1.6539000000
1.9054000000
2.1097000000
2.2353000000
2.2608000000
2.1843000000
2.0244000000
1.8117000000
1.5777000000
1.3468000000
1.1341000000
0.9467400000
0.7863700000
0.6515800000
0.5394700000
0.4466700000
0.3698100000
0.3058500000
0.2520700000
0.2061400000
0.1660700000
0.1301200000
0.0967980000
0.0647670000
0.0328200000
-0.0001722800
-0.0353000000
-0.0736490000
-0.1163300000
-0.1645000000
-0.2193900000
-0.2823100000
-0.3546300000
-0.4377800000
-0.5331100000
-0.6418200000
-0.7646800000
-0.9016400000
-1.0514000000
-1.2106000000
-1.3735000000
-1.5311000000
-1.6719000000
-1.7830000000
-1.8523000000
-1.8721000000
-1.8408000000
-1.7636000000
-1.6509000000
-1.5150000000
-1.3678000000
-1.2186000000
-1.0736000000
-0.9361500000
-0.8073300000
-0.6864600000
-0.5718100000
-0.4609300000
-0.3509400000
-0.2386200000
-0.1205100000
0.0070722000
0.1480400000
0.3064200000
0.4861600000
0.6905700000
0.9213700000
1.1770000000
1.4500000000
1.7247000000
1.9755000000
2.1694000000
2.2748000000
2.2736000000
2.1695000000
1.9866000000
1.7586000000
1.5169000000
1.2844000000
1.0740000000
0.8912100000
0.7364100000
0.6075000000
0.5012500000
0.4141400000
0.3428300000
0.2843600000
0.2361500000
0.1960300000
0.1621600000
0.1329900000
0.1072300000
0.0837530000
0.0615890000
0.0398650000
0.0177810000
-0.0054209000
-0.0304860000
-0.0581670000
-0.0892500000
-0.1245700000
-0.1650300000
-0.2116200000
-0.2654100000
-0.3275600000
-0.3992900000
-0.4818700000
-0.5764500000
-0.6839800000
-0.8049100000
-0.9388600000
-1.0841000000
-1.2369000000
-1.3913000000
-1.5383000000
-1.6672000000
-1.7659000000
-1.8241000000
-1.8355000000
-1.7997000000
-1.7220000000
-1.6121000000
-1.4813000000
-1.3402000000
-1.1971000000
-1.0575000000
-0.9242900000
-0.7983700000
-0.6790200000
-0.5645200000
-0.4524500000
-0.3399100000
-0.2236600000
-0.1001500000
0.0344220000
0.1841300000
0.3531300000
0.5454000000
0.7640000000
1.0098000000
1.2795000000
1.5627000000
1.8391000000
2.0785000000
2.2456000000
2.3110000000
2.2645000000
2.1196000000
1.9076000000
1.6640000000
1.4183000000
1.1897000000
0.9877700000
0.8154100000
0.6716500000
0.5536100000
0.4577700000
0.3806400000
0.3190400000
0.2702200000
0.2318800000
0.2021400000
0.1794700000
0.1626400000
0.1507100000
0.1429100000
0.1386800000
0.1376100000
0.1394000000
0.1438700000
0.1509300000
0.1605800000
0.1729100000
0.1880600000
0.2062600000
0.2278100000
0.2530600000
0.2824500000
0.3164900000
0.3557500000
0.4008400000
0.4524300000
0.5112000000
0.5777600000
0.6526500000
0.7361600000
0.8282400000
0.9282600000
1.0348000000
1.1455000000
1.2565000000
1.3631000000
1.4593000000
1.5384000000
1.5944000000
1.6225000000
1.6205000000
1.5887000000
1.5303000000
1.4504000000
1.3547000000
1.2488000000
1.1374000000
1.0239000000
0.9099900000
0.7964500000
0.6827800000
0.5676000000
0.4488100000
0.3236400000
0.1887800000
0.0403290000
-0.1260800000
-0.3151600000
-0.5315500000
-0.7789300000
-1.0582000000
-1.3648000000
-1.6844000000
-1.9897000000
-2.2406000000
-2.3936000000
-2.4185000000
-2.3139000000
-2.1082000000
-1.8455000000
-1.5672000000
-1.3029000000
-1.0686000000
-0.8705300000
-0.7086700000
-0.5802500000
-0.4814700000
-0.4085300000
-0.3580600000
-0.3273400000
-0.3142800000
-0.3174100000
-0.3358000000
-0.3689900000
-0.4169300000
-0.4798800000
-0.5583100000
-0.6527100000
-0.7633500000
-0.8899500000
-1.0312000000
-1.1839000000
-1.3429000000
-1.4998000000
-1.6437000000
-1.7618000000
-1.8416000000
-1.8741000000
-1.8560000000
-1.7907000000
-1.6875000000
-1.5583000000
-1.4153000000
-1.2685000000
-1.1249000000
-0.9888100000
-0.8617900000
-0.7437700000
-0.6334200000
-0.5286800000
-0.4270100000
-0.3255900000
-0.2213600000
-0.1110800000
0.0086824000
0.1415800000
0.2913900000
0.4618700000
0.6562700000
0.8765300000
1.1218000000
1.3862000000
1.6563000000
1.9094000000
2.1149000000
2.2409000000
2.2659000000
2.1881000000
2.0265000000
1.8120000000
1.5765000000
1.3445000000
1.1311000000
0.9434300000
0.7830200000
0.6484300000
0.5367200000
0.4445000000
0.3684000000
0.3053700000
0.2527200000
0.2081500000
0.1696800000
0.1356400000
0.1045500000
0.0751640000
0.0463210000
0.0169730000
-0.0138840000
-0.0472320000
-0.0840680000
-0.1254300000
-0.1724000000
-0.2261700000
-0.2879800000
-0.3591700000
-0.4410900000
-0.5350900000
-0.6423000000
-0.7634600000
-0.8985500000
-1.0463000000
-1.2034000000
-1.3643000000
-1.5203000000
-1.6603000000
-1.7714000000
-1.8420000000
-1.8640000000
-1.8358000000
-1.7620000000
-1.6524000000
-1.5192000000
-1.3740000000
-1.2261000000
-1.0820000000
-0.9448800000
-0.8160800000
-0.6950100000
-0.5800300000
-0.4687300000
-0.3582600000
-0.2454300000
-0.1268000000
0.0013514000
0.1429300000
0.3020100000
0.4825600000
0.6879600000
0.9199400000
1.1770000000
1.4516000000
1.7281000000
1.9804000000
2.1752000000
2.2807000000
2.2786000000
2.1728000000
1.9879000000
1.7581000000
1.5150000000
1.2815000000
1.0706000000
0.8876400000
0.7329800000
0.6044700000
0.4988100000
0.4125000000
0.3421900000
0.2849400000
0.2381900000
0.1997900000
0.1679700000
0.1412200000
0.1183000000
0.0981700000
0.0799270000
0.0628000000
0.0460990000
0.0291950000
0.0114910000
-0.0075945000
-0.0286480000
-0.0522820000
-0.0791480000
-0.1099500000
-0.1454800000
-0.1865900000
-0.2342300000
-0.2894700000
-0.3534300000
-0.4273200000
-0.5123300000
-0.6095400000
-0.7197500000
-0.8431800000
-0.9791000000
-1.1253000000
-1.2775000000
-1.4290000000
-1.5705000000
-1.6908000000
-1.7784000000
-1.8240000000
-1.8229000000
-1.7761000000
-1.6902000000
-1.5753000000
-1.4425000000
-1.3017000000
-1.1603000000
-1.0231000000
-0.8924100000
-0.7686800000
-0.6509100000
-0.5371900000
-0.4249800000
-0.3113100000
-0.1928400000
-0.0659450000
0.0732690000
0.2289400000
0.4052500000
0.6060200000
0.8338800000
1.0887000000
1.3654000000
1.6506000000
1.9209000000
2.1432000000
2.2823000000
2.3133000000
2.2332000000
2.0626000000
1.8357000000
1.5874000000
1.3444000000
1.1226000000
0.9293800000
0.7659800000
0.6306600000
0.5202200000
0.4310900000
0.3598400000
0.3034400000
0.2592900000
0.2252500000
0.1996000000
0.1809300000
0.1681800000
0.1604900000
0.1572600000
0.1580400000
0.1625500000
0.1706300000
0.1822500000
0.1975000000
0.2165400000
0.2396600000
0.2672200000
0.2996800000
0.3375600000
0.3814900000
0.4321100000
0.4901300000
0.5562100000
0.6309500000
0.7147400000
0.8076400000
0.9091600000
1.0180000000
1.1320000000
1.2474000000
1.3592000000
1.4613000000
1.5468000000
1.6090000000
1.6424000000
1.6443000000
1.6148000000
1.5569000000
1.4761000000
1.3784000000
1.2700000000
1.1559000000
1.0399000000
0.9240600000
0.8091900000
0.6948900000
0.5798700000
0.4620600000
0.3387400000
0.2066500000
0.0620060000
-0.0994900000
-0.2824700000
-0.4915900000
-0.7307300000
-1.0015000000
-1.3006000000
-1.6162000000
-1.9241000000
-2.1871000000
-2.3619000000
-2.4146000000
-2.3373000000
-2.1524000000
-1.9010000000
-1.6259000000
-1.3590000000
-1.1190000000
-0.9137200000
-0.7443800000
-0.6086700000
-0.5029600000
-0.4234000000
-0.3665100000
-0.3294000000
-0.3098100000
-0.3060800000
-0.3170900000
-0.3422300000
-0.3812900000
-0.4343900000
-0.5019400000
-0.5844600000
-0.6824300000
-0.7960100000
-0.9247200000
-1.0668000000
-1.2189000000
-1.3750000000
-1.5265000000
-1.6623000000
-1.7698000000
-1.8378000000
-1.8586000000
-1.8304000000
-1.7579000000
-1.6507000000
-1.5206000000
-1.3788000000
-1.2345000000
-1.0941000000
-0.9608700000
-0.8361800000
-0.7196300000
-0.6097500000
-0.5043600000
-0.4008500000
-0.2962900000
-0.1875400000
-0.0712210000
0.0562680000
0.1987300000
0.3600500000
0.5439400000
0.7533000000
0.9890400000
1.2483000000
1.5217000000
1.7910000000
2.0287000000
2.2013000000
2.2798000000
2.2515000000
2.1256000000
1.9297000000
1.6972000000
1.4577000000
1.2313000000
1.0287000000
0.8538700000
0.7065600000
0.5842800000
0.4837100000
0.4014100000
0.3341400000
0.2790600000
0.2337200000
0.1960500000
0.1643200000
0.1370800000
0.1130900000
0.0912930000
0.0707780000
0.0507270000
0.0303870000
0.0090502000
-0.0139810000
-0.0394110000
-0.0679730000
-0.1004500000
-0.1376800000
-0.1806100000
-0.2302400000
-0.2877000000
-0.3541900000
-0.4309500000
-0.5192500000
-0.6201900000
-0.7345500000
-0.8624800000
-1.0031000000
-1.1538000000
-1.3098000000
-1.4637000000
-1.6056000000
-1.7234000000
-1.8054000000
-1.8428000000
-1.8317000000
-1.7745000000
-1.6792000000
-1.5567000000
-1.4184000000
-1.2742000000
-1.1311000000
-0.9935500000
-0.8633200000
-0.7404600000
-0.6237300000
-0.5110100000
-0.3996300000
-0.2865200000
-0.1683100000
-0.0413370000
0.0982980000
0.2547000000
0.4319800000
0.6338000000
0.8625000000
1.1175000000
1.3930000000
1.6748000000
1.9388000000
2.1520000000
2.2801000000
2.3005000000
2.2125000000
2.0378000000
1.8106000000
1.5645000000
1.3251000000
1.1071000000
0.9173600000
0.7568200000
0.6236000000
0.5145200000
0.4260100000
0.3546700000
0.2975000000
0.2519100000
0.2157400000
0.1872200000
0.1649200000
0.1476600000
0.1345300000
0.1247700000
0.1178000000
0.1131700000
0.1105200000
0.1095800000
0.1101600000
0.1121200000
0.1153700000
0.1198900000
0.1256700000
0.1327500000
0.1412200000
0.1511900000
0.1628000000
0.1762600000
0.1917700000
0.2096200000
0.2301200000
0.2536300000
0.2805600000
0.3113800000
0.3466100000
0.3867900000
0.4325400000
0.4844600000
0.5431600000
0.6091700000
0.6828800000
0.7644500000
0.8536500000
0.9496900000
1.0510000000
1.1551000000
1.2584000000
1.3563000000
1.4432000000
1.5135000000
1.5617000000
1.5841000000
1.5789000000
1.5466000000
1.4902000000
1.4141000000
1.3233000000
1.2228000000
1.1164000000
1.0072000000
0.8968000000
0.7856100000
0.6731300000
0.5579900000
0.4380700000
0.3105900000
0.1721800000
0.0188560000
-0.1538600000
-0.3507800000
-0.5765300000
-0.8345000000
-1.1248000000
-1.4408000000
-1.7653000000
-2.0670000000
-2.3025000000
-2.4284000000
-2.4197000000
-2.2833000000
-2.0544000000
-1.7793000000
-1.4981000000
-1.2372000000
-1.0100000000
-0.8203900000
-0.6675100000
-0.5480300000
-0.4580200000
-0.3937500000
-0.3520300000
-0.3303700000
-0.3269000000
-0.3404200000
-0.3702200000
-0.4160900000
-0.4781700000
-0.5568500000
-0.6525600000
-0.7655700000
-0.8955400000
-1.0410000000
-1.1988000000
-1.3630000000
-1.5250000000
-1.6727000000
-1.7926000000
-1.8715000000
-1.9002000000
-1.8758000000
-1.8030000000
-1.6919000000
-1.5557000000
-1.4072000000
-1.2566000000
-1.1109000000
-0.9740900000
-0.8475700000
-0.7310200000
-0.6229900000
-0.5213100000
-0.4234300000
-0.3265300000
-0.2276500000
-0.1236900000
-0.0113680000
0.1127700000
0.2523000000
0.4108700000
0.5917800000
0.7974200000
1.0281000000
1.2800000000
1.5433000000
1.7995000000
2.0219000000
2.1794000000
2.2460000000
2.2116000000
2.0864000000
1.8963000000
1.6725000000
1.4421000000
1.2237000000
1.0274000000
0.8569700000
0.7120900000
0.5904800000
0.4889400000
0.4041000000
0.3327700000
0.2720600000
0.2194300000
0.1726700000
0.1298300000
0.0891860000
0.0491920000
0.0084041000
-0.0345560000
-0.0810420000
-0.1324200000
-0.1901100000
-0.2555800000
-0.3303500000
-0.4160000000
-0.5140600000
-0.6258600000
-0.7523300000
-0.8935700000
-1.0483000000
-1.2133000000
-1.3825000000
-1.5465000000
-1.6930000000
-1.8082000000
-1.8793000000
-1.8980000000
-1.8629000000
-1.7801000000
-1.6609000000
-1.5186000000
-1.3658000000
-1.2122000000
-1.0640000000
-0.9246300000
-0.7948100000
-0.6738000000
-0.5597000000
-0.4499800000
-0.3416700000
-0.2315600000
-0.1162100000
0.0080272000
0.1449600000
0.2985400000
0.4726000000
0.6704600000
0.8939700000
1.1420000000
1.4082000000
1.6785000000
1.9292000000
2.1292000000
2.2473000000
2.2632000000
2.1769000000
2.0091000000
1.7912000000
1.5548000000
1.3234000000
1.1116000000
0.9256700000
0.7669000000
0.6335900000
0.5227100000
0.4308100000
0.3545100000
0.2907400000
0.2368100000
0.1903700000
0.1494400000
0.1122600000
0.0773230000
0.0432660000
0.0088429000
-0.0271260000
-0.0657890000
-0.1083000000
-0.1558500000
-0.2096700000
-0.2710900000
-0.3414700000
-0.4222200000
-0.5147500000
-0.6202700000
-0.7396500000
-0.8730500000
-1.0194000000
-1.1760000000
-1.3376000000
-1.4959000000
-1.6401000000
-1.7576000000
-1.8360000000
-1.8666000000
-1.8464000000
-1.7791000000
-1.6741000000
-1.5433000000
-1.3988000000
-1.2503000000
-1.1047000000
-0.9659100000
-0.8354500000
-0.7129800000
-0.5969800000
-0.4851400000
-0.3746600000
-0.2623800000
-0.1448900000
-0.0185240000
0.1206200000
0.2765800000
0.4533700000
0.6545000000
0.8820600000
1.1351000000
1.4075000000
1.6847000000
1.9425000000
2.1485000000
2.2697000000
2.2849000000
2.1946000000
2.0204000000
1.7958000000
1.5533000000
1.3175000000
1.1027000000
0.9152300000
0.7561800000
0.6236600000
0.5144800000
0.4251400000
0.3522600000
0.2928000000
0.2441500000
0.2041000000
0.1707900000
0.1426700000
0.1184500000
0.0970280000
0.0774720000
0.0589620000
0.0407690000
0.0222190000
0.0026718000
-0.0185020000
-0.0419420000
-0.0683170000
-0.0983440000
-0.1328000000
-0.1725400000
-0.2185100000
-0.2717400000
-0.3333700000
-0.4045900000
-0.4866100000
-0.5805600000
-0.6873700000
-0.8074500000
-0.9403700000
-1.0844000000
-1.2359000000
-1.3888000000
-1.5344000000
-1.6620000000
-1.7598000000
-1.8177000000
-1.8295000000
-1.7945000000
-1.7181000000
-1.6096000000
-1.4803000000
-1.3405000000
-1.1983000000
-1.0595000000
-0.9267600000
-0.8011000000
-0.6818300000
-0.5672500000
-0.4549600000
-0.3420800000
-0.2253700000
-0.1012900000
0.0339880000
0.1845400000
0.3545600000
0.5480300000
0.7680200000
1.0154000000
1.2866000000
1.5711000000
1.8482000000
2.0872000000
2.2526000000
2.3152000000
2.2651000000
2.1169000000
1.9023000000
1.6572000000
1.4109000000
1.1823000000
0.9808300000
0.8091900000
0.6662700000
0.5491700000
0.4543300000
0.3782500000
0.3177800000
0.2702000000
0.2332400000
0.2050500000
0.1841400000
0.1693400000
0.1597300000
0.1546300000
0.1535400000
0.1561000000
0.1621100000
0.1714800000
0.1842400000
0.2005100000
0.2205000000
0.2445100000
0.2729400000
0.3062700000
0.3450300000
0.3898500000
0.4414100000
0.5003800000
0.5674400000
0.6431400000
0.7278400000
0.8215300000
0.9236200000
1.0327000000
1.1464000000
1.2609000000
1.3711000000
1.4707000000
1.5529000000
1.6111000000
1.6404000000
1.6383000000
1.6053000000
1.5447000000
1.4620000000
1.3633000000
1.2545000000
1.1406000000
1.0250000000
0.9095900000
0.7950400000
0.6808500000
0.5656100000
0.4471700000
0.3227500000
0.1890200000
0.0421160000
-0.1223100000
-0.3089300000
-0.5223600000
-0.7662900000
-1.0419000000
-1.3448000000
-1.6617000000
-1.9663000000
-2.2199000000
-2.3792000000
-2.4132000000
-2.3181000000
-2.1204000000
-1.8627000000
-1.5866000000
-1.3223000000
-1.0867000000
-0.8865100000
-0.7221800000
-0.5911000000
-0.4895500000
-0.4137100000
-0.3601800000
-0.3261600000
-0.3094800000
-0.3085800000
-0.3224400000
-0.3505000000
-0.3926400000
-0.4490400000
-0.5201300000
-0.6064300000
-0.7083800000
-0.8260200000
-0.9586000000
-1.1041000000
-1.2583000000
-1.4148000000
-1.5642000000
-1.6947000000
-1.7937000000
-1.8506000000
-1.8590000000
-1.8187000000
-1.7360000000
-1.6213000000
-1.4867000000
-1.3430000000
-1.1988000000
-1.0597000000
-0.9284000000
-0.8058200000
-0.6912200000
-0.5829000000
-0.4785600000
-0.3754900000
-0.2707300000
-0.1610700000
-0.0431080000
0.0867960000
0.2324600000
0.3977500000
0.5862500000
0.8005400000
1.0409000000
1.3034000000
1.5770000000
1.8417000000
2.0681000000
2.2232000000
2.2803000000
2.2310000000
2.0890000000
1.8837000000
1.6484000000
1.4108000000
1.1890000000
0.9921100000
0.8230900000
0.6810700000
0.5633500000
0.4665400000
0.3872300000
0.3222500000
0.2688400000
0.2246200000
0.1875700000
0.1560200000
0.1285200000
0.1038700000
0.0810070000
0.0590090000
0.0370320000
0.0142920000
-0.0099731000
-0.0365200000
-0.0661290000
-0.0996230000
-0.1378900000
-0.1818800000
-0.2326600000
-0.2913700000
-0.3592400000
-0.4375500000
-0.5275400000
-0.6303300000
-0.7466700000
-0.8766200000
-1.0191000000
-1.1714000000
-1.3284000000
-1.4824000000
-1.6228000000
-1.7377000000
-1.8155000000
-1.8475000000
-1.8305000000
-1.7680000000
-1.6682000000
-1.5425000000
-1.4024000000
-1.2574000000
-1.1143000000
-0.9771800000
-0.8476200000
-0.7254700000
-0.6093300000
-0.4970000000
-0.3857600000
-0.2724800000
-0.1537700000
-0.0259490000
0.1149200000
0.2729300000
0.4521600000
0.6561900000
0.8871100000
1.1440000000
1.4202000000
1.7009000000
1.9608000000
2.1666000000
2.2848000000
2.2945000000
2.1973000000
2.0166000000
1.7868000000
1.5411000000
1.3036000000
1.0885000000
0.9016800000
0.7438900000
0.6130500000
0.5059100000
0.4189200000
0.3487100000
0.2923000000
0.2471500000
0.2111100000
0.1824500000
0.1597300000
0.1417900000
0.1276900000
0.1166800000
0.1081400000
0.1015900000
0.0966310000
0.0929460000
0.0902790000
0.0884220000
0.0872080000
0.0864990000
0.0861830000
0.0861670000
0.0863730000
0.0867320000
0.0871870000
0.0876840000
0.0881740000
0.0886090000
0.0889420000
0.0891240000
0.0891030000
0.0888230000
0.0882210000
0.0872280000
0.0857650000
0.0837420000
0.0810550000
0.0775860000
0.0731960000
0.0677250000
0.0609900000
0.0527740000
0.0428280000
0.0308620000
0.0165380000
-0.0005352000
-0.0208150000
-0.0448320000
-0.0732010000
-0.1066300000
-0.1459400000
-0.1920700000
-0.2460600000
-0.3091000000
-0.3824500000
-0.4674200000
-0.5652800000
-0.6770500000
-0.8032800000
-0.9435900000
-1.0961000000
-1.2570000000
-1.4194000000
-1.5737000000
-1.7077000000
-1.8083000000
-1.8645000000
-1.8700000000
-1.8251000000
-1.7367000000
-1.6162000000
-1.4760000000
-1.3274000000
-1.1789000000
-1.0360000000
-0.9011600000
-0.7750500000
-0.6566300000
-0.5439400000
-0.4344300000
-0.3251300000
-0.2127900000
-0.0939200000
0.0351820000
0.1784300000
0.3398500000
0.5232700000
0.7317900000
0.9666300000
1.2253000000
1.4993000000
1.7710000000
2.0133000000
2.1929000000
2.2799000000
2.2596000000
2.1399000000
1.9473000000
1.7156000000
1.4749000000
1.2462000000
1.0408000000
0.8632500000
0.7133100000
0.5886400000
0.4859000000
0.4016100000
0.3325000000
0.2756400000
0.2285400000
0.1890800000
0.1554700000
0.1261800000
0.0999400000
0.0756280000
0.0522630000
0.0289580000
0.0048838000
-0.0207590000
-0.0487660000
-0.0799540000
-0.1151800000
-0.1553700000
-0.2015100000
-0.2547000000
-0.3160900000
-0.3869400000
-0.4685100000
-0.5620000000
-0.6684200000
-0.7883200000
-0.9214400000
-1.0662000000
-1.2193000000
-1.3748000000
-1.5243000000
-1.6567000000
-1.7601000000
-1.8238000000
-1.8407000000
-1.8097000000
-1.7357000000
-1.6281000000
-1.4982000000
-1.3570000000
-1.2131000000
-1.0723000000
-0.9379800000
-0.8110400000
-0.6909500000
-0.5760600000
-0.4640000000
-0.3519200000
-0.2366000000
-0.1145500000
0.0180250000
0.1651400000
0.3309400000
0.5194400000
0.7338700000
0.9754900000
1.2417000000
1.5232000000
1.8013000000
2.0471000000
2.2256000000
2.3060000000
2.2749000000
2.1427000000
1.9386000000
1.6982000000
1.4520000000
1.2208000000
1.0151000000
0.8387600000
0.6911400000
0.5695900000
0.4706300000
0.3907400000
0.3266800000
0.2756500000
0.2352600000
0.2035600000
0.1789600000
0.1601800000
0.1461800000
0.1361600000
0.1294900000
0.1256800000
0.1243800000
0.1253300000
0.1283500000
0.1333500000
0.1403200000
0.1492800000
0.1603200000
0.1736100000
0.1893300000
0.2077600000
0.2292200000
0.2540600000
0.2827500000
0.3157600000
0.3536500000
0.3970300000
0.4465300000
0.5028100000
0.5664800000
0.6380800000
0.7179300000
0.8060500000
0.9019800000
1.0045000000
1.1116000000
1.2201000000
1.3254000000
1.4222000000
1.5042000000
1.5655000000
1.6011000000
1.6079000000
1.5857000000
1.5367000000
1.4650000000
1.3761000000
1.2754000000
1.1677000000
1.0565000000
0.9441600000
0.8316300000
0.7187700000
0.6045000000
0.4869400000
0.3635500000
0.2312000000
0.0861400000
-0.0758700000
-0.2595100000
-0.4695300000
-0.7100400000
-0.9829500000
-1.2854000000
-1.6059000000
-1.9204000000
-2.1911000000
-2.3735000000
-2.4318000000
-2.3565000000
-2.1701000000
-1.9151000000
-1.6353000000
-1.3641000000
-1.1206000000
-0.9129600000
-0.7423400000
-0.6063800000
-0.5013600000
-0.4234200000
-0.3690500000
-0.3354000000
-0.3202500000
-0.3220200000
-0.3397000000
-0.3727800000
-0.4211800000
-0.4851200000
-0.5650500000
-0.6614300000
-0.7745000000
-0.9038900000
-1.0481000000
-1.2038000000
-1.3652000000
-1.5236000000
-1.6674000000
-1.7834000000
-1.8591000000
-1.8856000000
-1.8605000000
-1.7884000000
-1.6791000000
-1.5454000000
-1.3994000000
-1.2510000000
-1.1070000000
-0.9713700000
-0.8453400000
-0.7286500000
-0.6198400000
-0.5167400000
-0.4168000000
-0.3171500000
-0.2147800000
-0.1064800000
0.0111330000
0.1416400000
0.2887600000
0.4561700000
0.6471100000
0.8635500000
1.1048000000
1.3655000000
1.6330000000
1.8855000000
2.0933000000
2.2251000000
2.2585000000
2.1900000000
2.0364000000
1.8278000000
1.5956000000
1.3647000000
1.1510000000
0.9619000000
0.7996300000
0.6629400000
0.5490100000
0.4545100000
0.3760500000
0.3105700000
0.2553000000
0.2078900000
0.1662700000
0.1286800000
0.0935680000
0.0595460000
0.0253510000
-0.0102060000
-0.0482820000
-0.0900350000
-0.1366500000
-0.1893800000
-0.2495300000
-0.3185000000
-0.3977300000
-0.4886400000
-0.5925700000
-0.7105200000
-0.8428700000
-0.9888900000
-1.1462000000
-1.3099000000
-1.4724000000
-1.6229000000
-1.7486000000
-1.8366000000
-1.8768000000
-1.8650000000
-1.8040000000
-1.7026000000
-1.5729000000
-1.4275000000
-1.2770000000
-1.1289000000
-0.9875800000
-0.8549800000
-0.7309600000
-0.6141400000
-0.5022800000
-0.3926400000
-0.2821200000
-0.1673400000
-0.0447350000
0.0895190000
0.2394000000
0.4089000000
0.6016600000
0.8202200000
1.0646000000
1.3304000000
1.6056000000
1.8692000000
2.0908000000
2.2373000000
2.2833000000
2.2226000000
2.0712000000
1.8599000000
1.6220000000
1.3843000000
1.1639000000
0.9691800000
0.8024400000
0.6625300000
0.5465600000
0.4510900000
0.3726800000
0.3081800000
0.2548200000
0.2102400000
0.1724400000
0.1397200000
0.1106300000
0.0839460000
0.0585620000
0.0335050000
0.0078687000
-0.0192100000
-0.0485850000
-0.0811230000
-0.1177300000
-0.1593700000
-0.2070700000
-0.2619700000
-0.3252600000
-0.3982200000
-0.4821200000
-0.5781700000
-0.6873100000
-0.8100100000
-0.9458400000
-1.0930000000
-1.2476000000
-1.4033000000
-1.5512000000
-1.6799000000
-1.7773000000
-1.8331000000
-1.8412000000
-1.8016000000
-1.7202000000
-1.6071000000
-1.4739000000
-1.3311000000
-1.1869000000
-1.0469000000
-0.9136000000
-0.7878500000
-0.6688000000
-0.5546300000
-0.4428700000
-0.3305800000
-0.2144900000
-0.0910590000
0.0435470000
0.1933700000
0.3625700000
0.5550500000
0.7738000000
1.0196000000
1.2888000000
1.5708000000
1.8452000000
2.0817000000
2.2451000000
2.3070000000
2.2576000000
2.1113000000
1.8991000000
1.6562000000
1.4118000000
1.1846000000
0.9839500000
0.8126200000
0.6695900000
0.5519900000
0.4563200000
0.3790800000
0.3170900000
0.2676200000
0.2283600000
0.1974100000
0.1732100000
0.1545100000
0.1403100000
0.1298100000
0.1223700000
0.1175200000
0.1148600000
0.1141300000
0.1151100000
0.1176700000
0.1217400000
0.1273000000
0.1343500000
0.1429700000
0.1532800000
0.1654100000
0.1795600000
0.1959800000
0.2149400000
0.2367900000
0.2619000000
0.2907300000
0.3237600000
0.3615300000
0.4046500000
0.4537300000
0.5094000000
0.5722500000
0.6427700000
0.7212800000
0.8077600000
0.9017200000
1.0020000000
1.1066000000
1.2124000000
1.3151000000
1.4095000000
1.4898000000
1.5501000000
1.5856000000
1.5935000000
1.5732000000
1.5268000000
1.4580000000
1.3721000000
1.2742000000
1.1688000000
1.0596000000
0.9487500000
0.8372800000
0.7251200000
0.6112400000
0.4938500000
0.3704500000
0.2379400000
0.0926080000
-0.0697850000
-0.2539300000
-0.4646200000
-0.7059900000
-0.9800500000
-1.2840000000
-1.6063000000
-1.9228000000
-2.1955000000
-2.3792000000
-2.4377000000
-2.3616000000
-2.1735000000
-1.9165000000
-1.6351000000
-1.3626000000
-1.1183000000
-0.9102900000
-0.7396900000
-0.6040800000
-0.4997100000
-0.4226900000
-0.3695400000
-0.3374100000
-0.3241200000
-0.3281200000
-0.3484400000
-0.3846200000
-0.4366100000
-0.5046900000
-0.5892800000
-0.6908300000
-0.8094200000
-0.9444100000
-1.0938000000
-1.2536000000
-1.4171000000
-1.5745000000
-1.7133000000
-1.8197000000
-1.8819000000
-1.8926000000
-1.8514000000
-1.7651000000
-1.6452000000
-1.5045000000
-1.3552000000
-1.2064000000
-1.0639000000
-0.9307000000
-0.8076400000
-0.6939400000
-0.5878900000
-0.4871500000
-0.3890600000
-0.2907600000
-0.1891900000
-0.0811720000
0.0366840000
0.1679200000
0.3162200000
0.4851400000
0.6777500000
0.8957100000
1.1378000000
1.3979000000
1.6623000000
1.9085000000
2.1067000000
2.2264000000
2.2475000000
2.1690000000
2.0094000000
1.7989000000
1.5679000000
1.3402000000
1.1303000000
0.9450800000
0.7862000000
0.6522400000
0.5403500000
0.4471800000
0.3693900000
0.3039400000
0.2481000000
0.1995000000
0.1560800000
0.1160400000
0.0777780000
0.0398510000
0.0009037300
-0.0403610000
-0.0852260000
-0.1350000000
-0.1910300000
-0.2547400000
-0.3276000000
-0.4111400000
-0.5068600000
-0.6160800000
-0.7397500000
-0.8780600000
-1.0299000000
-1.1924000000
-1.3597000000
-1.5231000000
-1.6709000000
-1.7894000000
-1.8659000000
-1.8914000000
-1.8637000000
-1.7877000000
-1.6740000000
-1.5356000000
-1.3851000000
-1.2324000000
-1.0843000000
-0.9442700000
-0.8136000000
-0.6916500000
-0.5766900000
-0.4662700000
-0.3574900000
-0.2471700000
-0.1318800000
-0.0079931000
0.1283100000
0.2809800000
0.4539400000
0.6505900000
0.8730100000
1.1204000000
1.3870000000
1.6592000000
1.9141000000
2.1206000000
2.2467000000
2.2707000000
2.1910000000
2.0270000000
1.8103000000
1.5729000000
1.3395000000
1.1252000000
0.9367500000
0.7758200000
0.6408000000
0.5286700000
0.4359900000
0.3593500000
0.2956700000
0.2422400000
0.1967300000
0.1571300000
0.1217500000
0.0890820000
0.0578310000
0.0268070000
-0.0050901000
-0.0389190000
-0.0757250000
-0.1165800000
-0.1625800000
-0.2149200000
-0.2748400000
-0.3436600000
-0.4227500000
-0.5134500000
-0.6169500000
-0.7341000000
-0.8651000000
-1.0090000000
-1.1631000000
-1.3225000000
-1.4795000000
-1.6233000000
-1.7418000000
-1.8229000000
-1.8574000000
-1.8421000000
-1.7798000000
-1.6793000000
-1.5522000000
-1.4102000000
-1.2633000000
-1.1185000000
-0.9799100000
-0.8492600000
-0.7263800000
-0.6098900000
-0.4975600000
-0.3866400000
-0.2740300000
-0.1563200000
-0.0298490000
0.1092800000
0.2651300000
0.4417700000
0.6427700000
0.8703700000
1.1238000000
1.3972000000
1.6764000000
1.9372000000
2.1471000000
2.2727000000
2.2918000000
2.2039000000
2.0307000000
1.8055000000
1.5617000000
1.3242000000
1.1077000000
0.9188800000
0.7587700000
0.6255600000
0.5160500000
0.4267300000
0.3542000000
0.2954300000
0.2478200000
0.2091500000
0.1776100000
0.1516900000
0.1301400000
0.1119200000
0.0961660000
0.0821610000
0.0692760000
0.0569620000
0.0447270000
0.0321110000
0.0186730000
0.0039763000
-0.0124300000
-0.0310220000
-0.0523130000
-0.0768670000
-0.1053100000
-0.1383600000
-0.1768000000
-0.2215100000
-0.2735000000
-0.3338400000
-0.4036900000
-0.4842300000
-0.5765700000
-0.6816200000
-0.7998100000
-0.9307900000
-1.0729000000
-1.2227000000
-1.3744000000
-1.5197000000
-1.6480000000
-1.7478000000
-1.8088000000
-1.8246000000
-1.7940000000
-1.7217000000
-1.6168000000
-1.4901000000
-1.3520000000
-1.2108000000
-1.0723000000
-0.9395100000
-0.8135800000
-0.6939500000
-0.5790300000
-0.4664900000
-0.3535000000
-0.2368600000
-0.1130400000
0.0217720000
0.1716500000
0.3408000000
0.5332500000
0.7522000000
0.9987200000
1.2697000000
1.5549000000
1.8343000000
2.0776000000
2.2490000000
2.3182000000
2.2741000000
2.1300000000
1.9171000000
1.6718000000
1.4242000000
1.1937000000
0.9901500000
0.8166800000
0.6722500000
0.5539800000
0.4583300000
0.3817900000
0.3211700000
0.2737500000
0.2372500000
0.2098100000
0.1899600000
0.1765500000
0.1686800000
0.1657100000
0.1671700000
0.1727700000
0.1823700000
0.1959600000
0.2136500000
0.2356500000
0.2622900000
0.2939800000
0.3312500000
0.3746900000
0.4249500000
0.4827300000
0.5487100000
0.6235200000
0.7075700000
0.8009600000
0.9032400000
1.0132000000
1.1286000000
1.2457000000
1.3597000000
1.4641000000
1.5519000000
1.6161000000
1.6512000000
1.6541000000
1.6249000000
1.5668000000
1.4851000000
1.3862000000
1.2765000000
1.1612000000
1.0441000000
0.9274100000
0.8119700000
0.6974100000
0.5824200000
0.4649300000
0.3422600000
0.2111400000
0.0678080000
-0.0919890000
-0.2728600000
-0.4794400000
-0.7156900000
-0.9833800000
-1.2796000000
-1.5934000000
-1.9014000000
-2.1676000000
-2.3490000000
-2.4109000000
-2.3430000000
-2.1657000000
-1.9190000000
-1.6456000000
-1.3784000000
-1.1367000000
-0.9291600000
-0.7573400000
-0.6191400000
-0.5109900000
-0.4290500000
-0.3698200000
-0.3303400000
-0.3082900000
-0.3019300000
-0.3100900000
-0.3320800000
-0.3676200000
-0.4168000000
-0.4799800000
-0.5576600000
-0.6503700000
-0.7584200000
-0.8815700000
-1.0186000000
-1.1667000000
-1.3209000000
-1.4735000000
-1.6143000000
-1.7314000000
-1.8129000000
-1.8498000000
-1.8382000000
-1.7808000000
-1.6854000000
-1.5631000000
-1.4255000000
-1.2824000000
-1.1410000000
-1.0057000000
-0.8782900000
-0.7590400000
-0.6467900000
-0.5395600000
-0.4348700000
-0.3298900000
-0.2215100000
-0.1064200000
0.0189710000
0.1584400000
0.3159300000
0.4952700000
0.6996700000
0.9307100000
1.1866000000
1.4597000000
1.7340000000
1.9834000000
2.1750000000
2.2773000000
2.2726000000
2.1655000000
1.9807000000
1.7519000000
1.5103000000
1.2786000000
1.0693000000
0.8878200000
0.7344300000
0.6070000000
0.5023000000
0.4168200000
0.3472900000
0.2907800000
0.2447700000
0.2071300000
0.1761100000
0.1502300000
0.1282800000
0.1092200000
0.0921890000
0.0764430000
0.0613200000
0.0462260000
0.0306050000
0.0139210000
-0.0043630000
-0.0247970000
-0.0479660000
-0.0745000000
-0.1051000000
-0.1405200000
-0.1816400000
-0.2294100000
-0.2848900000
-0.3492200000
-0.4236300000
-0.5093200000
-0.6074100000
-0.7187000000
-0.8434500000
-0.9809000000
-1.1288000000
-1.2829000000
-1.4361000000
-1.5791000000
-1.7003000000
-1.7881000000
-1.8330000000
-1.8302000000
-1.7812000000
-1.6929000000
-1.5756000000
-1.4408000000
-1.2983000000
-1.1557000000
-1.0178000000
-0.8868300000
-0.7630500000
-0.6454700000
-0.5321300000
-0.4204300000
-0.3074000000
-0.1897000000
-0.0637100000
0.0744430000
0.2288600000
0.4037100000
0.6027700000
0.8286800000
1.0814000000
1.3560000000
1.6395000000
1.9090000000
2.1320000000
2.2736000000
2.3086000000
2.2332000000
2.0667000000
1.8429000000
1.5964000000
1.3541000000
1.1322000000
0.9383300000
0.7739800000
0.6375300000
0.5258600000
0.4353900000
0.3627000000
0.3047300000
0.2588500000
0.2228700000
0.1950100000
0.1738200000
0.1581600000
0.1471100000
0.1399900000
0.1362400000
0.1354800000
0.1374500000
0.1419700000
0.1489600000
0.1584300000
0.1704700000
0.1852100000
0.2028900000
0.2237800000
0.2482400000
0.2767000000
0.3096400000
0.3476200000
0.3912500000
0.4411800000
0.4980800000
0.5625800000
0.6352500000
0.7164300000
0.8061700000
0.9039800000
1.0087000000
1.1181000000
1.2289000000
1.3365000000
1.4351000000
1.5185000000
1.5802000000
1.6152000000
1.6206000000
1.5961000000
1.5442000000
1.4695000000
1.3776000000
1.2743000000
1.1644000000
1.0515000000
0.9378700000
0.8244700000
0.7110500000
0.5964500000
0.4787400000
0.3553200000
0.2230100000
0.0780390000
-0.0838460000
-0.2673100000
-0.4770900000
-0.7172000000
-0.9894600000
-1.2908000000
-1.6097000000
-1.9220000000
-2.1901000000
-2.3699000000
-2.4261000000
-2.3500000000
-2.1640000000
-1.9101000000
-1.6319000000
-1.3621000000
-1.1198000000
-0.9129700000
-0.7428100000
-0.6069700000
-0.5017500000
-0.4232800000
-0.3681000000
-0.3333100000
-0.3166900000
-0.3166300000
-0.3321000000
-0.3625400000
-0.4078300000
-0.4681700000
-0.5440000000
-0.6358100000
-0.7439400000
-0.8682200000
-1.0075000000
-1.1591000000
-1.3179000000
-1.4764000000
-1.6236000000
-1.7471000000
-1.8340000000
-1.8746000000
-1.8643000000
-1.8057000000
-1.7074000000
-1.5810000000
-1.4390000000
-1.2919000000
-1.1472000000
-1.0096000000
-0.8810600000
-0.7617000000
-0.6503700000
-0.5451000000
-0.4434100000
-0.3425000000
-0.2393800000
-0.1308400000
-0.0134920000
0.1162700000
0.2621900000
0.4280300000
0.6171900000
0.8319500000
1.0721000000
1.3330000000
1.6029000000
1.8611000000
2.0780000000
2.2217000000
2.2675000000
2.2095000000
2.0627000000
1.8566000000
1.6235000000
1.3898000000
1.1722000000
0.9793400000
0.8136300000
0.6741100000
0.5580400000
0.4620600000
0.3827900000
0.3171000000
0.2622200000
0.2157700000
0.1757000000
0.1402700000
0.1079500000
0.0774290000
0.0475150000
0.0171150000
-0.0148100000
-0.0492810000
-0.0873270000
-0.1300200000
-0.1784800000
-0.2339300000
-0.2976400000
-0.3709700000
-0.4553100000
-0.5519700000
-0.6620800000
-0.7862700000
-0.9243200000
-1.0746000000
-1.2336000000
-1.3951000000
-1.5497000000
-1.6859000000
-1.7907000000
-1.8529000000
-1.8654000000
-1.8277000000
-1.7457000000
-1.6301000000
-1.4932000000
-1.3463000000
-1.1983000000
-1.0549000000
-0.9190900000
-0.7917000000
-0.6719000000
-0.5578500000
-0.4470600000
-0.3365800000
-0.2231800000
-0.1033600000
0.0266210000
0.1707100000
0.3329700000
0.5173000000
0.7268700000
0.9629900000
1.2233000000
1.4991000000
1.7729000000
2.0173000000
2.1985000000
2.2862000000
2.2656000000
2.1446000000
1.9502000000
1.7166000000
1.4743000000
1.2443000000
1.0382000000
0.8602300000
0.7102100000
0.5857400000
0.4834500000
0.3998300000
0.3316200000
0.2759100000
0.2302200000
0.1924600000
0.1608800000
0.1340100000
0.1106300000
0.0896970000
0.0703040000
0.0516630000
0.0330580000
0.0138190000
-0.0066972000
-0.0291340000
-0.0541520000
-0.0824500000
-0.1147800000
-0.1519600000
-0.1949000000
-0.2446000000
-0.3021400000
-0.3687000000
-0.4454900000
-0.5337100000
-0.6344000000
-0.7482500000
-0.8753100000
-1.0145000000
-1.1632000000
-1.3166000000
-1.4671000000
-1.6049000000
-1.7185000000
-1.7966000000
-1.8307000000
-1.8175000000
-1.7597000000
-1.6650000000
-1.5440000000
-1.4078000000
-1.2658000000
-1.1247000000
-0.9887600000
-0.8596900000
-0.7375200000
-0.6209800000
-0.5079500000
-0.3957800000
-0.2813800000
-0.1613500000
-0.0319930000
0.1106500000
0.2707400000
0.4524200000
0.6593100000
0.8935200000
1.1540000000
1.4338000000
1.7176000000
1.9791000000
2.1840000000
2.2986000000
2.3023000000
2.1982000000
2.0111000000
1.7766000000
1.5279000000
1.2893000000
1.0742000000
0.8881800000
0.7317600000
0.6026500000
0.4975200000
0.4127800000
0.3450900000
0.2915100000
0.2495600000
0.2171900000
0.1927400000
0.1748900000
0.1626000000
0.1550700000
0.1517100000
0.1520800000
0.1559100000
0.1630400000
0.1734300000
0.1871400000
0.2043100000
0.2252000000
0.2501300000
0.2795200000
0.3138500000
0.3536900000
0.3996800000
0.4524900000
0.5128000000
0.5812600000
0.6584100000
0.7445300000
0.8395300000
0.9427000000
1.0525000000
1.1662000000
1.2799000000
1.3883000000
1.4849000000
1.5630000000
1.6163000000
1.6401000000
1.6325000000
1.5945000000
1.5300000000
1.4444000000
1.3439000000
1.2343000000
1.1202000000
1.0048000000
0.8896800000
0.7753700000
0.6611800000
0.5455400000
0.4262100000
0.3003200000
0.1644300000
0.0145850000
-0.1536300000
-0.3449300000
-0.5638500000
-0.8137900000
-1.0951000000
-1.4022000000
-1.7196000000
-2.0184000000
-2.2582000000
-2.3964000000
-2.4060000000
-2.2893000000
-2.0768000000
-1.8125000000
-1.5365000000
-1.2764000000
-1.0469000000
-0.8533000000
-0.6953300000
-0.5700200000
-0.4735800000
-0.4022300000
-0.3526800000
-0.3222500000
-0.3088900000
-0.3111500000
-0.3281000000
-0.3592800000
-0.4046400000
-0.4644200000
-0.5390800000
-0.6291400000
-0.7349700000
-0.8564700000
-0.9926300000
-1.1409000000
-1.2968000000
-1.4529000000
-1.5992000000
-1.7235000000
-1.8134000000
-1.8589000000
-1.8551000000
-1.8036000000
-1.7117000000
-1.5907000000
-1.4526000000
-1.3079000000
-1.1643000000
-1.0268000000
-0.8975600000
-0.7770500000
-0.6642300000
-0.5572500000
-0.4536700000
-0.3507300000
-0.2454000000
-0.1344400000
-0.0143920000
0.1184100000
0.2678100000
0.4376400000
0.6313300000
0.8510900000
1.0965000000
1.3622000000
1.6355000000
1.8942000000
2.1076000000
2.2431000000
2.2772000000
2.2062000000
2.0481000000
1.8340000000
1.5966000000
1.3615000000
1.1448000000
0.9539300000
0.7909300000
0.6544000000
0.5414000000
0.4485200000
0.3723800000
0.3098900000
0.2583600000
0.2155000000
0.1793500000
0.1482900000
0.1209200000
0.0960480000
0.0726350000
0.0497560000
0.0265610000
0.0022430000
-0.0239850000
-0.0529200000
-0.0853900000
-0.1222800000
-0.1645300000
-0.2131800000
-0.2693700000
-0.3342900000
-0.4092400000
-0.4955000000
-0.5942400000
-0.7063800000
-0.8322500000
-0.9712300000
-1.1212000000
-1.2778000000
-1.4342000000
-1.5808000000
-1.7058000000
-1.7969000000
-1.8444000000
-1.8432000000
-1.7944000000
-1.7051000000
