4.1648000000
3.2129000000
3.1192000000
3.9353000000
4.0263000000
3.5099000000
0.9181500000
1.9955000000
3.8382000000
4.6592000000
2.2369000000
3.2586000000
2.3336000000
2.9479000000
4.7034000000
2.3625000000
2.6570000000
0.5030200000
5.1582000000
3.9672000000
4.2921000000
2.5737000000
1.4798000000
4.4792000000
2.5005000000
1.9106000000
4.4935000000
2.4450000000
2.2316000000
3.5028000000
0.5198200000
5.2210000000
4.2881000000
3.0866000000
4.0785000000
3.3705000000
1.9311000000
4.3673000000
2.6130000000
1.2209000000
3.6936000000
5.6093000000
0.3097200000
3.0902000000
3.8202000000
4.6527000000
2.2348000000
3.2683000000
2.2598000000
3.2966000000
2.0413000000
4.1046000000
3.3700000000
1.9320000000
4.3655000000
2.6162000000
1.2002000000
3.6064000000
6.1855000000
5.5856000000
0.5011000000
4.8484000000
2.8476000000
5.8261000000
2.2401000000
3.1282000000
3.3345000000
1.6677000000
4.6049000000
2.4326000000
2.2900000000
3.2414000000
2.4598000000
2.2725000000
3.3199000000
1.8639000000
4.4881000000
2.4541000000
2.1804000000
3.7132000000
5.3887000000
4.9767000000
3.3525000000
1.9758000000
4.2713000000
2.8262000000
6.0395000000
4.2380000000
3.1411000000
3.6640000000
5.6083000000
0.3040900000
3.0369000000
4.2296000000
2.8379000000
5.9583000000
3.4618000000
1.0703000000
2.8972000000
5.2095000000
3.9890000000
4.1823000000
2.8926000000
5.5603000000
0.0052905000
0.1246700000
1.2308000000
3.3546000000
1.7068000000
4.6059000000
2.4288000000
2.3107000000
3.1430000000
3.2138000000
2.5858000000
1.5111000000
4.5331000000
2.4596000000
2.1446000000
3.8489000000
4.5842000000
2.2131000000
3.3674000000
1.5128000000
4.4577000000
2.5193000000
1.8001000000
4.6430000000
2.4316000000
2.2915000000
3.2346000000
2.5116000000
1.9688000000
4.3717000000
2.6009000000
1.2987000000
3.9899000000
3.9407000000
4.5402000000
2.2135000000
3.3703000000
1.4906000000
4.4195000000
2.5703000000
1.4890000000
4.4965000000
2.4847000000
2.0025000000
4.2920000000
2.7703000000
0.1562800000
1.8928000000
4.1309000000
3.2841000000
2.5776000000
1.5563000000
4.5984000000
2.4429000000
2.2328000000
3.4981000000
0.5531600000
5.5103000000
6.1453000000
4.9995000000
3.3568000000
1.9415000000
4.3474000000
2.6508000000
0.9739300000
2.4299000000
2.0400000000
4.1953000000
3.0447000000
4.4096000000
2.4296000000
2.3261000000
3.0678000000
3.7908000000
4.8260000000
2.4695000000
2.0582000000
4.1375000000
3.2433000000
2.8890000000
5.6811000000
0.9760500000
2.1396000000
3.3871000000
1.3731000000
4.1455000000
3.2825000000
2.5886000000
1.4862000000
4.4896000000
2.4907000000
1.9681000000
4.3756000000
2.5939000000
1.3430000000
4.1357000000
3.3215000000
2.2937000000
3.1352000000
3.2757000000
2.1132000000
3.8792000000
4.4210000000
2.3293000000
2.8530000000
5.4097000000
5.2028000000
4.3307000000
2.9882000000
4.8268000000
2.5514000000
1.5662000000
4.6128000000
2.4442000000
2.2238000000
3.5363000000
0.2838200000
3.0511000000
4.1229000000
3.1983000000
3.2352000000
2.4160000000
2.5189000000
1.3785000000
4.2475000000
2.9516000000
5.1119000000
3.5042000000
0.8502500000
1.5427000000
4.1253000000
3.3403000000
2.1530000000
3.7297000000
5.2885000000
4.3480000000
2.9432000000
5.1653000000
3.7580000000
5.4412000000
5.3281000000
5.0444000000
3.6083000000
0.1337800000
1.5884000000
4.2494000000
2.9252000000
5.3102000000
4.5581000000
2.6989000000
0.6275800000
6.2160000000
6.1840000000
5.9379000000
3.5632000000
0.3526500000
3.6993000000
5.6596000000
0.7168200000
0.3492100000
3.9518000000
4.2204000000
2.7741000000
0.1364000000
1.6976000000
4.2999000000
2.7815000000
0.0758890000
1.1008000000
2.7661000000
6.1599000000
5.4175000000
5.5531000000
5.9807000000
3.4024000000
1.5039000000
4.4396000000
2.5418000000
1.6645000000
4.6833000000
2.4721000000
2.0574000000
4.1396000000
3.2354000000
2.9492000000
5.2317000000
4.1035000000
3.6838000000
6.0125000000
3.8927000000
4.5869000000
2.2087000000
3.3854000000
1.3785000000
4.1608000000
3.2274000000
3.0079000000
4.7870000000
2.4725000000
2.0446000000
4.1776000000
3.1029000000
3.9639000000
3.8855000000
4.8302000000
2.4688000000
2.0617000000
4.1268000000
3.2827000000
2.5890000000
1.4836000000
4.4847000000
2.4951000000
1.9422000000
4.4321000000
2.5076000000
1.8728000000
4.5562000000
2.4149000000
2.3929000000
2.7259000000
0.0294530000
0.6472800000
6.0156000000
4.2256000000
3.1803000000
3.3634000000
1.4459000000
4.3308000000
2.7355000000
0.3972100000
4.1959000000
3.2068000000
3.1627000000
3.6011000000
6.0252000000
4.0227000000
3.9452000000
4.5139000000
2.2267000000
3.3171000000
1.8899000000
4.4481000000
2.4927000000
1.9602000000
4.3932000000
2.5642000000
1.5300000000
4.5643000000
2.4472000000
2.2117000000
3.5868000000
6.2176000000
5.9043000000
3.2462000000
2.6902000000
0.8183200000
1.4002000000
3.8476000000
4.6663000000
2.2407000000
3.2415000000
2.4641000000
2.2474000000
3.4321000000
1.0303000000
2.6807000000
0.4766600000
4.9222000000
3.0428000000
4.3509000000
2.5336000000
1.7236000000
4.6852000000
2.4678000000
2.0821000000
4.0633000000
3.5343000000
0.7417400000
0.7526500000
0.4860100000
5.1982000000
4.1706000000
3.4397000000
1.4100000000
4.2386000000
2.9739000000
4.9445000000
2.8606000000
5.7207000000
1.3134000000
3.7280000000
5.3829000000
4.9368000000
3.2243000000
2.9544000000
5.1931000000
3.8977000000
4.6419000000
2.2214000000
3.3270000000
1.8154000000
4.5474000000
2.4233000000
2.3474000000
2.9618000000
4.5967000000
2.3022000000
2.9672000000
4.5605000000
2.3043000000
2.9606000000
4.6104000000
2.3043000000
2.9558000000
4.6466000000
2.3179000000
2.8862000000
5.1658000000
3.7663000000
5.3910000000
4.9864000000
3.3859000000
1.7255000000
4.5995000000
2.4261000000
2.3266000000
3.0657000000
3.8066000000
4.7337000000
2.3116000000
2.9080000000
5.0044000000
3.0696000000
4.1372000000
3.1433000000
3.6573000000
5.6524000000
0.6616800000
6.1981000000
6.0036000000
4.1837000000
3.3146000000
2.3410000000
2.9053000000
5.0219000000
3.1350000000
3.6326000000
5.8162000000
2.0728000000
3.7579000000
5.1229000000
3.4739000000
1.0664000000
2.8748000000
5.3756000000
4.9741000000
3.3451000000
2.0320000000
4.1263000000
3.2875000000
2.5525000000
1.7136000000
4.6853000000
2.4689000000
2.0759000000
4.0830000000
3.4532000000
1.3208000000
3.9793000000
3.9892000000
3.6763000000
6.0724000000
4.4708000000
2.6777000000
0.7808600000
1.1305000000
2.8430000000
5.6028000000
0.3428300000
3.4033000000
1.4324000000
4.2964000000
2.8166000000
6.1068000000
4.8921000000
3.0240000000
4.4981000000
2.3300000000
2.8418000000
5.4921000000
5.7825000000
1.5871000000
4.3115000000
2.7649000000
0.1927300000
2.2494000000
3.0223000000
4.1468000000
3.1127000000
3.8915000000
4.2545000000
2.6805000000
0.7837800000
1.1517000000
2.9438000000
4.8519000000
2.6114000000
1.1824000000
3.5290000000
0.4392200000
4.5007000000
2.5865000000
1.3780000000
4.2392000000
2.9755000000
4.9326000000
2.8239000000
5.9900000000
3.7629000000
5.3292000000
4.5905000000
2.6934000000
0.6620200000
0.2134600000
2.6612000000
0.6897200000
0.4373600000
4.7677000000
2.6973000000
0.6177900000
6.1354000000
5.3918000000
5.3831000000
5.4000000000
4.8846000000
3.0747000000
4.1101000000
3.2454000000
2.8755000000
5.7813000000
1.8380000000
4.2765000000
2.8265000000
6.0372000000
4.2151000000
3.2104000000
3.1336000000
3.8246000000
4.6232000000
2.2212000000
3.3294000000
1.7969000000
4.5648000000
2.4204000000
2.3613000000
2.8912000000
5.1247000000
3.5686000000
0.3968500000
4.1093000000
3.5162000000
0.8653700000
1.6452000000
4.2156000000
3.0195000000
4.6003000000
2.2968000000
2.9926000000
4.3687000000
2.5042000000
1.8997000000
4.5127000000
2.4321000000
2.3021000000
3.1840000000
2.8993000000
5.6104000000
0.3973600000
3.9098000000
4.4294000000
2.3146000000
2.9242000000
4.8834000000
2.6908000000
0.6506400000
0.1218800000
1.7672000000
4.2794000000
2.8260000000
6.0403000000
4.2452000000
3.1201000000
3.8250000000
4.6219000000
2.2208000000
3.3314000000
1.7821000000
4.5766000000
2.4202000000
2.3612000000
2.8915000000
5.1223000000
3.5576000000
0.4734200000
4.8055000000
2.7601000000
0.1773200000
2.0997000000
3.6065000000
6.0951000000
4.6985000000
2.6712000000
0.8023700000
1.2879000000
3.5034000000
0.6102200000
5.9921000000
4.0044000000
4.0320000000
3.4774000000
1.1505000000
3.2970000000
2.1498000000
3.7458000000
5.1894000000
3.7991000000
5.1933000000
3.8138000000
5.1072000000
3.3966000000
1.6338000000
4.5852000000
2.4346000000
2.2807000000
3.2847000000
2.1303000000
3.8182000000
4.7600000000
2.3473000000
2.7287000000
0.0148120000
0.5020900000
4.7859000000
2.7212000000
0.4516500000
4.6938000000
2.6027000000
1.2549000000
3.8296000000
4.7820000000
2.3818000000
2.5482000000
1.2024000000
3.6226000000
6.0761000000
4.5120000000
2.6432000000
1.0082000000
2.6334000000
0.7946100000
1.2354000000
3.3061000000
2.0720000000
4.0113000000
3.7639000000
5.5208000000
5.9018000000
2.6648000000
0.7250600000
0.7121900000
0.8067600000
0.8870500000
1.4338000000
3.9228000000
4.2587000000
2.6658000000
0.8826200000
1.8466000000
4.1272000000
3.3027000000
2.4370000000
2.3954000000
2.7102000000
0.1380100000
1.7198000000
4.2973000000
2.7856000000
0.0468290000
0.8132200000
0.9999200000
2.1400000000
3.3834000000
1.4002000000
4.2194000000
3.0325000000
4.5002000000
2.3275000000
2.8539000000
5.4035000000
5.1607000000
4.1175000000
3.6365000000
0.0372260000
0.6331300000
5.8994000000
3.1310000000
3.5758000000
6.2012000000
5.7427000000
1.7973000000
4.3231000000
2.7172000000
0.5252100000
5.3466000000
5.0230000000
3.5233000000
0.7238700000
0.6172200000
0.0448670000
1.0106000000
2.2792000000
2.8057000000
5.7586000000
1.6466000000
4.3552000000
2.6646000000
0.8808800000
1.8351000000
4.1418000000
3.2498000000
2.8388000000
6.0503000000
4.3409000000
2.8816000000
5.6259000000
0.5240200000
5.0453000000
3.4639000000
1.1466000000
3.2800000000
2.2791000000
3.2074000000
2.7215000000
0.6067800000
6.0416000000
4.4801000000
2.6718000000
0.8201200000
1.4149000000
3.8845000000
4.4620000000
2.2774000000
3.0973000000
3.5688000000
6.2531000000
6.2569000000
6.0256000000
4.3890000000
2.7930000000
6.2675000000
0.1935900000
1.9075000000
4.1017000000
3.3950000000
1.7461000000
4.5915000000
2.4234000000
2.3421000000
2.9888000000
4.3929000000
2.4618000000
2.1456000000
3.8451000000
4.6058000000
2.2150000000
3.3574000000
1.5876000000
4.5545000000
2.4438000000
2.2320000000
3.5015000000
0.5290500000
5.3016000000
4.7460000000
2.8069000000
6.1316000000
5.1355000000
3.9235000000
4.5131000000
2.2294000000
3.3056000000
1.9766000000
4.2742000000
2.8185000000
6.0951000000
4.7777000000
2.7761000000
0.0659700000
1.0034000000
2.2349000000
3.0045000000
4.2841000000
2.6901000000
0.7154800000
0.6358100000
0.1986600000
2.5200000000
1.5934000000
4.6436000000
2.4526000000
2.1732000000
3.7413000000
5.2148000000
3.9326000000
4.4587000000
2.2762000000
3.1030000000
3.5252000000
0.2740100000
2.9585000000
4.8294000000
2.5598000000
1.5136000000
4.5397000000
2.4564000000
2.1622000000
3.7833000000
4.9612000000
2.8333000000
5.9189000000
3.0919000000
3.8746000000
4.3479000000
2.4565000000
2.1806000000
3.7120000000
5.3963000000
5.0267000000
3.5322000000
0.6603400000
0.1161000000
1.7094000000
4.3012000000
2.7772000000
0.1061500000
1.3998000000
3.9175000000
4.2892000000
2.5859000000
1.4031000000
4.3065000000
2.7949000000
6.2622000000
0.1406700000
1.3907000000
3.8901000000
4.4345000000
2.3097000000
2.9473000000
4.7098000000
2.3692000000
2.6213000000
0.7383100000
0.8178900000
0.9640500000
1.9248000000
3.9921000000
3.8679000000
4.9229000000
2.7060000000
0.5428200000
5.5005000000
6.0740000000
4.3034000000
2.9635000000
5.0166000000
3.1090000000
3.8333000000
4.5759000000
2.2152000000
3.3595000000
1.5712000000
4.5375000000
2.4515000000
2.1899000000
3.6755000000
5.6287000000
0.4668300000
4.5395000000
2.5611000000
1.5343000000
4.5710000000
2.4457000000
2.2199000000
3.5528000000
0.1688200000
1.9373000000
4.0465000000
3.6204000000
0.1517800000
1.7638000000
4.2784000000
2.8288000000
6.0203000000
4.0525000000
3.8149000000
5.2153000000
3.9279000000
4.4823000000
2.2529000000
3.2063000000
2.7326000000
0.5296500000
5.3837000000
5.2621000000
4.6579000000
2.7221000000
0.4581600000
4.7523000000
2.6720000000
0.7916200000
1.2099000000
3.2016000000
2.8733000000
5.8013000000
2.0154000000
3.9264000000
4.1820000000
2.8999000000
5.5062000000
5.8797000000
2.4622000000
1.9950000000
4.3133000000
2.7198000000
0.5082700000
5.1981000000
4.1682000000
3.4479000000
1.3506000000
4.0734000000
3.5651000000
0.5263200000
5.2715000000
4.5692000000
2.7005000000
0.6154600000
6.1158000000
5.2000000000
4.2453000000
3.2039000000
3.1799000000
3.4685000000
0.6713800000
0.2109900000
2.6362000000
0.8557500000
1.6674000000
4.2244000000
2.9906000000
4.8194000000
2.5358000000
1.6635000000
4.6836000000
2.4725000000
2.0552000000
4.1461000000
3.2120000000
3.1277000000
3.8697000000
4.3711000000
2.4120000000
2.4268000000
1.9134000000
4.4958000000
2.4428000000
2.2434000000
3.4520000000
0.8848000000
1.7826000000
4.1926000000
3.0792000000
4.1452000000
3.1128000000
3.8912000000
4.2561000000
2.6761000000
0.8129300000
1.3632000000
3.7461000000
5.2662000000
4.2167000000
3.2826000000
2.5811000000
1.5340000000
