92468.0000000000
182960.0000000000
189000.0000000000
48295.0000000000
193670.0000000000
232730.0000000000
217070.0000000000
145490.0000000000
155620.0000000000
123840.0000000000
256910.0000000000
35614.0000000000
98507.0000000000
25376.0000000000
86792.0000000000
91034.0000000000
57075.0000000000
167760.0000000000
247990.0000000000
127850.0000000000
138530.0000000000
206890.0000000000
31948.0000000000
98426.0000000000
226920.0000000000
208330.0000000000
197790.0000000000
71137.0000000000
11446.0000000000
141020.0000000000
52299.0000000000
15725.0000000000
116460.0000000000
213430.0000000000
37875.0000000000
171850.0000000000
185800.0000000000
237740.0000000000
238060.0000000000
186440.0000000000
142290.0000000000
95561.0000000000
243890.0000000000
130220.0000000000
216180.0000000000
9301.5000000000
121880.0000000000
23913.0000000000
1422.0000000000
100700.0000000000
150730.0000000000
206730.0000000000
168850.0000000000
14199.0000000000
104490.0000000000
214560.0000000000
96929.0000000000
160270.0000000000
155720.0000000000
55705.0000000000
232900.0000000000
172370.0000000000
29030.0000000000
255430.0000000000
112340.0000000000
20723.0000000000
33843.0000000000
150930.0000000000
72282.0000000000
154010.0000000000
88323.0000000000
139040.0000000000
178020.0000000000
150790.0000000000
104140.0000000000
100830.0000000000
251390.0000000000
27567.0000000000
176830.0000000000
223720.0000000000
223190.0000000000
56625.0000000000
63305.0000000000
74080.0000000000
31880.0000000000
130120.0000000000
20256.0000000000
67303.0000000000
105540.0000000000
225860.0000000000
152060.0000000000
151620.0000000000
94243.0000000000
160220.0000000000
82766.0000000000
111820.0000000000
259180.0000000000
183550.0000000000
248000.0000000000
197030.0000000000
75430.0000000000
85057.0000000000
141370.0000000000
258000.0000000000
9890.0000000000
177010.0000000000
254360.0000000000
245330.0000000000
253640.0000000000
10872.0000000000
193130.0000000000
253970.0000000000
37489.0000000000
9425.5000000000
229630.0000000000
114200.0000000000
122720.0000000000
53359.0000000000
66356.0000000000
84154.0000000000
172650.0000000000
206200.0000000000
257930.0000000000
51981.0000000000
76972.0000000000
208060.0000000000
68608.0000000000
98800.0000000000
44902.0000000000
70999.0000000000
60259.0000000000
89645.0000000000
244740.0000000000
220760.0000000000
79499.0000000000
106810.0000000000
249010.0000000000
148140.0000000000
160850.0000000000
170420.0000000000
99625.0000000000
235520.0000000000
198690.0000000000
23751.0000000000
141810.0000000000
19404.0000000000
202390.0000000000
20194.0000000000
145280.0000000000
146610.0000000000
97887.0000000000
1414.3000000000
45363.0000000000
247990.0000000000
112410.0000000000
54689.0000000000
230590.0000000000
246590.0000000000
187260.0000000000
39060.0000000000
80597.0000000000
175380.0000000000
232910.0000000000
213090.0000000000
197710.0000000000
59837.0000000000
189810.0000000000
112990.0000000000
37687.0000000000
124480.0000000000
153910.0000000000
87616.0000000000
11648.0000000000
27404.0000000000
48601.0000000000
46965.0000000000
24054.0000000000
233260.0000000000
139100.0000000000
89958.0000000000
149040.0000000000
81379.0000000000
56348.0000000000
160180.0000000000
75573.0000000000
65939.0000000000
218620.0000000000
25642.0000000000
172590.0000000000
33705.0000000000
207410.0000000000
100900.0000000000
26967.0000000000
38585.0000000000
59448.0000000000
1248.4000000000
156650.0000000000
224170.0000000000
68197.0000000000
12828.0000000000
159810.0000000000
252710.0000000000
131830.0000000000
35606.0000000000
39207.0000000000
94830.0000000000
202770.0000000000
146310.0000000000
36123.0000000000
106490.0000000000
24447.0000000000
189390.0000000000
10719.0000000000
133960.0000000000
228840.0000000000
210360.0000000000
183180.0000000000
238740.0000000000
129240.0000000000
176340.0000000000
125280.0000000000
191310.0000000000
243370.0000000000
20630.0000000000
149510.0000000000
66519.0000000000
215780.0000000000
11232.0000000000
171040.0000000000
126080.0000000000
174570.0000000000
147420.0000000000
189680.0000000000
247550.0000000000
79322.0000000000
139490.0000000000
59003.0000000000
195700.0000000000
170700.0000000000
230890.0000000000
97917.0000000000
217800.0000000000
188740.0000000000
11601.0000000000
211810.0000000000
148660.0000000000
211260.0000000000
147450.0000000000
115290.0000000000
135490.0000000000
1774.7000000000
27090.0000000000
138160.0000000000
131710.0000000000
236630.0000000000
139340.0000000000
22529.0000000000
233080.0000000000
168210.0000000000
108940.0000000000
117600.0000000000
41846.0000000000
18418.0000000000
166680.0000000000
47203.0000000000
169290.0000000000
67482.0000000000
92374.0000000000
34136.0000000000
174300.0000000000
66676.0000000000
37010.0000000000
215740.0000000000
195490.0000000000
11878.0000000000
113680.0000000000
24211.0000000000
56173.0000000000
204320.0000000000
53345.0000000000
223800.0000000000
248500.0000000000
80132.0000000000
221380.0000000000
87923.0000000000
131200.0000000000
215110.0000000000
106940.0000000000
84323.0000000000
80172.0000000000
247030.0000000000
246660.0000000000
218620.0000000000
74979.0000000000
232450.0000000000
66090.0000000000
257070.0000000000
164640.0000000000
253810.0000000000
192150.0000000000
