345.4100000000
346.1100000000
345.7900000000
345.8000000000
346.0400000000
345.9900000000
346.1600000000
346.2900000000
346.3900000000
346.6900000000
346.7300000000
346.6500000000
346.6800000000
346.7500000000
347.0800000000
347.3400000000
347.3500000000
347.4600000000
347.6100000000
347.6800000000
347.7900000000
348.0100000000
348.2400000000
348.3400000000
348.4200000000
348.4600000000
348.3300000000
348.1400000000
348.1900000000
348.6100000000
348.8700000000
348.6700000000
348.5700000000
348.5600000000
348.7400000000
349.4000000000
349.4100000000
348.8700000000
349.1500000000
349.5600000000
349.4500000000
349.4900000000
349.6100000000
349.6500000000
349.8500000000
350.0900000000
350.0600000000
349.9200000000
350.0800000000
350.1700000000
350.0600000000
350.2300000000
350.3200000000
350.2100000000
350.6200000000
351.2000000000
351.2900000000
351.3000000000
351.4900000000
351.5400000000
351.5600000000
351.6500000000
351.4800000000
351.6200000000
352.2900000000
352.3700000000
351.9800000000
352.0200000000
352.2200000000
352.2500000000
352.2500000000
352.2400000000
352.3100000000
352.5000000000
352.4800000000
352.5200000000
352.8600000000
352.8100000000
352.7700000000
353.0500000000
352.7100000000
352.6500000000
353.1200000000
352.7200000000
352.4700000000
353.1100000000
353.1400000000
352.5300000000
352.2400000000
352.3400000000
352.5100000000
352.5900000000
352.5900000000
352.5600000000
352.4100000000
352.3000000000
352.5200000000
352.6400000000
352.2900000000
352.0200000000
352.2000000000
352.2200000000
351.7600000000
351.5100000000
351.6600000000
351.6000000000
351.5000000000
351.6400000000
351.6900000000
351.6100000000
351.5500000000
351.5200000000
351.4800000000
351.2700000000
351.0200000000
351.2200000000
351.5000000000
351.1500000000
350.9000000000
351.2300000000
351.3700000000
351.2900000000
351.1800000000
351.0200000000
351.2400000000
351.3900000000
351.3800000000
351.6700000000
351.5700000000
351.3200000000
351.4200000000
351.3200000000
351.3000000000
351.2200000000
350.7300000000
350.8200000000
351.1100000000
350.7700000000
350.5000000000
350.5500000000
350.7500000000
350.8000000000
350.5300000000
350.6800000000
350.9200000000
350.7100000000
350.5800000000
350.4400000000
350.2000000000
350.2800000000
350.3300000000
350.1900000000
350.1200000000
350.0600000000
349.9800000000
349.9300000000
349.9000000000
349.8200000000
349.7400000000
349.8400000000
349.8700000000
349.7300000000
349.7100000000
349.5600000000
349.2800000000
349.3600000000
349.4400000000
349.2600000000
349.2200000000
349.2600000000
349.0900000000
348.9900000000
349.0200000000
349.0300000000
349.0200000000
349.0000000000
349.0400000000
349.0200000000
348.9400000000
349.0400000000
349.0300000000
348.8400000000
348.8300000000
348.8400000000
348.7500000000
348.7100000000
348.7000000000
348.7500000000
348.7600000000
348.6400000000
348.5800000000
348.6500000000
348.7300000000
348.6800000000
348.6100000000
348.6400000000
348.6500000000
348.5200000000
348.3800000000
348.3200000000
348.3100000000
348.3100000000
348.2700000000
348.2400000000
348.2200000000
348.0900000000
347.8700000000
347.8300000000
348.0100000000
348.0000000000
347.8700000000
347.8500000000
347.6900000000
347.4700000000
347.4400000000
347.4600000000
347.3900000000
347.3300000000
347.4100000000
347.2900000000
347.1100000000
347.3300000000
347.3900000000
347.1300000000
347.1000000000
347.1000000000
346.9400000000
346.8100000000
346.7700000000
346.8100000000
346.6700000000
346.6100000000
346.7300000000
346.4300000000
346.1800000000
346.4500000000
346.5300000000
346.4400000000
346.5400000000
346.4200000000
346.2300000000
346.5300000000
346.7500000000
346.5700000000
346.7300000000
347.0400000000
346.7600000000
346.6500000000
346.8900000000
346.6700000000
346.5300000000
346.6500000000
346.5700000000
346.9100000000
347.2400000000
347.0300000000
347.0100000000
347.1000000000
347.1600000000
347.3800000000
347.3200000000
347.1400000000
347.2500000000
347.3100000000
347.1900000000
347.1400000000
347.2400000000
347.3800000000
347.3600000000
347.2900000000
347.3900000000
347.3400000000
347.2400000000
347.5800000000
347.6500000000
347.3900000000
347.5000000000
347.2500000000
347.0100000000
347.4500000000
347.2600000000
346.7200000000
346.8200000000
346.6500000000
346.3300000000
346.5600000000
346.6100000000
346.3400000000
346.2700000000
346.2900000000
346.2900000000
346.1700000000
345.9700000000
346.0900000000
346.2900000000
346.0600000000
345.9200000000
345.9800000000
345.7600000000
345.6500000000
345.7800000000
345.7100000000
345.6400000000
345.7100000000
345.9100000000
346.0800000000
345.9000000000
345.7800000000
345.9200000000
345.9100000000
345.7700000000
345.6800000000
345.6500000000
345.6000000000
345.5200000000
345.8300000000
346.1500000000
345.9000000000
345.7600000000
345.9500000000
345.9100000000
345.8500000000
345.9800000000
345.9400000000
345.6800000000
345.7500000000
346.1000000000
346.0000000000
345.7400000000
345.7000000000
345.6300000000
345.7200000000
345.9900000000
346.1400000000
345.9500000000
345.5900000000
345.7600000000
346.1400000000
345.9200000000
345.7400000000
345.9100000000
345.8100000000
345.7500000000
345.7800000000
345.7600000000
346.0600000000
346.1800000000
346.0200000000
346.1000000000
345.9800000000
345.8200000000
345.9000000000
345.7600000000
345.6300000000
345.6900000000
345.9200000000
346.2500000000
346.2800000000
346.2900000000
346.4600000000
346.1900000000
346.0000000000
346.2200000000
345.9600000000
345.6800000000
345.9700000000
346.0700000000
346.0900000000
346.2500000000
346.2600000000
346.4900000000
346.5400000000
346.3400000000
346.6400000000
346.8000000000
346.6100000000
346.5800000000
346.5200000000
346.5100000000
346.5900000000
346.5100000000
346.5500000000
346.6700000000
346.6400000000
346.5500000000
346.5900000000
346.7500000000
346.6600000000
346.4600000000
346.6500000000
346.7800000000
346.6500000000
346.7200000000
346.7000000000
346.5100000000
346.7300000000
346.8600000000
346.6600000000
346.7600000000
346.9300000000
346.8700000000
346.8700000000
346.8700000000
346.8700000000
346.9800000000
347.0700000000
347.1700000000
347.2600000000
347.3100000000
347.4200000000
347.4400000000
347.3100000000
347.3600000000
347.4800000000
347.4200000000
347.3700000000
347.2800000000
347.1800000000
347.1800000000
347.1800000000
347.2600000000
347.4300000000
347.5100000000
347.5500000000
347.6800000000
347.8600000000
347.9900000000
348.0200000000
348.1800000000
348.4100000000
348.4900000000
348.5900000000
348.6900000000
348.7200000000
348.7600000000
348.7400000000
348.6800000000
348.8200000000
349.0400000000
349.1200000000
349.1800000000
349.3500000000
349.4200000000
349.3800000000
349.4600000000
349.5400000000
349.5200000000
349.6100000000
349.6900000000
349.6100000000
349.6100000000
349.7000000000
349.7000000000
349.7500000000
349.9200000000
350.0000000000
349.9700000000
349.9900000000
350.0500000000
350.1700000000
350.3000000000
350.3300000000
350.3800000000
350.4600000000
350.4400000000
350.3700000000
350.3900000000
350.4300000000
350.3700000000
350.3800000000
350.5100000000
350.5100000000
350.4600000000
350.5500000000
350.6200000000
350.5900000000
350.5200000000
350.6100000000
350.7300000000
350.5000000000
350.4700000000
350.6500000000
350.4200000000
350.4000000000
350.6600000000
350.5500000000
350.5800000000
350.7000000000
350.6700000000
350.8000000000
350.8100000000
350.6900000000
350.6200000000
350.5500000000
350.6200000000
350.7500000000
350.8000000000
350.8300000000
350.8800000000
350.9000000000
350.7600000000
350.6100000000
350.4700000000
350.2000000000
350.3100000000
350.6500000000
350.6000000000
350.5500000000
350.5100000000
350.2800000000
350.2300000000
350.2300000000
350.2200000000
350.3100000000
350.2300000000
350.1900000000
350.2900000000
350.1400000000
350.1800000000
350.5300000000
350.5300000000
350.4100000000
350.4700000000
350.3900000000
350.1600000000
350.0200000000
349.9100000000
349.7800000000
349.7800000000
349.8300000000
349.8700000000
349.8800000000
349.5700000000
349.2700000000
349.4700000000
349.4500000000
349.1400000000
349.2500000000
349.4100000000
349.2800000000
349.2600000000
349.2100000000
349.0400000000
349.1100000000
349.2200000000
349.0700000000
348.9600000000
349.0300000000
349.1000000000
349.0900000000
348.9400000000
348.7800000000
348.8700000000
348.9500000000
348.6300000000
348.4300000000
348.5000000000
348.4600000000
348.6100000000
348.7400000000
348.5600000000
348.6300000000
348.5300000000
348.2100000000
348.3000000000
348.4500000000
348.5800000000
348.8200000000
348.7600000000
348.7200000000
348.8800000000
348.7400000000
348.5300000000
348.6000000000
348.7100000000
348.8000000000
348.6900000000
348.4500000000
348.4300000000
348.4800000000
348.6000000000
348.6400000000
348.5200000000
348.7400000000
348.8800000000
348.6300000000
348.6200000000
348.7300000000
348.7300000000
348.7800000000
348.6800000000
348.5800000000
348.6400000000
348.5300000000
348.4500000000
348.5500000000
348.4800000000
348.2900000000
348.2800000000
348.5000000000
348.6000000000
348.3400000000
348.2600000000
348.5100000000
348.4200000000
348.0800000000
348.0800000000
348.2400000000
348.1900000000
348.1200000000
348.2100000000
348.2100000000
347.9300000000
347.7300000000
347.7200000000
347.6700000000
347.6300000000
347.6600000000
347.6300000000
347.4900000000
347.3300000000
347.2900000000
347.2800000000
347.2400000000
347.2600000000
347.2500000000
347.2500000000
347.2700000000
347.1300000000
347.1200000000
347.2300000000
347.1300000000
346.9800000000
346.8500000000
346.8700000000
347.0400000000
346.8700000000
346.7000000000
346.8700000000
346.8100000000
346.7200000000
346.7900000000
346.7000000000
346.7500000000
346.8000000000
346.6100000000
346.7100000000
346.8300000000
346.6500000000
346.7300000000
346.9000000000
346.6700000000
346.4100000000
346.5000000000
346.6700000000
346.6500000000
346.7100000000
346.8400000000
346.7700000000
346.8000000000
347.0200000000
347.0700000000
347.0600000000
347.2000000000
347.3400000000
347.4100000000
347.5100000000
347.6400000000
347.7600000000
347.8000000000
347.8000000000
347.8300000000
347.8500000000
347.8700000000
347.9000000000
347.8900000000
347.8900000000
347.8900000000
347.9100000000
347.9900000000
347.9700000000
347.9300000000
347.9400000000
347.9200000000
347.8900000000
347.8800000000
347.8400000000
347.8600000000
347.9100000000
347.8900000000
347.7800000000
347.6600000000
347.6500000000
347.6800000000
347.6400000000
347.6800000000
347.7400000000
347.6400000000
347.5900000000
347.6800000000
347.6300000000
347.5700000000
347.6200000000
347.5700000000
347.5900000000
347.6300000000
347.3600000000
347.1200000000
347.1400000000
347.1400000000
347.2100000000
347.2700000000
347.1300000000
347.0600000000
347.1000000000
347.0500000000
347.0300000000
347.0400000000
347.0400000000
347.0300000000
346.8600000000
346.7500000000
346.9800000000
347.1400000000
346.9900000000
346.8600000000
346.7700000000
346.6500000000
346.6800000000
346.7300000000
346.5000000000
346.3200000000
346.3400000000
346.1200000000
345.9100000000
345.9800000000
346.0000000000
345.9600000000
345.9800000000
345.9900000000
346.0500000000
346.1500000000
346.2700000000
346.2800000000
346.0500000000
345.9300000000
346.0200000000
346.1300000000
346.2400000000
346.3500000000
346.3800000000
346.4000000000
346.4900000000
346.5400000000
346.4500000000
346.5500000000
346.7500000000
346.5700000000
346.4800000000
346.7900000000
346.9100000000
346.9100000000
346.9600000000
346.9100000000
347.0000000000
347.1200000000
347.1200000000
347.2400000000
347.2900000000
347.2700000000
347.3500000000
347.3400000000
347.2700000000
347.2800000000
347.3500000000
347.3600000000
347.2500000000
347.2200000000
347.2900000000
347.2900000000
347.3000000000
347.3700000000
347.4500000000
347.4400000000
347.2600000000
347.1900000000
347.2700000000
347.3000000000
347.3700000000
347.4200000000
347.4000000000
347.4200000000
347.3500000000
347.3200000000
347.4800000000
347.5500000000
347.4100000000
347.2700000000
347.3100000000
347.3700000000
347.3800000000
347.3400000000
347.2900000000
347.4400000000
347.3400000000
347.0500000000
347.3200000000
347.5700000000
347.4300000000
347.3400000000
347.2100000000
347.3000000000
347.6400000000
347.7700000000
347.6900000000
347.4900000000
347.3900000000
347.4200000000
347.4100000000
347.4500000000
347.3600000000
347.3100000000
347.5700000000
347.6100000000
347.3900000000
347.2700000000
347.3100000000
347.4400000000
347.4900000000
347.5600000000
347.5500000000
347.2700000000
347.2700000000
347.4500000000
347.3100000000
347.2800000000
347.3600000000
347.3100000000
347.2500000000
347.2700000000
347.5800000000
347.8000000000
347.6700000000
347.7100000000
347.4600000000
347.1400000000
347.5500000000
347.5200000000
347.0300000000
347.2300000000
347.3600000000
347.2500000000
347.3200000000
347.2500000000
347.2100000000
347.1500000000
346.9400000000
346.9400000000
346.9400000000
346.8600000000
346.8900000000
346.7900000000
346.7800000000
346.7900000000
346.6600000000
346.8700000000
347.1000000000
347.0300000000
346.9500000000
346.5800000000
346.1600000000
346.2600000000
346.5800000000
346.6200000000
346.5000000000
346.5300000000
346.4800000000
346.3800000000
346.4800000000
346.2800000000
345.9300000000
346.1300000000
346.3700000000
346.2500000000
346.0300000000
345.7500000000
345.7600000000
345.9600000000
345.7500000000
345.4800000000
345.6800000000
345.7100000000
345.4400000000
345.5200000000
345.6000000000
345.4300000000
345.5000000000
345.4500000000
345.2600000000
345.2800000000
345.2300000000
345.1600000000
345.0600000000
344.8000000000
344.7600000000
344.6700000000
344.4600000000
344.5700000000
344.6800000000
344.5800000000
344.6400000000
344.6300000000
344.4800000000
344.5400000000
344.5400000000
344.4100000000
344.4500000000
344.4500000000
344.4600000000
344.5200000000
344.3000000000
344.0600000000
344.0000000000
344.0400000000
344.1100000000
343.8800000000
343.6800000000
343.7700000000
343.6900000000
343.5900000000
343.5700000000
343.4300000000
343.3600000000
343.4100000000
343.4300000000
343.3500000000
343.2700000000
343.2400000000
343.1500000000
343.2000000000
343.2400000000
343.1200000000
343.1700000000
343.2100000000
343.0800000000
343.0900000000
343.1100000000
343.1500000000
343.3300000000
343.3800000000
343.2000000000
343.1400000000
343.3900000000
343.6100000000
343.6600000000
343.7000000000
343.8500000000
344.1000000000
344.2600000000
344.4800000000
344.7700000000
344.8400000000
344.8900000000
344.9500000000
344.9100000000
345.2100000000
345.6200000000
345.7900000000
345.9700000000
346.1400000000
346.2600000000
346.4800000000
346.7800000000
347.1000000000
347.2100000000
347.1600000000
347.3600000000
347.6300000000
347.7900000000
348.0100000000
348.0200000000
347.9000000000
348.0100000000
348.1400000000
348.2200000000
348.3400000000
348.4700000000
348.5900000000
348.5000000000
348.3800000000
348.5700000000
348.5700000000
348.4200000000
348.6600000000
348.7800000000
348.6300000000
348.8400000000
349.1600000000
349.1900000000
349.1500000000
349.2100000000
349.2200000000
349.1400000000
349.0600000000
349.0500000000
349.1600000000
349.1100000000
349.0200000000
349.2900000000
349.2200000000
348.8200000000
349.0800000000
349.4000000000
349.2200000000
349.2300000000
349.3500000000
349.2000000000
349.0500000000
349.1900000000
349.3700000000
349.2100000000
349.1000000000
349.4700000000
349.7400000000
349.6300000000
349.6200000000
349.5100000000
349.3200000000
349.3700000000
349.1200000000
348.8800000000
349.1300000000
349.2700000000
349.2100000000
349.2700000000
349.3000000000
349.2700000000
349.4100000000
349.7000000000
349.5900000000
349.4100000000
349.5200000000
349.5100000000
349.7800000000
349.8700000000
349.1700000000
349.1700000000
349.8700000000
349.8500000000
349.6800000000
349.8200000000
349.7400000000
349.6100000000
349.5700000000
349.4900000000
349.4700000000
349.4000000000
349.1700000000
349.2500000000
349.5000000000
349.3000000000
349.0900000000
349.1700000000
349.1700000000
349.2100000000
348.9900000000
348.6000000000
348.8000000000
349.0400000000
348.7700000000
348.7100000000
348.7400000000
348.3700000000
348.1200000000
348.2700000000
348.3700000000
348.3200000000
348.2800000000
348.3700000000
348.3600000000
347.9300000000
347.6600000000
347.7800000000
347.7600000000
347.6700000000
347.6500000000
347.5000000000
347.5000000000
347.5600000000
347.2300000000
347.0500000000
347.4200000000
347.6200000000
347.4300000000
347.5200000000
347.6900000000
347.2700000000
346.8700000000
347.1600000000
347.3500000000
347.0200000000
346.8400000000
347.0500000000
346.9200000000
346.3700000000
346.4500000000
346.8900000000
346.8000000000
346.7800000000
346.8000000000
346.2600000000
345.9600000000
346.2200000000
346.3700000000
346.5100000000
346.6500000000
346.3800000000
346.1800000000
346.3200000000
346.3800000000
346.3300000000
346.2200000000
346.4100000000
346.7700000000
346.3700000000
345.9400000000
346.2100000000
346.0400000000
345.7400000000
346.0600000000
345.8900000000
345.3400000000
345.4900000000
345.9400000000
346.1300000000
345.8600000000
345.2100000000
345.0700000000
345.5300000000
345.5800000000
345.4800000000
345.6200000000
345.5200000000
345.3700000000
345.4000000000
345.4100000000
345.5200000000
345.5200000000
345.4500000000
345.5500000000
345.4200000000
345.2000000000
345.2400000000
345.2000000000
345.1800000000
345.2300000000
344.8500000000
344.5200000000
344.8100000000
345.0000000000
344.8800000000
344.9700000000
344.9600000000
344.6300000000
344.5600000000
344.6200000000
344.5300000000
344.6100000000
344.7300000000
344.6600000000
344.6000000000
344.5900000000
344.5400000000
344.5200000000
344.4900000000
344.4500000000
344.4200000000
344.3100000000
344.2300000000
344.3000000000
344.1900000000
344.0800000000
344.2400000000
344.1400000000
343.8000000000
343.7800000000
343.8900000000
343.8200000000
343.7400000000
343.8400000000
343.8500000000
343.8300000000
343.9300000000
343.7700000000
343.5600000000
343.5700000000
343.5200000000
343.5200000000
343.5200000000
343.3700000000
343.4100000000
343.5400000000
343.5000000000
343.4600000000
343.3900000000
343.3200000000
343.4400000000
343.6200000000
343.6800000000
343.6500000000
343.6200000000
343.5700000000
343.5100000000
343.6900000000
343.9100000000
343.9900000000
344.2100000000
344.2800000000
343.9400000000
343.7500000000
343.8100000000
343.6900000000
343.6300000000
343.7400000000
343.8300000000
344.0500000000
344.1100000000
343.8800000000
344.0000000000
344.2100000000
344.2900000000
344.5500000000
344.4500000000
344.2000000000
344.2600000000
344.1500000000
344.3600000000
344.9100000000
344.9200000000
344.6900000000
344.6000000000
344.7700000000
345.1500000000
345.1400000000
345.0900000000
345.2500000000
345.3800000000
345.7200000000
345.8100000000
345.5600000000
345.7600000000
345.8300000000
345.4400000000
345.6900000000
346.3300000000
346.1700000000
345.9300000000
346.3900000000
346.6800000000
346.6300000000
346.6800000000
346.7400000000
346.8000000000
346.8800000000
346.8500000000
346.8500000000
347.2300000000
347.5300000000
347.2100000000
347.0600000000
347.2700000000
347.3300000000
347.5700000000
347.8500000000
347.6800000000
347.5700000000
347.5900000000
347.4400000000
347.3500000000
347.3400000000
347.2800000000
347.3200000000
347.3800000000
347.3100000000
347.3100000000
347.3100000000
347.2200000000
347.2300000000
347.2400000000
347.2300000000
347.4400000000
347.5900000000
347.5900000000
347.6400000000
347.6600000000
347.6900000000
347.7200000000
347.7200000000
347.7200000000
347.4200000000
347.2600000000
347.4300000000
347.3500000000
347.2300000000
347.2600000000
347.1700000000
347.2200000000
347.2300000000
347.1200000000
347.3800000000
347.6300000000
347.5400000000
347.5600000000
347.6600000000
347.5900000000
347.5200000000
347.5500000000
347.5800000000
347.5200000000
347.4600000000
347.4400000000
347.3700000000
347.3400000000
347.5100000000
347.6400000000
347.5600000000
347.5600000000
347.6500000000
347.7100000000
347.7800000000
347.7300000000
347.7200000000
347.8400000000
347.8200000000
347.7300000000
347.8100000000
347.8700000000
347.8100000000
347.7800000000
347.8100000000
347.8600000000
347.8200000000
347.7600000000
347.8300000000
347.8600000000
347.7400000000
347.7400000000
347.8300000000
347.7500000000
347.6800000000
347.7500000000
347.7100000000
347.6200000000
347.6400000000
347.6100000000
347.6000000000
347.8300000000
347.9400000000
347.8600000000
347.9200000000
348.0000000000
348.0200000000
348.0300000000
347.9700000000
347.9500000000
348.0200000000
348.1300000000
348.1700000000
348.1500000000
348.3100000000
348.4800000000
348.4900000000
348.4200000000
348.3200000000
348.5200000000
348.8100000000
348.7200000000
348.7100000000
348.8900000000
348.7200000000
348.5000000000
348.6400000000
348.8800000000
348.9500000000
348.9000000000
348.9200000000
349.0400000000
349.1500000000
349.2200000000
349.3000000000
349.3200000000
349.2400000000
349.4600000000
349.6400000000
349.2300000000
349.1100000000
349.3500000000
348.9800000000
348.8300000000
349.3700000000
349.5200000000
349.2000000000
349.1200000000
349.6300000000
349.9600000000
349.5400000000
349.6300000000
350.0400000000
349.8000000000
349.9500000000
350.2500000000
349.8700000000
349.8800000000
350.1300000000
349.8700000000
349.8000000000
350.1300000000
350.2000000000
350.1300000000
350.2600000000
350.3900000000
350.3700000000
350.3800000000
350.3800000000
350.3700000000
350.4700000000
350.5400000000
350.4100000000
350.4000000000
350.4800000000
350.4000000000
350.5400000000
350.8100000000
350.6400000000
350.3600000000
350.4300000000
350.5200000000
350.4500000000
350.4900000000
350.5600000000
350.5400000000
350.5900000000
350.7300000000
350.7800000000
350.7600000000
350.8000000000
350.9400000000
351.1600000000
351.2600000000
351.1800000000
351.2500000000
351.4500000000
351.4900000000
351.4700000000
351.6100000000
351.8200000000
351.8200000000
351.7000000000
351.9500000000
352.2100000000
351.9700000000
351.8300000000
352.0300000000
352.1700000000
352.2600000000
352.4700000000
352.7300000000
352.8700000000
352.9100000000
352.9100000000
352.9000000000
352.9900000000
353.1300000000
353.2400000000
353.3200000000
353.1300000000
352.8400000000
352.9400000000
353.1500000000
353.1000000000
353.3000000000
353.7100000000
353.4700000000
353.0100000000
353.1900000000
353.3700000000
353.2400000000
353.3900000000
353.4400000000
353.2300000000
353.2900000000
353.3000000000
353.0900000000
353.1300000000
353.2700000000
353.1700000000
353.1000000000
353.1800000000
353.1800000000
353.0900000000
352.9900000000
352.7100000000
352.5500000000
352.6400000000
352.5500000000
352.4700000000
352.5500000000
352.4800000000
352.6400000000
352.6200000000
352.1400000000
352.3500000000
352.6900000000
352.2800000000
352.0800000000
352.0900000000
351.8400000000
351.6600000000
351.6200000000
351.7500000000
351.7000000000
351.3900000000
351.3700000000
351.3700000000
351.2100000000
351.2800000000
351.3100000000
351.2700000000
351.3200000000
351.2900000000
351.2700000000
351.3000000000
351.2100000000
351.1200000000
351.0900000000
351.0200000000
350.9100000000
350.8200000000
350.8500000000
350.9000000000
350.9000000000
350.8600000000
350.8400000000
350.8500000000
350.7300000000
350.5900000000
350.6300000000
350.5800000000
350.5300000000
350.6300000000
350.3700000000
350.0900000000
350.2700000000
350.3100000000
350.1700000000
350.2400000000
350.2000000000
350.0800000000
350.0700000000
350.0200000000
349.9900000000
350.0200000000
349.9400000000
349.8500000000
349.7700000000
349.6700000000
349.6800000000
349.6900000000
349.5700000000
349.4900000000
349.3400000000
349.1700000000
349.2200000000
349.1900000000
349.0100000000
348.8800000000
348.7100000000
348.6400000000
348.7100000000
348.6500000000
348.6300000000
348.6300000000
348.4900000000
348.3900000000
348.2800000000
348.1000000000
348.0200000000
347.9900000000
347.9000000000
347.6900000000
347.5400000000
347.5200000000
347.3500000000
347.1400000000
347.3900000000
347.6200000000
347.4200000000
347.4100000000
347.3000000000
346.9200000000
347.0400000000
347.1600000000
346.9900000000
346.9800000000
346.6800000000
346.2900000000
346.3800000000
346.4900000000
346.5200000000
346.5500000000
346.4700000000
346.5000000000
346.4200000000
346.2400000000
346.2400000000
345.8500000000
345.2900000000
345.4700000000
345.6300000000
345.3900000000
345.4500000000
345.4200000000
345.1900000000
345.1800000000
345.0600000000
345.1100000000
345.2600000000
344.9100000000
344.6800000000
344.7000000000
344.5500000000
344.4500000000
344.3900000000
344.3100000000
344.3500000000
344.3300000000
344.2600000000
344.0900000000
344.0100000000
344.3000000000
344.3500000000
344.2000000000
344.3200000000
344.1000000000
343.7600000000
344.0000000000
344.2300000000
344.0500000000
343.8900000000
344.1100000000
344.4300000000
344.2400000000
343.9600000000
344.1400000000
344.3000000000
344.2800000000
344.3000000000
344.3000000000
344.2700000000
344.3200000000
344.3500000000
344.3200000000
344.3500000000
344.3300000000
344.3100000000
344.5900000000
344.8700000000
344.8100000000
344.7800000000
344.8300000000
344.5600000000
344.3400000000
344.6000000000
344.7700000000
344.7200000000
344.7800000000
344.8200000000
344.7800000000
344.8000000000
344.7900000000
344.8000000000
344.8000000000
344.7400000000
344.6600000000
344.4800000000
344.3700000000
344.4400000000
344.3900000000
344.3400000000
344.4100000000
344.3000000000
344.1300000000
344.2100000000
344.1900000000
344.0900000000
344.2200000000
344.2300000000
344.2500000000
344.5300000000
344.4300000000
344.1400000000
344.2000000000
344.2400000000
344.3000000000
344.4000000000
344.3300000000
344.3100000000
344.3700000000
344.4900000000
344.7500000000
344.8300000000
344.8100000000
344.8900000000
344.9100000000
344.9800000000
344.9400000000
344.9600000000
345.4400000000
345.4400000000
345.0800000000
345.3400000000
345.3600000000
345.1600000000
345.3400000000
345.3400000000
345.3000000000
345.3800000000
345.4400000000
345.5400000000
345.4100000000
345.3800000000
345.4600000000
345.1300000000
345.1000000000
345.3200000000
345.0700000000
345.0200000000
345.2500000000
345.0800000000
344.9600000000
345.2500000000
345.4800000000
345.4100000000
345.2800000000
345.2000000000
345.1000000000
345.0000000000
345.0500000000
345.0000000000
344.8000000000
344.9800000000
345.2600000000
344.9200000000
344.7100000000
345.1000000000
345.2600000000
345.1200000000
345.1100000000
344.9400000000
344.7600000000
344.8100000000
344.7300000000
344.5700000000
344.5200000000
344.3700000000
344.2800000000
344.3400000000
344.2500000000
344.2400000000
344.3900000000
344.2200000000
344.0400000000
344.1800000000
344.2600000000
344.2300000000
344.2800000000
344.3100000000
344.2700000000
344.3200000000
344.4400000000
344.3400000000
344.2300000000
344.4000000000
344.5000000000
344.3800000000
344.2900000000
344.2900000000
344.3300000000
344.3200000000
344.2300000000
344.2400000000
344.3200000000
344.2300000000
344.2200000000
344.3200000000
344.2300000000
344.2300000000
344.2600000000
344.0900000000
344.0600000000
