0.8035000000
0.8759000000
0.9836600000
1.2220000000
1.6718000000
2.1257000000
1.6751000000
0.5301500000
-0.1570600000
-0.4851700000
-0.7543400000
-1.0974000000
-1.5354000000
-1.9396000000
-2.0338000000
-1.6757000000
-1.0745000000
-0.4838900000
0.0074531000
0.3791000000
0.6130800000
0.7225100000
0.7727400000
0.8481600000
1.0271000000
1.3857000000
1.8829000000
1.9413000000
1.0767000000
0.2080600000
-0.2625400000
-0.5727000000
-0.8929800000
-1.2816000000
-1.7071000000
-2.0381000000
-2.0614000000
-1.6389000000
-0.9196600000
-0.2182700000
0.2688900000
0.5135100000
0.5893300000
0.6026000000
0.6336700000
0.7306600000
0.9381100000
1.3034000000
1.7776000000
1.9842000000
1.5281000000
0.8080600000
0.2733400000
-0.0860460000
-0.3811200000
-0.6805700000
-1.0150000000
-1.4026000000
-1.8994000000
-2.5908000000
-3.0297000000
-1.7344000000
-0.1421900000
0.3402800000
0.4084400000
0.4277400000
0.4736700000
0.5667500000
0.7268900000
0.9795800000
1.3536000000
1.8765000000
2.5362000000
3.0541000000
2.5947000000
1.1543000000
0.0712340000
-0.3650300000
-0.4688700000
-0.4651500000
-0.4565700000
-0.4789700000
-0.5480900000
-0.6832300000
-0.9136100000
-1.2723000000
-1.7720000000
-2.3371000000
-2.6555000000
-2.2368000000
-1.2089000000
-0.2854100000
0.2568300000
0.4959400000
0.5579300000
0.5543400000
0.5606000000
0.6158300000
0.7497600000
1.0028000000
1.4089000000
1.8853000000
2.0768000000
1.6810000000
1.0130000000
0.4535500000
0.0381570000
-0.3030500000
-0.6020200000
-0.8481800000
-1.0392000000
-1.2326000000
-1.5504000000
-2.1091000000
-2.5048000000
-1.4610000000
-0.1305600000
0.3523000000
0.5108700000
0.6492800000
0.8648600000
1.2089000000
1.6853000000
2.1529000000
2.2620000000
1.7922000000
1.0405000000
0.3695800000
-0.1276400000
-0.4612300000
-0.6438800000
-0.7136300000
-0.7443300000
-0.8129700000
-0.9868200000
-1.3339000000
-1.8235000000
-1.9510000000
-1.2002000000
-0.3367300000
0.1657900000
0.4900700000
0.8022000000
1.1689000000
1.5931000000
2.0130000000
2.2465000000
1.9889000000
1.1863000000
0.3085700000
-0.2503900000
-0.4812800000
-0.5313100000
-0.5331400000
-0.5580900000
-0.6400200000
-0.8107100000
-1.1121000000
-1.5602000000
-2.0155000000
-2.0952000000
-1.6136000000
-0.9412500000
-0.3855600000
0.0404260000
0.3854200000
0.6565500000
0.8410800000
0.9632200000
1.1026000000
1.3729000000
1.8722000000
2.2998000000
1.5553000000
0.2955500000
-0.2904000000
-0.5318500000
-0.7423700000
-1.0429000000
-1.4725000000
-1.9384000000
-2.1346000000
-1.8053000000
-1.1625000000
-0.5460700000
-0.0539200000
0.3272000000
0.5961800000
0.7486400000
0.8237500000
0.9012300000
1.0704000000
1.4218000000
1.9378000000
2.0074000000
1.0404000000
0.1154800000
-0.3370400000
-0.6218900000
-0.9326300000
-1.3345000000
-1.7721000000
-2.0365000000
-1.8955000000
-1.3847000000
-0.7596500000
-0.1969000000
0.2417000000
0.5282000000
0.6669600000
0.7170300000
0.7632400000
0.8797200000
1.1358000000
1.5781000000
1.9842000000
1.6520000000
0.7257700000
0.0535210000
-0.3310600000
-0.6357400000
-0.9700200000
-1.3670000000
-1.8056000000
-2.1805000000
-2.2281000000
-1.6680000000
-0.7310600000
0.0228950000
0.3999300000
0.5143400000
0.5250100000
0.5329000000
0.5832400000
0.7041500000
0.9320100000
1.3053000000
1.7926000000
2.1461000000
1.9847000000
1.3655000000
0.7102000000
0.1953100000
-0.2050600000
-0.5176000000
-0.7340400000
-0.8600100000
-0.9527400000
-1.1060000000
-1.4276000000
-1.9581000000
-2.1661000000
-1.1819000000
-0.1215200000
0.3487000000
0.5969600000
0.8599400000
1.2294000000
1.6917000000
2.0498000000
1.9862000000
1.4782000000
0.8473800000
0.3007900000
-0.1367600000
-0.4671500000
-0.6769200000
-0.7807600000
-0.8444300000
-0.9551400000
-1.2021000000
-1.6543000000
-2.0812000000
-1.6269000000
-0.5433900000
0.1276900000
0.4703000000
0.7572600000
1.1112000000
1.5437000000
1.9307000000
2.0300000000
1.7040000000
1.1084000000
0.4870100000
-0.0328610000
-0.4016800000
-0.6052300000
-0.6824600000
-0.7154900000
-0.7840100000
-0.9532700000
-1.2886000000
-1.7719000000
-1.9610000000
-1.3100000000
-0.4520500000
0.0780270000
0.4135900000
0.7182800000
1.0665000000
1.4823000000
1.9491000000
2.3409000000
2.2862000000
1.4726000000
0.4239600000
-0.2202500000
-0.4548000000
-0.4948600000
-0.4930900000
-0.5154100000
-0.5885500000
-0.7376500000
-0.9985400000
-1.4028000000
-1.9125000000
-2.3003000000
-2.1862000000
-1.5307000000
-0.7540200000
-0.1342100000
0.2962300000
0.5558600000
0.6721800000
0.7068900000
0.7395900000
0.8378600000
1.0643000000
1.4737000000
1.9290000000
1.7969000000
0.9402000000
0.2011500000
-0.2262900000
-0.5358400000
-0.8530800000
-1.2280000000
-1.6692000000
-2.1283000000
-2.3913000000
-2.0288000000
-1.0258000000
-0.1077100000
0.3504300000
0.4848200000
0.4963200000
0.4994600000
0.5392500000
0.6391600000
0.8286800000
1.1461000000
1.6059000000
2.1034000000
2.3145000000
1.9366000000
1.1840000000
0.4707600000
-0.0618460000
-0.4204700000
-0.6215700000
-0.7005300000
-0.7286200000
-0.7833400000
-0.9303700000
-1.2367000000
-1.7137000000
-1.9916000000
-1.4219000000
-0.5177200000
0.0559730000
0.4033500000
0.7085000000
1.0560000000
1.4673000000
1.9128000000
2.2612000000
2.1964000000
1.4778000000
0.5068100000
-0.1610600000
-0.4468500000
-0.5138100000
-0.5150900000
-0.5314800000
-0.5974500000
-0.7403500000
-0.9981100000
-1.4031000000
-1.8982000000
-2.2029000000
-1.9651000000
-1.3077000000
-0.6412800000
-0.1186700000
0.2790500000
0.5658900000
0.7378100000
0.8226500000
0.8931200000
1.0381000000
1.3507000000
1.8591000000
2.0890000000
1.2464000000
0.2270800000
-0.2863800000
-0.5770700000
-0.8718200000
-1.2567000000
-1.7021000000
-2.0189000000
-1.9490000000
-1.4773000000
-0.8576400000
-0.2872500000
0.1699200000
0.4872900000
0.6573700000
0.7236400000
0.7679100000
0.8692900000
1.1002000000
1.5202000000
1.9696000000
1.7481000000
0.8111200000
0.0831520000
-0.3207500000
-0.6261900000
-0.9589800000
-1.3555000000
-1.7837000000
-2.1238000000
-2.1386000000
-1.6253000000
-0.7804500000
-0.0478400000
0.3698200000
0.5253500000
0.5519000000
0.5583600000
0.6024100000
0.7177800000
0.9437600000
1.3208000000
1.8011000000
2.0725000000
1.7639000000
1.1028000000
0.5206300000
0.0940370000
-0.2497100000
-0.5555500000
-0.8203200000
-1.0347000000
-1.2414000000
-1.5557000000
-2.1083000000
-2.5736000000
-1.6097000000
-0.1875100000
0.3367300000
0.4889700000
0.6065200000
0.7894600000
1.0892000000
1.5305000000
2.0415000000
2.3430000000
2.0808000000
1.3467000000
0.5816300000
0.0010972000
-0.3834300000
-0.5944500000
-0.6737500000
-0.6955400000
-0.7368500000
-0.8583300000
-1.1205000000
-1.5616000000
-1.9631000000
-1.6799000000
-0.8182300000
-0.1519600000
0.2431300000
0.5464100000
0.8636100000
1.2416000000
1.6998000000
2.2072000000
2.5292000000
2.1040000000
0.9387700000
0.0009141100
-0.3854300000
-0.4696300000
-0.4695300000
-0.4786800000
-0.5281100000
-0.6375000000
-0.8346600000
-1.1549000000
-1.6175000000
-2.1581000000
-2.5080000000
-2.2436000000
-1.3891000000
-0.5024000000
0.1079900000
0.4444900000
0.5804900000
0.6056500000
0.6081000000
0.6477500000
0.7643700000
1.0030000000
1.4039000000
1.8662000000
1.9452000000
1.3797000000
0.6821100000
0.1932400000
-0.1453100000
-0.4378200000
-0.7426400000
-1.0835000000
-1.4805000000
-2.0034000000
-2.7178000000
-2.9442000000
-1.3654000000
0.0156950000
0.3664400000
0.4127700000
0.4362300000
0.4920100000
0.5994000000
0.7799200000
1.0604000000
1.4701000000
2.0327000000
2.6993000000
3.0517000000
2.2581000000
0.8125200000
-0.0845160000
-0.4109200000
-0.4746300000
-0.4640200000
-0.4608700000
-0.4932000000
-0.5765700000
-0.7329000000
-0.9938800000
-1.3907000000
-1.9202000000
-2.4546000000
-2.6011000000
-1.9656000000
-0.9249700000
-0.1114900000
0.3402100000
0.5270900000
0.5665200000
0.5611800000
0.5773100000
0.6505300000
0.8135900000
1.1104000000
1.5571000000
1.9886000000
1.9796000000
1.4203000000
0.7684200000
0.2777500000
-0.0918410000
-0.4110700000
-0.7010000000
-0.9490400000
-1.1649000000
-1.4289000000
-1.8837000000
-2.5150000000
-2.2571000000
-0.6714200000
0.2056000000
0.4353900000
0.5361900000
0.6689900000
0.8920100000
1.2464000000
1.7347000000
2.2279000000
2.3803000000
1.9066000000
1.0776000000
0.3347800000
-0.1817000000
-0.4873900000
-0.6234200000
-0.6576300000
-0.6724300000
-0.7328900000
-0.8901400000
-1.2007000000
-1.6683000000
-1.9727000000
-1.5488000000
-0.7341800000
-0.1465300000
0.2198600000
0.5147400000
0.8254000000
1.2004000000
1.6771000000
2.2691000000
2.7800000000
2.3884000000
0.9336600000
-0.0833800000
-0.3938500000
-0.4343600000
-0.4327900000
-0.4537800000
-0.5159800000
-0.6360800000
-0.8384000000
-1.1530000000
-1.6074000000
-2.2002000000
-2.7802000000
-2.7827000000
-1.7456000000
-0.5146000000
0.1853600000
0.4494300000
0.5020000000
0.4913900000
0.4918000000
0.5327700000
0.6337000000
0.8226700000
1.1368000000
1.5937000000
2.1085000000
2.3831000000
2.0642000000
1.2857000000
0.5092100000
-0.0604850000
-0.4212100000
-0.6045000000
-0.6640800000
-0.6795600000
-0.7239800000
-0.8527100000
-1.1233000000
-1.5677000000
-1.9592000000
-1.6822000000
-0.8531500000
-0.1994700000
0.1961300000
0.4973800000
0.8062400000
1.1740000000
1.6337000000
2.1888000000
2.6589000000
2.3697000000
1.0793000000
0.0173530000
-0.3764000000
-0.4477700000
-0.4458900000
-0.4580100000
-0.5092800000
-0.6167100000
-0.8048900000
-1.1057000000
-1.5462000000
-2.1137000000
-2.6430000000
-2.6426000000
-1.7580000000
-0.6351900000
0.0949150000
0.4293600000
0.5289300000
0.5310800000
0.5261700000
0.5583800000
0.6527500000
0.8405000000
1.1625000000
1.6256000000
2.0736000000
2.1272000000
1.6272000000
0.9403900000
0.3645700000
-0.0780910000
-0.4221500000
-0.6676000000
-0.8117000000
-0.8972000000
-1.0085000000
-1.2461000000
-1.6990000000
-2.1652000000
-1.6934000000
-0.5035300000
0.1836300000
0.4955600000
0.7488600000
1.0801000000
1.5183000000
1.9413000000
2.0542000000
1.6906000000
1.0791000000
0.4934000000
0.0118530000
-0.3612100000
-0.6115600000
-0.7411400000
-0.8036400000
-0.8833300000
-1.0655000000
-1.4332000000
-1.9387000000
-1.9409000000
-0.9830200000
-0.1130900000
0.3294800000
0.6248200000
0.9471800000
1.3506000000
1.7770000000
2.0394000000
1.9232000000
1.4242000000
0.7687300000
0.1677900000
-0.2776500000
-0.5367400000
-0.6402600000
-0.6701000000
-0.7108300000
-0.8247900000
-1.0704000000
-1.4922000000
-1.9267000000
-1.7769000000
-0.9767900000
-0.2762800000
0.1471200000
0.4541700000
0.7579600000
1.1146000000
1.5589000000
2.1024000000
2.6119000000
2.4867000000
1.2872000000
0.1286000000
-0.3468600000
-0.4458800000
-0.4467700000
-0.4544800000
-0.4988300000
-0.5965100000
-0.7707700000
-1.0530000000
-1.4722000000
-2.0252000000
-2.5803000000
-2.6934000000
-1.9216000000
-0.7815000000
0.0146210000
0.3982200000
0.5240100000
0.5341300000
0.5266300000
0.5516100000
0.6352400000
0.8071200000
1.1080000000
1.5551000000
2.0231000000
2.1486000000
1.7068000000
1.0222000000
0.4308600000
-0.0237310000
-0.3795100000
-0.6412400000
-0.8018400000
-0.8949800000
-1.0009000000
-1.2203000000
-1.6508000000
-2.1537000000
-1.8122000000
-0.6058500000
0.1447500000
0.4720600000
0.7172700000
1.0322000000
1.4598000000
1.9024000000
2.0737000000
1.7596000000
1.1550000000
0.5581700000
0.0659570000
-0.3198300000
-0.5882000000
-0.7348400000
-0.8044400000
-0.8791100000
-1.0457000000
-1.3908000000
-1.9003000000
-2.0013000000
-1.0919000000
-0.1664600000
0.3049000000
0.6010500000
0.9147000000
1.3117000000
1.7445000000
2.0280000000
1.9367000000
1.4574000000
0.8162900000
0.2200600000
-0.2369300000
-0.5196400000
-0.6443900000
-0.6830300000
-0.7218600000
-0.8284800000
-1.0643000000
-1.4793000000
-1.9245000000
-1.7864000000
-0.9612000000
-0.2414000000
0.1850400000
0.4937600000
0.8038200000
1.1689000000
1.6137000000
2.1238000000
2.5190000000
2.2619000000
1.1510000000
0.1154900000
-0.3500100000
-0.4640300000
-0.4683000000
-0.4731300000
-0.5148200000
-0.6126300000
-0.7923500000
-1.0887000000
-1.5270000000
-2.0682000000
-2.4927000000
-2.3690000000
-1.5769000000
-0.6445800000
0.0261590000
0.4042500000
0.5644800000
0.5987400000
0.5987300000
0.6284200000
0.7275400000
0.9377600000
1.3048000000
1.7795000000
1.9972000000
1.5675000000
0.8586900000
0.3182100000
-0.0492350000
-0.3493700000
-0.6482000000
-0.9704600000
-1.3264000000
-1.7677000000
-2.4068000000
-3.0002000000
-2.0478000000
-0.3092900000
0.3093500000
0.4093300000
0.4365000000
0.4883100000
0.5900300000
0.7641400000
1.0385000000
1.4427000000
1.9964000000
2.6418000000
2.9786000000
2.2531000000
0.8784700000
-0.0348630000
-0.3996900000
-0.4855900000
-0.4795000000
-0.4730700000
-0.5008200000
-0.5800900000
-0.7335700000
-0.9945300000
-1.3944000000
-1.9174000000
-2.3982000000
-2.4415000000
-1.7960000000
-0.8669300000
-0.1287300000
0.3220200000
0.5400600000
0.6054700000
0.6097700000
0.6276100000
0.7055900000
0.8849600000
1.2151000000
1.6842000000
1.9906000000
1.6572000000
0.9324100000
0.3512100000
-0.0323030000
-0.3320500000
-0.6271700000
-0.9558200000
-1.3379000000
-1.8187000000
-2.4858000000
-3.0494000000
-2.0457000000
-0.3142600000
0.3077800000
0.4041300000
0.4208900000
0.4579000000
0.5379800000
0.6794600000
0.9062500000
1.2463000000
1.7287000000
2.3641000000
2.9873000000
2.8681000000
1.5408000000
0.2708600000
-0.3006600000
-0.4572700000
-0.4655200000
-0.4533400000
-0.4668500000
-0.5231000000
-0.6391000000
-0.8412100000
-1.1625000000
-1.6258000000
-2.1960000000
-2.6492000000
-2.4786000000
-1.5286000000
-0.4961300000
0.1538700000
0.4551100000
0.5451200000
0.5466500000
0.5451500000
0.5846600000
0.6928000000
0.9051500000
1.2628000000
1.7428000000
2.0969000000
1.9281000000
1.3081000000
0.6772500000
0.1955200000
-0.1830700000
-0.4998500000
-0.7499100000
-0.9244400000
