10201.0000000000
10226.0000000000
10237.0000000000
10227.0000000000
10181.0000000000
10163.0000000000
10123.0000000000
10109.0000000000
10071.0000000000
10053.0000000000
10121.0000000000
10166.0000000000
10217.0000000000
10200.0000000000
10197.0000000000
10194.0000000000
10209.0000000000
10159.0000000000
10113.0000000000
10073.0000000000
10110.0000000000
10096.0000000000
10096.0000000000
10165.0000000000
10207.0000000000
10212.0000000000
10228.0000000000
10204.0000000000
10179.0000000000
10164.0000000000
10101.0000000000
10101.0000000000
10075.0000000000
10080.0000000000
10124.0000000000
10171.0000000000
10219.0000000000
10211.0000000000
10212.0000000000
10210.0000000000
10177.0000000000
10152.0000000000
10138.0000000000
10090.0000000000
10087.0000000000
10088.0000000000
10108.0000000000
10163.0000000000
10200.0000000000
10199.0000000000
10221.0000000000
10207.0000000000
10179.0000000000
10134.0000000000
10127.0000000000
10087.0000000000
10098.0000000000
10104.0000000000
10111.0000000000
10170.0000000000
10178.0000000000
10227.0000000000
10243.0000000000
10209.0000000000
10177.0000000000
10178.0000000000
10132.0000000000
10107.0000000000
10115.0000000000
10084.0000000000
10136.0000000000
10177.0000000000
10219.0000000000
10212.0000000000
10238.0000000000
10233.0000000000
10228.0000000000
10179.0000000000
10117.0000000000
10094.0000000000
10104.0000000000
10099.0000000000
10090.0000000000
10179.0000000000
10228.0000000000
10215.0000000000
10225.0000000000
10192.0000000000
10176.0000000000
10152.0000000000
10098.0000000000
10093.0000000000
10103.0000000000
10097.0000000000
10097.0000000000
10179.0000000000
10184.0000000000
10163.0000000000
10231.0000000000
10189.0000000000
10181.0000000000
10164.0000000000
10115.0000000000
10082.0000000000
10051.0000000000
10039.0000000000
10129.0000000000
10154.0000000000
10193.0000000000
10227.0000000000
10187.0000000000
10203.0000000000
10211.0000000000
10138.0000000000
10127.0000000000
10094.0000000000
10085.0000000000
10093.0000000000
10110.0000000000
10158.0000000000
10177.0000000000
10227.0000000000
10222.0000000000
10205.0000000000
10187.0000000000
10137.0000000000
10095.0000000000
10076.0000000000
10083.0000000000
10072.0000000000
10111.0000000000
10145.0000000000
10213.0000000000
10226.0000000000
10210.0000000000
10208.0000000000
10168.0000000000
10144.0000000000
10105.0000000000
10094.0000000000
10075.0000000000
10076.0000000000
10119.0000000000
10158.0000000000
10201.0000000000
10219.0000000000
10227.0000000000
10216.0000000000
10159.0000000000
10152.0000000000
10109.0000000000
10082.0000000000
10099.0000000000
10059.0000000000
10114.0000000000
10181.0000000000
10193.0000000000
10228.0000000000
10227.0000000000
10212.0000000000
10185.0000000000
10146.0000000000
10113.0000000000
10081.0000000000
10087.0000000000
10097.0000000000
10102.0000000000
10153.0000000000
10201.0000000000
10198.0000000000
10206.0000000000
10226.0000000000
10194.0000000000
10156.0000000000
10128.0000000000
10102.0000000000
10107.0000000000
10102.0000000000
10102.0000000000
10163.0000000000
10211.0000000000
10216.0000000000
10204.0000000000
10215.0000000000
10187.0000000000
10144.0000000000
10132.0000000000
10067.0000000000
10098.0000000000
10080.0000000000
10123.0000000000
10155.0000000000
10210.0000000000
10210.0000000000
10218.0000000000
10218.0000000000
10183.0000000000
10136.0000000000
10103.0000000000
10062.0000000000
10077.0000000000
10095.0000000000
10119.0000000000
10183.0000000000
10186.0000000000
10214.0000000000
10235.0000000000
10201.0000000000
10196.0000000000
10142.0000000000
10123.0000000000
10078.0000000000
10086.0000000000
10084.0000000000
10116.0000000000
10164.0000000000
10215.0000000000
10224.0000000000
10214.0000000000
10194.0000000000
10183.0000000000
10151.0000000000
10108.0000000000
10103.0000000000
10095.0000000000
10058.0000000000
10082.0000000000
10151.0000000000
10215.0000000000
10180.0000000000
10216.0000000000
10209.0000000000
10187.0000000000
10163.0000000000
10116.0000000000
10081.0000000000
10087.0000000000
10110.0000000000
10108.0000000000
10162.0000000000
10215.0000000000
10250.0000000000
10236.0000000000
10190.0000000000
10190.0000000000
10150.0000000000
10122.0000000000
10086.0000000000
10089.0000000000
10114.0000000000
10080.0000000000
10168.0000000000
10198.0000000000
10234.0000000000
10196.0000000000
10226.0000000000
10187.0000000000
10142.0000000000
10134.0000000000
10113.0000000000
10103.0000000000
10091.0000000000
10138.0000000000
10174.0000000000
10215.0000000000
10230.0000000000
10207.0000000000
10227.0000000000
10186.0000000000
10156.0000000000
10135.0000000000
10114.0000000000
10106.0000000000
10084.0000000000
10124.0000000000
10175.0000000000
10218.0000000000
10222.0000000000
10226.0000000000
10201.0000000000
10187.0000000000
10156.0000000000
10140.0000000000
10094.0000000000
10069.0000000000
10072.0000000000
10122.0000000000
10152.0000000000
10222.0000000000
10212.0000000000
10214.0000000000
10227.0000000000
10210.0000000000
10159.0000000000
10132.0000000000
10109.0000000000
10082.0000000000
10100.0000000000
10100.0000000000
10178.0000000000
10190.0000000000
10234.0000000000
10215.0000000000
10221.0000000000
10198.0000000000
10162.0000000000
10105.0000000000
10073.0000000000
10098.0000000000
10105.0000000000
10118.0000000000
10179.0000000000
10190.0000000000
10256.0000000000
10224.0000000000
10161.0000000000
10180.0000000000
10174.0000000000
10101.0000000000
10074.0000000000
10109.0000000000
10085.0000000000
10111.0000000000
10162.0000000000
10195.0000000000
10200.0000000000
10228.0000000000
10200.0000000000
10186.0000000000
10162.0000000000
10125.0000000000
10106.0000000000
10027.0000000000
10106.0000000000
10118.0000000000
10186.0000000000
10218.0000000000
10202.0000000000
10235.0000000000
10223.0000000000
10187.0000000000
10151.0000000000
10106.0000000000
10103.0000000000
10077.0000000000
10077.0000000000
10113.0000000000
10183.0000000000
10199.0000000000
10230.0000000000
10211.0000000000
10195.0000000000
10214.0000000000
10137.0000000000
10117.0000000000
10061.0000000000
10069.0000000000
10099.0000000000
10103.0000000000
10142.0000000000
10204.0000000000
10223.0000000000
10215.0000000000
10246.0000000000
10174.0000000000
10159.0000000000
10111.0000000000
10066.0000000000
10087.0000000000
10083.0000000000
10095.0000000000
10190.0000000000
10210.0000000000
10184.0000000000
10211.0000000000
10228.0000000000
10168.0000000000
10159.0000000000
10139.0000000000
10075.0000000000
10085.0000000000
10123.0000000000
10129.0000000000
10163.0000000000
10210.0000000000
10222.0000000000
10248.0000000000
10214.0000000000
10176.0000000000
10168.0000000000
10122.0000000000
10102.0000000000
10085.0000000000
10082.0000000000
10115.0000000000
10172.0000000000
10210.0000000000
10226.0000000000
10179.0000000000
10194.0000000000
10194.0000000000
10154.0000000000
10134.0000000000
10070.0000000000
10085.0000000000
10086.0000000000
10143.0000000000
10174.0000000000
10220.0000000000
10207.0000000000
10230.0000000000
10175.0000000000
10188.0000000000
10157.0000000000
10114.0000000000
10078.0000000000
10035.0000000000
10082.0000000000
10129.0000000000
10167.0000000000
10216.0000000000
10204.0000000000
10214.0000000000
10212.0000000000
10186.0000000000
10157.0000000000
10113.0000000000
10083.0000000000
10062.0000000000
10062.0000000000
10099.0000000000
10166.0000000000
10207.0000000000
10230.0000000000
10235.0000000000
10211.0000000000
10196.0000000000
10155.0000000000
10119.0000000000
10086.0000000000
10071.0000000000
10081.0000000000
10122.0000000000
10164.0000000000
10203.0000000000
10223.0000000000
10211.0000000000
10204.0000000000
10195.0000000000
10143.0000000000
10131.0000000000
10078.0000000000
10118.0000000000
10045.0000000000
10103.0000000000
10175.0000000000
10199.0000000000
10234.0000000000
10195.0000000000
10199.0000000000
10184.0000000000
10158.0000000000
10121.0000000000
10083.0000000000
10075.0000000000
10074.0000000000
10110.0000000000
10170.0000000000
10199.0000000000
10236.0000000000
10211.0000000000
10246.0000000000
10174.0000000000
10151.0000000000
10135.0000000000
10083.0000000000
10097.0000000000
10078.0000000000
10133.0000000000
10167.0000000000
10206.0000000000
10242.0000000000
10235.0000000000
10194.0000000000
10179.0000000000
10171.0000000000
10118.0000000000
10055.0000000000
10085.0000000000
10094.0000000000
10110.0000000000
10180.0000000000
10216.0000000000
10246.0000000000
10238.0000000000
10214.0000000000
10187.0000000000
10143.0000000000
10114.0000000000
10070.0000000000
10083.0000000000
10065.0000000000
10126.0000000000
10157.0000000000
10226.0000000000
10231.0000000000
10227.0000000000
10204.0000000000
10174.0000000000
10146.0000000000
10130.0000000000
10090.0000000000
10085.0000000000
10067.0000000000
10122.0000000000
10188.0000000000
10207.0000000000
10212.0000000000
10231.0000000000
10180.0000000000
10188.0000000000
10157.0000000000
10115.0000000000
10097.0000000000
10089.0000000000
10041.0000000000
10102.0000000000
10154.0000000000
10226.0000000000
10212.0000000000
10232.0000000000
10170.0000000000
10192.0000000000
10163.0000000000
10126.0000000000
10083.0000000000
10087.0000000000
10049.0000000000
10127.0000000000
10179.0000000000
10207.0000000000
10215.0000000000
10230.0000000000
10191.0000000000
10196.0000000000
10133.0000000000
10119.0000000000
10086.0000000000
10103.0000000000
10086.0000000000
10131.0000000000
10157.0000000000
10216.0000000000
10200.0000000000
10226.0000000000
10232.0000000000
10191.0000000000
10158.0000000000
10121.0000000000
10098.0000000000
10054.0000000000
10106.0000000000
10106.0000000000
10179.0000000000
10218.0000000000
10219.0000000000
10214.0000000000
10203.0000000000
10175.0000000000
10150.0000000000
10133.0000000000
10062.0000000000
10094.0000000000
10075.0000000000
10113.0000000000
10164.0000000000
10195.0000000000
10224.0000000000
10206.0000000000
10228.0000000000
10202.0000000000
10170.0000000000
10079.0000000000
10073.0000000000
10094.0000000000
10049.0000000000
10115.0000000000
10166.0000000000
10200.0000000000
10219.0000000000
10232.0000000000
10196.0000000000
10180.0000000000
10157.0000000000
10107.0000000000
10067.0000000000
10102.0000000000
10070.0000000000
10123.0000000000
10171.0000000000
10219.0000000000
10231.0000000000
10235.0000000000
10191.0000000000
10188.0000000000
10154.0000000000
10115.0000000000
10073.0000000000
10094.0000000000
10085.0000000000
10135.0000000000
10166.0000000000
10202.0000000000
10220.0000000000
10239.0000000000
10186.0000000000
10215.0000000000
10157.0000000000
10107.0000000000
10081.0000000000
10089.0000000000
10091.0000000000
10086.0000000000
10161.0000000000
10194.0000000000
10239.0000000000
10226.0000000000
10186.0000000000
10212.0000000000
10150.0000000000
10103.0000000000
10085.0000000000
10126.0000000000
10051.0000000000
10121.0000000000
10171.0000000000
10199.0000000000
10223.0000000000
10210.0000000000
10222.0000000000
10187.0000000000
10183.0000000000
10113.0000000000
10073.0000000000
10091.0000000000
10077.0000000000
10098.0000000000
10171.0000000000
10200.0000000000
10220.0000000000
10240.0000000000
10234.0000000000
10196.0000000000
10145.0000000000
10127.0000000000
10103.0000000000
10102.0000000000
10111.0000000000
10122.0000000000
10167.0000000000
10215.0000000000
10219.0000000000
10216.0000000000
10210.0000000000
10190.0000000000
10164.0000000000
10130.0000000000
10093.0000000000
10107.0000000000
10077.0000000000
10095.0000000000
10176.0000000000
10184.0000000000
10206.0000000000
10230.0000000000
10230.0000000000
10178.0000000000
10155.0000000000
10121.0000000000
10079.0000000000
10090.0000000000
10043.0000000000
10115.0000000000
10176.0000000000
10218.0000000000
10230.0000000000
10234.0000000000
10215.0000000000
10195.0000000000
10161.0000000000
10123.0000000000
10074.0000000000
10105.0000000000
10094.0000000000
10122.0000000000
10166.0000000000
10224.0000000000
10214.0000000000
10240.0000000000
10206.0000000000
10195.0000000000
10146.0000000000
10139.0000000000
10097.0000000000
10083.0000000000
10077.0000000000
10142.0000000000
10159.0000000000
10219.0000000000
10230.0000000000
10207.0000000000
10200.0000000000
10186.0000000000
10159.0000000000
10134.0000000000
10079.0000000000
10085.0000000000
10099.0000000000
10127.0000000000
10192.0000000000
10208.0000000000
10234.0000000000
10258.0000000000
10216.0000000000
10199.0000000000
10151.0000000000
10133.0000000000
10087.0000000000
10103.0000000000
10070.0000000000
10122.0000000000
10186.0000000000
10206.0000000000
10231.0000000000
10250.0000000000
10210.0000000000
10188.0000000000
10161.0000000000
10141.0000000000
10089.0000000000
10103.0000000000
10082.0000000000
10118.0000000000
10175.0000000000
10204.0000000000
10184.0000000000
10232.0000000000
10198.0000000000
10166.0000000000
10162.0000000000
10133.0000000000
10101.0000000000
10095.0000000000
10113.0000000000
10114.0000000000
10196.0000000000
10204.0000000000
10224.0000000000
10210.0000000000
10211.0000000000
10175.0000000000
10151.0000000000
10126.0000000000
10085.0000000000
10087.0000000000
10069.0000000000
10095.0000000000
10164.0000000000
10218.0000000000
10236.0000000000
10231.0000000000
10188.0000000000
10232.0000000000
10138.0000000000
10135.0000000000
10097.0000000000
10085.0000000000
10097.0000000000
10125.0000000000
10162.0000000000
10216.0000000000
10220.0000000000
10223.0000000000
10196.0000000000
10158.0000000000
10172.0000000000
10118.0000000000
10095.0000000000
10075.0000000000
10133.0000000000
10131.0000000000
10175.0000000000
10195.0000000000
10207.0000000000
10251.0000000000
10199.0000000000
10180.0000000000
10145.0000000000
10126.0000000000
10074.0000000000
10094.0000000000
10070.0000000000
10117.0000000000
10157.0000000000
10212.0000000000
10224.0000000000
10236.0000000000
10224.0000000000
10167.0000000000
10159.0000000000
10122.0000000000
10079.0000000000
10090.0000000000
10063.0000000000
10119.0000000000
10168.0000000000
10203.0000000000
10264.0000000000
10200.0000000000
10230.0000000000
10179.0000000000
10158.0000000000
10132.0000000000
10103.0000000000
10110.0000000000
10110.0000000000
10099.0000000000
10171.0000000000
10213.0000000000
10216.0000000000
10199.0000000000
10221.0000000000
10183.0000000000
10151.0000000000
10124.0000000000
10086.0000000000
10065.0000000000
10067.0000000000
10116.0000000000
10199.0000000000
10199.0000000000
10211.0000000000
10218.0000000000
10214.0000000000
10192.0000000000
10180.0000000000
10112.0000000000
10083.0000000000
10102.0000000000
10071.0000000000
10119.0000000000
10175.0000000000
10211.0000000000
10211.0000000000
10238.0000000000
10225.0000000000
10163.0000000000
10171.0000000000
10124.0000000000
10085.0000000000
10073.0000000000
10091.0000000000
10126.0000000000
10168.0000000000
10213.0000000000
10248.0000000000
10244.0000000000
10213.0000000000
10175.0000000000
10152.0000000000
10128.0000000000
10093.0000000000
10107.0000000000
10108.0000000000
10114.0000000000
10174.0000000000
10178.0000000000
10228.0000000000
10212.0000000000
10207.0000000000
10216.0000000000
10158.0000000000
10104.0000000000
10087.0000000000
10074.0000000000
10110.0000000000
10120.0000000000
10164.0000000000
10199.0000000000
10204.0000000000
10222.0000000000
10211.0000000000
10199.0000000000
10162.0000000000
10116.0000000000
10101.0000000000
10067.0000000000
10070.0000000000
10118.0000000000
10184.0000000000
10191.0000000000
10206.0000000000
10206.0000000000
10206.0000000000
10200.0000000000
10155.0000000000
10124.0000000000
10090.0000000000
10098.0000000000
10131.0000000000
10115.0000000000
10183.0000000000
10221.0000000000
10236.0000000000
10216.0000000000
10201.0000000000
10195.0000000000
10155.0000000000
10135.0000000000
10079.0000000000
10098.0000000000
10082.0000000000
10128.0000000000
10178.0000000000
10230.0000000000
10212.0000000000
10216.0000000000
10174.0000000000
10188.0000000000
10166.0000000000
10120.0000000000
10069.0000000000
10090.0000000000
10075.0000000000
10126.0000000000
10167.0000000000
10211.0000000000
10200.0000000000
10180.0000000000
10195.0000000000
10183.0000000000
10152.0000000000
10114.0000000000
10089.0000000000
10059.0000000000
10056.0000000000
10110.0000000000
10179.0000000000
10182.0000000000
10223.0000000000
10233.0000000000
10181.0000000000
10199.0000000000
10167.0000000000
10126.0000000000
10085.0000000000
10097.0000000000
10090.0000000000
10133.0000000000
10156.0000000000
10210.0000000000
10220.0000000000
10217.0000000000
10212.0000000000
10169.0000000000
10160.0000000000
10120.0000000000
10079.0000000000
10073.0000000000
10101.0000000000
10132.0000000000
10177.0000000000
10183.0000000000
10243.0000000000
10220.0000000000
10244.0000000000
10176.0000000000
10173.0000000000
10119.0000000000
10076.0000000000
10088.0000000000
10090.0000000000
10117.0000000000
10167.0000000000
10215.0000000000
10240.0000000000
10190.0000000000
10203.0000000000
10207.0000000000
10142.0000000000
10115.0000000000
10068.0000000000
10068.0000000000
10080.0000000000
10077.0000000000
10172.0000000000
10194.0000000000
10241.0000000000
10253.0000000000
10169.0000000000
10187.0000000000
10155.0000000000
10105.0000000000
10089.0000000000
10074.0000000000
10090.0000000000
10109.0000000000
10155.0000000000
10213.0000000000
10201.0000000000
10183.0000000000
10186.0000000000
10187.0000000000
10142.0000000000
10120.0000000000
10090.0000000000
10078.0000000000
10083.0000000000
10107.0000000000
10174.0000000000
10230.0000000000
10256.0000000000
10215.0000000000
10223.0000000000
10187.0000000000
10163.0000000000
10117.0000000000
10079.0000000000
10077.0000000000
10068.0000000000
10105.0000000000
10168.0000000000
10211.0000000000
10212.0000000000
10235.0000000000
10201.0000000000
10179.0000000000
10158.0000000000
10122.0000000000
10084.0000000000
10082.0000000000
10101.0000000000
10110.0000000000
10179.0000000000
10210.0000000000
10210.0000000000
10218.0000000000
10203.0000000000
10211.0000000000
10147.0000000000
10124.0000000000
10075.0000000000
10082.0000000000
10057.0000000000
10100.0000000000
10163.0000000000
10194.0000000000
10230.0000000000
10227.0000000000
10216.0000000000
10167.0000000000
10155.0000000000
10107.0000000000
10096.0000000000
10100.0000000000
10072.0000000000
10133.0000000000
10173.0000000000
10202.0000000000
10220.0000000000
10236.0000000000
10198.0000000000
10194.0000000000
10156.0000000000
10118.0000000000
10082.0000000000
10077.0000000000
10086.0000000000
10108.0000000000
10147.0000000000
10217.0000000000
10207.0000000000
10192.0000000000
10209.0000000000
10173.0000000000
10162.0000000000
10114.0000000000
10077.0000000000
10077.0000000000
10101.0000000000
10131.0000000000
10173.0000000000
10203.0000000000
10204.0000000000
10157.0000000000
10218.0000000000
10183.0000000000
10175.0000000000
10116.0000000000
10091.0000000000
10099.0000000000
10064.0000000000
10108.0000000000
10180.0000000000
10204.0000000000
10217.0000000000
10205.0000000000
10244.0000000000
10192.0000000000
10169.0000000000
10136.0000000000
10075.0000000000
10099.0000000000
10062.0000000000
10123.0000000000
10183.0000000000
10197.0000000000
10228.0000000000
10216.0000000000
10200.0000000000
10186.0000000000
10157.0000000000
10108.0000000000
10087.0000000000
10090.0000000000
10093.0000000000
10105.0000000000
10183.0000000000
10208.0000000000
10216.0000000000
10223.0000000000
10194.0000000000
10143.0000000000
10144.0000000000
10118.0000000000
10090.0000000000
10099.0000000000
10050.0000000000
10092.0000000000
10167.0000000000
10202.0000000000
10221.0000000000
10237.0000000000
10228.0000000000
10186.0000000000
10171.0000000000
10108.0000000000
10061.0000000000
10053.0000000000
10082.0000000000
10097.0000000000
10165.0000000000
10225.0000000000
10231.0000000000
10203.0000000000
10232.0000000000
10172.0000000000
10184.0000000000
10105.0000000000
10100.0000000000
10051.0000000000
10072.0000000000
10117.0000000000
10163.0000000000
10219.0000000000
10186.0000000000
10191.0000000000
10200.0000000000
10186.0000000000
10163.0000000000
10096.0000000000
10081.0000000000
10099.0000000000
10094.0000000000
10120.0000000000
10162.0000000000
10218.0000000000
10238.0000000000
10220.0000000000
10216.0000000000
10206.0000000000
10169.0000000000
10109.0000000000
10102.0000000000
10071.0000000000
10074.0000000000
10119.0000000000
10178.0000000000
10210.0000000000
10219.0000000000
10205.0000000000
10200.0000000000
10200.0000000000
10158.0000000000
10133.0000000000
10078.0000000000
10081.0000000000
10059.0000000000
10108.0000000000
10181.0000000000
10218.0000000000
10229.0000000000
10217.0000000000
10167.0000000000
10177.0000000000
10166.0000000000
10110.0000000000
10070.0000000000
10046.0000000000
10106.0000000000
10119.0000000000
10176.0000000000
10200.0000000000
10218.0000000000
10213.0000000000
10197.0000000000
10192.0000000000
10142.0000000000
10121.0000000000
10080.0000000000
10086.0000000000
10121.0000000000
10131.0000000000
10180.0000000000
10206.0000000000
10216.0000000000
10211.0000000000
10203.0000000000
10197.0000000000
10140.0000000000
10125.0000000000
10068.0000000000
10073.0000000000
10054.0000000000
10113.0000000000
10163.0000000000
10217.0000000000
10239.0000000000
10214.0000000000
10191.0000000000
10170.0000000000
10142.0000000000
10108.0000000000
10071.0000000000
10082.0000000000
10080.0000000000
10120.0000000000
10156.0000000000
10201.0000000000
10218.0000000000
10223.0000000000
10188.0000000000
10179.0000000000
10156.0000000000
10114.0000000000
10086.0000000000
10077.0000000000
10106.0000000000
10102.0000000000
10161.0000000000
10215.0000000000
10211.0000000000
10235.0000000000
10234.0000000000
10200.0000000000
10154.0000000000
10118.0000000000
10065.0000000000
10088.0000000000
10045.0000000000
10114.0000000000
10189.0000000000
10205.0000000000
10226.0000000000
10193.0000000000
10209.0000000000
10172.0000000000
10139.0000000000
10124.0000000000
10092.0000000000
10081.0000000000
10092.0000000000
10115.0000000000
10179.0000000000
10205.0000000000
10235.0000000000
10211.0000000000
10172.0000000000
10171.0000000000
10159.0000000000
10119.0000000000
10116.0000000000
10077.0000000000
10083.0000000000
10124.0000000000
10156.0000000000
10222.0000000000
10237.0000000000
10198.0000000000
10231.0000000000
10180.0000000000
10166.0000000000
10125.0000000000
10112.0000000000
10076.0000000000
10079.0000000000
10119.0000000000
10172.0000000000
10199.0000000000
10196.0000000000
10229.0000000000
10194.0000000000
10187.0000000000
10148.0000000000
10119.0000000000
10098.0000000000
10102.0000000000
10055.0000000000
10118.0000000000
10166.0000000000
10216.0000000000
10237.0000000000
10219.0000000000
10210.0000000000
10182.0000000000
10160.0000000000
10125.0000000000
10074.0000000000
10073.0000000000
10084.0000000000
10119.0000000000
10167.0000000000
10203.0000000000
10228.0000000000
10251.0000000000
10214.0000000000
10177.0000000000
10148.0000000000
10122.0000000000
10080.0000000000
10082.0000000000
10077.0000000000
10111.0000000000
10174.0000000000
10207.0000000000
10222.0000000000
10221.0000000000
10209.0000000000
10189.0000000000
10159.0000000000
10125.0000000000
10077.0000000000
10059.0000000000
10088.0000000000
10128.0000000000
10169.0000000000
10208.0000000000
10213.0000000000
10234.0000000000
10165.0000000000
10207.0000000000
10139.0000000000
10123.0000000000
10083.0000000000
10089.0000000000
10079.0000000000
10142.0000000000
10173.0000000000
10194.0000000000
10224.0000000000
10220.0000000000
10212.0000000000
10172.0000000000
10161.0000000000
10097.0000000000
10082.0000000000
10095.0000000000
10072.0000000000
10119.0000000000
10191.0000000000
10225.0000000000
10223.0000000000
10231.0000000000
10207.0000000000
10164.0000000000
10170.0000000000
10136.0000000000
10084.0000000000
10082.0000000000
10095.0000000000
10127.0000000000
10169.0000000000
10205.0000000000
10237.0000000000
10216.0000000000
10225.0000000000
10176.0000000000
10161.0000000000
10108.0000000000
10067.0000000000
10072.0000000000
10071.0000000000
10106.0000000000
10158.0000000000
10196.0000000000
10237.0000000000
10219.0000000000
10207.0000000000
10179.0000000000
10135.0000000000
10117.0000000000
10088.0000000000
10093.0000000000
10063.0000000000
10114.0000000000
10175.0000000000
10227.0000000000
10221.0000000000
10240.0000000000
10220.0000000000
10193.0000000000
10147.0000000000
10136.0000000000
10095.0000000000
10083.0000000000
10069.0000000000
10121.0000000000
10168.0000000000
10201.0000000000
10227.0000000000
10223.0000000000
10207.0000000000
10182.0000000000
10149.0000000000
10127.0000000000
10080.0000000000
10078.0000000000
10047.0000000000
10102.0000000000
10144.0000000000
10223.0000000000
10226.0000000000
10222.0000000000
10201.0000000000
10179.0000000000
10125.0000000000
10114.0000000000
10083.0000000000
10101.0000000000
10071.0000000000
10112.0000000000
10172.0000000000
10221.0000000000
10230.0000000000
10218.0000000000
10204.0000000000
10189.0000000000
10158.0000000000
10118.0000000000
10074.0000000000
10063.0000000000
10074.0000000000
10123.0000000000
10184.0000000000
10214.0000000000
10236.0000000000
10206.0000000000
10175.0000000000
10205.0000000000
10142.0000000000
10105.0000000000
10081.0000000000
10070.0000000000
10103.0000000000
10096.0000000000
10170.0000000000
10228.0000000000
10237.0000000000
10222.0000000000
10207.0000000000
10175.0000000000
10154.0000000000
10123.0000000000
10067.0000000000
10103.0000000000
10123.0000000000
10119.0000000000
10170.0000000000
10194.0000000000
10236.0000000000
10220.0000000000
10222.0000000000
10171.0000000000
10173.0000000000
10129.0000000000
10087.0000000000
10093.0000000000
10080.0000000000
10108.0000000000
10170.0000000000
10201.0000000000
10216.0000000000
10205.0000000000
10211.0000000000
10196.0000000000
10160.0000000000
10103.0000000000
10082.0000000000
10087.0000000000
10092.0000000000
10115.0000000000
10177.0000000000
10203.0000000000
10227.0000000000
10214.0000000000
10195.0000000000
10194.0000000000
10155.0000000000
10133.0000000000
10086.0000000000
10070.0000000000
10097.0000000000
10100.0000000000
10155.0000000000
10195.0000000000
10233.0000000000
10210.0000000000
10217.0000000000
10154.0000000000
10141.0000000000
10123.0000000000
10085.0000000000
10061.0000000000
10075.0000000000
10105.0000000000
10175.0000000000
10202.0000000000
10243.0000000000
10223.0000000000
10205.0000000000
10176.0000000000
10132.0000000000
10114.0000000000
10083.0000000000
10074.0000000000
10093.0000000000
10100.0000000000
10163.0000000000
10204.0000000000
10218.0000000000
