0.7317500000
-0.8125200000
0.6070300000
1.1367000000
-0.7807300000
-0.2493200000
-0.0688690000
0.7898600000
0.7354800000
-0.8214200000
-0.3669700000
1.2678000000
0.6537000000
0.6987400000
-0.5009700000
-0.4707600000
1.0113000000
-0.0911240000
0.4087600000
-0.8259200000
0.4080200000
-0.3954500000
-0.5155400000
0.8275400000
0.5836000000
-0.8032000000
0.7141500000
-0.8502000000
0.2911000000
1.1375000000
-1.1094000000
1.2468000000
-1.6609000000
-0.0024898000
1.2991000000
1.0559000000
-0.4293900000
-0.1594900000
0.6902000000
0.8444400000
1.2549000000
0.5890300000
-0.8772900000
0.5480200000
-0.9131800000
0.5219300000
-0.9127900000
0.9204600000
-0.6387600000
0.0113310000
-0.3858500000
1.0330000000
-1.4444000000
1.1608000000
1.2639000000
-0.8149600000
-0.7527100000
1.0318000000
0.7591900000
0.0646050000
-0.2307800000
0.9023700000
-0.5070300000
1.1794000000
0.1310400000
1.0786000000
-0.8989000000
0.8729500000
0.7700700000
0.8809900000
-0.2535500000
0.1294300000
0.4851400000
-0.1299800000
1.2983000000
-0.8700600000
0.2399600000
1.0153000000
-0.2179400000
1.3041000000
-0.5585200000
0.1372700000
-0.0331970000
0.8836900000
0.9005700000
-0.7857500000
1.2295000000
-0.8154500000
0.1242600000
0.9907500000
-1.1553000000
-0.2294700000
0.1076400000
1.1884000000
-1.3798000000
-0.3307800000
0.7320300000
1.0656000000
1.1380000000
-0.6719100000
-0.0423610000
0.8017600000
-1.3326000000
0.6809800000
-0.1595200000
0.4958900000
-0.4453100000
-0.5892400000
1.2686000000
0.1743000000
0.2131400000
0.4530500000
0.0361730000
0.8900300000
-0.3536800000
0.9099300000
-1.1912000000
-0.2904900000
0.9330800000
-0.0316600000
0.0085643000
-0.2392300000
-0.4141900000
0.2314400000
0.1464900000
0.9757800000
-1.3707000000
0.7039400000
-1.0909000000
0.8243100000
0.4411100000
1.0181000000
-0.9869700000
0.0853680000
1.0926000000
1.2404000000
-1.3600000000
0.7174400000
1.2063000000
-0.0386660000
0.9711500000
0.3749900000
0.2762500000
-1.2625000000
1.0842000000
-0.1381800000
1.1137000000
0.8754100000
-1.2651000000
0.9877400000
1.0685000000
-1.8883000000
0.1095300000
0.0315610000
-0.3198600000
0.0605770000
0.9597000000
-0.0743370000
1.0658000000
-1.0392000000
1.2180000000
0.5001300000
1.1946000000
-1.2479000000
0.5438000000
-0.2973300000
0.6254400000
-0.4230200000
-0.3944300000
0.9751400000
-0.6453400000
1.1150000000
-1.6937000000
0.4943800000
1.0288000000
-0.3886300000
1.2568000000
-0.4870000000
0.2451000000
0.2919000000
1.2169000000
0.5303500000
-0.3071400000
-0.5415500000
0.3515700000
1.0812000000
-1.7646000000
1.0180000000
0.9288400000
0.9259100000
-0.3908400000
-0.7532400000
1.0272000000
-0.2237700000
0.2432500000
1.0992000000
-1.9239000000
-0.0170710000
0.3414200000
-0.6301000000
0.4405800000
-0.5408100000
0.7730500000
-0.3165900000
-0.5908800000
0.4727900000
1.1773000000
-0.4544600000
-0.2631500000
0.2250600000
-0.2600400000
-0.5891500000
0.7370100000
-1.2350000000
0.2816500000
-0.0825480000
0.6281200000
0.8226600000
0.7605900000
-0.9624600000
0.5815000000
-0.3365000000
0.7437200000
0.0219750000
0.7698400000
1.0208000000
-1.0878000000
-0.1525300000
0.5501700000
-0.9153900000
-0.2352600000
1.0644000000
-0.1296300000
-0.1289900000
0.3063500000
-1.1693000000
0.4635900000
0.2950100000
0.1114200000
-0.3676700000
0.6125500000
1.2251000000
-0.5877200000
0.2594800000
0.7672500000
1.2190000000
-0.5431600000
0.1016900000
0.3315800000
0.7540500000
1.0048000000
0.6524200000
1.1170000000
-0.8919000000
0.7132600000
-0.6163300000
1.2994000000
-0.4714800000
0.6903100000
1.0876000000
-1.9827000000
0.4663800000
0.2054400000
-0.3716400000
0.5803900000
0.9794700000
0.1537300000
-0.5485200000
0.6821300000
0.3958900000
0.3092900000
-1.1370000000
1.1670000000
0.6662300000
-1.6111000000
0.0171700000
0.0908840000
-0.1111100000
-0.1986500000
0.3533200000
0.7603700000
-0.5037600000
0.6681700000
-1.0178000000
0.8439900000
-0.2707700000
0.5543700000
0.5979900000
0.9891600000
-1.5972000000
0.2365600000
-0.4412000000
0.2816800000
0.7409300000
-0.4325400000
-0.1926600000
0.5024700000
0.8967200000
0.5221300000
1.1415000000
0.6772800000
-0.6696700000
-0.5379300000
0.2794700000
0.0214270000
-0.7687000000
1.2732000000
-1.9110000000
0.8596100000
-1.4687000000
0.5336500000
1.1893000000
0.3496800000
-0.9015300000
-0.2326500000
0.2965500000
0.5038700000
-0.4648500000
0.8362700000
0.5170600000
0.8446100000
-0.1691700000
-1.0594000000
0.8669000000
1.0625000000
-0.6787800000
-0.6863500000
0.1885800000
0.5263200000
-1.1773000000
0.7998100000
-0.0349860000
-0.4809600000
-0.3412100000
1.2764000000
0.8417400000
-1.1321000000
0.1672200000
0.1612400000
-0.7948500000
0.1031200000
-0.4090200000
0.0576540000
0.0222150000
1.1588000000
1.1438000000
1.0393000000
0.9361100000
0.4525700000
-0.2344400000
0.9209800000
0.4322800000
-1.0047000000
-0.3041700000
0.3280400000
-0.2896700000
0.7971200000
-0.8305400000
-0.1063100000
0.7627400000
-0.3191400000
-0.5272700000
-0.0782460000
1.0913000000
-1.0346000000
-0.2265900000
-0.1331900000
-0.1652100000
1.1137000000
-1.9049000000
0.5221000000
0.0165890000
0.4165700000
-0.4002600000
-0.4654900000
0.0638100000
0.1146200000
-0.4285800000
1.1920000000
1.0572000000
-0.7706400000
0.1126100000
-0.6533200000
0.1947400000
1.2147000000
-0.3987200000
1.0258000000
-1.6114000000
-0.0231800000
1.1931000000
-1.8678000000
0.9275400000
0.9449400000
0.5301300000
1.0290000000
0.4485000000
-0.0271260000
0.8084500000
0.2367600000
0.3388300000
-0.6653900000
0.9444300000
0.6550900000
-0.8849900000
-0.4640200000
0.0237310000
0.9548100000
0.9922600000
-1.8405000000
0.2743200000
0.8659100000
1.1252000000
1.2067000000
-0.7435400000
-0.1665400000
-0.2351700000
-0.2779100000
-0.2169700000
0.8802700000
0.9518700000
0.9905600000
0.2838000000
-0.7091300000
0.9100800000
-1.4907000000
0.4725200000
0.2919600000
1.0794000000
-0.2151700000
0.1849500000
-0.5094800000
0.8398800000
-0.7009800000
0.0538890000
0.1374700000
-0.0967660000
-0.7362700000
0.8758100000
-0.5583400000
0.4490600000
0.5850700000
1.1605000000
-1.0086000000
-0.0639580000
0.9013300000
0.6579300000
0.3565200000
1.0328000000
-1.0235000000
-0.5084700000
-0.0573240000
-0.1041400000
1.2669000000
-0.2801700000
1.2180000000
-0.8562000000
0.9101900000
-0.2366300000
-0.8556600000
0.9024500000
1.1736000000
0.1795100000
0.9630000000
-1.4263000000
0.1568900000
0.2282800000
0.5499100000
-0.6443400000
1.1167000000
-0.9177300000
0.4181300000
0.1068100000
0.7226000000
0.0247660000
-0.1020900000
-0.0557690000
0.2281700000
0.9623000000
0.3054400000
-0.3410600000
0.5616100000
-1.1214000000
1.3113000000
-1.5441000000
-0.2768100000
1.2109000000
-1.3830000000
-0.1483000000
0.5389400000
1.2468000000
-1.4630000000
-0.4173600000
0.3351200000
0.9378600000
0.6159700000
-1.3210000000
1.0302000000
-0.8953700000
0.1302200000
1.1868000000
