-1.1234000000
-0.4182700000
-0.3719400000
1.2789000000
-0.0574220000
0.2985000000
-1.2961000000
-0.3294600000
0.1285000000
1.2537000000
0.4905700000
0.4865400000
-1.0151000000
-0.9844400000
0.5127200000
0.5103200000
1.2461000000
0.1231800000
-0.3568200000
-1.2900000000
0.3371300000
-0.0780910000
1.2637000000
-0.4358200000
-0.4726600000
-1.0577000000
0.9357600000
-0.5171100000
0.5738300000
-1.2325000000
-0.1901300000
-0.3395000000
1.2970000000
-0.2502200000
0.0149560000
-1.3008000000
0.2307600000
-0.3151300000
1.2281000000
-0.6177600000
-0.4435200000
-0.9540700000
1.0409000000
-0.5495800000
0.3820000000
-1.2509000000
0.0717560000
-0.4717600000
1.2170000000
-0.6458900000
-0.3142900000
-1.0140000000
0.9645800000
-0.6638000000
0.3737200000
-1.2127000000
0.2106100000
-0.6291200000
1.0802000000
-0.8901500000
-0.3323900000
-0.7842800000
1.1508000000
-0.5701900000
0.1280800000
-1.2239000000
0.4134300000
-0.6340700000
0.9617200000
-1.0232000000
-0.3500000000
-0.6035900000
1.2345000000
-0.3951300000
0.1158000000
-1.2803000000
0.2468800000
-0.4318700000
1.1736000000
-0.7537300000
-0.4527300000
-0.8323900000
1.1306000000
-0.4883500000
0.2802700000
-1.2675000000
0.1331300000
-0.4490000000
1.2077000000
-0.6753800000
-0.3666400000
-0.9600600000
1.0274000000
-0.6197000000
0.3234000000
-1.2278000000
0.2226400000
-0.5967500000
1.0949000000
-0.8760300000
-0.3624400000
-0.7774100000
1.1578000000
-0.5376500000
0.1549200000
-1.2411000000
0.3453700000
-0.5835700000
1.0395000000
-0.9520200000
-0.4061000000
-0.6529300000
1.2172000000
-0.3886400000
0.1799000000
-1.2871000000
0.1570900000
-0.3820900000
1.2271000000
-0.6259300000
-0.3859700000
-0.9854700000
1.0063000000
-0.6057000000
0.3759500000
-1.2340000000
0.1417700000
-0.5509000000
1.1559000000
-0.7785700000
-0.3490500000
-0.8841500000
1.0872000000
-0.6121800000
0.2186000000
-1.2210000000
0.3452700000
-0.6401700000
0.9999700000
-0.9854200000
-0.3452200000
-0.6597800000
1.2132000000
-0.4552200000
0.1075100000
-1.2621000000
0.3195300000
-0.5108000000
1.0989000000
-0.8808600000
-0.4571900000
-0.6962000000
1.1992000000
-0.3776600000
0.2433300000
-1.2910000000
0.0635070000
-0.3253200000
1.2704000000
-0.4767900000
-0.2803900000
-1.1367000000
0.7955100000
-0.6238700000
0.6404100000
-1.1950000000
-0.1414500000
-0.4713700000
1.2617000000
-0.4532900000
-0.1005500000
-1.2161000000
0.5755800000
-0.5994300000
0.8711200000
-1.0977000000
-0.3568400000
-0.4794000000
1.2688000000
-0.2514200000
0.1603900000
-1.3091000000
0.0414510000
-0.2146500000
1.3002000000
-0.3205500000
-0.2021400000
-1.2354000000
0.5702900000
-0.5024200000
0.9489200000
-1.0470000000
-0.4911500000
-0.4346700000
1.2605000000
-0.0567670000
0.3631100000
-1.2811000000
-0.4084300000
0.1601500000
1.2157000000
0.6031300000
0.5731000000
-0.8700800000
-1.1018000000
0.3855300000
0.4453100000
1.2735000000
0.1815500000
-0.2141200000
-1.3123000000
0.0994430000
0.0836140000
1.3206000000
0.0109800000
-0.0691120000
-1.3214000000
0.0803450000
-0.0370560000
1.3184000000
-0.1292000000
-0.1332800000
-1.3012000000
0.3026300000
-0.2605000000
1.2224000000
-0.6210600000
-0.4986600000
-0.9126700000
1.0762000000
-0.4835300000
0.3923100000
-1.2659000000
-0.0130820000
-0.3757500000
1.2708000000
-0.4644100000
-0.2144200000
-1.1712000000
0.7155400000
-0.6236300000
0.7249700000
-1.1677000000
-0.2228900000
-0.4647100000
1.2712000000
-0.3678700000
-0.0029340000
-1.2702000000
0.3716000000
-0.4690500000
1.0959000000
-0.8856100000
-0.5014500000
-0.6517700000
1.2124000000
-0.2887800000
0.3016400000
-1.2995000000
-0.1032200000
-0.1675100000
1.3168000000
-0.1173600000
0.0129610000
-1.3184000000
0.1002700000
-0.1451600000
1.3038000000
-0.2895300000
-0.2323300000
-1.2365000000
0.5768200000
-0.4809200000
0.9591200000
-1.0381000000
-0.5147300000
-0.4247900000
1.2567000000
-0.0191160000
0.4007600000
-1.2644000000
-0.4876100000
0.2157700000
1.1592000000
0.7377300000
0.6394000000
-0.6874900000
-1.1773000000
0.1699900000
0.4873600000
1.2602000000
0.4441600000
0.0723480000
-1.2280000000
-0.5330000000
0.5821900000
0.9177100000
1.0673000000
0.3972600000
-0.4937100000
-1.2634000000
0.2265000000
0.2075500000
1.3104000000
0.0454710000
-0.1479600000
-1.3172000000
0.1494100000
-0.0488430000
1.3099000000
-0.2133900000
-0.2306700000
-1.2606000000
0.5041800000
-0.4049200000
1.0565000000
-0.9319700000
-0.5796900000
-0.5162200000
1.2312000000
-0.0558950000
0.4474100000
-1.2562000000
-0.5061500000
0.1884400000
1.1609000000
0.7249000000
0.6530600000
-0.6874500000
-1.1738000000
0.1539000000
0.5068000000
1.2518000000
0.4805400000
0.0947550000
-1.2063000000
-0.5948400000
0.6228000000
0.8358400000
1.1154000000
0.3095000000
-0.4906300000
-1.2673000000
0.3122500000
0.0949250000
1.2969000000
-0.1891500000
-0.3402300000
-1.2325000000
0.6084900000
-0.4097600000
0.9832000000
-1.0114000000
-0.5846200000
-0.3919400000
1.2405000000
0.0984210000
0.5140300000
-1.1899000000
-0.7100700000
0.3308900000
0.9549600000
1.0261000000
0.6489500000
-0.2891000000
-1.2137000000
-0.2980800000
0.6508600000
1.0197000000
0.9617400000
0.3297800000
-0.7025000000
-1.1934000000
0.5085900000
0.0955480000
1.2420000000
-0.3899200000
-0.5798300000
-1.0159000000
0.9789700000
-0.4147300000
0.6099100000
-1.2319000000
-0.3366300000
-0.1952100000
1.2976000000
0.0833260000
0.3033300000
-1.2724000000
-0.4692700000
0.2937500000
1.1345000000
0.8025300000
0.6167300000
-0.6395600000
-1.1970000000
0.1488000000
0.4614500000
1.2656000000
0.4352200000
0.0893810000
-1.2267000000
-0.5448700000
0.5790200000
0.9112400000
1.0725000000
0.3982800000
-0.4840900000
-1.2653000000
0.2142300000
0.2130200000
1.3109000000
0.0650200000
-0.1277800000
-1.3192000000
0.1035500000
-0.0088320000
1.3183000000
-0.1152000000
-0.1430400000
-1.3019000000
0.3014100000
-0.2493500000
1.2267000000
-0.6072900000
-0.4956100000
-0.9257200000
1.0661000000
-0.4912900000
0.4019700000
-1.2636000000
-0.0166260000
-0.3809600000
1.2699000000
-0.4671500000
-0.2122800000
-1.1707000000
0.7156700000
-0.6255800000
0.7230200000
-1.1680000000
-0.2188900000
-0.4673600000
1.2703000000
-0.3747900000
-0.0087262000
-1.2670000000
0.3858500000
-0.4801400000
1.0817000000
-0.9052400000
-0.4991000000
-0.6299500000
1.2196000000
-0.2692100000
0.3016000000
-1.3008000000
-0.1231300000
-0.1414300000
1.3183000000
-0.0633190000
0.0579640000
-1.3219000000
-0.0133060000
-0.0403750000
1.3225000000
-0.0400890000
-0.0126410000
-1.3220000000
0.0567990000
-0.0624450000
1.3184000000
-0.1391300000
-0.1209800000
-1.3016000000
0.2966000000
-0.2650600000
1.2230000000
-0.6207500000
-0.4941000000
-0.9162500000
1.0735000000
-0.4894700000
0.3908200000
-1.2648000000
-0.0048295000
-0.3847100000
1.2666000000
-0.4824600000
-0.2263800000
-1.1574000000
0.7444600000
-0.6352700000
0.6844700000
-1.1793000000
-0.1719100000
-0.4817300000
1.2621000000
-0.4360800000
-0.0686490000
-1.2322000000
0.5206700000
-0.5729000000
0.9338700000
-1.0557000000
-0.4129700000
-0.4979000000
1.2613000000
-0.2150300000
0.2266800000
-1.3101000000
-0.0819310000
-0.1193500000
1.3198000000
-0.0755850000
0.0195860000
-1.3213000000
0.0497050000
-0.0852620000
1.3171000000
-0.1620000000
-0.1281100000
-1.2963000000
0.3280700000
-0.2971700000
1.1988000000
-0.6843300000
-0.5232100000
-0.8407700000
1.1242000000
-0.4220100000
0.3663300000
-1.2788000000
-0.0464670000
-0.3069100000
1.2931000000
-0.3504000000
-0.1461800000
-1.2419000000
0.5319400000
-0.5144100000
0.9682300000
-1.0300000000
-0.4828800000
-0.4708700000
1.2574000000
-0.1091800000
0.3335900000
-1.2938000000
-0.3224200000
0.0835550000
1.2669000000
0.4282700000
0.4590000000
-1.0703000000
-0.9195300000
0.5251600000
0.5873900000
1.2280000000
0.1961500000
-0.3465100000
-1.2960000000
0.2529200000
0.0187380000
1.3007000000
-0.2285500000
-0.3160100000
-1.2285000000
0.6167600000
-0.4416700000
0.9560800000
-1.0390000000
-0.5517300000
-0.3828200000
1.2502000000
0.0731150000
0.4742300000
-1.2156000000
-0.6495700000
0.3153700000
1.0107000000
0.9683300000
0.6633200000
-0.3684000000
-1.2127000000
-0.2165700000
0.6310300000
1.0760000000
0.8955800000
0.3326400000
-0.7781200000
-1.1544000000
0.5656400000
0.1251400000
1.2252000000
-0.4123200000
-0.6303100000
-0.9653100000
1.0208000000
-0.3550500000
0.6028900000
-1.2348000000
-0.3894200000
-0.1220300000
1.2823000000
0.2329300000
0.4207300000
-1.1843000000
-0.7312200000
0.4452800000
0.8587400000
1.1136000000
0.5110200000
-0.2896800000
-1.2616000000
-0.1455500000
0.4733100000
1.1927000000
0.7100800000
0.3736400000
-0.9274300000
-1.0566000000
0.6062900000
0.2868200000
1.2305000000
-0.2533500000
-0.5985700000
-1.0789000000
0.8991200000
-0.3714500000
0.7448800000
-1.1758000000
-0.5043800000
-0.1518300000
1.2524000000
0.3142400000
0.5453700000
-1.0810000000
-0.9037900000
0.4316200000
0.6909100000
1.2020000000
0.3988400000
-0.2115000000
-1.2864000000
-0.1267900000
0.3745900000
1.2389000000
0.5908500000
0.3573900000
-1.0277000000
-0.9581400000
0.6272800000
0.4266700000
1.2258000000
-0.1042800000
-0.5544900000
-1.1680000000
0.7519000000
-0.3237000000
0.9245700000
-1.0512000000
-0.6482000000
-0.2432000000
1.2088000000
0.3542100000
0.6713800000
-0.9710100000
-1.0061000000
0.3055900000
0.6635500000
1.2089000000
0.4965800000
-0.0632320000
-1.2403000000
-0.4181600000
0.5818700000
0.9969900000
0.9982800000
0.4134000000
-0.5843000000
-1.2398000000
0.3110400000
0.1986700000
1.3016000000
-0.0524390000
-0.2669300000
-1.2876000000
0.3961400000
-0.2431500000
1.1913000000
-0.6858100000
-0.5738500000
-0.7977500000
1.1436000000
-0.3384500000
0.4107000000
-1.2826000000
-0.1883100000
-0.1691700000
1.3145000000
-0.0340600000
0.1244000000
-1.3187000000
-0.1299900000
0.0470120000
1.3126000000
0.1916900000
0.2046000000
-1.2734000000
-0.4522300000
0.3712500000
1.1055000000
0.8626300000
0.5823700000
-0.6031100000
-1.2139000000
0.1497200000
0.4213700000
1.2769000000
0.3883500000
0.0745310000
-1.2480000000
-0.4813600000
0.5262100000
0.9947000000
1.0048000000
0.4732500000
-0.5191800000
-1.2505000000
0.1759800000
0.2991200000
1.3031000000
0.2138100000
-0.0204980000
-1.3075000000
-0.1870100000
0.2650100000
1.2580000000
0.5203800000
0.3896000000
-1.0552000000
-0.9315000000
0.5933200000
0.5025300000
1.2297000000
0.0246240000
-0.4722600000
-1.2413000000
0.5615800000
-0.2248300000
1.1150000000
-0.8122800000
-0.6808800000
-0.5619700000
1.1949000000
0.0093819000
0.5731800000
-1.1895000000
-0.6911900000
0.2490200000
1.0174000000
0.9445500000
0.7119700000
-0.3449200000
-1.1901000000
-0.3014800000
0.7037200000
0.9779600000
0.9896900000
0.2641600000
-0.7165200000
-1.1790000000
0.5806000000
0.0320200000
1.1976000000
-0.5422500000
-0.6814000000
-0.8280700000
1.1065000000
-0.2348600000
0.5682000000
-1.2399000000
-0.4696700000
0.0141680000
1.2333000000
0.4871400000
0.5866200000
-0.9475200000
-1.0430000000
0.4016200000
0.5286400000
1.2553000000
0.2619700000
-0.1997900000
-1.3076000000
-0.0007260400
0.2007300000
1.3075000000
0.2631800000
0.1433700000
-1.2698000000
-0.4452300000
0.4219600000
1.0819000000
0.9017400000
0.5536200000
-0.5826600000
-1.2243000000
0.1597400000
0.3870900000
1.2861000000
0.3381100000
0.0477710000
-1.2700000000
-0.3987800000
0.4586800000
1.0871000000
0.8974000000
0.5168700000
-0.6232500000
-1.2195000000
0.2432000000
0.3266600000
1.2990000000
0.1811200000
-0.0913820000
-1.3155000000
-0.0609070000
0.1715100000
1.3051000000
0.2847400000
0.2001000000
-1.2481000000
-0.5344800000
0.4669900000
0.9985100000
1.0008000000
0.5322900000
-0.4658000000
-1.2487000000
0.0493620000
0.4041600000
1.2687000000
0.4633900000
0.1837200000
-1.1835000000
-0.6808300000
0.6220600000
0.7600200000
1.1536000000
0.2547000000
-0.4661900000
-1.2723000000
0.3384600000
0.0355530000
1.2844000000
-0.2928000000
-0.4116200000
-1.1639000000
0.7718600000
-0.4867200000
0.7881800000
-1.1555000000
-0.4240100000
-0.2982500000
1.2819000000
0.0416720000
0.3516700000
-1.2673000000
-0.4873400000
0.2659300000
1.1377000000
0.7898800000
0.6327100000
-0.6379300000
-1.1935000000
0.1286500000
0.4843800000
1.2558000000
0.4796400000
0.1179600000
-1.1992000000
-0.6211000000
0.6268900000
0.8098800000
1.1288000000
0.2873100000
-0.4855600000
-1.2683000000
0.3285300000
0.0688800000
1.2909000000
-0.2396100000
-0.3782100000
-1.2003000000
0.6935800000
-0.4543100000
0.8852200000
-1.0957000000
-0.5156600000
-0.3201800000
1.2609000000
0.1119600000
0.4613400000
-1.2092000000
-0.6698200000
0.3486000000
0.9757100000
1.0099000000
0.6368100000
-0.3325600000
-1.2217000000
-0.2305100000
0.6141800000
1.0801000000
0.8939200000
0.3513800000
-0.7660400000
-1.1631000000
0.5395900000
0.1384400000
1.2378000000
-0.3682300000
-0.5942300000
-1.0190000000
0.9737400000
-0.3979900000
0.6314400000
-1.2251000000
-0.3755500000
-0.1713700000
1.2894000000
0.1545900000
0.3707000000
-1.2321000000
-0.6113300000
0.3825200000
0.9982600000
0.9931800000
0.6089300000
-0.3934800000
-1.2328000000
-0.1238600000
0.5461700000
1.1651000000
0.7602200000
0.3395900000
-0.9069800000
-1.0682000000
0.6292600000
0.2348000000
1.2160000000
-0.3437500000
-0.6527900000
-0.9915600000
0.9910300000
-0.3298800000
0.6646400000
-1.2103000000
-0.4745200000
-0.0903360000
1.2532000000
0.3613100000
0.5431100000
-1.0569000000
-0.9353400000
0.4454600000
0.6402600000
1.2206000000
0.3360100000
-0.2301500000
-1.2979000000
-0.0373020000
0.2785600000
1.2875000000
0.3959500000
0.2312200000
-1.1959000000
-0.6724700000
0.5730200000
0.8106100000
1.1370000000
0.3486100000
-0.4142500000
-1.2814000000
0.1822000000
0.1807900000
1.3143000000
0.0554100000
-0.1079600000
-1.3203000000
0.0871280000
-0.0070749000
1.3197000000
-0.0964650000
-0.1202300000
-1.3081000000
0.2537300000
-0.2116700000
