0.9235300000
0.8351600000
0.0132010000
0.0499680000
0.8251600000
0.4940300000
0.3152900000
0.2908500000
0.1619500000
0.6388000000
0.8632300000
0.3126000000
0.5418700000
0.5679300000
0.6977500000
0.4853800000
0.9529600000
0.2321300000
0.8837100000
0.5788400000
0.4391300000
0.0035051000
0.0149210000
0.9465100000
0.9697800000
0.4122400000
0.1777400000
0.6725400000
0.9460300000
0.2602500000
0.7779500000
0.2094500000
0.0476920000
0.9864000000
0.1057900000
0.6719300000
0.9814000000
0.2430900000
0.8657600000
0.5085900000
0.3267500000
0.2664900000
0.1342200000
0.7162700000
0.0938620000
0.0236520000
0.9852600000
0.1199300000
0.7274100000
0.1350900000
0.0272340000
0.0045827000
0.9974600000
0.1857000000
0.9823400000
0.9832700000
0.4347700000
0.2003500000
0.6122100000
0.7771200000
0.3939200000
0.2385700000
0.0987770000
0.8207200000
0.4472200000
0.2497100000
0.4602400000
0.4287400000
0.9657000000
0.2219600000
0.9307500000
0.7574300000
0.8041900000
0.4020600000
0.2318900000
0.0922720000
0.8391000000
0.5147200000
0.3436300000
0.2218400000
0.0912580000
0.8350900000
0.5014700000
0.3240200000
0.2700200000
0.1382300000
0.7049200000
0.0583800000
0.0253230000
0.9508500000
0.9791900000
0.4409500000
0.2083400000
0.5899200000
0.7191500000
0.4619700000
0.0222460000
0.0142910000
0.9636800000
0.0391100000
0.4405200000
0.4625500000
0.8751400000
0.2695200000
0.6937800000
0.9576400000
0.2571300000
0.7976100000
0.2731100000
0.0804250000
0.9142000000
0.7960800000
0.9113300000
0.3051600000
0.5996500000
0.7001400000
0.4924700000
0.9371600000
0.2394900000
0.8450800000
0.4400100000
0.2348800000
0.5026100000
0.5157200000
0.7871300000
0.3571600000
0.3522800000
0.2282000000
0.4644300000
0.4436500000
0.9317400000
0.2356400000
0.8548300000
0.4757300000
0.2809100000
0.3821500000
0.2889400000
0.2980700000
0.1750800000
0.5998100000
0.7579600000
0.4136900000
0.1717400000
0.0501900000
0.9471700000
0.9458700000
0.3335700000
0.1084100000
0.8583600000
0.5717500000
0.4344700000
0.0113760000
0.0136810000
0.9573700000
0.0141380000
0.3563800000
0.3212700000
0.1892800000
0.0691180000
0.8907300000
0.7160700000
0.7219300000
0.4993400000
0.9320400000
0.2427400000
0.8295600000
0.3858700000
0.1739300000
0.6664700000
0.9313400000
0.2678400000
0.7405900000
0.0921210000
0.0246960000
0.9799300000
0.0972110000
0.6438500000
0.9085500000
0.2787100000
0.6865700000
0.9332000000
0.2699600000
0.7345800000
0.0733250000
0.0254960000
0.9620100000
0.0237520000
0.3870400000
0.3696900000
0.0756540000
0.0151370000
0.0030038000
0.0005067200
0.9997300000
0.1984400000
0.0336750000
0.9827600000
0.1017800000
0.6592400000
0.9482000000
0.2570900000
0.7907100000
0.2512300000
0.0675770000
0.9447900000
0.9235100000
0.2638200000
0.0652830000
0.9632900000
0.9985600000
0.4986500000
0.2784600000
0.4046500000
0.3244800000
0.2093400000
0.0835980000
0.8532800000
0.5703400000
0.4335500000
0.0129080000
0.0134750000
0.9593600000
0.0222820000
0.3836200000
0.3642500000
0.0880870000
0.0180820000
0.0017597000
0.9929300000
0.1690200000
0.9172800000
0.7445100000
0.7784600000
0.4301400000
0.1388700000
0.0333590000
0.9844000000
0.1087700000
0.6848200000
0.0162910000
0.0323830000
0.8916700000
0.7454800000
0.7924100000
0.4129400000
0.1942600000
0.0637940000
0.9142400000
0.8081700000
0.9436900000
0.2837400000
0.6947900000
0.9531500000
0.2596800000
0.7852800000
0.2326600000
0.0579620000
0.9661300000
0.0155090000
0.3554000000
0.3193100000
0.1941900000
0.0728110000
0.8809800000
0.6775600000
0.6382300000
0.6222200000
0.6353600000
0.6054800000
0.6652200000
0.5486900000
0.7926700000
0.3596000000
0.3485100000
0.2227000000
0.4793600000
0.4740200000
0.8682100000
0.2763300000
0.6655900000
0.8781100000
0.3056800000
0.5747400000
0.6425300000
0.5748700000
0.7279900000
0.4451100000
0.0703870000
0.0147720000
0.0001771200
0.9889400000
0.1536600000
0.8581100000
0.5407300000
0.3806200000
0.1347100000
0.0338060000
0.9794000000
0.0879260000
0.6090800000
