1.7719000000
0.6690000000
0.0458680000
1.3055000000
1.2169000000
0.2060800000
1.9884000000
0.4335900000
-0.5777100000
-1.2559000000
-0.8881300000
-0.8254300000
-1.4205000000
-0.5496300000
-1.1824000000
-1.2854000000
-0.3087900000
-1.7418000000
-0.6977500000
-0.4594300000
-2.0539000000
0.0463890000
0.7655800000
1.2295000000
0.7887000000
1.0291000000
1.2227000000
0.6055500000
1.3465000000
0.9505900000
0.6347800000
1.6487000000
0.4288400000
1.0834000000
1.5989000000
-0.0866750000
-0.6885600000
-1.6860000000
-0.1963800000
-1.3972000000
-1.3930000000
0.3803100000
1.0280000000
1.1836000000
0.6101500000
1.3830000000
0.8855500000
0.6921400000
1.6402000000
0.3689100000
1.1903000000
1.5043000000
-0.0967500000
-0.7803700000
-1.6416000000
-0.1620000000
-1.5105000000
-1.2556000000
0.3947400000
1.0743000000
1.1537000000
0.6053500000
1.4297000000
0.8169100000
0.7422400000
1.6479000000
0.2922400000
1.3033000000
1.4217000000
-0.1814000000
-0.9413700000
-1.4394000000
-0.2968100000
-1.5556000000
-1.0107000000
-0.2702400000
-2.1558000000
-0.0836400000
0.8524700000
1.0432000000
0.9531800000
1.0020000000
1.0550000000
0.9091300000
1.0751000000
0.9961700000
0.9098000000
1.1495000000
0.8761500000
1.0068000000
1.1480000000
0.7541600000
1.2042000000
0.9880300000
0.7572700000
1.4043000000
0.6633000000
1.0210000000
1.3982000000
0.3349400000
1.5552000000
0.9632600000
0.3468600000
2.0939000000
0.0846550000
-0.7549300000
-1.1825000000
-0.8531100000
-0.9835500000
-1.2129000000
-0.6797100000
-1.2402000000
-1.0258000000
-0.6505600000
-1.5269000000
-0.6037000000
-0.9593000000
-1.5735000000
-0.1331000000
-1.6538000000
-1.0641000000
0.4262600000
1.1340000000
1.0951000000
0.6309100000
1.4648000000
0.7279200000
0.8398100000
1.6057000000
0.2347800000
1.4495000000
1.2610000000
-0.2080100000
-1.0492000000
-1.3467000000
-0.3191300000
-1.6400000000
-0.8469500000
-0.4244200000
-2.1187000000
0.0547560000
0.8350100000
1.1110000000
0.8899000000
1.0189000000
1.1093000000
0.8004400000
1.1797000000
0.9680000000
0.8208500000
1.3281000000
0.7038700000
1.0537000000
1.2937000000
0.4603900000
1.4881000000
0.9098800000
0.5184500000
1.8873000000
0.1955700000
-0.2029000000
-1.7186000000
-0.6474900000
-0.6197800000
-2.0590000000
0.2174600000
0.8760100000
1.1052000000
0.8749400000
1.0534000000
1.0736000000
0.8135000000
1.2045000000
0.9114400000
0.8796300000
1.3065000000
0.6632000000
1.1467000000
1.1969000000
0.4963200000
1.5547000000
0.7570800000
0.6779200000
1.8277000000
0.0865650000
0.3958400000
1.7229000000
0.4183600000
0.9841800000
1.7691000000
-0.2575000000
-0.8667400000
-1.2990000000
-0.6004400000
-1.2472000000
-1.1152000000
-0.4981500000
-1.6565000000
-0.5915400000
-0.8126200000
-1.8242000000
0.0830080000
0.6339600000
1.5626000000
0.4413900000
1.1603000000
1.4581000000
0.0600520000
1.9188000000
0.7330400000
-0.6925800000
-1.0782000000
-0.9757800000
-0.9076100000
-1.1759000000
-0.8362900000
-1.0368000000
-1.1511000000
-0.7107800000
-1.2698000000
-0.9385900000
-0.7524100000
-1.4755000000
-0.5554200000
-1.1026000000
-1.4058000000
-0.2180900000
-1.7326000000
-0.8287000000
0.1923400000
1.2935000000
1.1563000000
0.3299700000
1.8688000000
0.4665400000
-0.1633000000
-1.5277000000
-0.9262000000
-0.4097700000
-2.0372000000
-0.0943870000
0.6567300000
1.3135000000
0.7650600000
0.9562700000
1.3695000000
0.4637400000
1.3855000000
1.0699000000
0.3934600000
1.8823000000
0.3638600000
-0.1414500000
-1.6139000000
-0.8415400000
-0.4375800000
-2.1015000000
0.0443480000
0.8117000000
1.1472000000
0.8601700000
1.0199000000
1.1458000000
0.7406300000
1.2287000000
0.9661700000
0.7609300000
1.4265000000
0.6230600000
1.0570000000
1.3920000000
0.2985700000
1.6213000000
0.9038600000
0.3571900000
2.1535000000
-0.0241630000
-0.8648700000
-1.0503000000
-0.9433200000
-1.0105000000
-1.0541000000
-0.8995300000
-1.0915000000
-0.9821400000
-0.9112200000
-1.1652000000
-0.8491200000
-1.0299000000
-1.1455000000
-0.7283600000
-1.2487000000
-0.9498800000
-0.7614000000
-1.4467000000
-0.5901800000
-1.0839000000
-1.3911000000
-0.2655300000
-1.6754000000
-0.8595700000
-0.0352870000
-1.2560000000
-1.2629000000
-0.1910200000
-1.9531000000
-0.5094500000
0.5335800000
1.2660000000
0.9085200000
0.7776900000
1.4707000000
0.5305100000
1.1487000000
1.3638000000
0.2262300000
1.7735000000
0.7528200000
-0.2053700000
-1.3345000000
-1.1032000000
-0.3656000000
-1.8801000000
-0.4027500000
0.1568500000
1.5763000000
0.8734800000
0.4337000000
2.0667000000
0.0165060000
-0.7395300000
-1.2359000000
-0.7995300000
-1.0022000000
-1.2519000000
-0.5933700000
-1.3286000000
-0.9948500000
-0.5867600000
-1.6689000000
-0.4580600000
-1.0107000000
-1.6780000000
0.1182700000
0.7160500000
1.5886000000
0.3158600000
1.3305000000
1.3467000000
-0.0571350000
-0.8537000000
-1.6669000000
-0.0370960000
-1.6793000000
-1.1455000000
0.6754800000
1.0118000000
1.0043000000
0.9366300000
1.0917000000
0.9338500000
0.9883600000
1.1035000000
0.8490600000
1.1092000000
1.0187000000
0.8301000000
1.2483000000
0.8199000000
0.9701200000
1.2789000000
0.5913900000
1.2972000000
1.0478000000
0.5422400000
1.6723000000
0.5096700000
0.9235600000
1.7514000000
-0.1163400000
-0.6933800000
-1.5581000000
-0.3865200000
-1.2556000000
-1.3760000000
-0.0694990000
-2.0090000000
-0.5764300000
0.7593500000
1.0527000000
0.9688400000
0.9554200000
1.1086000000
0.8828700000
1.0484000000
1.0726000000
0.8215200000
1.1929000000
0.9197500000
0.8812000000
1.2933000000
0.6822900000
1.1330000000
1.1944000000
0.5179400000
1.5232000000
0.7796900000
0.6819700000
1.7922000000
0.1382500000
1.3650000000
1.5203000000
-0.5845100000
-0.9833700000
-1.0248000000
-0.9252200000
-1.0821000000
-0.9637700000
-0.9527500000
-1.1222000000
-0.8647800000
-1.0600000000
-1.0773000000
-0.7992000000
-1.2227000000
-0.9006600000
-0.8736100000
-1.3300000000
-0.6332900000
-1.1645000000
-1.2067000000
-0.4577600000
-1.6039000000
-0.7276500000
-0.6619600000
-1.8911000000
-0.0055344000
0.5128700000
1.5992000000
0.5096100000
1.0011000000
1.6254000000
-0.0039804000
1.4229000000
1.2616000000
-0.2134100000
-1.0504000000
-1.3398000000
-0.3289200000
-1.6332000000
-0.8452600000
-0.4358400000
-2.1026000000
0.0435240000
0.8125000000
1.1455000000
0.8617900000
1.0196000000
1.1443000000
0.7434900000
1.2260000000
0.9667900000
0.7633600000
1.4218000000
0.6274600000
1.0560000000
1.3880000000
0.3062900000
1.6141000000
0.9055900000
0.3637200000
2.1408000000
-0.0122040000
-0.8462500000
-1.0775000000
-0.9217600000
-1.0100000000
-1.0826000000
-0.8546200000
-1.1271000000
-0.9828000000
-0.8645800000
-1.2391000000
-0.7905200000
-1.0291000000
-1.2221000000
-0.6068200000
-1.3453000000
-0.9508900000
-0.6358400000
-1.6466000000
-0.4308100000
-1.0829000000
-1.5972000000
0.0820030000
0.6782600000
1.7000000000
0.1863100000
1.3953000000
1.4089000000
-0.4129100000
-1.0243000000
-1.1554000000
-0.6609700000
-1.3379000000
-0.8927100000
-0.7385600000
-1.5566000000
-0.4433000000
-1.1783000000
-1.4282000000
-0.0850180000
-1.9171000000
-0.7037000000
0.6481000000
1.1188000000
0.9687900000
0.8668900000
1.2501000000
0.7695300000
1.0485000000
1.2178000000
0.5886800000
1.3798000000
0.9188400000
0.6429400000
1.6763000000
0.3740600000
1.1357000000
1.5853000000
-0.1640700000
-0.8316400000
-1.4983000000
-0.3284300000
-1.4278000000
-1.1748000000
-0.1711300000
-2.1042000000
-0.2935400000
0.7917400000
1.0758000000
0.9425300000
0.9734700000
1.1140000000
0.8511300000
1.0924000000
1.0429000000
0.8127900000
1.2450000000
0.8474300000
0.9302600000
1.3074000000
0.5967200000
1.2520000000
1.1134000000
0.4950900000
1.6637000000
0.5838600000
0.8156400000
1.8292000000
-0.0959080000
-0.6597900000
-1.5321000000
-0.4600600000
-1.1698000000
-1.4189000000
-0.1106200000
-1.8880000000
-0.7175500000
0.5769300000
1.1666000000
0.9714600000
0.8000400000
1.3537000000
0.6892700000
1.0443000000
1.3275000000
0.4182900000
1.5122000000
0.9252000000
0.4629500000
1.9566000000
0.1556900000
-0.4564600000
-1.5169000000
-0.6746400000
-0.8380300000
-1.6747000000
-0.1262000000
-1.5350000000
-1.2633000000
0.4886900000
1.0571000000
1.0893000000
0.7336400000
1.3070000000
0.8490100000
0.8481300000
1.4370000000
0.4943800000
1.2498000000
1.2482000000
0.2819300000
1.8325000000
0.5867600000
-0.1578400000
-1.4497000000
-1.0218000000
-0.3527800000
-2.0055000000
-0.2181900000
0.5554400000
1.3698000000
0.7758200000
0.8637400000
1.5036000000
0.3673700000
1.3679000000
1.2218000000
0.1727100000
2.0414000000
0.3921400000
-0.6936500000
-1.1582000000
-0.9130900000
-0.9125200000
-1.2491000000
-0.7126400000
-1.1410000000
-1.1427000000
-0.5906000000
-1.4731000000
-0.7668000000
-0.7669000000
-1.6727000000
-0.2209400000
-1.3858000000
-1.3809000000
0.3170900000
1.0239000000
1.2461000000
0.5126500000
1.4588000000
0.8890100000
0.5893100000
1.8005000000
0.2438000000
1.1852000000
1.6731000000
-0.4771300000
-0.9676100000
-1.0781000000
-0.8485000000
-1.1355000000
-0.9764400000
-0.8639200000
-1.2483000000
-0.7766300000
-1.0396000000
-1.2231000000
-0.5917300000
-1.3682000000
-0.9336000000
-0.6342200000
-1.6714000000
-0.3931900000
-1.1114000000
-1.5997000000
0.1447100000
0.7976600000
1.5391000000
0.3026300000
1.4164000000
1.2260000000
0.0248280000
1.4162000000
1.1184000000
0.2275400000
2.0810000000
0.2577900000
-0.7307600000
-1.1560000000
-0.8953900000
-0.9464900000
-1.2177000000
-0.7195000000
-1.1703000000
-1.0868000000
-0.6424200000
-1.4617000000
-0.7187100000
-0.8586600000
-1.5873000000
-0.2400900000
-1.4646000000
-1.2300000000
0.1750600000
1.0538000000
1.3791000000
0.2609800000
1.6916000000
0.8388500000
-0.0046609000
-1.2773000000
-1.3546000000
0.0329660000
-0.4664500000
-1.7995000000
-0.2531800000
-1.1557000000
-1.7067000000
0.4834000000
0.9634400000
1.0647000000
0.8740600000
1.1116000000
0.9819600000
0.8857400000
1.2062000000
0.8160100000
1.0303000000
1.1873000000
0.6608500000
1.3033000000
0.9489700000
0.6928300000
1.5577000000
0.5001500000
1.0858000000
1.5036000000
0.0828700000
1.8239000000
0.8559200000
-0.5880000000
-1.1220000000
-0.9978600000
-0.8116900000
-1.3008000000
-0.7590400000
-1.0003000000
-1.3085000000
-0.5051300000
-1.3974000000
-0.9978500000
-0.4937900000
-1.8140000000
-0.3446800000
-1.0062000000
-1.8305000000
0.4287600000
0.9430000000
1.0726000000
0.8776900000
1.0946000000
1.0043000000
0.8715800000
1.2002000000
0.8438200000
0.9935100000
1.2107000000
0.6706200000
1.2576000000
1.0096000000
0.6542200000
1.5418000000
0.5751200000
0.9859800000
1.5674000000
0.1086600000
1.7008000000
1.0201000000
-0.4915400000
-1.1254000000
-1.0544000000
-0.7102400000
-1.3902000000
-0.7458300000
-0.9068400000
-1.4753000000
-0.3577900000
-1.4196000000
-1.1511000000
-0.2195700000
-2.0569000000
-0.3071600000
0.6912400000
1.1856000000
0.8876600000
0.9197400000
1.2704000000
0.6694000000
1.1830000000
1.1307000000
0.5558400000
1.5442000000
0.6974500000
0.7868600000
1.7296000000
0.1040600000
1.5001000000
1.3477000000
-0.5733600000
-1.0159000000
-1.0436000000
-0.8593400000
-1.1642000000
-0.9167500000
-0.9228100000
-1.2305000000
-0.7296500000
-1.1377000000
-1.1261000000
-0.6213500000
-1.4451000000
-0.7722800000
-0.7940600000
-1.6221000000
-0.2671200000
-1.3766000000
-1.3364000000
0.1738800000
0.9874400000
1.4242000000
0.2672700000
1.6230000000
0.9406200000
0.0697550000
1.4787000000
1.0044000000
0.3346400000
2.0560000000
0.1604500000
-0.6731200000
-1.2601000000
-0.8175500000
-0.9393400000
-1.3292000000
-0.5500600000
-1.2989000000
-1.0981000000
-0.4595000000
-1.7404000000
-0.5065600000
-0.8411300000
-1.8875000000
0.2416000000
0.8473900000
1.2527000000
0.6892000000
1.1633000000
1.1358000000
0.5728600000
1.5104000000
0.7298200000
0.7783500000
1.7017000000
0.1596700000
1.4467000000
1.3618000000
-0.4506900000
-1.0362000000
-1.1223000000
-0.7023900000
-1.3143000000
-0.8773200000
-0.7933900000
-1.4885000000
-0.4821800000
-1.2034000000
-1.3382000000
-0.1971900000
-1.8529000000
-0.6627900000
0.3732900000
1.3121000000
0.9830100000
0.5931500000
1.6703000000
0.4472700000
1.0261000000
1.6670000000
-0.1235100000
-0.7302400000
-1.5792000000
-0.3148300000
-1.3444000000
-1.3257000000
0.0395800000
0.8449500000
1.6994000000
-0.0041815000
0.7950800000
1.6397000000
0.1263500000
1.5679000000
1.2091000000
-0.4687800000
-1.0768000000
-1.0959000000
-0.6991800000
-1.3540000000
-0.8179400000
-0.8376900000
-1.4936000000
-0.4170900000
-1.3011000000
-1.2651000000
-0.1890200000
-1.9597000000
-0.5020800000
0.5471200000
1.2577000000
0.9074600000
0.7903800000
1.4517000000
0.5445800000
1.1505000000
1.3430000000
0.2573800000
1.7503000000
0.7500700000
-0.0806560000
-1.3550000000
-1.1979000000
-0.1842200000
-2.0490000000
-0.3645800000
0.6975600000
1.1619000000
0.9075300000
0.9173000000
1.2487000000
0.7072600000
1.1502000000
1.1348000000
0.5913900000
1.4820000000
0.7516400000
0.7798700000
1.6713000000
0.2064500000
1.4107000000
1.3595000000
-0.3384300000
-1.0357000000
-1.2205000000
-0.5407400000
-1.4469000000
-0.8720900000
-0.6317000000
-1.7543000000
-0.2635300000
-1.2129000000
-1.6034000000
0.3860400000
0.9676300000
1.1765000000
0.6888600000
1.2649000000
0.9737000000
0.7022800000
1.5108000000
0.5631500000
1.0449000000
1.4883000000
0.1598400000
1.7202000000
0.9233500000
-0.3565300000
-1.2082000000
-1.0931000000
-0.5418300000
-1.6105000000
-0.6088500000
-0.8438900000
-1.7519000000
0.0047205000
0.3661000000
1.8622000000
0.2805700000
0.0990830000
1.5161000000
0.9593700000
0.3643800000
2.0667000000
0.1053200000
-0.7043800000
-1.2438000000
-0.8148200000
-0.9658000000
-1.2904000000
-0.5782800000
-1.3034000000
-1.0546000000
-0.5233100000
-1.6939000000
-0.4993700000
-0.9123900000
-1.7825000000
0.1574900000
