0.3614000000
0.1266700000
0.9413300000
0.7812600000
0.5143900000
0.7853200000
0.7220600000
0.4072900000
0.4788400000
0.9290300000
0.1893000000
0.7471500000
0.0968020000
0.5411100000
0.6250000000
0.2178700000
0.9437600000
0.6374700000
0.0812370000
0.5282900000
0.6083400000
0.1786100000
0.8342400000
0.3761500000
0.3548000000
0.6027900000
0.3801300000
0.4417700000
0.8576500000
0.0191060000
0.2747900000
0.9243900000
0.4797700000
0.6216400000
0.2661100000
0.0900680000
0.9919700000
0.9871200000
0.0892540000
0.4002400000
0.2131000000
0.1418600000
0.2400600000
0.6537200000
0.7285900000
0.4637900000
0.6467000000
0.3593900000
0.3589300000
0.6412600000
0.4889900000
0.7499600000
0.6411900000
0.1735700000
0.8037200000
0.2930300000
0.1151100000
0.0202420000
0.0355790000
0.2055300000
0.6980100000
0.9216100000
0.0283140000
0.2690700000
0.8969900000
0.4075700000
0.4214500000
0.7564600000
0.7422500000
0.4751700000
0.6774200000
0.4385400000
0.5853500000
0.2063500000
0.9305600000
0.6178100000
0.0316400000
0.3885100000
0.2515200000
0.2743200000
0.5703000000
0.4183000000
0.5761200000
0.2055100000
0.9338900000
0.6292600000
0.0636970000
0.4792800000
0.4846600000
0.8557000000
0.9630100000
0.1073000000
0.4756700000
0.4134400000
0.6460600000
0.4220500000
0.5471800000
0.1136000000
0.6788400000
0.0136420000
0.3102000000
0.0365250000
0.7550600000
0.3454900000
0.2852400000
0.4424600000
0.0157970000
0.4926900000
0.5816700000
0.1324500000
0.7111300000
0.0817270000
0.5050300000
0.5379000000
0.9887300000
0.3116700000
0.0659720000
0.8409100000
0.5665900000
0.9237400000
0.0949910000
0.4677200000
0.4074100000
0.6369700000
0.4032500000
0.4945500000
0.9818900000
0.3312000000
0.1309400000
0.0030201000
0.9597400000
0.9961900000
0.1450000000
0.5587800000
0.6049000000
0.1440000000
0.7322300000
0.1268400000
0.6349100000
0.8617700000
0.8709800000
0.8287000000
0.6977900000
0.3216200000
0.2284000000
0.3114000000
0.7220300000
0.8095300000
0.6855700000
0.2910300000
0.1402600000
0.0991530000
0.2335400000
0.6989200000
0.8756100000
0.8900700000
0.8797700000
0.8417300000
0.7327700000
0.4219700000
0.5201700000
0.0326690000
0.4588000000
0.4612200000
0.8088500000
0.8488900000
0.7811700000
0.5644900000
0.9356400000
0.1321500000
0.5711400000
0.6622200000
0.3073100000
0.1968400000
0.2409300000
0.5652800000
0.4617400000
0.7099000000
0.5514200000
0.9144400000
0.0781070000
0.4229600000
0.2966000000
0.3606300000
0.7506500000
0.8144600000
0.6932100000
0.3124600000
0.2022500000
0.2484000000
0.5784100000
0.4880300000
0.7799600000
0.7321900000
0.4390700000
0.5716300000
0.1645000000
0.8138300000
0.3383900000
0.2481900000
0.3429000000
0.7818900000
0.9366200000
0.0518480000
0.3295400000
0.0504500000
0.7643100000
0.3565000000
0.3159600000
0.5169400000
0.1865400000
0.9233700000
0.6301500000
0.0734430000
0.5081100000
0.5583500000
0.0470910000
0.4709000000
0.4803900000
0.8522800000
0.9573400000
0.0916740000
0.4333900000
0.3091400000
0.3843900000
0.8004500000
0.9272600000
0.0187260000
0.2366000000
0.8102500000
0.2042500000
0.8468500000
0.3703200000
0.3327000000
0.5454500000
0.2440800000
0.0716560000
0.9753400000
0.9624200000
0.0304750000
0.2456800000
0.8243600000
0.2306600000
0.9216800000
0.5489100000
0.8308200000
0.8291800000
0.7150700000
0.3732900000
0.3786600000
0.6787700000
0.5708600000
0.9818900000
0.2665000000
0.9368300000
0.5315700000
0.7685600000
0.6564600000
0.2147700000
0.9213100000
0.5755100000
0.9108600000
0.0503230000
0.3417700000
0.0890520000
0.8599600000
0.5925200000
0.9940700000
0.2894000000
0.9940400000
0.6633300000
0.1158500000
0.6220600000
0.8399300000
0.8113100000
0.6582700000
0.2085800000
0.9020700000
0.5285100000
0.7814500000
0.6977500000
0.3353600000
0.2696400000
0.4122300000
0.9522800000
0.3424200000
0.1896100000
0.1605800000
0.3365800000
0.9131000000
0.3406100000
0.2112700000
0.2285300000
0.5032300000
0.2972900000
0.2686700000
0.4735900000
0.1380500000
0.8222200000
0.4062200000
0.4490300000
0.8411200000
0.9604400000
0.1052000000
0.4714600000
0.4039200000
0.6222300000
0.3639800000
0.3833900000
0.7074200000
0.6496700000
0.2098600000
0.9091800000
0.5476100000
0.8346500000
0.8416600000
0.7511900000
0.4772600000
0.6814900000
0.4484300000
0.6137300000
0.2790100000
0.1326600000
0.0972130000
0.2396500000
0.7200500000
0.9282800000
0.0423530000
0.3068000000
0.9938200000
0.6327300000
0.0242900000
0.3595000000
0.1728300000
0.0827830000
0.1314500000
0.4157000000
0.1969800000
0.0717020000
0.0573600000
0.2084000000
0.6801400000
0.8630300000
0.8579600000
0.7890800000
0.5845900000
0.9938600000
0.2935500000
0.0066979000
0.6941200000
0.1955400000
0.8512400000
0.3984500000
0.4153900000
0.7513300000
0.7351700000
0.4551700000
0.6191800000
0.2870900000
0.1541900000
0.1477700000
0.3570700000
0.9953200000
0.5541200000
0.7869800000
0.6937100000
0.3217700000
0.2300400000
0.3160600000
0.7331300000
0.8349600000
0.7590400000
0.5032200000
0.7574500000
0.6491400000
0.1955800000
0.8665500000
0.4442900000
0.5465600000
0.0826730000
0.5865500000
0.7811600000
0.6542400000
0.2049000000
0.8925400000
0.5062700000
0.7199400000
0.5336400000
0.8584500000
0.9243900000
0.9902900000
0.1532000000
0.5890800000
0.6826200000
0.3570800000
0.3393200000
0.5861000000
0.3551100000
0.3763800000
0.7004000000
0.6392400000
0.1805300000
0.8254300000
0.3464800000
0.2687900000
0.3915100000
0.8916000000
0.1901200000
0.7719800000
0.1699200000
0.7543000000
0.1508400000
0.7014700000
0.0235840000
0.3332500000
0.0948660000
0.8913900000
0.6786200000
0.2376000000
0.9821600000
0.7182100000
0.2917100000
0.1331000000
0.0765070000
0.1768500000
0.5604400000
0.5576900000
0.0011913000
0.3336800000
0.1198400000
0.9656200000
0.8645800000
0.7453400000
0.4505600000
0.6028400000
0.2436900000
0.0324130000
0.8583100000
0.6600400000
0.1973200000
0.8676500000
0.4446200000
0.5470700000
0.0837630000
0.5894300000
0.7883000000
0.6739100000
0.2620300000
0.0569780000
0.8998400000
0.7549300000
0.4619600000
0.6346600000
0.3254300000
0.2620900000
0.4060700000
0.9470200000
0.3352800000
0.1722400000
0.1201800000
0.2446200000
0.7010600000
0.8626200000
0.8504900000
0.7668500000
0.5208800000
0.8084800000
0.7856000000
0.5914300000
0.0153040000
0.3537500000
0.1653800000
0.0695920000
0.1042400000
0.3518300000
0.0464130000
0.7157700000
0.2158300000
0.9061000000
0.5280500000
0.7777600000
0.6870900000
0.3043300000
0.1797000000
0.1946000000
0.4554000000
0.2125300000
0.0668670000
0.0160640000
0.0908890000
0.3759900000
0.1380400000
0.9527600000
0.7978600000
0.5555800000
0.9044300000
0.0449550000
0.3294400000
0.0586170000
0.7889700000
0.4202400000
0.5008300000
0.9770000000
0.3101900000
0.0723060000
0.8624200000
0.6228000000
0.0838530000
0.5427400000
0.6481000000
0.2858700000
0.1378100000
0.1007400000
0.2421800000
0.7225400000
0.9313500000
0.0509040000
0.3303700000
0.0541240000
0.7739500000
0.3808400000
0.3865600000
0.6909400000
0.5954600000
0.0519170000
0.4612400000
0.4454700000
0.7587200000
0.7176500000
0.4008200000
0.4605700000
0.8834600000
0.0734630000
0.4261700000
0.3124900000
0.4039900000
0.8535700000
0.0578890000
0.3927900000
0.2326300000
0.2113200000
0.4143900000
0.0607350000
0.6647600000
0.0449080000
0.4087200000
0.2965200000
0.3800400000
0.8090100000
0.9595000000
0.1129800000
0.4955600000
0.4647200000
0.7786400000
0.7541500000
0.5052900000
0.7648400000
0.6693000000
0.2542500000
0.0351660000
0.8480500000
0.6260600000
0.0994830000
0.5881000000
0.7621300000
0.5962000000
0.0356190000
0.4119200000
0.3171300000
0.4374000000
0.9459400000
0.2895900000
0.0359670000
0.7887700000
0.4472900000
0.5820500000
0.1853800000
0.8696900000
0.4710800000
0.6255300000
0.2874900000
0.1523700000
0.1416200000
0.3415700000
0.9586200000
0.4690100000
0.5643800000
0.1063900000
0.6444700000
0.9211900000
0.0452440000
0.3201300000
0.0303190000
0.7196500000
0.2464600000
0.9969900000
0.7471700000
0.3645000000
0.3442100000
0.5890500000
0.3559700000
0.3771600000
0.7014000000
0.6410200000
0.1855900000
0.8398600000
0.3812400000
0.3680800000
0.6348700000
0.4554500000
0.6520500000
0.3853800000
0.4348200000
0.8288700000
0.9417100000
0.0533290000
0.3303200000
0.0509490000
0.7645100000
0.3564800000
0.3158600000
0.5166800000
0.1859200000
0.9217400000
0.6263200000
0.0629990000
0.4785300000
0.4833100000
0.8525000000
0.9548500000
0.0840910000
0.4126300000
0.2574300000
0.2573000000
0.5088600000
0.2637700000
0.1626500000
0.2138000000
0.5413600000
0.4373300000
0.6546600000
0.4158300000
0.5251600000
0.0560540000
0.5245000000
0.6300700000
0.2471200000
0.0291900000
0.8426200000
0.6166500000
0.0732980000
0.5140600000
0.5763700000
0.0955110000
0.6037200000
0.8146700000
0.7449000000
0.4674500000
0.6536000000
0.3758600000
0.4056600000
0.7558000000
0.7622100000
0.5352100000
0.8526000000
0.9055300000
0.9360900000
0.0022249000
0.1810400000
0.6608700000
0.8519700000
0.8312900000
0.7136400000
0.3682900000
0.3640500000
0.6426700000
0.4851400000
0.7378200000
0.6088400000
0.0795260000
0.5367200000
0.6359600000
0.2543500000
0.0482870000
0.8872200000
0.7279000000
0.3876000000
0.4182900000
0.7759700000
0.8051000000
0.6588200000
0.2120700000
0.9123300000
0.5532700000
0.8497200000
0.8825500000
0.8682900000
0.8111000000
0.6462200000
0.1725000000
0.7984500000
0.2790000000
0.0745200000
0.9228100000
0.8010100000
0.5863700000
0.9959100000
0.2986000000
0.0198580000
0.7248900000
0.2738900000
0.0779170000
0.9419200000
0.8537500000
0.7314200000
0.4133100000
0.4945300000
0.9676400000
0.2884600000
0.0152790000
0.7286500000
0.2901300000
0.1256900000
0.0570050000
0.1298100000
0.4448000000
0.2868400000
0.3028800000
0.5942600000
0.4407500000
0.6284300000
0.3327600000
0.2868600000
0.4681800000
0.0901420000
0.6846400000
0.0650280000
0.4625400000
0.4327100000
0.7188900000
0.6145400000
0.1014300000
0.5995100000
0.7935400000
0.6838200000
0.2903300000
0.1386900000
0.0956660000
0.2255600000
0.6799700000
0.8327000000
0.7670200000
0.5279300000
0.8295900000
0.8426800000
0.7560000000
0.4913200000
0.7224800000
0.5562900000
0.9257400000
0.1083700000
0.5065300000
0.5044600000
0.8869500000
0.0364300000
0.3133200000
0.0203990000
0.7013900000
0.2027700000
0.8708400000
0.4448500000
0.5463000000
0.0811970000
0.5823300000
0.7705100000
0.6249100000
0.1196400000
0.6491000000
0.9153200000
0.0257790000
0.2654300000
0.8889400000
0.3897700000
0.3723300000
0.6348600000
0.4488300000
0.6322000000
0.3339300000
0.2886500000
0.4716300000
0.0973930000
0.7024500000
0.1081800000
0.5867700000
0.7454500000
0.5469700000
0.8920400000
0.0143470000
0.2444300000
0.8384700000
0.2751600000
0.0503450000
0.8569800000
0.6346300000
0.1216400000
0.6507200000
0.9171500000
0.0306210000
0.2788200000
0.9236300000
0.4704600000
0.5941900000
0.1941600000
0.8887100000
0.5132100000
0.7427500000
0.5954500000
0.0381480000
0.4199300000
0.3382200000
0.4896000000
0.0674140000
0.5929000000
0.8206700000
0.7689900000
0.5378600000
0.8588700000
0.9221400000
0.9833900000
0.1339500000
0.5378000000
0.5594000000
0.0237700000
0.4001700000
0.2954100000
0.3889000000
0.8375100000
0.0317070000
0.3203200000
0.0468710000
0.7689900000
0.3749200000
0.3700600000
0.6504500000
0.4991100000
0.7766200000
0.7107400000
0.3755800000
0.3867100000
0.6993700000
0.6205600000
0.1247700000
0.6665600000
0.9598800000
0.1530200000
0.6154000000
0.7618400000
0.5803200000
0.9880200000
0.2787100000
0.9677800000
0.6030900000
0.9590500000
0.1783500000
0.6920600000
0.9500400000
0.1153400000
0.5101100000
0.5048400000
0.8846600000
0.0291980000
0.2927800000
0.9671200000
0.5767100000
0.8804700000
0.9583600000
0.0823310000
0.4045500000
0.2356100000
0.2032300000
0.3849100000
0.9862600000
0.4839000000
0.5850100000
0.1517300000
0.7668900000
0.2184100000
0.9010500000
0.5084000000
0.7216900000
0.5368300000
0.8675800000
0.9491100000
0.0605520000
0.3464600000
0.0902600000
0.8559500000
0.5788200000
0.9546200000
0.1794500000
0.6988800000
0.9686600000
0.1692300000
0.6566900000
0.8591800000
0.8544500000
0.7801900000
0.5593400000
0.9204400000
0.0902380000
0.4555900000
0.3777500000
0.5622900000
0.2228300000
0.9952800000
0.7834000000
0.4748500000
0.6661500000
0.4051000000
0.4888200000
0.9620700000
0.2776900000
0.9875900000
0.6643300000
0.1250200000
0.6492200000
0.9074700000
0.0021937000
0.1993900000
0.7159700000
0.9860500000
0.2167100000
0.7836100000
0.1590500000
0.7187000000
0.0619410000
0.4436800000
0.3801100000
0.5841000000
0.2846500000
0.1662300000
0.1881100000
0.4583800000
0.2325200000
0.1232800000
0.1504500000
0.4138500000
0.1613500000
0.9673700000
0.8041900000
0.5626700000
0.9239100000
0.0982370000
0.4773500000
0.4316600000
0.6988500000
0.5557800000
0.9305800000
0.1232600000
0.5479500000
0.6063700000
0.1565800000
0.7691800000
0.2174300000
0.8975300000
0.4995400000
0.6970700000
0.4716800000
0.6787900000
0.4465900000
0.6090500000
0.2672500000
0.0997970000
0.0191530000
0.0548350000
0.2644800000
0.8515600000
0.2793000000
0.0578070000
0.8721600000
0.6708500000
0.2237300000
0.9430900000
0.6252500000
0.0450600000
0.4252100000
0.3458000000
0.5051900000
0.1018300000
0.6803700000
0.0355420000
0.3754100000
0.2077200000
0.1626700000
0.3118000000
0.8353200000
0.1487300000
0.6721700000
0.9390900000
0.0887170000
0.4383800000
0.3282600000
0.4352800000
0.9209300000
0.2173000000
0.8364700000
0.3165900000
0.1753400000
0.1606800000
0.3609500000
0.9860200000
0.5200900000
0.6937700000
0.4421900000
0.5912700000
0.2194500000
0.9662700000
0.7022500000
0.2578000000
0.0356730000
0.8433500000
0.6113700000
0.0571700000
0.4683400000
0.4602000000
0.7946100000
0.8073700000
0.6607100000
0.2170700000
0.9266700000
0.5875700000
0.9435400000
0.1407500000
0.5912500000
0.7090600000
0.4351100000
0.5657400000
0.1519600000
0.7802300000
0.2580600000
0.0165990000
0.7856700000
0.4597500000
0.6202600000
0.2848400000
0.1469100000
0.1298400000
0.3150100000
0.8974200000
0.3295900000
0.1872700000
0.1746800000
0.3828500000
0.0285780000
0.6139400000
0.9313200000
0.0894840000
0.4461300000
0.3504300000
0.4919800000
0.0546960000
0.5522700000
0.7150900000
0.4794100000
0.6970200000
0.4926500000
0.7417100000
0.6126000000
0.0898520000
0.5657500000
0.7087900000
0.4507200000
0.6126400000
0.2729000000
0.1148800000
0.0545350000
0.1388000000
0.4748800000
0.3630400000
0.4957300000
0.0458950000
0.5220000000
0.6351600000
0.2646100000
0.0794120000
0.9626200000
0.9138200000
0.8955500000
0.8756700000
0.8265300000
0.6891400000
0.2963900000
0.1552600000
0.1349100000
0.3167600000
0.8947700000
0.3186700000
0.1559600000
0.0990200000
0.2079500000
0.6223500000
0.6904300000
0.3626900000
0.3537600000
0.6205500000
0.4350900000
0.5975200000
0.2473200000
0.0462680000
0.8935100000
0.7492100000
0.4482600000
0.5949700000
0.2229300000
0.9745700000
0.7210800000
0.3071300000
0.1786300000
0.1866000000
0.4331900000
0.1595200000
0.9357900000
0.7124500000
0.3119200000
0.1952500000
0.2283200000
0.5301900000
0.3785400000
0.4875700000
0.9974600000
0.3851700000
0.2780400000
0.3588400000
0.7774600000
0.8977300000
0.9363300000
0.0073298000
0.1961800000
0.7010900000
0.9469100000
0.1033200000
0.4764500000
0.4216200000
0.6697200000
0.4818100000
0.7177000000
0.5520800000
0.9143400000
0.0773200000
0.4206500000
0.2907500000
0.3462100000
0.7175000000
0.7380700000
0.4723800000
0.6700800000
0.4196500000
0.5311200000
0.0686860000
0.5572200000
0.7119700000
0.4663700000
0.6587500000
0.3925500000
0.4538000000
0.8751700000
0.0567340000
0.3799800000
0.1956500000
0.1195100000
0.2030700000
0.5774200000
0.5640800000
0.0087296000
0.3517100000
0.1662100000
0.0753500000
0.1201400000
0.3918700000
0.1428700000
0.9433900000
0.7621000000
0.4554000000
0.6132100000
0.2689100000
0.1026300000
0.0247590000
0.0675450000
0.2964300000
0.9310900000
0.4623300000
0.5648200000
0.1154700000
0.6714100000
0.9885400000
0.2373400000
0.8431600000
0.3016900000
0.1282000000
0.0446240000
0.0888000000
0.3370900000
0.0242720000
0.6732900000
0.1142100000
0.6137000000
0.8173100000
0.7475800000
0.4746800000
0.6746300000
0.4307200000
0.5628100000
0.1488900000
0.7730700000
0.2415500000
0.9689100000
0.6715400000
0.1634300000
0.7619500000
0.1845200000
0.8006200000
0.2653200000
0.0328640000
0.8217400000
0.5498100000
0.8799700000
0.9759200000
0.1352600000
0.5484800000
0.5893800000
0.1051900000
0.6246300000
0.8634400000
0.8806300000
0.8569100000
0.7779000000
0.5514800000
0.8974600000
0.0271220000
0.2798500000
0.9306900000
0.4898500000
0.6476700000
0.3333900000
0.2805500000
0.4482100000
0.0412070000
0.5617000000
0.7599000000
0.6069100000
0.0682920000
0.5040400000
0.5529400000
0.0348170000
0.4380900000
0.3965900000
0.6406600000
0.4298200000
0.5727000000
0.1797600000
0.8588800000
0.4481400000
0.5613800000
0.1223100000
0.6943700000
0.0470630000
0.4057300000
0.2849000000
0.3494300000
0.7372900000
0.7922400000
0.6298500000
0.1287800000
0.6742600000
0.9768100000
0.2012100000
0.7455300000
0.0716120000
0.4659400000
0.4342500000
0.7195500000
0.6145000000
0.1011400000
0.5986500000
0.7913900000
0.6778300000
0.2729700000
0.0885020000
0.9752800000
0.9392600000
0.9610600000
0.0552900000
0.3212400000
0.0212480000
0.6905700000
0.1694100000
0.7738700000
0.2104100000
0.8753000000
0.4450200000
0.5447700000
0.0763820000
0.5690900000
0.7373400000
0.5340500000
0.8552600000
0.9144800000
0.9618900000
0.0742760000
0.3775100000
0.1654300000
0.0326060000
0.9931900000
0.0644450000
0.3200400000
0.0059646000
0.6467400000
0.0541620000
0.4432400000
0.3886700000
0.6103300000
0.3504900000
0.3488300000
0.6251800000
0.4568900000
0.6607200000
0.4096600000
0.5044100000
0.0023899000
0.3828100000
0.2660200000
0.3263300000
0.7009300000
0.7210700000
0.4258700000
0.5348500000
0.0714740000
0.5624300000
0.7239200000
0.4984600000
0.7518700000
0.6371700000
0.1610600000
0.7678700000
0.2061900000
0.8641300000
0.4188300000
0.4712200000
0.8901100000
0.0810590000
0.4455800000
0.3604600000
0.5227400000
0.1310000000
0.7514800000
0.2050400000
0.8647500000
0.4226700000
0.4824700000
0.9186300000
0.1541400000
0.6484400000
0.8591700000
0.8575900000
0.7896100000
0.5863300000
0.9989300000
0.3076900000
0.0441230000
0.7821400000
0.4177100000
0.4950500000
0.9631200000
0.2743800000
0.9768000000
0.6377200000
0.0550970000
0.4497600000
0.4070700000
0.6573700000
0.4649200000
0.6714200000
0.4322500000
0.5684700000
0.1638700000
0.8140800000
0.3401900000
0.2535000000
0.3559100000
0.8115700000
0.0047212000
0.2478700000
0.8588300000
0.3302200000
0.2076400000
0.2347400000
0.5281500000
0.3611900000
0.4372900000
0.8735000000
0.0723990000
0.4277500000
0.3186400000
0.4203200000
0.8921700000
0.1509100000
0.6540500000
0.8812200000
0.9215700000
0.9715900000
0.0989290000
0.4432900000
0.3284900000
0.4297200000
0.9038700000
0.1733800000
0.7150500000
0.0273290000
0.3408000000
0.1133000000
0.9342900000
0.7804200000
0.5168900000
0.7930500000
0.7429400000
0.4678500000
0.6552700000
0.3804200000
0.4187000000
0.7879900000
0.8406000000
0.7621800000
0.5106300000
0.7788800000
0.7062700000
0.3615900000
0.3459300000
0.5987900000
0.3824200000
0.4508600000
0.8814400000
0.0791300000
0.4441700000
0.3588400000
0.5196600000
0.1243300000
0.7342500000
0.1636300000
0.7447900000
0.1327000000
0.6493900000
0.8961200000
0.9680700000
0.1034200000
0.4597800000
0.3714700000
0.5384400000
0.1608900000
0.8277300000
0.3860100000
0.3866200000
0.6833200000
0.5725400000
0.9854700000
0.2761300000
0.9624300000
0.5915300000
0.9288300000
0.0942760000
0.4622000000
0.3918700000
0.5967800000
0.3051100000
0.2200600000
0.3143400000
0.7454100000
0.8747000000
0.8752100000
0.8356400000
0.7166700000
0.3758600000
0.3859700000
0.6967300000
0.6137400000
0.1050600000
0.6108100000
0.8221600000
0.7636100000
0.5212300000
0.8103200000
0.7907900000
0.6064500000
0.0589750000
0.4763300000
0.4818800000
0.8506200000
0.9507700000
0.0725900000
0.3813100000
0.1790700000
0.0677460000
0.0758990000
0.2692400000
0.8384400000
0.2316100000
0.9196800000
0.5412800000
0.8091900000
0.7703100000
0.5453500000
0.8810100000
0.9825200000
0.1545600000
0.6004200000
0.7144300000
0.4459700000
0.5969000000
0.2315600000
0.9993500000
0.7803600000
0.4617200000
0.6275500000
0.3043900000
0.2021200000
0.2617800000
0.6187600000
0.5856200000
0.0500000000
0.4613300000
0.4481100000
0.7665200000
0.7377700000
0.4592300000
0.6307200000
0.3168300000
0.2380300000
0.3483300000
0.8159800000
0.0301060000
0.3226700000
0.0557720000
0.7917300000
0.4321300000
0.5357700000
0.0659340000
0.5450500000
0.6790600000
0.3769000000
0.3999100000
0.7369700000
0.7139500000
0.3950800000
0.4443300000
0.8430600000
0.9721100000
0.1395200000
0.5646000000
0.6310500000
0.2183000000
0.9422800000
0.6322800000
0.0667580000
0.4871100000
0.5041700000
0.9057900000
0.0932480000
0.4735400000
0.4273500000
0.6901600000
0.5354300000
0.8720700000
0.9637400000
0.1024100000
0.4604100000
0.3748100000
0.5477100000
0.1835700000
0.8883400000
0.5301000000
0.7936300000
0.7329300000
0.4376500000
0.5671800000
0.1529900000
0.7823100000
0.2626500000
0.0298200000
0.8172900000
0.5399500000
0.8517900000
0.8991900000
0.9174100000
0.9497600000
0.0360750000
0.2725400000
0.8984600000
0.4059200000
0.4156900000
0.7415200000
0.7053000000
0.3680000000
0.3654500000
0.6472900000
0.4968300000
0.7710100000
0.6962400000
0.3335000000
0.2644900000
0.3998500000
0.9241600000
0.2756200000
0.0093190000
0.7331100000
0.3098100000
0.1836000000
0.1969500000
0.4558800000
0.2099500000
0.0585410000
0.9955600000
0.0401140000
0.2447300000
0.8103000000
0.1901200000
0.8044500000
0.2673300000
0.0377950000
0.8330100000
0.5778800000
0.9604200000
0.1974700000
0.7482900000
0.0862860000
0.5092800000
0.5443400000
0.0039539000
0.3521500000
0.1724500000
0.0933610000
0.1638200000
0.4980400000
0.3921500000
0.5584100000
0.1895900000
0.8983700000
0.5499600000
0.8478800000
0.8795300000
0.8599400000
0.7875400000
0.5791300000
0.9778900000
0.2490600000
0.8881400000
0.4160600000
0.4515900000
0.8350200000
0.9389800000
0.0430260000
0.3013800000
0.9767700000
0.5908400000
0.9144900000
0.0516450000
0.3435400000
0.0927050000
0.8680400000
0.6116400000
0.0479300000
0.4404800000
0.3881200000
0.6121700000
0.3568500000
0.3669600000
0.6693800000
0.5607300000
0.9546000000
0.1917000000
0.7356500000
0.0582320000
0.4282400000
0.3385500000
0.4793900000
0.0362490000
0.5103600000
0.6117400000
0.2051200000
0.9120000000
0.5642800000
0.8829500000
0.9742300000
0.1287300000
0.5303900000
0.5452700000
0.9876000000
0.3023500000
0.0390990000
0.7761800000
0.4058300000
0.4609500000
0.8774200000
0.0549110000
0.3734400000
0.1783500000
0.0775900000
0.1066300000
0.3483300000
0.0324170000
0.6794100000
0.1233300000
0.6390800000
0.8796600000
0.9228700000
0.9762600000
0.1120900000
0.4786800000
0.4153900000
0.6485600000
0.4268600000
0.5606200000
0.1474400000
0.7702900000
0.2355200000
0.9515400000
0.6299900000
0.0529120000
0.4466000000
0.4003000000
0.6410000000
0.4254900000
0.5595700000
0.1461400000
0.7671500000
0.2281800000
0.9303000000
0.5791300000
0.9157600000
0.0626730000
0.3758400000
0.1756600000
0.0658490000
0.0759160000
0.2717800000
0.8460100000
0.2499000000
0.9717700000
0.6654800000
0.1428000000
0.7021300000
0.0384540000
0.3776800000
0.2111000000
0.1693500000
0.3260000000
0.8668700000
0.2194700000
0.8719600000
0.4192800000
0.4690900000
0.8830900000
0.0624430000
0.3932900000
0.2283200000
0.1976300000
0.3808800000
0.9837800000
0.4825300000
0.5831900000
0.1477700000
0.7561400000
0.1925500000
0.8261400000
0.3282400000
0.2138300000
0.2566000000
0.5830000000
0.4874400000
0.7752700000
0.7187400000
0.3999200000
0.4576000000
0.8758300000
0.0541330000
0.3718600000
0.1745800000
0.0687070000
0.0863070000
0.2992000000
0.9140900000
0.4065500000
0.4085100000
0.7190800000
0.6480000000
0.2017700000
0.8855500000
0.4906900000
0.6768200000
0.4199800000
0.5298500000
0.0644370000
0.5455600000
0.6825500000
0.3869700000
0.4290100000
0.8090700000
0.8899500000
0.9043100000
0.9154200000
0.9409000000
0.0107230000
0.2030900000
0.7182800000
0.9866100000
0.2178000000
0.7863700000
0.1654200000
0.7370700000
0.1066100000
0.5730100000
0.7065100000
0.4389200000
0.5778600000
0.1833800000
0.8663600000
0.4644700000
0.6071800000
0.2400400000
0.0191500000
0.8249100000
0.5747100000
0.9536300000
0.1791500000
0.6987700000
0.9688300000
0.1697700000
0.6581800000
0.8627300000
0.8645600000
0.8090100000
0.6415700000
0.1591900000
0.7604200000
0.1868800000
0.8080600000
0.2836600000
0.0857360000
0.9483600000
0.8623400000
0.7523900000
0.4726700000
0.6674300000
0.4113800000
0.5072100000
0.0083871000
0.3980700000
0.3056600000
0.4226800000
0.9212800000
0.2350300000
0.8894300000
0.4445300000
0.5363500000
0.0517430000
0.5019900000
0.5679400000
0.0818530000
0.5683800000
0.7277800000
0.5058500000
0.7730700000
0.6934500000
0.3246100000
0.2386400000
0.3371000000
0.7812100000
0.9440800000
0.0744200000
0.3918500000
0.2082400000
0.1395300000
0.2414800000
0.6616600000
0.7499300000
0.5248900000
0.8246800000
0.8306300000
0.7214600000
0.3919800000
0.4330600000
0.8138100000
0.8988200000
0.9294900000
0.9862000000
0.1375200000
0.5459100000
0.5781400000
0.0734530000
0.5364000000
0.6431800000
0.2762800000
0.1110200000
0.0370700000
0.0921540000
0.3561500000
0.0767440000
0.7998400000
0.4291100000
0.5244500000
0.0359540000
0.4648200000
0.4754700000
0.8445000000
0.9394600000
0.0410130000
0.2950000000
0.9600300000
0.5516200000
0.8110500000
0.7678000000
0.5372600000
0.8573600000
0.9181100000
0.9719100000
0.1020900000
0.4524900000
0.3515400000
0.4874300000
0.0392790000
0.5107800000
0.6094300000
0.1977800000
0.8911700000
0.5144100000
0.7450800000
0.6013300000
0.0551860000
0.4677400000
0.4609000000
0.7974100000
0.8149300000
0.6826000000
0.2804700000
0.1094900000
0.0251790000
0.0587480000
0.2695700000
0.8618700000
0.3013200000
0.1196600000
0.0196330000
0.0268920000
0.1801300000
0.6317900000
0.7662500000
0.5858000000
0.0033858000
0.3213800000
0.0807140000
0.8687400000
0.6303900000
0.1038900000
0.5993400000
0.7894700000
0.6717000000
0.2550900000
0.0368780000
0.8517100000
0.6350500000
0.1250100000
0.6606400000
0.9417600000
0.1007500000
0.4725400000
0.4136200000
0.6501000000
0.4339200000
0.5811800000
0.1998100000
0.9135200000
0.5779800000
0.9231400000
0.0855670000
0.4398400000
0.3370100000
0.4596700000
0.9796100000
0.3630000000
0.2284000000
0.2439700000
0.5197600000
0.3198500000
0.3207100000
0.5912900000
0.4015900000
0.5127000000
0.0387090000
0.4838100000
0.5292000000
0.9844000000
0.3060200000
0.0530910000
0.8118800000
0.4959300000
0.7213900000
0.5482700000
0.9019700000
0.0431280000
0.3253600000
0.0485720000
0.7656400000
0.3627900000
0.3345000000
0.5626200000
0.2925900000
0.2043200000
0.2886500000
0.6955900000
0.7692800000
0.5720100000
0.9612600000
0.2038400000
0.7667300000
0.1306600000
0.6378400000
0.8646500000
0.8783600000
0.8495900000
0.7570400000
0.4918200000
0.7237100000
0.5594900000
0.9350100000
0.1338400000
0.5766500000
0.6761200000
0.3453600000
0.3062200000
0.5056400000
0.1691700000
0.8819600000
0.5350600000
0.8117000000
0.7829300000
0.5824600000
0.9891100000
0.2806100000
0.9724400000
0.6137900000
0.9871200000
0.2569500000
0.9033400000
0.4478200000
0.5386700000
0.0545870000
0.5086100000
0.5842600000
0.1243500000
0.6852200000
0.0165050000
0.3167900000
0.0532180000
0.7939700000
0.4420500000
0.5649100000
0.1405500000
0.7465700000
0.1753500000
0.7768800000
0.2095500000
0.8719400000
0.4364400000
0.5206000000
0.0147920000
0.4047800000
0.3190300000
0.4531600000
0.9900200000
0.4020600000
0.3359200000
0.5077100000
0.1255400000
0.7490400000
0.2061500000
0.8686900000
0.4325600000
0.5104200000
0.9893100000
0.3377800000
0.1437500000
0.0306040000
0.0223450000
0.1542200000
0.5591300000
0.5911200000
0.1024100000
0.6152400000
0.8393200000
0.8128200000
0.6630100000
0.2223400000
0.9416400000
0.6233400000
0.0403940000
0.4121100000
0.3120900000
0.4220000000
0.9082600000
0.1969200000
0.7831200000
0.1917200000
0.8168200000
0.3017100000
0.1372400000
0.0716880000
0.1559100000
0.5040700000
0.4231900000
0.6455500000
0.4071500000
0.5026800000
0.0007276600
0.3795200000
0.2578400000
0.3067800000
0.6565800000
0.6210400000
0.1400900000
0.7123000000
0.0732480000
0.4792800000
0.4721200000
0.8180800000
0.8639600000
0.8235900000
0.6855800000
0.2866700000
0.1271700000
0.0674280000
0.1588100000
0.5183900000
0.4614200000
0.7466700000
0.6620900000
0.2371000000
0.9862500000
0.7313700000
0.3274200000
0.2368700000
0.3271000000
0.7543100000
0.8799600000
0.8888200000
0.8739500000
0.8249100000
0.6850800000
0.2847600000
0.1216000000
0.0540310000
0.1271400000
0.4405500000
0.2782000000
0.2823300000
0.5476400000
0.3363800000
0.3468500000
0.6421800000
0.5110900000
0.8158600000
0.8167900000
0.6827600000
0.2804000000
0.1092200000
0.0244940000
0.0570940000
0.2653700000
0.8513800000
0.2771900000
0.0515600000
0.8570900000
0.6334700000
0.1181200000
0.6406700000
0.8923200000
0.9601900000
0.0818050000
0.4015000000
0.2271700000
0.1822900000
0.3368400000
0.8777600000
0.2341600000
0.9110200000
0.5108300000
0.7231900000
0.5390300000
0.8737800000
0.9659100000
0.1081600000
0.4758100000
0.4126200000
0.6434400000
0.4153200000
0.5280500000
0.0654110000
0.5500400000
0.6947300000
0.4200300000
0.5245100000
0.0483340000
0.5019100000
0.5719100000
0.0938370000
0.6016400000
0.8108200000
0.7344700000
0.4373500000
0.5658700000
0.1494600000
0.7726300000
0.2392900000
0.9622500000
0.6555300000
0.1209800000
0.6402800000
0.8868300000
0.9439000000
0.0357770000
0.2760600000
0.9093700000
0.4325000000
0.4891800000
0.9256800000
0.1681500000
0.6859100000
0.9486200000
0.1129100000
0.5039200000
0.4898900000
0.8457900000
0.9277200000
0.0052991000
0.1960200000
0.7026800000
0.9519600000
0.1180500000
0.5167600000
0.5207100000
0.9260500000
0.1384400000
0.5965500000
0.7286100000
0.4906900000
0.7273900000
0.5716700000
0.9706400000
0.2322200000
0.8439800000
0.3131100000
0.1621600000
0.1270300000
0.2818400000
0.8022500000
0.1010800000
0.5396800000
0.6145500000
0.1876800000
0.8582700000
0.4329100000
0.5159400000
0.0054160000
0.3809100000
0.2572400000
0.3028700000
0.6459200000
0.5957500000
0.0683310000
0.5103100000
0.5717100000
0.0850800000
0.5755000000
0.7446900000
0.5518200000
0.9067600000
0.0547670000
0.3575300000
0.1307900000
0.9597900000
0.8302900000
0.6472700000
0.1695200000
0.7890900000
0.2558800000
0.0077426000
0.7629100000
0.4008400000
0.4493200000
0.8496700000
0.9857300000
0.1778700000
0.6673800000
0.8768200000
0.9035400000
0.9196300000
0.9539800000
0.0473350000
0.3030400000
0.9765200000
0.5872700000
0.9039900000
0.0222950000
0.2617100000
0.8816700000
0.3744800000
0.3301000000
0.5312500000
0.2057700000
0.9683700000
0.7322700000
0.3460700000
0.2926000000
0.4636200000
0.0665110000
0.6190400000
0.9002800000
0.9938200000
0.1783800000
0.6612300000
0.8575100000
0.8477900000
0.7608800000
0.5040400000
0.7594300000
0.6542900000
0.2105500000
0.9094500000
0.5472600000
0.8334300000
0.8382700000
0.7414400000
0.4492400000
0.5998200000
0.2362600000
0.0118140000
0.8095200000
0.5364200000
0.8435700000
0.8774200000
0.8552600000
0.7744800000
0.5418800000
0.8695500000
0.9509000000
0.0650520000
0.3585900000
0.1208300000
0.9282400000
0.7509400000
0.4325900000
0.5475300000
0.1006000000
0.6395900000
0.9149800000
0.0286110000
0.2741400000
0.9118700000
0.4433400000
0.5202100000
0.0048110000
0.3751900000
0.2407100000
0.2619800000
0.5522400000
0.3857000000
0.4912700000
0.9977500000
0.3821700000
0.2687300000
0.3354400000
0.7235100000
0.7737100000
0.5777300000
0.9772800000
0.2481500000
0.8859400000
0.4110700000
0.4377500000
0.8004400000
0.8526300000
0.7948400000
0.6040100000
0.0505600000
0.4523900000
0.4206200000
0.6947900000
0.5583800000
0.9395500000
0.1482500000
0.6166400000
0.7732700000
0.6139900000
0.0861870000
0.5540500000
0.6788100000
0.3692200000
0.3769400000
0.6798900000
0.5768500000
0.9995000000
0.3153800000
0.0666290000
0.8365900000
0.5527800000
0.8838500000
0.9853200000
0.1615500000
0.6188100000
0.7581900000
0.5676800000
0.9510100000
0.1760400000
0.6914600000
0.9521300000
0.1217900000
0.5278500000
0.5483200000
0.9989300000
0.3339700000
0.1229800000
0.9745500000
0.8865900000
0.8036800000
0.6152600000
0.0817990000
0.5402600000
0.6434600000
0.2739500000
0.1039300000
0.0198580000
0.0509480000
0.2520500000
0.8191200000
0.2037500000
0.8426100000
0.3584800000
0.2987800000
0.4622500000
0.0517790000
0.5764400000
0.7912500000
0.6908800000
0.3121500000
0.2020100000
0.2481900000
0.5782200000
0.4878200000
0.7794500000
0.7308700000
0.4352300000
0.5604300000
0.1358500000
0.7356800000
0.1500600000
0.7037200000
0.0316060000
0.3566900000
0.1561100000
0.0370900000
0.0219150000
0.1454100000
0.5331800000
0.5274300000
0.9317000000
0.1494600000
0.6258100000
0.7988200000
0.6862200000
0.2960700000
0.1551800000
0.1352100000
0.3178000000
0.8974300000
0.3249000000
0.1732000000
0.1402800000
0.3033300000
0.8460400000
0.1953200000
0.8080300000
0.2691800000
0.0422920000
0.8432800000
0.6033200000
0.0330620000
0.4002800000
0.2851900000
0.3580800000
0.7627300000
0.8547500000
0.8111000000
0.6519500000
0.1896900000
0.8477800000
0.3980400000
0.4155200000
0.7523000000
0.7379000000
0.4631200000
0.6423500000
0.3471400000
0.3239500000
0.5559300000
0.2900800000
0.2016300000
0.2849300000
0.6890500000
0.7561100000
0.5344300000
0.8517900000
0.9037300000
0.9310100000
0.9880200000
0.1419600000
0.5575100000
0.6059200000
0.1480000000
0.7436800000
0.1547900000
0.7159300000
0.0605690000
0.4402800000
0.3717000000
0.5631600000
0.2347100000
0.0302890000
0.8676700000
0.6905600000
0.2848700000
0.1202700000
0.0498450000
0.1166100000
0.4141500000
0.2150400000
0.1280100000
0.1951400000
0.5406400000
0.4673200000
0.7452200000
0.6508700000
0.2037800000
0.8904700000
0.5019900000
0.7081900000
0.5025900000
0.7684100000
0.6826600000
0.2934200000
0.1483400000
0.1192600000
0.2809900000
0.8115600000
0.1304700000
0.6251200000
0.8267600000
0.7703900000
0.5400500000
0.8651100000
0.9390500000
0.0314470000
0.2666000000
0.8860200000
0.3789700000
0.3414200000
0.5583400000
0.2683900000
0.1348100000
0.1222100000
0.3112800000
0.8979500000
0.3375000000
0.2107200000
0.2319500000
0.5144600000
0.3249900000
0.3410200000
0.6435900000
0.5248100000
0.8564600000
0.9260300000
0.9960300000
0.1693400000
0.6319600000
0.7847700000
0.6412900000
0.1651000000
0.7782800000
0.2307700000
0.9352300000
0.5893900000
0.9431500000
0.1384900000
0.5847400000
0.6930900000
0.3911300000
0.4383100000
0.8307900000
0.9429700000
0.0564500000
0.3387600000
0.0723560000
0.8148000000
0.4798600000
0.6723100000
0.4180200000
0.5254800000
0.0539940000
0.5180300000
0.6132700000
0.2025400000
0.9034700000
0.5431400000
0.8245500000
0.8148900000
0.6742900000
0.2555700000
0.0374770000
0.8526500000
0.6371800000
0.1310100000
0.6777500000
0.9838200000
0.2210900000
0.7988200000
0.1970600000
0.8285900000
0.3278800000
0.2119400000
0.2515300000
0.5710800000
0.4605400000
0.7023200000
0.5301000000
0.8525500000
0.9097100000
0.9486500000
0.0374320000
0.2774600000
0.9116400000
0.4368500000
0.5008900000
0.9551500000
0.2445600000
0.8937900000
0.4409200000
0.5232100000
0.0168990000
0.4087600000
0.3287000000
0.4765200000
0.0439100000
0.5365200000
0.6811000000
0.3899200000
0.4383200000
0.8326200000
0.9484500000
0.0722560000
0.3820800000
0.1818300000
0.0748570000
0.0925890000
0.3098800000
0.9373100000
0.4579600000
0.5473800000
0.0683400000
0.5429200000
0.6695200000
0.3499900000
0.3223300000
0.5464600000
0.2643700000
0.1317400000
0.1200300000
0.3095200000
0.8960100000
0.3346500000
0.2032300000
0.2141800000
0.4740700000
0.2348000000
0.1119200000
0.1124200000
0.3168500000
0.9294300000
0.4225000000
0.4464700000
0.8108600000
0.8728400000
0.8524200000
0.7681200000
0.5239500000
0.8173600000
0.8094800000
0.6603500000
0.2154000000
0.9217600000
0.5757700000
0.9113400000
0.0515820000
0.3452700000
0.0979680000
0.8810200000
0.6430800000
0.1362100000
0.6908600000
0.0150380000
0.3106800000
0.0364760000
0.7540900000
0.3426600000
0.2769700000
0.4222600000
0.9695900000
0.3805300000
0.2898200000
0.4011800000
0.8840100000
0.1532400000
0.6652400000
0.9110200000
0.0068856000
0.2113700000
0.7471000000
0.0587870000
0.4270700000
0.3343400000
0.4683200000
0.0099696000
0.4439600000
0.4416700000
0.7684100000
0.7515200000
0.5000000000
0.7496300000
0.6288900000
0.1367500000
0.6986000000
0.0374150000
0.3755600000
0.2059700000
0.1571800000
0.2983700000
0.8040000000
0.0777180000
0.4690900000
0.4355300000
0.7197600000
0.6134700000
0.0979740000
0.5896800000
0.7690400000
0.6159900000
0.0932600000
0.5742700000
0.7295300000
0.5071500000
0.7765400000
0.7025800000
0.3511300000
0.3155700000
0.5243800000
0.2095000000
0.9855200000
0.7772800000
0.4658200000
0.6406400000
0.3388700000
0.2998500000
0.4971100000
0.1545000000
0.8464200000
0.4525000000
0.5794300000
0.1710800000
0.8284400000
0.3713300000
0.3423400000
0.5728100000
0.3103100000
0.2504600000
0.3966700000
0.9392000000
0.3253500000
0.1481900000
0.0645150000
0.1169900000
0.3967200000
0.1621800000
0.9942300000
0.8834000000
0.7759100000
0.5335300000
0.8441300000
0.8815000000
0.8672800000
0.8085900000
0.6391200000
0.1519400000
0.7397100000
0.1365300000
0.6621300000
0.9283500000
0.0599740000
0.3596200000
0.1304600000
0.9554900000
0.8179100000
0.6135700000
0.0724640000
0.5131000000
0.5746100000
0.0911270000
0.5917200000
0.7848900000
0.6623400000
0.2282300000
0.9595500000
0.6667900000
0.1569500000
0.7441500000
0.1417100000
0.6765900000
0.9635300000
0.1606000000
0.6351300000
0.8087100000
0.7117300000
0.3697400000
0.3689100000
0.6549900000
0.5145200000
0.8211000000
0.8292900000
0.7186000000
0.3838500000
0.4094300000
0.7549900000
0.7544600000
0.5121500000
0.7853600000
0.7242600000
0.4138800000
0.4980400000
0.9774000000
0.3141600000
0.0838770000
0.8903900000
0.6910200000
0.2753200000
0.0914730000
0.9800900000
0.9495300000
0.9875500000
0.1271400000
0.5135100000
0.4971000000
0.8582200000
0.9575700000
0.0899470000
0.4280300000
0.2954900000
0.3504900000
0.7221500000
0.7451400000
0.4923700000
0.7283000000
0.5726600000
0.9733700000
0.2397300000
0.8641500000
0.3604600000
0.2960900000
0.4510700000
0.0228460000
0.5030900000
0.6052000000
0.1925400000
0.8776800000
0.4829000000
0.6572800000
0.3696500000
0.3856300000
0.7053100000
0.6399500000
0.1813000000
0.8274100000
0.3511600000
0.2821500000
0.4240500000
0.9659400000
0.3671600000
0.2528200000
0.3107100000
0.6771900000
0.6762000000
0.2984000000
0.1653200000
0.1616300000
0.3804500000
0.0429730000
0.6607600000
0.0549710000
0.4403400000
0.3789600000
0.5848600000
0.2886900000
0.1778700000
0.2160400000
0.5227900000
0.3777500000
0.4916800000
0.0109830000
0.4214300000
0.3730400000
0.5920000000
0.3191600000
0.2649700000
0.4252300000
0.9994600000
0.4661500000
0.5190000000
0.9735500000
0.2824900000
0.9922800000
0.6700100000
0.1376000000
0.6850000000
0.9952700000
0.2531500000
0.8841100000
0.3968300000
0.3959400000
0.6953400000
0.5948200000
0.0487100000
0.4519900000
0.4216700000
0.6984400000
0.5679000000
0.9670700000
0.2240700000
0.8225700000
0.2631000000
0.0195740000
0.7857600000
0.4567800000
0.6113300000
0.2616100000
0.0816730000
0.9746700000
0.9468700000
0.9844300000
0.1197900000
0.4943600000
0.4508900000
0.7383800000
0.6499100000
0.2026000000
0.8873100000
0.4945300000
0.6874500000
0.4478800000
0.6102200000
0.2691700000
0.1049300000
0.0312140000
0.0835570000
0.3371600000
0.0317510000
0.6956200000
0.1727200000
0.7823400000
0.2302900000
0.9327500000
0.5827800000
0.9250500000
0.0882280000
0.4465700000
0.3535200000
0.5006900000
0.0758720000
0.6069300000
0.8515400000
0.8537800000
0.7812600000
0.5628100000
0.9306000000
0.1182200000
0.5328200000
0.5686300000
0.0556020000
0.4891600000
0.5246400000
0.9650400000
0.2519200000
0.9078500000
0.4701600000
0.6030800000
0.2211700000
0.9647400000
0.6946700000
0.2363300000
0.9734400000
0.6942700000
0.2277200000
0.9477100000
0.6321600000
0.0623550000
0.4739500000
0.4704200000
0.8189000000
0.8683400000
0.8364600000
0.7222700000
0.3923800000
0.4340700000
0.8162400000
0.9048000000
0.9466800000
0.0344060000
0.2698700000
0.8924000000
0.3923900000
0.3783900000
0.6491700000
0.4824700000
0.7272000000
0.5798600000
0.9952400000
0.3006600000
0.0266860000
0.7418400000
0.3171500000
0.2034700000
0.2441200000
0.5634700000
0.4507200000
0.6781100000
0.4693100000
0.6774400000
0.4452500000
0.6054700000
0.2581900000
0.0744920000
0.9591200000
0.9099600000
0.8868200000
0.8518100000
0.7595300000
0.4984200000
0.7429200000
0.6103300000
0.0827380000
0.5455800000
0.6581500000
0.3137700000
0.2176800000
0.2924700000
0.6839300000
0.7276800000
0.4507200000
0.6077000000
0.2580900000
0.0730180000
0.9548600000
0.8991600000
0.8578400000
0.7710600000
0.5305600000
0.8364600000
0.8610100000
0.8086100000
0.6418800000
0.1602400000
0.7634400000
0.1942400000
0.8293900000
0.3351300000
0.2334000000
0.3039100000
0.6908200000
0.7286600000
0.4515800000
0.6100200000
0.2640100000
0.0895460000
0.9940800000
0.9942100000
0.1084600000
0.4511000000
0.3380400000
0.4486300000
0.9448000000
0.2719800000
0.9839800000
0.6634500000
0.1257600000
0.6517500000
0.9139300000
0.0205780000
0.2506800000
0.8504600000
0.3001900000
0.1209100000
0.0253350000
0.0420970000
0.2194400000
0.7320500000
0.9996100000
0.2532700000
0.8802000000
0.3848600000
0.3619500000
0.6110600000
0.3936200000
0.4778300000
0.9457100000
0.2404700000
0.8887700000
0.4330300000
0.5021900000
0.9640200000
0.2698600000
0.9625200000
0.6027700000
0.9624600000
0.1887800000
0.7205500000
0.0178910000
0.3110500000
0.0344930000
0.7475200000
0.3252700000
0.2264100000
0.2993200000
0.6892500000
0.7318500000
0.4615900000
0.6392800000
0.3397200000
0.3029600000
0.5050500000
0.1729800000
0.8939600000
0.5647400000
0.8945900000
0.0088093000
0.2264700000
0.7904100000
0.1624500000
0.7270900000
0.0815410000
0.5003200000
0.5240100000
0.9517100000
0.2124900000
0.8002700000
0.2163400000
0.8860200000
0.4669100000
0.6052200000
0.2313500000
0.9941000000
0.7650000000
0.4208000000
0.5087100000
0.9998600000
0.3710700000
0.2333400000
0.2462200000
0.5178700000
0.3102300000
0.2935700000
0.5261500000
0.2524400000
0.1128000000
0.0841040000
0.2306200000
0.7113800000
0.9180900000
0.0140700000
0.2285700000
0.7911800000
0.1610800000
0.7227600000
0.0708170000
0.4692500000
0.4452600000
0.7487500000
0.6880300000
0.3143800000
0.2095700000
0.2670900000
0.6218700000
0.5856400000
0.0485570000
0.4569900000
0.4368600000
0.7379500000
0.6663200000
0.2519300000
0.0292530000
0.8343700000
0.5918300000
0.0017954000
0.3129800000
0.0571460000
0.8122000000
0.4917900000
0.7089000000
0.5150500000
0.8056100000
0.7823200000
0.5824400000
0.9891900000
0.2808800000
0.9731600000
0.6154700000
0.9915600000
0.2694300000
0.9365500000
0.5256200000
0.7508900000
0.6086000000
0.0755910000
0.5250400000
0.6062500000
0.1751900000
0.8250700000
0.3543900000
0.2926200000
0.4503000000
0.0265160000
0.5150500000
0.6369800000
0.2764200000
0.1140500000
0.0459100000
0.1141600000
0.4116100000
0.2111000000
0.1197300000
0.1771200000
0.4992500000
0.3736800000
0.5017900000
0.0475370000
0.5208300000
0.6296400000
0.2491300000
0.0354030000
0.8577400000
0.6548500000
0.1819800000
0.8235600000
0.3384200000
0.2452200000
0.3339500000
0.7602300000
0.8863400000
0.9064900000
0.9238100000
0.9648000000
0.0771120000
0.3836100000
0.1799100000
0.0668010000
0.0716490000
0.2577300000
0.8095800000
0.1652000000
0.7298900000
0.0854270000
0.5112700000
0.5515000000
0.0235440000
0.4053600000
0.3112100000
0.4288800000
0.9304100000
0.2541300000
0.9406900000
0.5648300000
0.8655600000
0.9216700000
0.9791300000
0.1214700000
0.5042600000
0.4780100000
0.8098100000
0.8325800000
0.7319600000
0.4228100000
0.5228900000
0.0397060000
0.4774600000
0.5089700000
0.9306600000
0.1631900000
0.6676900000
0.9021500000
0.9794300000
0.1341600000
0.5420600000
0.5718400000
0.0576170000
0.4930300000
0.5337000000
0.9881800000
0.3135300000
0.0720770000
0.8560600000
0.6040100000
0.0301530000
0.3911700000
0.2612200000
0.2994600000
0.6287100000
0.5499700000
0.9383600000
0.1509700000
0.6256800000
0.7959900000
0.6778100000
0.2716300000
0.0844920000
0.9655900000
0.9157600000
0.8989100000
0.8845400000
0.8513000000
0.7591400000
0.4974300000
0.7400500000
0.6027400000
0.0606640000
0.4834000000
0.5009200000
0.9000200000
0.0791360000
0.4344800000
0.3297700000
0.4448600000
0.9471600000
0.2837500000
0.0175230000
0.7435700000
0.3324600000
0.2489700000
0.3550100000
0.8168500000
0.0219850000
0.2980400000
0.9909900000
0.6392600000
0.0465980000
0.4236100000
0.3391400000
0.4873500000
0.0591740000
0.5705500000
0.7642700000
0.6138600000
0.0880500000
0.5597100000
0.6931800000
0.4081800000
0.4894200000
0.9595000000
0.2693500000
0.9646900000
0.6101700000
0.9828700000
0.2460700000
0.8746300000
0.3808000000
0.3524200000
0.5885600000
0.3412700000
0.3333600000
0.5937000000
0.3877300000
0.4696900000
0.9299700000
0.2024000000
0.7858100000
0.1903800000
0.8120900000
0.2898100000
0.1029800000
0.9894100000
0.9610100000
0.0133520000
0.1954600000
0.6926100000
0.9227000000
0.0331500000
0.2828700000
0.9328700000
0.4911400000
0.6500400000
0.3391500000
0.2969000000
0.4878100000
0.1316600000
0.7875100000
0.3121200000
0.1768600000
0.1728100000
0.3948000000
0.0675270000
0.7130600000
0.1810100000
0.8023600000
0.2764700000
0.0658260000
0.9011400000
0.7474700000
0.4388600000
0.5671900000
0.1514700000
0.7777600000
0.2514400000
0.9973800000
0.7396300000
0.3414800000
0.2770000000
0.4242800000
0.9755900000
0.3958000000
0.3304000000
0.5002200000
0.1121900000
0.7163400000
0.1282300000
0.6431600000
0.8843600000
0.9352700000
0.0111440000
0.2083700000
0.7336900000
0.0237110000
0.3251700000
0.0704620000
0.8316300000
0.5328500000
0.8258100000
0.8271300000
0.7106100000
0.3606200000
0.3418400000
0.5880700000
0.3568900000
0.3805000000
0.7099500000
0.6616200000
0.2450200000
0.0101660000
0.7892400000
0.4773000000
0.6719600000
0.4197800000
0.5308800000
0.0677820000
0.5547200000
0.7056500000
0.4492600000
0.6091100000
0.2641300000
0.0903880000
0.9964000000
0.9999600000
0.1234500000
0.4904000000
0.4334200000
0.6900900000
0.5271800000
0.8473500000
0.8966100000
0.9114000000
0.9331300000
0.9898900000
0.1460900000
0.5681300000
0.6312000000
0.2163100000
0.9362400000
0.6176300000
0.0271410000
0.3751000000
0.2164300000
0.1892700000
0.3765200000
0.9849700000
0.4927200000
0.6126600000
0.2253700000
0.9722900000
0.7099900000
0.2758700000
0.0877680000
0.9680200000
0.9184900000
0.9050400000
0.9012300000
0.8979200000
0.8901600000
0.8687100000
0.8085000000
0.6382300000
0.1493100000
0.7321800000
0.1181800000
0.6089600000
0.7971200000
0.6894200000
0.3061700000
0.1844900000
0.2058400000
0.4810300000
0.2701300000
0.2102100000
0.3453600000
0.8555700000
0.1536700000
0.6793400000
0.9526100000
0.1269600000
0.5429800000
0.5857900000
0.0987380000
0.6074400000
0.8212200000
0.7625300000
0.5183000000
0.8017900000
0.7678700000
0.5402000000
0.8661700000
0.9421100000
0.0401760000
0.2905700000
0.9477200000
0.5223500000
0.7329100000
0.5575500000
0.9268800000
0.1108500000
0.5132300000
0.5208800000
0.9298300000
0.1496500000
0.6276300000
0.8040000000
0.7009400000
0.3387600000
0.2789200000
0.4345000000
0.0028946000
0.4642000000
0.5096900000
0.9479000000
0.2142400000
0.8084500000
0.2378300000
0.9481400000
0.6157400000
0.0127630000
0.3329100000
0.1055700000
0.9240800000
0.7612300000
0.4662000000
0.6458400000
0.3540200000
0.3431800000
0.6025500000
0.3981600000
0.4960000000
0.9935800000
0.3647800000
0.2206700000
0.2179800000
0.4552700000
0.1718100000
0.9448600000
0.7193800000
0.3261400000
0.2360900000
0.3269000000
0.7550700000
0.8825600000
0.8964500000
0.8955600000
0.8857200000
0.8566800000
0.7746800000
0.5419000000
0.8695500000
0.9509000000
0.0650410000
0.3585600000
0.1207500000
0.9280500000
0.7504800000
0.4313300000
0.5438800000
0.0912970000
0.6145500000
0.8531300000
0.8546100000
0.7831400000
0.5681300000
0.9460600000
0.1608800000
0.6497600000
0.8521400000
0.8359800000
0.7276200000
0.4086100000
0.4813900000
0.9348000000
0.2038300000
0.7867600000
0.1907800000
0.8130600000
0.2920100000
0.1092900000
0.0045553000
0.9971700000
0.1069100000
0.4435500000
0.3176700000
0.3969200000
0.8236000000
0.9781800000
0.1644600000
0.6340900000
0.7992300000
0.6837200000
0.2884700000
0.1331500000
0.0822550000
0.1940100000
0.6041100000
0.6596600000
0.2796500000
0.1147800000
0.0424620000
0.1027300000
0.3814800000
0.1375600000
0.9429700000
0.7692400000
0.4771300000
0.6766200000
0.4339500000
0.5718600000
0.1718000000
0.8355700000
0.3915300000
0.4004600000
0.7166700000
0.6522600000
0.2151700000
0.9241100000
0.5832200000
0.9321500000
0.1092700000
0.5049100000
0.4982700000
0.8699500000
0.9916000000
0.1869600000
0.6891200000
0.9266800000
0.0461450000
0.3192400000
0.0265710000
0.7099000000
0.2214500000
0.9245200000
0.5735400000
0.9028500000
0.0276010000
0.2782800000
0.9254400000
0.4768300000
0.6121200000
0.2408000000
0.0188330000
0.8226400000
0.5682500000
0.9349900000
0.1275900000
0.5579000000
0.6295800000
0.2187100000
0.9441600000
0.6372100000
0.0801600000
0.5251700000
0.6004500000
0.1576700000
0.7756900000
0.2351800000
0.9491200000
0.6233500000
0.0348450000
0.3954600000
0.2686700000
0.3155100000
0.6638200000
0.6279400000
0.1581500000
0.7632300000
0.1970200000
0.8377900000
0.3555700000
0.2917900000
0.4459300000
0.0148400000
0.4854500000
0.5609900000
0.0780250000
0.5617900000
0.7132000000
0.4667600000
0.6595700000
0.3945600000
0.4595400000
0.8894400000
0.0926290000
0.4806400000
0.4495400000
0.7488600000
0.6830200000
0.2993500000
0.1660200000
0.1620800000
0.3806500000
0.0428290000
0.6600300000
0.0529440000
0.4345200000
0.3640400000
0.5476200000
0.2000000000
0.9377000000
0.6501900000
0.1237900000
0.6507700000
0.9140200000
0.0212330000
0.2525900000
0.8554700000
0.3118600000
0.1539300000
0.1044600000
0.2275600000
0.6732900000
0.8091700000
0.6985800000
0.3301800000
0.2538500000
0.3734500000
0.8635900000
0.1333000000
0.6148700000
0.7916200000
0.6699200000
0.2491800000
0.0197420000
0.8106700000
0.5313500000
0.8280300000
0.8350500000
0.7336300000
0.4269700000
0.5349500000
0.0703010000
0.5588300000
0.7146800000
0.4733200000
0.6788700000
0.4449600000
0.6041500000
0.2545900000
0.0643990000
0.9351500000
0.8513700000
0.7291400000
0.4074100000
0.4774100000
0.9245700000
0.1774900000
0.7146800000
0.0193500000
0.3169600000
0.0506370000
0.7859400000
0.4211800000
0.5044500000
0.9866000000
0.3354000000
0.1391700000
0.0207620000
0.0000906230
0.0984910000
0.4153800000
0.2454000000
0.2173900000
0.4102200000
0.0377030000
0.6014800000
0.8833800000
0.9522300000
0.0625120000
0.3499400000
0.0981770000
0.8740900000
0.6219700000
0.0762000000
0.5201700000
0.5908300000
0.1332800000
0.7080300000
0.0711390000
0.4741100000
0.4593900000
0.7856500000
0.7814500000
0.5853600000
0.9981900000
0.3060500000
0.0399580000
0.7724300000
0.3935700000
0.4251300000
0.7876600000
0.8308900000
0.7331300000
0.4269100000
0.5349000000
0.0702160000
0.5586200000
0.7141700000
0.4719200000
0.6748200000
0.4343800000
0.5737300000
0.1768700000
0.8495300000
0.4249500000
0.4955500000
0.9548100000
0.2489200000
0.9071400000
0.4733200000
0.6129800000
0.2473000000
0.0379000000
0.8684400000
0.6840300000
0.2649500000
0.0624770000
0.9112300000
0.7821000000
0.5368700000
0.8525600000
0.9040000000
0.9315400000
0.9894400000
0.1458400000
0.5678100000
0.6306500000
0.2148600000
0.9321400000
0.6078300000
0.0006176800
0.3005300000
0.0209580000
0.7248900000
0.2726700000
0.0742800000
0.9331300000
0.8322700000
0.6732400000
0.2467600000
0.0113680000
0.7897900000
0.4777100000
0.6730200000
0.4225400000
0.5387900000
0.0877570000
0.6080300000
0.8385500000
0.8142200000
0.6674900000
0.2353700000
0.9791700000
0.7131400000
0.2792400000
0.0970290000
0.9899300000
0.9711400000
0.0432410000
0.2766200000
0.9022100000
0.4100400000
0.4259700000
0.7665200000
0.7663400000
0.5449400000
0.8807900000
0.9821800000
0.1536400000
0.5979700000
0.7085800000
0.4298000000
0.5499500000
0.1115300000
0.6705100000
0.9917100000
0.2471400000
0.8695500000
0.3636700000
0.3033600000
0.4678000000
0.0605640000
0.5963400000
0.8398700000
0.8245900000
0.6981200000
0.3239600000
0.2353300000
0.3282600000
0.7604900000
0.8965600000
0.9371000000
0.0102720000
0.2044600000
0.7228700000
0.9980200000
0.2508400000
0.8744800000
0.3719600000
0.3259900000
0.5227800000
0.1872100000
0.9200700000
0.6191200000
0.0424860000
0.4204100000
0.3344800000
0.4777400000
0.0379770000
0.5173700000
0.6307300000
0.2555200000
0.0540960000
0.9026000000
0.7668500000
0.4961600000
0.7343100000
0.5868000000
0.0142730000
0.3534300000
0.1655300000
0.0705520000
0.1068700000
0.3584500000
0.0624290000
0.7532500000
0.3082200000
0.1738500000
0.1704200000
0.3926500000
0.0650570000
0.7088000000
0.1714700000
0.7748800000
0.2100200000
0.8738600000
0.4413800000
0.5345200000
0.0502270000
0.4989700000
0.5607700000
0.0633370000
0.5178800000
0.6009400000
0.1656800000
0.7994400000
0.2932900000
0.1171200000
0.0258130000
0.0492750000
0.2404400000
0.7863300000
0.1257600000
0.6181200000
0.8130300000
0.7325300000
0.4308500000
0.5468900000
0.1009500000
0.6411400000
0.9191200000
0.0403950000
0.3069000000
0.9964600000
0.6404900000
0.0449780000
0.4182400000
0.3249800000
0.4521900000
0.9771200000
0.3645400000
0.2352600000
0.2621300000
0.5622500000
0.4154700000
0.5732300000
0.2007600000
0.9215200000
0.6003400000
0.9852200000
0.2583800000
0.9094000000
0.4635000000
0.5821800000
0.1661900000
0.8120300000
0.3302200000
0.2242200000
0.2844800000
0.6485800000
0.6354700000
0.1864200000
0.8447100000
0.3943700000
0.4056800000
0.7281400000
0.6791900000
0.2930100000
0.1482000000
0.1195500000
0.2820800000
0.8143900000
0.1370800000
0.6440800000
0.8733400000
0.9018400000
0.9161600000
0.9445200000
0.0211340000
0.2316600000
0.7928000000
0.1605400000
0.7207000000
0.0655280000
0.4539100000
0.4061900000
0.6496500000
0.4430000000
0.6086000000
0.2704200000
0.1095200000
0.0427970000
0.1115600000
0.4075700000
0.2028500000
0.1006500000
0.1341400000
0.3985500000
0.1413700000
0.9291200000
0.7216800000
0.3442100000
0.2897200000
0.4579800000
0.0545860000
0.5899400000
0.8282300000
0.7934200000
0.6086700000
0.0649300000
0.4930200000
0.5242900000
0.9599500000
0.2369600000
0.8671600000
0.3743400000
0.3364300000
0.5504500000
0.2529200000
0.0942880000
0.0277410000
0.0884840000
0.3558900000
0.0811240000
0.8134000000
0.4638100000
0.6245900000
0.2930500000
0.1694900000
0.1833600000
0.4387400000
0.1816400000
0.9949700000
0.8532400000
0.6846800000
0.2732900000
0.0873230000
0.9711800000
0.9285900000
0.9326300000
0.9774200000
0.1090300000
0.4684600000
0.3892900000
0.5817500000
0.2638500000
0.1053000000
0.0416010000
0.1141900000
0.4168900000
0.2269000000
0.1598000000
0.2698500000
0.7141800000
0.8577700000
0.8323600000
0.7144900000
0.3704900000
0.3704200000
0.6583500000
0.5222600000
0.8430800000
0.8881500000
0.8876200000
0.8662600000
0.8024800000
0.6212300000
0.1000800000
0.5921700000
0.7734800000
0.6278300000
0.1276600000
0.6718200000
0.9712300000
0.1852600000
0.7025900000
0.9699900000
0.1721600000
0.6643600000
0.8772900000
0.9060200000
0.9268200000
0.9741200000
0.1030900000
0.4535700000
0.3533000000
0.4914000000
0.0483770000
0.5339000000
0.6678300000
0.3523100000
0.3298500000
0.5653000000
0.3083500000
0.2497200000
0.3977800000
0.9438400000
0.3376400000
0.1816900000
0.1446400000
0.3021600000
0.8356200000
0.1660600000
0.7240600000
0.0665000000
0.4559700000
0.4110800000
0.6618400000
0.4726800000
0.6930700000
0.4882900000
0.7297900000
0.5814100000
0.9992500000
0.3116900000
0.0558150000
0.8104000000
0.4880900000
0.6983100000
0.4871900000
0.7249700000
0.5681000000
0.9605300000
0.2043200000
0.7687600000
0.1359300000
0.6531300000
0.9022900000
0.9851400000
0.1512000000
0.5879500000
0.6824500000
0.3572700000
0.3399500000
0.5876900000
0.3588400000
0.3865800000
0.7250900000
0.6978900000
0.3498800000
0.3131700000
0.5191500000
0.1979100000
0.9554300000
0.7069700000
0.2808000000
0.1033800000
0.0062598000
0.0109630000
0.1465400000
0.5483600000
0.5711800000
0.0506770000
0.4726500000
0.4812500000
0.8528600000
0.9581700000
0.0939250000
0.4394800000
0.3242200000
0.4217600000
0.8870900000
0.1337300000
0.6051400000
0.7617600000
0.5853800000
0.0032396000
0.3212000000
0.0803230000
0.8678700000
0.6283100000
0.0980380000
0.5827300000
0.7481100000
0.5574400000
0.9227700000
0.0986180000
0.4792300000
0.4367600000
0.7120600000
0.5887800000
0.0259310000
0.3872100000
0.2541000000
0.2839900000
0.5947700000
0.4749000000
0.7305800000
0.5983400000
0.0498370000
0.4533600000
0.4244000000
0.7049500000
0.5837500000
0.0127870000
0.3508400000
0.1593600000
0.0561790000
0.0738880000
0.2780900000
0.8676700000
0.3038500000
0.1247500000
0.0305610000
0.0519200000
0.2429900000
0.7907300000
0.1344700000
0.6430700000
0.8743900000
0.9054000000
0.9263500000
0.9730600000
0.1002200000
0.4458700000
0.3343800000
0.4441400000
0.9373600000
0.2552600000
0.9392400000
0.5584900000
0.8476000000
0.8723200000
0.8384200000
0.7263500000
0.4039200000
0.4676500000
0.9002300000
0.1155000000
0.5434600000
0.6046500000
0.1549300000
0.7651500000
0.2080100000
0.8702900000
0.4341600000
0.5144800000
0.9994200000
0.3642700000
0.2134000000
0.1969800000
0.4048900000
0.0569300000
0.6667000000
0.0555710000
0.4400400000
0.3773000000
0.5802700000
0.2774500000
0.1470200000
0.1430200000
0.3543700000
0.9948100000
0.5568900000
0.7958100000
0.7181100000
0.3925800000
0.4357500000
0.8209700000
0.9168200000
0.9812500000
0.1309000000
0.5306300000
0.5426300000
0.9794800000
0.2801000000
0.9798100000
0.6367800000
0.0495550000
0.4335400000
0.3653000000
0.5526600000
0.2131600000
0.9733300000
0.7343500000
0.3480300000
0.2979700000
0.4765500000
0.0960520000
0.6929100000
0.0814700000
0.5093700000
0.5512700000
0.0246450000
0.4088400000
0.3204300000
0.4516100000
0.9830100000
0.3829100000
0.2850500000
0.3832800000
0.8385800000
0.0433020000
0.3547200000
0.1364400000
0.9812300000
0.8857800000
0.7952700000
0.5904400000
0.0097286000
0.3376000000
0.1228600000
0.9682000000
0.8677400000
0.7526300000
0.4710500000
0.6625000000
0.3984200000
0.4700700000
0.9154000000
0.1582600000
0.6628200000
0.8956000000
0.9614900000
0.0839740000
0.4069300000
0.2405100000
0.2145300000
0.4102300000
0.0426940000
0.6164300000
0.9223200000
0.0612170000
0.3673200000
0.1519800000
0.0079580000
0.9412100000
0.9355300000
0.9773000000
0.1066500000
0.4614200000
0.3716700000
0.5370900000
0.1565500000
0.8157900000
0.3573200000
0.3043600000
0.4808500000
0.0979950000
0.6940000000
0.0819720000
0.5105600000
0.5541300000
0.0321040000
0.4290500000
0.3726200000
0.5805400000
0.2854300000
0.1707800000
0.2004300000
0.4878000000
0.2997300000
0.2917600000
0.5386500000
0.2930700000
0.2240900000
0.3471100000
0.8367000000
0.0942290000
0.5081700000
0.5298600000
0.9615600000
0.2369400000
0.8657600000
0.3701900000
0.3246000000
0.5213600000
0.1852600000
0.9155000000
0.6087200000
0.0141490000
0.3406500000
0.1273300000
0.9766300000
0.8861600000
0.8005700000
0.6061300000
0.0553170000
0.4655300000
0.4540800000
0.7795300000
0.7694700000
0.5510200000
0.8982300000
0.0297970000
0.2874500000
0.9504500000
0.5359400000
0.7715900000
0.6618700000
0.2302600000
0.9658100000
0.6820000000
0.1974400000
0.8605900000
0.4232300000
0.4859500000
0.9283000000
0.1794200000
0.7179800000
0.0260220000
0.3361100000
0.1006900000
0.9041800000
0.7086100000
0.3205400000
0.2221700000
0.2944900000
0.6821900000
0.7189700000
0.4251100000
0.5331200000
0.0673000000
0.5513600000
0.6962200000
0.4235000000
0.5345000000
0.0735960000
0.5691000000
0.7410900000
0.5453100000
0.8881200000
0.0038850000
0.2150900000
0.7613400000
0.0950400000
0.5323200000
0.6011600000
0.1536300000
0.7631600000
0.2041600000
0.8592200000
0.4076000000
0.4396100000
0.8109000000
0.8816300000
0.8787900000
0.8430500000
0.7372100000
0.4348200000
0.5576100000
0.1279300000
0.7139600000
0.0972300000
0.5507900000
0.6534300000
0.2955500000
0.1648000000
0.1649800000
0.3913400000
0.0701410000
0.7259800000
0.2163400000
0.9050000000
0.5238600000
0.7658300000
0.6549700000
0.2109900000
0.9105300000
0.5497100000
0.8401400000
0.8565100000
0.7937800000
0.5992800000
0.0366410000
0.4132500000
0.3199300000
0.4439400000
0.9608400000
0.3259400000
0.1333600000
0.0190420000
0.0040431000
0.1122300000
0.4526100000
0.3369700000
0.4435800000
0.9314200000
0.2381500000
0.8920600000
0.4469500000
0.5422300000
0.0663400000
0.5409900000
0.6663600000
0.3420500000
0.2995800000
0.4911000000
0.1369300000
0.7998800000
0.3409800000
0.2600400000
0.3742300000
0.8550900000
0.1065900000
0.5382800000
0.6023300000
0.1521600000
0.7581000000
0.1913600000
0.8220800000
0.3181000000
0.1847200000
0.1862600000
0.4219200000
0.1262800000
0.8510700000
0.5111100000
0.7534500000
0.6295300000
0.1377400000
0.7012800000
0.0439110000
0.3942900000
0.2544200000
0.2744800000
0.5656900000
0.4041900000
0.5369700000
0.1078100000
0.6696800000
0.9947400000
0.2565200000
0.8947500000
0.4228300000
0.4684300000
0.8763000000
0.0428270000
0.3377200000
0.0860250000
0.8575100000
0.5893900000
0.9857100000
0.2661600000
0.9322900000
0.5185500000
0.7326700000
0.5602700000
0.9351000000
0.1335300000
0.5756500000
0.6736000000
0.3384500000
0.2863200000
0.4572100000
0.0581660000
0.6016000000
0.8587000000
0.8781300000
0.8514200000
0.7626300000
0.5078600000
0.7704700000
0.6837000000
0.2960200000
0.1558000000
0.1371700000
0.3226500000
0.9089100000
0.3511900000
0.2455300000
0.3141400000
0.7002600000
0.7395800000
0.4815700000
0.6972800000
0.4910800000
0.7369300000
0.5999000000
0.0529350000
0.4617800000
0.4458200000
0.7591200000
0.7184400000
0.4030800000
0.4671500000
0.8999500000
0.1152500000
0.5428600000
0.6032300000
0.1511500000
0.7545800000
0.1824200000
0.7961300000
0.2554200000
0.0044118000
0.7537400000
0.3767500000
0.3793400000
0.6754900000
0.5600000000
0.9503700000
0.1795300000
0.7024400000
0.9792100000
0.1998700000
0.7393600000
0.0553980000
0.4188200000
0.3138600000
0.4180400000
0.8933900000
0.1576900000
0.6737600000
0.9293500000
0.0589750000
0.3559500000
0.1207200000
0.9321000000
0.7626700000
0.4651700000
0.6423800000
0.3448200000
0.3170000000
0.5388200000
0.2504400000
0.0960430000
0.0373620000
0.1148500000
0.4238900000
0.2469100000
0.2103100000
0.3863400000
0.9783300000
0.4579700000
0.5144800000
0.9696200000
0.2748900000
0.9728600000
0.6250100000
0.0204240000
0.3514100000
0.1528300000
0.0356880000
0.0230270000
0.1503900000
0.5468900000
0.5605700000
0.0199930000
0.3879900000
0.2630400000
0.3096400000
0.6560700000
0.6146300000
0.1210400000
0.6583000000
0.9407800000
0.0986690000
0.4670100000
0.4000400000
0.6156800000
0.3498900000
0.3443100000
0.6125800000
0.4264100000
0.5754500000
0.1925300000
0.8953800000
0.5360100000
0.8076500000
0.7699900000
0.5448300000
0.8795400000
0.9785300000
0.1432700000
0.5702100000
0.6419200000
0.2470400000
0.0238200000
0.8266600000
0.5748100000
0.9533600000
0.1782900000
0.6963800000
0.9631300000
0.1533300000
0.6136500000
0.7561100000
0.5640100000
0.9405100000
0.1471100000
0.6125400000
0.7627800000
0.5845700000
0.0005505700
0.3136300000
0.0603360000
0.8206700000
0.5131600000
0.7703600000
0.6783200000
0.2799000000
0.1091600000
0.0251490000
0.0591580000
0.2708300000
0.8651300000
0.3089100000
0.1410400000
0.0707950000
0.1472300000
0.4792100000
0.3626300000
0.4896900000
0.0284370000
0.4758700000
0.5172700000
0.9573100000
0.2353700000
0.8645000000
0.3691600000
0.3220500000
0.5153000000
0.1713700000
0.8793600000
0.5236200000
0.7786500000
0.6936500000
0.3237900000
0.2361000000
0.3308700000
0.7669600000
0.9116200000
0.9806700000
0.1323500000
0.5355000000
0.5550000000
0.0124670000
0.3695000000
0.2156600000
0.1956000000
0.3968500000
0.0351570000
0.6129600000
0.9208000000
0.0584230000
0.3599100000
0.1333200000
0.9636100000
0.8378100000
0.6667100000
0.2252000000
0.9489300000
0.6402100000
0.0855850000
0.5401700000
0.6380000000
0.2576300000
0.0572350000
0.9083300000
0.7800800000
0.5325500000
0.8401000000
0.8702600000
0.8350400000
0.7171400000
0.3774800000
0.3907100000
0.7084700000
0.6419100000
0.1863000000
0.8416100000
0.3852900000
0.3795800000
0.6632800000
0.5230100000
0.8435600000
0.8889300000
0.8897700000
0.8723400000
0.8196000000
0.6698800000
0.2408600000
0.9948100000
0.7504500000
0.3764700000
0.3793100000
0.6758300000
0.5610600000
0.9534200000
0.1879200000
0.7252300000
0.0334140000
0.3564100000
0.1531900000
0.0287570000
0.0016635000
0.0942800000
0.4011700000
0.2087800000
0.1275800000
0.2046900000
0.5699500000
0.5388600000
0.9380500000
0.1588300000
0.6494800000
0.8546400000
0.8436000000
0.7494900000
0.4714400000
0.6644500000
0.4038300000
0.4856000000
0.9542100000
0.2575300000
0.9334400000
0.5371100000
0.7875500000
0.7087900000
0.3668800000
0.3611300000
0.6360900000
0.4700000000
0.6951600000
0.4976100000
0.7571300000
0.6538100000
0.2096700000
0.9070000000
0.5414300000
0.8173800000
0.7947500000
0.6161700000
0.0870670000
0.5556000000
0.6822200000
0.3783200000
0.4031600000
0.7445600000
0.7320500000
0.4474900000
0.5969300000
0.2297600000
0.9939300000
0.7672500000
0.4277400000
0.5289400000
0.0512520000
0.5067900000
0.5829500000
0.1221700000
0.6794900000
0.0026450000
0.2770000000
0.9483500000
0.5477900000
0.8087500000
0.7638200000
0.5260200000
0.8246500000
0.8295200000
0.7181600000
0.3824400000
0.4053300000
0.7448100000
0.7297200000
0.4404300000
0.5763200000
0.1768300000
0.8477000000
0.4195200000
0.4799800000
0.9154500000
0.1473100000
0.6299500000
0.8147000000
0.7319800000
0.4286900000
0.5405200000
0.0847220000
0.5975100000
0.8112100000
0.7379600000
0.4476800000
0.5960200000
0.2268000000
0.9855800000
0.7473600000
0.3760000000
0.3786600000
0.6745900000
0.5583400000
0.9456700000
0.1666300000
0.6673000000
0.8953000000
0.9590100000
0.0766810000
0.3870800000
0.1908900000
0.0945440000
0.1363000000
0.4137900000
0.1836900000
0.0344710000
0.9682800000
0.9875600000
0.1120300000
0.4681500000
0.3839100000
0.5659800000
0.2245700000
0.9978900000
0.7881900000
0.4866800000
0.7003700000
0.4948600000
0.7474000000
0.6274000000
0.1328300000
