0.4271000000
-2.6726000000
1.2027000000
2.2572000000
-0.2672900000
-1.8504000000
-1.1728000000
1.2411000000
3.0950000000
0.0984290000
-0.9461300000
-2.7106000000
-1.5984000000
2.3409000000
1.9390000000
-0.8726000000
-1.3247000000
0.0334460000
2.4047000000
1.6322000000
-0.7979100000
-1.7926000000
0.3983300000
1.4037000000
-1.5609000000
-1.8473000000
-1.5206000000
-0.7428500000
2.8376000000
-0.5151800000
-1.9211000000
-0.4737300000
0.3985400000
2.4291000000
1.3804000000
-2.2258000000
0.8396500000
1.8264000000
0.3872500000
-0.4222800000
-2.2133000000
0.4354300000
1.5608000000
1.8744000000
1.0295000000
-2.9448000000
0.9908300000
2.1462000000
-0.3781100000
-1.0166000000
-3.2131000000
0.5764700000
1.6007000000
1.5557000000
0.5467500000
-2.9298000000
1.1661000000
1.9448000000
1.4017000000
0.4727600000
-2.6216000000
1.0740000000
2.2838000000
-0.9283500000
-1.9327000000
-2.4620000000
0.6725700000
2.0271000000
1.5027000000
-0.2924100000
-1.0416000000
1.5346000000
2.4034000000
1.6516000000
-0.4964000000
-2.0856000000
-0.5700000000
2.9443000000
-0.3859300000
-2.0160000000
-1.7935000000
-1.2233000000
2.1810000000
1.0096000000
-1.7828000000
-0.2905300000
1.0451000000
1.8495000000
-0.2404500000
-1.8825000000
-0.1446900000
1.3525000000
1.9929000000
0.8117400000
-2.5573000000
0.3269100000
1.2169000000
1.7297000000
0.1611000000
-2.6137000000
-1.2824000000
0.1279200000
0.7597700000
-1.2496000000
-2.6692000000
-1.7500000000
0.5780800000
1.5129000000
-1.2671000000
-2.1320000000
1.1808000000
2.5150000000
0.1254700000
-0.9619700000
-2.6491000000
-1.7418000000
1.1170000000
1.3754000000
-1.5337000000
-2.1493000000
-0.9470500000
1.9444000000
-0.6611500000
-1.6648000000
-1.7222000000
0.9158300000
2.2001000000
-1.3844000000
-1.9259000000
-1.4165000000
0.7916100000
2.4928000000
1.8176000000
-0.6159600000
-1.0847000000
1.8655000000
2.5768000000
1.2357000000
-0.7582300000
0.0225330000
1.3387000000
2.4900000000
-1.3132000000
-1.8011000000
-1.6436000000
-0.1835600000
1.8387000000
-0.8433900000
-2.9659000000
-0.7838200000
-0.0933310000
2.4692000000
0.7028700000
-2.5732000000
0.9845600000
1.8287000000
0.3214500000
-0.4591200000
-2.4207000000
0.4880800000
1.5862000000
1.8263000000
1.0083000000
-2.9863000000
0.8919000000
2.1656000000
-0.4535600000
-1.1150000000
-3.2709000000
0.5807000000
1.6106000000
1.5288000000
0.4655300000
-2.7982000000
1.1196000000
1.8829000000
1.4890000000
0.3076800000
-2.2547000000
1.1722000000
1.9959000000
1.4718000000
0.0040679000
-1.3733000000
0.9828300000
2.7030000000
-0.4019800000
-1.8145000000
-1.3596000000
0.3511500000
1.9652000000
0.2164400000
-0.9732600000
-2.0096000000
-0.5044100000
2.8185000000
-0.4445800000
-2.1814000000
-1.7191000000
-1.1746000000
2.3192000000
1.1634000000
-1.7926000000
0.0423250000
1.3257000000
2.1852000000
0.9621100000
-2.1967000000
0.1688000000
1.2107000000
1.8297000000
0.2514600000
-2.8713000000
0.5371300000
1.2607000000
1.7773000000
0.2384500000
-2.9331000000
1.1676000000
1.9288000000
0.2732700000
-1.3506000000
-2.5392000000
-0.6587500000
0.0537340000
0.4866100000
-1.4846000000
-2.3166000000
-1.2051000000
1.2411000000
-0.0623670000
-1.4117000000
-2.5054000000
-1.6284000000
1.3907000000
1.8685000000
-0.4556600000
-1.1218000000
1.9000000000
2.3916000000
1.3897000000
0.1863800000
-1.5295000000
1.2656000000
2.1990000000
1.5338000000
-0.3418500000
-0.5829300000
1.3197000000
2.9285000000
-0.4311500000
-1.5968000000
-1.7353000000
-0.8842300000
1.9185000000
0.9589200000
-1.4243000000
-0.2255400000
1.2887000000
2.3105000000
1.1985000000
-1.5967000000
0.1909600000
1.4333000000
2.3632000000
1.3996000000
-1.8836000000
0.4841600000
1.8175000000
0.8974200000
-0.9452200000
-3.3501000000
-1.3847000000
-0.4282100000
1.5319000000
-0.6013000000
-1.9922000000
1.0564000000
2.4281000000
1.4756000000
-0.7068900000
-2.1887000000
-1.1101000000
1.0350000000
0.6378100000
-1.1624000000
-2.0304000000
-0.0825320000
1.4506000000
1.6873000000
-0.5169500000
-1.2792000000
1.7977000000
2.1437000000
1.6326000000
0.3017400000
-1.6598000000
0.8901100000
2.8057000000
-0.5190000000
-1.2910000000
-1.8813000000
-0.4424400000
3.2155000000
0.0873620000
-1.1985000000
-2.6262000000
-1.1596000000
3.0711000000
-1.0759000000
-1.7175000000
-1.7867000000
-0.8189000000
3.1144000000
-1.1581000000
-1.9341000000
-1.4096000000
-0.7242900000
2.9582000000
1.4579000000
-1.0628000000
-1.7715000000
0.9724000000
1.6867000000
-0.8901600000
-2.3485000000
0.8081300000
1.2889000000
1.7112000000
-1.1603000000
-2.2927000000
1.2610000000
2.1064000000
1.8794000000
-0.7743300000
-2.0947000000
-1.0509000000
0.6769900000
1.1666000000
-0.8178400000
-1.9310000000
1.0532000000
2.5435000000
0.7514200000
-0.8028100000
-2.2691000000
-1.0810000000
1.6058000000
0.1887600000
-1.1823000000
-1.9437000000
-0.2263800000
2.3456000000
-0.4368700000
-1.3997000000
-2.2577000000
-1.2266000000
2.3766000000
-0.8430700000
-1.7264000000
-1.2612000000
1.5566000000
2.2999000000
1.2233000000
-0.3278100000
-1.0356000000
1.3324000000
2.2489000000
1.1310000000
-0.7962400000
-0.6648100000
1.2920000000
2.1717000000
0.7267700000
-1.6406000000
-0.8799800000
-0.1803500000
3.0363000000
1.4903000000
-1.0617000000
-1.5811000000
1.4943000000
2.0901000000
0.7680600000
-2.1779000000
0.4181900000
1.4832000000
2.0930000000
1.0567000000
-2.6897000000
0.8269900000
1.6864000000
1.9355000000
1.2661000000
-2.4968000000
-2.0088000000
0.7029400000
1.1008000000
-1.0726000000
-1.9921000000
1.5728000000
2.3355000000
-0.3537200000
-0.9826300000
-2.7545000000
0.0544140000
2.1026000000
1.5160000000
0.9364900000
-2.7793000000
-1.6436000000
1.2065000000
1.3002000000
-1.3575000000
-1.9703000000
-0.9679500000
2.2879000000
-0.8368800000
-1.7989000000
-0.8570300000
1.4235000000
2.9890000000
-0.8944600000
-1.4583000000
-1.8136000000
-0.4713700000
3.0611000000
-0.1953300000
-1.9701000000
-2.2940000000
-1.2114000000
2.9465000000
-1.1823000000
-2.3124000000
0.7665700000
1.3503000000
3.2540000000
-0.6661800000
-1.8010000000
-1.3033000000
-0.3151600000
2.5064000000
-0.9343900000
-2.2263000000
1.0282000000
2.0289000000
2.4101000000
-0.6874700000
-2.0182000000
-1.2051000000
0.3412200000
1.3504000000
-1.2390000000
-2.1814000000
-0.3599500000
1.2467000000
1.3231000000
-0.0746740000
-2.6252000000
0.0562600000
1.5662000000
1.9976000000
1.0727000000
-2.8026000000
1.3273000000
2.2025000000
0.3465000000
-0.9660500000
-1.6549000000
0.9440700000
2.4092000000
-0.4420100000
-1.1086000000
-2.2545000000
-1.0949000000
2.6792000000
-0.6295200000
-1.4953000000
-1.9840000000
-0.9023800000
3.0343000000
-0.7869600000
-1.5563000000
-1.8242000000
-0.7481400000
3.1901000000
-0.8656600000
-1.5590000000
-1.6549000000
-0.4121600000
2.7372000000
-0.4834400000
-2.4149000000
-1.1778000000
-0.5067800000
2.2158000000
0.6488400000
-2.0432000000
0.7357600000
1.6529000000
1.1671000000
-0.1030500000
-1.8217000000
0.3499900000
1.5412000000
2.0584000000
1.1599000000
-2.6326000000
0.9319600000
2.0154000000
-0.0660410000
-0.7594700000
-2.8759000000
0.5076600000
1.5164000000
1.6758000000
0.6803700000
-3.1472000000
1.0468000000
1.7907000000
1.5984000000
0.6366900000
-2.9066000000
1.2439000000
2.0862000000
1.0091000000
0.2739600000
-2.8653000000
-1.9525000000
1.1533000000
0.9267400000
-0.1780400000
-2.0717000000
1.2026000000
2.1462000000
0.8726800000
-0.3748800000
-2.0954000000
-1.1051000000
1.9789000000
1.6526000000
-1.1094000000
-1.4611000000
-0.6303000000
3.1449000000
-1.0867000000
-1.9830000000
-1.0493000000
-0.3720000000
3.1179000000
-0.6719100000
-2.0284000000
-0.0996990000
1.6874000000
2.4554000000
1.4932000000
-1.4026000000
-1.9021000000
0.3923300000
1.0666000000
-1.9361000000
-2.5130000000
-0.7618100000
0.2714600000
2.5162000000
1.7435000000
-1.5377000000
-0.9616400000
0.6776600000
1.2768000000
-1.1791000000
-2.1467000000
-0.3295500000
1.3398000000
1.0737000000
-0.5649300000
-1.9704000000
-0.0007858700
1.4026000000
1.4529000000
0.1558300000
-2.0353000000
0.5885200000
2.9896000000
1.7627000000
0.8789600000
-2.1238000000
1.4183000000
2.1303000000
1.3247000000
0.1423700000
-1.8915000000
1.3035000000
2.2023000000
0.7714600000
-0.5204000000
-2.1641000000
-1.3359000000
1.6616000000
1.0799000000
-0.8232100000
-0.3015800000
1.0896000000
2.6686000000
-0.5722200000
-2.1031000000
-1.5682000000
-0.9409300000
2.0266000000
0.5792100000
-1.7138000000
0.5499200000
1.5344000000
1.6016000000
0.0777100000
-1.3367000000
0.2471000000
1.5756000000
2.2279000000
1.3749000000
-2.1279000000
-0.7852900000
0.2174900000
2.4317000000
1.6812000000
-1.5635000000
-0.9755100000
0.7223000000
1.1537000000
-1.2139000000
-2.1674000000
-0.6421600000
1.3424000000
1.4847000000
0.7830100000
-2.1512000000
-1.1823000000
1.4429000000
-0.3683800000
-1.3321000000
-1.5206000000
0.1930400000
1.6242000000
0.6906500000
-0.0450300000
-2.8092000000
-1.7828000000
1.5441000000
1.3750000000
-0.6979000000
-1.2280000000
1.6657000000
2.4754000000
-0.3043500000
-1.7803000000
-1.4350000000
-0.1760300000
3.1702000000
0.1366400000
-1.1436000000
-2.3819000000
-1.1141000000
3.0094000000
-1.1114000000
-1.7018000000
-1.6743000000
-0.4595800000
2.7015000000
-0.7282000000
-1.8429000000
-0.6600100000
0.0172400000
2.7981000000
-1.1306000000
-2.1695000000
-0.2872300000
0.7084400000
1.4805000000
-1.2492000000
-2.4281000000
0.8800700000
1.3557000000
2.1357000000
1.0746000000
-2.9705000000
0.9366700000
1.7206000000
1.8356000000
1.0948000000
-2.9192000000
-0.4853600000
1.3650000000
1.6366000000
1.0769000000
-2.1689000000
-1.0705000000
1.6655000000
0.1602500000
-1.2594000000
-2.1063000000
-0.7126400000
2.3240000000
0.3998200000
-0.2423600000
-2.6979000000
0.7133700000
2.0738000000
-0.3205900000
-1.9137000000
-0.6790800000
1.0592000000
3.2969000000
1.2312000000
0.3214000000
-1.3933000000
0.2344300000
2.2199000000
1.4225000000
-0.7350300000
-0.0601490000
1.1536000000
2.2479000000
0.2740900000
-0.5550000000
-0.5554300000
0.8284200000
1.7228000000
-1.2173000000
-2.5875000000
-0.0909360000
0.9187300000
2.1692000000
0.7672100000
-2.6398000000
-0.1934700000
0.4358100000
2.1693000000
-1.1302000000
-2.1206000000
-0.8330200000
0.4124800000
2.1700000000
1.2491000000
-1.7564000000
-1.3219000000
0.7410900000
1.2928000000
-1.5378000000
-2.3602000000
0.1046100000
1.3246000000
1.4713000000
0.0764180000
-2.7854000000
-1.5654000000
0.9518300000
1.7954000000
-0.6912600000
-1.4172000000
1.8008000000
2.2056000000
1.4862000000
0.3483500000
-2.0353000000
1.2427000000
2.0633000000
1.4553000000
-0.0722790000
-1.2016000000
1.0309000000
2.7272000000
0.2857500000
-0.9309700000
-1.7302000000
-0.0672890000
3.1569000000
0.1021300000
-1.2891000000
-2.2892000000
-1.1363000000
2.9704000000
-1.2392000000
-1.8989000000
-1.5614000000
-0.6905000000
2.9024000000
-1.1485000000
-2.2900000000
0.7111700000
1.7342000000
2.5889000000
-0.4445200000
-2.8519000000
-0.0359460000
0.5631500000
1.0178000000
-0.6151900000
-3.3382000000
-1.0266000000
-0.3405000000
1.2070000000
-1.4337000000
-2.2635000000
-1.0806000000
0.5867900000
0.9860600000
-1.1678000000
-2.0928000000
0.0856090000
1.3982000000
1.5107000000
0.3731900000
-2.7851000000
0.6475300000
1.8874000000
-0.6145000000
-1.4346000000
-1.8124000000
-0.0184750000
1.6126000000
-0.0040664000
-1.0936000000
-1.6970000000
0.2377300000
1.9319000000
-0.3665500000
-1.9778000000
-0.2578400000
0.7302500000
2.8004000000
-0.1187000000
-0.9118700000
-0.4520200000
1.4010000000
2.8059000000
-0.4552900000
-1.9199000000
-1.9417000000
-1.3394000000
2.1607000000
1.0878000000
-1.5809000000
-0.2719200000
1.2164000000
2.0515000000
0.5044100000
-2.5463000000
-0.7768000000
-0.0277670000
2.5502000000
1.0771000000
-2.5657000000
0.4865900000
1.3806000000
2.0080000000
0.7665500000
-3.0155000000
0.3238000000
0.9614000000
1.6555000000
-0.4325300000
-1.7927000000
1.3995000000
1.6574000000
1.7154000000
1.0988000000
-2.7699000000
-2.0592000000
0.8814800000
1.1684000000
-0.0148900000
-2.7306000000
0.0440530000
1.6978000000
1.4831000000
0.6502500000
-2.6182000000
1.0866000000
2.3031000000
-0.9875000000
-1.8670000000
-2.6611000000
0.6887300000
1.9582000000
1.2619000000
-0.1623600000
-1.5635000000
1.2787000000
2.1994000000
0.7326900000
-0.8180500000
-1.8395000000
-1.0559000000
1.9387000000
1.2487000000
-0.9715200000
-1.2303000000
-0.6284000000
2.8312000000
2.1226000000
-1.0167000000
-1.0103000000
-0.1949900000
2.8823000000
-1.1444000000
-2.0301000000
-1.1294000000
-0.2893300000
2.6935000000
1.3206000000
-1.5245000000
-1.7791000000
1.3138000000
1.7388000000
0.6176200000
-2.8284000000
0.6098100000
1.4833000000
1.8576000000
0.7623100000
-3.1783000000
0.7478400000
1.4469000000
1.6542000000
0.3219700000
-2.6926000000
0.3293900000
2.3529000000
2.1917000000
1.0105000000
-2.6294000000
1.2966000000
1.9027000000
1.5716000000
0.3371200000
-2.2290000000
0.9855300000
1.9691000000
1.6807000000
-0.3711200000
-1.1664000000
1.9665000000
2.4815000000
1.2634000000
-0.0205810000
-1.3239000000
1.3395000000
2.2311000000
1.2650000000
-0.4947200000
-0.8098700000
1.3179000000
2.3145000000
1.3255000000
-0.8907800000
-0.1509300000
1.3098000000
2.6945000000
1.6466000000
-0.9663700000
-1.6674000000
1.0826000000
1.8420000000
-0.7800000000
-2.3408000000
0.8459000000
1.2617000000
1.0567000000
-0.2535000000
-2.1405000000
0.0759970000
0.8865200000
1.5054000000
-0.8999800000
-2.1236000000
0.9264700000
1.2937000000
2.0126000000
0.6627600000
-3.1919000000
0.3572200000
1.4464000000
1.1229000000
-0.5984700000
-1.9652000000
0.0567020000
1.4814000000
1.4758000000
0.4722600000
-2.8992000000
1.1652000000
1.9628000000
1.3614000000
0.4369300000
-2.5866000000
0.9227100000
2.2367000000
-1.0335000000
-1.9541000000
-2.5853000000
