0.0150430000
0.2132900000
-2.2100000000
-0.8417600000
0.3201300000
-1.1216000000
1.7347000000
-0.2616300000
-1.0754000000
-0.7970700000
-0.3760800000
0.1167000000
1.2656000000
0.0987680000
0.7607400000
-0.6728500000
-0.1869400000
1.3075000000
-0.7142000000
-0.0932170000
-1.1644000000
-0.1260000000
1.4562000000
-0.3723100000
1.3384000000
0.0196020000
-1.5342000000
-0.0937100000
-0.6842500000
0.3153000000
1.5959000000
0.2494200000
-0.1431200000
-0.1515700000
-0.8298200000
-0.0320490000
-0.2279400000
-0.8195100000
0.3882000000
0.0070727000
-0.9988700000
0.9330600000
0.3690900000
0.4686400000
0.4717500000
-0.0395460000
-0.6091900000
1.1335000000
1.2685000000
0.3020400000
-0.4538800000
-1.0423000000
0.1642600000
1.7591000000
1.0920000000
-0.0280280000
-0.9538900000
-1.7890000000
0.0172700000
1.7280000000
0.3771500000
-0.0810950000
-0.8367400000
-2.4409000000
1.1239000000
1.9843000000
-0.0222490000
0.2118500000
-1.7887000000
-0.6253600000
1.7345000000
-0.7368900000
0.4316600000
-0.5024000000
-0.8070400000
0.3333400000
0.9469600000
1.5337000000
0.3626500000
-1.3239000000
0.1571600000
1.4404000000
1.1518000000
0.5199400000
0.2890700000
-1.6498000000
1.0417000000
-0.5569500000
-0.0271450000
0.0955430000
-0.4478700000
1.1480000000
-1.4166000000
-0.1814400000
1.7021000000
-1.8963000000
0.2920200000
-0.4587400000
-0.2992100000
2.1267000000
-0.5238200000
-0.7465200000
-0.1538300000
-1.5900000000
-0.1504300000
0.4959600000
0.2479600000
0.7735900000
-1.1129000000
-1.1901000000
0.7376100000
-0.2880200000
0.4302700000
0.8523200000
-1.2196000000
-1.0850000000
0.4818200000
-0.3103800000
1.9154000000
0.9338300000
-1.2251000000
-1.2858000000
0.3285200000
0.7888600000
1.1407000000
1.0945000000
-2.2343000000
-0.9538800000
1.0604000000
0.1115700000
1.0669000000
0.4875600000
1.1019000000
0.7756200000
-1.4772000000
-0.0587940000
0.4927900000
0.1548300000
2.0902000000
0.3830100000
-0.2616400000
-0.1978700000
0.2716200000
0.4847600000
0.8730800000
0.1265700000
-0.8771400000
-0.7862800000
-0.3939300000
0.8462600000
-0.3284600000
-0.1486700000
-0.8109100000
-0.7397600000
-0.2981400000
1.2971000000
0.5605300000
0.7716600000
0.5188000000
-1.0436000000
0.7058500000
-1.6366000000
-1.0974000000
0.6237200000
-0.2709600000
0.4091000000
0.4432400000
-1.2927000000
0.4527300000
-0.4148300000
-1.2287000000
1.1633000000
-0.5514900000
-1.0085000000
-1.5294000000
-0.7707700000
-0.2041600000
-0.2564600000
-0.8556700000
0.4923000000
-1.2131000000
-1.7214000000
-0.4510400000
-1.7497000000
0.5638000000
-0.0675690000
-2.0496000000
0.2810100000
-0.1849600000
-0.9357300000
0.9368400000
-1.0804000000
-0.0491370000
0.8071400000
-0.3193900000
1.4644000000
-0.4658100000
1.3384000000
1.6167000000
-0.4372200000
-0.8134600000
-0.9717000000
0.7870000000
1.9048000000
0.7749500000
1.0083000000
0.2917900000
-0.3377300000
-0.2428300000
-1.7679000000
1.6667000000
1.1577000000
-0.1234200000
-0.5912800000
-1.4913000000
-0.6235200000
0.1804100000
0.3745500000
1.1048000000
-0.0600940000
-0.8091800000
-0.4407000000
-0.3361500000
1.1226000000
1.5798000000
-1.7759000000
-0.5436400000
-1.6460000000
0.6234100000
1.7924000000
-1.0486000000
-0.1882900000
1.1085000000
-0.5388300000
1.1584000000
0.3935900000
-0.2471400000
0.5369300000
-0.2312500000
1.5964000000
0.9204400000
-0.4773400000
-1.1941000000
-1.5106000000
-1.1450000000
1.4453000000
-0.2122800000
0.7881200000
1.5561000000
-0.7333200000
0.9950100000
2.0566000000
0.5446300000
1.2929000000
-0.0168430000
-0.3556700000
-0.2781600000
-0.8990300000
0.5998900000
0.3429000000
-1.0119000000
0.8331900000
0.2635100000
0.1778000000
0.2893900000
0.2310000000
-0.1249300000
2.3211000000
0.9533100000
0.1561500000
-0.6452800000
-1.0310000000
0.6481600000
0.6551400000
0.2970700000
-0.1608000000
-0.3760400000
-0.3618900000
-0.1487800000
-0.2701800000
1.1808000000
1.1931000000
-0.6400500000
0.4704900000
0.2161000000
-0.5372900000
0.4707100000
-0.0221670000
-0.0521640000
0.8394300000
-0.6357800000
1.0850000000
0.7205200000
-0.9646200000
-1.5902000000
0.4570300000
1.2890000000
0.1864100000
0.8736100000
0.3515000000
0.2838500000
0.0329080000
-0.5858800000
-0.3693400000
0.0638780000
0.4380400000
-0.3502600000
-0.9254600000
-0.4386300000
-1.2244000000
0.7685300000
0.6022000000
0.3827200000
0.0696980000
-1.2529000000
0.4481700000
-0.4957000000
1.5030000000
1.2485000000
-1.4357000000
0.1944200000
-0.3049900000
-0.5253000000
1.5521000000
-0.9579400000
0.4506200000
0.7573500000
-1.4042000000
0.7776900000
-0.0978200000
1.2502000000
1.8740000000
0.0405440000
-0.7724400000
-2.0117000000
0.0473330000
0.6072200000
1.0279000000
-0.9284400000
-1.3850000000
-0.2929800000
0.0858070000
0.2448200000
-0.0677030000
-0.3552600000
-1.1613000000
-0.4285300000
1.3494000000
-0.0005173900
-0.9126600000
0.1145500000
-1.1661000000
-0.1140700000
1.5810000000
1.8105000000
0.4985700000
1.0471000000
-0.4429700000
-1.7139000000
0.8093300000
0.5877900000
2.2358000000
2.0855000000
-0.4892800000
-0.4800800000
-2.5562000000
-1.0590000000
1.7038000000
2.0571000000
0.6791300000
-1.0104000000
-2.0538000000
-1.6207000000
-0.1098800000
2.3101000000
2.2152000000
-0.7205700000
0.0190460000
-1.0143000000
0.3125500000
0.1037600000
-0.7503000000
1.6011000000
-1.2502000000
-1.3961000000
0.9551900000
-0.1432100000
0.5578900000
0.3402700000
-1.3421000000
0.9080800000
-0.7302200000
0.6218200000
0.1786000000
-2.1193000000
2.3606000000
0.4962200000
-1.8087000000
-0.2392200000
-1.1667000000
-0.2986600000
1.5370000000
-0.9925700000
1.3017000000
0.2277100000
-1.9573000000
-0.5984500000
-0.7560600000
0.6593800000
1.4585000000
-1.5800000000
-1.6242000000
-1.8544000000
0.3982300000
0.6922600000
1.2795000000
0.0652690000
-0.5932900000
-0.3451600000
-1.7350000000
0.0460150000
1.0369000000
-0.0966740000
-0.0348310000
-0.6777400000
-0.7886400000
-0.1477000000
-0.7510500000
0.0177560000
0.7208500000
-0.1764400000
-0.2901600000
-0.4051800000
-0.5392800000
-0.3542900000
0.1365400000
-0.4601000000
1.6340000000
-0.9741800000
-1.4253000000
-0.0975720000
-1.1857000000
0.6571300000
-0.0207880000
-1.3747000000
0.2982600000
-0.9656200000
0.4313100000
1.0987000000
-0.1906000000
-0.7271200000
0.1457900000
0.0806040000
1.0538000000
0.4041900000
0.9763600000
-0.4953000000
-0.4954400000
0.4567200000
-0.0306190000
1.0492000000
0.6644100000
-0.4632900000
-0.3470800000
-0.3786100000
-1.9161000000
0.6468300000
1.9363000000
1.1363000000
-0.7486000000
-1.8137000000
-0.2768400000
0.4571800000
0.9878000000
1.9488000000
-1.4241000000
-0.8135600000
-1.7927000000
-0.3455800000
1.6950000000
-1.8704000000
0.8930100000
1.8203000000
-1.7906000000
1.0850000000
0.2875100000
-0.1150600000
2.6937000000
-2.8236000000
-0.8593200000
1.8147000000
0.5388000000
2.6867000000
-0.8687200000
-1.7584000000
0.8601400000
-0.1355900000
-0.3078500000
1.5578000000
-0.8409500000
