1.4579000000
1.2901000000
1.1350000000
1.0081000000
0.9067300000
0.8274600000
0.7901500000
0.8125600000
0.9103900000
1.0898000000
1.2995000000
1.5185000000
1.7323000000
1.9242000000
2.0781000000
2.1797000000
2.2187000000
2.1897000000
2.0936000000
1.9371000000
1.7331000000
1.4990000000
1.2559000000
1.0265000000
0.8024500000
0.5579700000
0.3143800000
0.0896990000
-0.1026800000
-0.2541600000
-0.3607300000
-0.4224700000
-0.4428800000
-0.4279500000
-0.3853800000
-0.3236200000
-0.2512200000
-0.1761400000
-0.1053200000
-0.0443530000
0.0026062000
0.0328640000
0.0450400000
0.0388400000
0.0147630000
-0.0262360000
-0.0830950000
-0.1549900000
-0.2416500000
-0.3436800000
-0.4628300000
-0.6022700000
-0.7668300000
-0.9633000000
-1.1713000000
-1.3469000000
-1.4948000000
-1.6159000000
-1.7083000000
-1.7697000000
-1.7979000000
-1.7923000000
-1.7543000000
-1.6879000000
-1.5991000000
-1.4963000000
-1.3889000000
-1.2874000000
-1.2016000000
-1.1404000000
-1.1106000000
-1.1162000000
-1.1581000000
-1.2338000000
-1.3373000000
-1.4601000000
-1.5913000000
-1.7188000000
-1.8305000000
-1.9152000000
-1.9640000000
-1.9710000000
-1.9338000000
-1.8543000000
-1.7385000000
-1.5958000000
-1.4386000000
-1.2814000000
-1.1387000000
-1.0248000000
-0.9436600000
-0.8904100000
-0.8837200000
-0.9416900000
-1.0737000000
-1.2437000000
-1.4352000000
-1.6338000000
-1.8232000000
-1.9864000000
-2.1081000000
-2.1758000000
-2.1816000000
-2.1227000000
-2.0025000000
-1.8302000000
-1.6201000000
-1.3906000000
-1.1626000000
-0.9559800000
-0.7419200000
-0.5207100000
-0.3128200000
-0.1348100000
0.0010927000
0.0869190000
0.1185600000
0.0950680000
0.0177850000
-0.1106700000
-0.2874400000
-0.5104700000
-0.7794800000
-1.0917000000
-1.3662000000
-1.5815000000
-1.7417000000
-1.8478000000
-1.8999000000
-1.8993000000
-1.8496000000
-1.7573000000
-1.6321000000
-1.4862000000
-1.3337000000
-1.1896000000
-1.0681000000
-0.9811800000
-0.9225300000
-0.9037800000
-0.9438200000
-1.0553000000
-1.2094000000
-1.3893000000
-1.5814000000
-1.7698000000
-1.9376000000
-2.0690000000
-2.1507000000
-2.1735000000
-2.1332000000
-2.0314000000
-1.8755000000
-1.6781000000
-1.4564000000
-1.2304000000
-1.0212000000
-0.8209800000
-0.6089100000
-0.4060400000
-0.2302900000
-0.0954720000
-0.0112580000
0.0164810000
-0.0149670000
-0.1060300000
-0.2558700000
-0.4634900000
-0.7288400000
-1.0523000000
-1.3563000000
-1.6009000000
-1.7883000000
-1.9174000000
-1.9861000000
-1.9942000000
-1.9442000000
-1.8426000000
-1.6996000000
-1.5287000000
-1.3463000000
-1.1698000000
-1.0166000000
-0.8842400000
-0.7623700000
-0.6711800000
-0.6285600000
-0.6497100000
-0.7475200000
-0.9332100000
-1.1898000000
-1.4465000000
-1.6893000000
-1.9042000000
-2.0760000000
-2.1913000000
-2.2398000000
-2.2165000000
-2.1221000000
-1.9637000000
-1.7544000000
-1.5123000000
-1.2594000000
-1.0193000000
-0.7797400000
-0.5153200000
-0.2477200000
0.0052251000
0.2305900000
0.4206400000
0.5727100000
0.6887600000
0.7747700000
0.8399900000
0.8961600000
0.9568900000
1.0342000000
1.1180000000
1.2101000000
1.3122000000
1.4217000000
1.5334000000
1.6397000000
1.7326000000
1.8042000000
1.8478000000
1.8590000000
1.8359000000
1.7797000000
1.6946000000
1.5877000000
1.4683000000
1.3472000000
1.2359000000
1.1452000000
1.0845000000
1.0606000000
1.0772000000
1.1343000000
1.2279000000
1.3508000000
1.4923000000
1.6400000000
1.7800000000
1.8989000000
1.9847000000
2.0281000000
2.0233000000
1.9691000000
1.8686000000
1.7295000000
1.5636000000
1.3855000000
1.2114000000
1.0579000000
0.9334300000
0.8218700000
0.7394300000
0.7048000000
0.7341900000
0.8416200000
1.0383000000
1.2750000000
1.5137000000
1.7411000000
1.9416000000
2.0994000000
2.2009000000
2.2363000000
2.2009000000
2.0964000000
1.9305000000
1.7170000000
1.4745000000
1.2248000000
0.9912600000
0.7519500000
0.4918900000
0.2325900000
-0.0087159000
-0.2196400000
-0.3928900000
-0.5260400000
-0.6210800000
-0.6837000000
-0.7225600000
-0.7484600000
-0.7736400000
-0.8112000000
-0.8747100000
-0.9780000000
-1.1159000000
-1.2604000000
-1.4089000000
-1.5554000000
-1.6914000000
-1.8070000000
-1.8932000000
-1.9422000000
-1.9491000000
-1.9125000000
-1.8346000000
-1.7215000000
-1.5828000000
-1.4307000000
-1.2792000000
-1.1427000000
-1.0346000000
-0.9620200000
-0.9203500000
-0.9268700000
-0.9998800000
-1.1310000000
-1.2945000000
-1.4786000000
-1.6684000000
-1.8473000000
-1.9987000000
-2.1077000000
-2.1630000000
-2.1574000000
-2.0893000000
-1.9629000000
-1.7880000000
-1.5792000000
-1.3550000000
-1.1360000000
-0.9393500000
-0.7351000000
-0.5291600000
-0.3415800000
-0.1885800000
-0.0822870000
-0.0308680000
-0.0390520000
-0.1088800000
-0.2407000000
-0.4342000000
-0.6896100000
-1.0088000000
-1.3263000000
-1.5853000000
-1.7875000000
-1.9307000000
-2.0122000000
-2.0306000000
-1.9875000000
-1.8888000000
-1.7441000000
-1.5673000000
-1.3750000000
-1.1855000000
-1.0174000000
-0.8664000000
-0.7197500000
-0.5977800000
-0.5184000000
-0.4964200000
-0.5438200000
-0.6703600000
-0.8845000000
-1.1741000000
-1.4550000000
-1.7100000000
-1.9273000000
-2.0941000000
-2.1987000000
-2.2329000000
-2.1938000000
-2.0839000000
-1.9123000000
-1.6936000000
-1.4472000000
-1.1957000000
-0.9616300000
-0.7138600000
-0.4468000000
-0.1814900000
0.0654330000
0.2823600000
0.4628600000
0.6055000000
0.7133300000
0.7932200000
0.8551300000
0.9113400000
0.9758100000
1.0561000000
1.1414000000
1.2359000000
1.3401000000
1.4507000000
1.5615000000
1.6650000000
1.7529000000
1.8178000000
1.8533000000
1.8558000000
1.8239000000
1.7599000000
1.6685000000
1.5576000000
1.4369000000
1.3174000000
1.2106000000
1.1270000000
1.0753000000
1.0617000000
1.0888000000
1.1558000000
1.2576000000
1.3862000000
1.5303000000
1.6770000000
1.8126000000
1.9239000000
1.9994000000
2.0306000000
2.0131000000
1.9466000000
1.8354000000
1.6885000000
1.5182000000
1.3398000000
1.1697000000
1.0244000000
0.9043100000
0.7989400000
0.7278100000
0.7089600000
0.7580300000
0.8886400000
1.1040000000
1.3414000000
1.5778000000
1.7990000000
1.9891000000
2.1327000000
2.2169000000
2.2333000000
2.1789000000
2.0568000000
1.8766000000
1.6534000000
1.4068000000
1.1594000000
0.9305100000
0.6836200000
0.4222200000
0.1667300000
-0.0668480000
-0.2674900000
-0.4292300000
-0.5508500000
-0.6353800000
-0.6893300000
-0.7219500000
-0.7443900000
-0.7691000000
-0.8091800000
-0.8781300000
-0.9896600000
-1.1331000000
-1.2819000000
-1.4334000000
-1.5811000000
-1.7161000000
-1.8286000000
-1.9096000000
-1.9518000000
-1.9508000000
-1.9057000000
-1.8198000000
-1.6998000000
-1.5560000000
-1.4011000000
-1.2496000000
-1.1157000000
-1.0129000000
-0.9430900000
-0.9055400000
-0.9194900000
-1.0028000000
-1.1435000000
-1.3146000000
-1.5038000000
-1.6960000000
-1.8743000000
-2.0223000000
-2.1255000000
-2.1729000000
-2.1581000000
-2.0803000000
-1.9447000000
-1.7619000000
-1.5474000000
-1.3202000000
-1.1014000000
-0.9030800000
-0.6925200000
-0.4828200000
-0.2934000000
-0.1397400000
-0.0331250000
0.0191610000
0.0132940000
-0.0518730000
-0.1757800000
-0.3572200000
-0.5954700000
-0.8913700000
-1.2183000000
-1.4893000000
-1.7027000000
-1.8586000000
-1.9554000000
-1.9917000000
-1.9689000000
-1.8914000000
-1.7677000000
-1.6097000000
-1.4324000000
-1.2529000000
-1.0885000000
-0.9525000000
-0.8268900000
-0.7230100000
-0.6601200000
-0.6548000000
-0.7211400000
-0.8713200000
-1.1075000000
-1.3608000000
-1.6064000000
-1.8307000000
-2.0186000000
-2.1553000000
-2.2292000000
-2.2329000000
-2.1649000000
-2.0297000000
-1.8381000000
-1.6066000000
-1.3558000000
-1.1086000000
-0.8769100000
-0.6206000000
-0.3534000000
-0.0948520000
0.1401500000
0.3418200000
0.5055000000
0.6313500000
0.7237300000
0.7905100000
0.8423100000
0.8917800000
0.9529600000
1.0378000000
1.1327000000
1.2371000000
1.3509000000
1.4699000000
1.5875000000
1.6954000000
1.7848000000
1.8482000000
1.8793000000
1.8746000000
1.8336000000
1.7591000000
1.6569000000
1.5359000000
1.4067000000
1.2813000000
1.1718000000
1.0889000000
1.0417000000
1.0358000000
1.0734000000
1.1527000000
1.2676000000
1.4088000000
1.5639000000
1.7189000000
1.8591000000
1.9707000000
2.0422000000
2.0653000000
2.0360000000
1.9551000000
1.8282000000
1.6656000000
1.4813000000
1.2918000000
1.1147000000
0.9656700000
0.8262400000
0.7028000000
0.6150100000
0.5797100000
0.6109500000
0.7204500000
0.9184200000
1.1887000000
1.4552000000
1.7031000000
1.9191000000
2.0889000000
2.1995000000
2.2416000000
2.2109000000
2.1089000000
1.9436000000
1.7288000000
1.4834000000
1.2297000000
0.9913900000
0.7459600000
0.4776600000
0.2080500000
-0.0456160000
-0.2710800000
-0.4613500000
-0.6145000000
-0.7332400000
-0.8243000000
-0.8976400000
-0.9657900000
-1.0390000000
-1.1099000000
-1.1852000000
-1.2694000000
-1.3626000000
-1.4615000000
-1.5606000000
-1.6528000000
-1.7308000000
-1.7878000000
-1.8183000000
-1.8190000000
-1.7890000000
-1.7301000000
-1.6470000000
-1.5468000000
-1.4381000000
-1.3312000000
-1.2360000000
-1.1620000000
-1.1171000000
-1.1066000000
-1.1327000000
-1.1944000000
-1.2872000000
-1.4036000000
-1.5335000000
-1.6651000000
-1.7861000000
-1.8847000000
-1.9508000000
-1.9769000000
-1.9591000000
-1.8973000000
-1.7957000000
-1.6625000000
-1.5089000000
-1.3486000000
-1.1966000000
-1.0674000000
-0.9723600000
-0.9026100000
-0.8707200000
-0.8955600000
-0.9941700000
-1.1534000000
-1.3390000000
-1.5385000000
-1.7363000000
-1.9155000000
-2.0598000000
-2.1550000000
-2.1910000000
-2.1624000000
-2.0698000000
-1.9196000000
-1.7240000000
-1.4997000000
-1.2669000000
-1.0472000000
-0.8398200000
-0.6162400000
-0.3964000000
-0.1987100000
-0.0373540000
0.0778940000
0.1414000000
0.1511400000
0.1078600000
0.0142020000
-0.1263800000
-0.3105900000
-0.5362900000
-0.8034200000
-1.1073000000
-1.3681000000
-1.5708000000
-1.7203000000
-1.8183000000
-1.8653000000
-1.8631000000
-1.8154000000
-1.7286000000
-1.6119000000
-1.4769000000
-1.3366000000
-1.2049000000
-1.0949000000
-1.0183000000
-0.9812400000
-0.9871700000
-1.0479000000
-1.1527000000
-1.2930000000
-1.4574000000
-1.6314000000
-1.7993000000
-1.9451000000
-2.0543000000
-2.1152000000
-2.1204000000
-2.0673000000
-1.9587000000
-1.8028000000
-1.6124000000
-1.4042000000
-1.1972000000
-1.0108000000
-0.8364500000
-0.6599100000
-0.5021100000
-0.3807700000
-0.3100700000
-0.3007600000
-0.3606700000
-0.4955300000
-0.7099900000
-1.0088000000
-1.3285000000
-1.6078000000
-1.8412000000
-2.0200000000
-2.1355000000
-2.1813000000
-2.1551000000
-2.0597000000
-1.9036000000
-1.7007000000
-1.4692000000
-1.2305000000
-1.0074000000
-0.7851500000
-0.5451000000
-0.3086600000
-0.0934440000
0.0874770000
0.2257300000
0.3173800000
0.3624200000
0.3639800000
0.3275000000
0.2597600000
0.1680700000
0.0594170000
-0.0601780000
-0.1861900000
-0.3160000000
-0.4491200000
-0.5873600000
-0.7349000000
-0.8983300000
-1.0796000000
-1.2368000000
-1.3690000000
-1.4809000000
-1.5734000000
-1.6455000000
-1.6950000000
-1.7203000000
-1.7205000000
-1.6964000000
-1.6505000000
-1.5871000000
-1.5120000000
-1.4323000000
-1.3554000000
-1.2888000000
-1.2395000000
-1.2127000000
-1.2118000000
-1.2380000000
-1.2899000000
-1.3634000000
-1.4526000000
-1.5496000000
-1.6456000000
-1.7315000000
-1.7988000000
-1.8405000000
-1.8517000000
-1.8301000000
-1.7767000000
-1.6951000000
-1.5921000000
-1.4765000000
-1.3587000000
-1.2498000000
-1.1604000000
-1.0996000000
-1.0743000000
-1.0880000000
-1.1412000000
-1.2301000000
-1.3479000000
-1.4844000000
-1.6276000000
-1.7641000000
-1.8809000000
-1.9663000000
-2.0109000000
-2.0090000000
-1.9591000000
-1.8641000000
-1.7312000000
-1.5714000000
-1.3989000000
-1.2294000000
-1.0790000000
-0.9598500000
-0.8575200000
-0.7840500000
-0.7585200000
-0.7976800000
-0.9162700000
-1.1153000000
-1.3374000000
-1.5636000000
-1.7791000000
-1.9676000000
-2.1132000000
-2.2024000000
-2.2261000000
-2.1804000000
-2.0676000000
-1.8962000000
-1.6805000000
-1.4392000000
-1.1943000000
-0.9678500000
-0.7313600000
-0.4786000000
-0.2305800000
-0.0040503000
0.1889900000
0.3414800000
0.4510000000
0.5192200000
0.5512000000
0.5545500000
0.5385500000
0.5134700000
0.4898300000
0.4779400000
0.4876200000
0.5280700000
0.6079900000
0.7358400000
0.9203100000
1.1512000000
1.3675000000
1.5626000000
1.7309000000
1.8648000000
1.9566000000
2.0002000000
1.9924000000
1.9340000000
1.8299000000
1.6890000000
1.5237000000
1.3491000000
1.1817000000
1.0375000000
0.9211500000
0.8200700000
0.7526700000
0.7372900000
0.7898900000
0.9245000000
1.1372000000
1.3672000000
1.5974000000
1.8130000000
1.9977000000
2.1360000000
2.2153000000
2.2273000000
2.1692000000
2.0446000000
1.8630000000
1.6397000000
1.3945000000
1.1496000000
0.9234800000
0.6791000000
0.4219600000
0.1723400000
-0.0539210000
-0.2458800000
-0.3975500000
-0.5076000000
-0.5787700000
-0.6171500000
-0.6313500000
-0.6316900000
-0.6294800000
-0.6364700000
-0.6643800000
-0.7248000000
-0.8291100000
-0.9888100000
-1.1812000000
-1.3678000000
-1.5448000000
-1.7046000000
-1.8379000000
-1.9354000000
-1.9896000000
-1.9956000000
-1.9525000000
-1.8632000000
-1.7350000000
-1.5791000000
-1.4092000000
-1.2411000000
-1.0908000000
-0.9717600000
-0.8713100000
-0.7986700000
-0.7731100000
-0.8116400000
-0.9292600000
-1.1248000000
-1.3425000000
-1.5654000000
-1.7785000000
-1.9653000000
-2.1099000000
-2.1987000000
-2.2226000000
-2.1776000000
-2.0659000000
-1.8959000000
-1.6816000000
-1.4418000000
-1.1982000000
-0.9730700000
-0.7394200000
-0.4896900000
-0.2449400000
-0.0220400000
0.1668500000
0.3144600000
0.4180600000
0.4790100000
0.5019200000
0.4938900000
0.4635800000
0.4204900000
0.3741900000
0.3338500000
0.3078600000
0.3036500000
0.3276900000
0.3857100000
0.4829600000
0.6247200000
0.8168200000
1.0633000000
1.3026000000
1.5098000000
1.6838000000
1.8199000000
1.9127000000
1.9579000000
1.9532000000
1.9001000000
1.8035000000
1.6721000000
1.5178000000
1.3549000000
1.1987000000
1.0644000000
0.9630200000
0.8835800000
0.8398600000
0.8506600000
0.9328500000
1.0921000000
1.2837000000
1.4901000000
1.6965000000
1.8864000000
2.0432000000
2.1520000000
2.2017000000
2.1859000000
2.1041000000
1.9617000000
1.7701000000
1.5455000000
1.3080000000
1.0795000000
0.8669900000
0.6359200000
0.4032800000
0.1881000000
0.0051000000
-0.1355900000
-0.2282500000
-0.2711200000
-0.2656500000
-0.2156600000
-0.1263500000
-0.0033726000
0.1480600000
0.3239800000
0.5223700000
0.7436900000
0.9914200000
1.2262000000
1.4082000000
1.5467000000
1.6462000000
1.7089000000
1.7362000000
1.7301000000
1.6939000000
1.6324000000
1.5525000000
1.4620000000
1.3700000000
1.2857000000
1.2176000000
1.1730000000
1.1572000000
1.1728000000
1.2198000000
1.2948000000
1.3919000000
1.5028000000
1.6176000000
1.7256000000
1.8165000000
1.8809000000
1.9119000000
1.9052000000
1.8601000000
1.7793000000
1.6692000000
1.5390000000
1.4001000000
1.2654000000
1.1478000000
1.0589000000
1.0082000000
1.0018000000
1.0422000000
1.1273000000
1.2508000000
1.4023000000
1.5688000000
1.7351000000
1.8855000000
2.0052000000
2.0819000000
2.1066000000
2.0751000000
1.9882000000
1.8520000000
1.6775000000
1.4797000000
1.2763000000
1.0863000000
0.9210600000
0.7550900000
0.6021900000
0.4815500000
0.4090700000
0.3973400000
0.4560900000
0.5929200000
0.8143000000
1.1181000000
1.4169000000
1.6823000000
1.9049000000
2.0739000000
2.1791000000
2.2133000000
2.1743000000
2.0653000000
1.8956000000
1.6800000000
1.4377000000
1.1912000000
0.9624800000
0.7215600000
0.4634000000
0.2089500000
-0.0251070000
-0.2270100000
-0.3899800000
-0.5120300000
-0.5954000000
-0.6459000000
-0.6720400000
-0.6843100000
-0.6944200000
-0.7147000000
-0.7577200000
-0.8360700000
-0.9624100000
-1.1298000000
-1.2992000000
-1.4662000000
-1.6242000000
-1.7638000000
-1.8754000000
-1.9501000000
-1.9814000000
-1.9658000000
-1.9041000000
-1.8008000000
-1.6644000000
-1.5068000000
-1.3423000000
-1.1862000000
-1.0536000000
-0.9536500000
-0.8753800000
-0.8345000000
-0.8496200000
-0.9374200000
-1.1016000000
-1.2960000000
-1.5040000000
-1.7108000000
-1.8997000000
-2.0540000000
-2.1593000000
-2.2046000000
-2.1841000000
-2.0974000000
-1.9507000000
-1.7555000000
-1.5287000000
-1.2904000000
-1.0627000000
-0.8485800000
-0.6153000000
-0.3817600000
-0.1666700000
0.0156200000
0.1553800000
0.2473100000
0.2900300000
0.2853800000
0.2375300000
0.1520100000
0.0348190000
-0.1084800000
-0.2735300000
-0.4578200000
-0.6612400000
-0.8865100000
-1.1258000000
-1.3196000000
-1.4697000000
-1.5824000000
-1.6606000000
-1.7058000000
-1.7193000000
-1.7031000000
-1.6608000000
-1.5975000000
-1.5196000000
-1.4350000000
-1.3520000000
-1.2789000000
-1.2234000000
-1.1913000000
-1.1869000000
-1.2116000000
-1.2644000000
-1.3412000000
-1.4358000000
-1.5401000000
-1.6444000000
-1.7391000000
-1.8148000000
-1.8637000000
-1.8802000000
-1.8614000000
-1.8079000000
-1.7234000000
-1.6146000000
-1.4909000000
-1.3633000000
-1.2439000000
-1.1441000000
-1.0740000000
-1.0414000000
-1.0508000000
-1.1030000000
-1.1944000000
-1.3182000000
-1.4637000000
-1.6182000000
-1.7673000000
-1.8969000000
-1.9940000000
-2.0482000000
-2.0528000000
-2.0055000000
-1.9087000000
-1.7698000000
-1.6002000000
-1.4147000000
-1.2303000000
-1.0643000000
-0.9256400000
-0.7948100000
-0.6878400000
-0.6235200000
-0.6178700000
-0.6843600000
-0.8344800000
-1.0746000000
-1.3379000000
-1.5909000000
-1.8210000000
-2.0133000000
-2.1536000000
-2.2302000000
-2.2360000000
-2.1693000000
-2.0348000000
-1.8433000000
-1.6111000000
-1.3591000000
-1.1103000000
-0.8768000000
-0.6180700000
-0.3476500000
-0.0851300000
0.1546100000
0.3618500000
0.5320500000
0.6655500000
0.7670000000
0.8446800000
0.9097200000
0.9754200000
1.0500000000
1.1254000000
1.2079000000
1.3001000000
1.4005000000
1.5046000000
1.6057000000
1.6964000000
1.7690000000
1.8171000000
1.8359000000
1.8227000000
1.7781000000
1.7051000000
1.6098000000
1.5004000000
1.3867000000
1.2792000000
1.1885000000
1.1236000000
1.0918000000
1.0972000000
1.1407000000
1.2197000000
1.3282000000
1.4569000000
1.5945000000
1.7284000000
1.8459000000
1.9352000000
1.9868000000
1.9946000000
1.9560000000
1.8730000000
1.7517000000
1.6021000000
1.4372000000
1.2721000000
1.1221000000
1.0021000000
0.9079900000
0.8394000000
0.8160900000
0.8557000000
0.9739800000
1.1589000000
1.3646000000
1.5778000000
1.7831000000
1.9636000000
2.1033000000
2.1887000000
2.2107000000
2.1652000000
2.0546000000
1.8870000000
1.6762000000
1.4406000000
1.2015000000
0.9810600000
0.7554100000
0.5151300000
0.2813500000
0.0711130000
-0.1031100000
-0.2335000000
-0.3166500000
-0.3529300000
-0.3457300000
-0.3005700000
-0.2241900000
-0.1236400000
-0.0055417000
0.1246400000
0.2630900000
0.4080400000
0.5600500000
0.7221500000
0.8999900000
1.0928000000
1.2552000000
1.3881000000
1.4971000000
1.5838000000
1.6479000000
1.6884000000
1.7045000000
1.6964000000
1.6658000000
1.6159000000
1.5515000000
1.4787000000
1.4044000000
1.3358000000
1.2797000000
1.2420000000
1.2270000000
1.2371000000
1.2723000000
1.3302000000
1.4063000000
1.4940000000
1.5856000000
1.6726000000
1.7466000000
1.8002000000
1.8275000000
1.8249000000
1.7917000000
1.7296000000
1.6437000000
1.5409000000
1.4304000000
1.3223000000
1.2268000000
1.1535000000
1.1100000000
1.1017000000
1.1306000000
1.1954000000
1.2914000000
1.4106000000
1.5427000000
1.6759000000
1.7975000000
1.8956000000
1.9602000000
1.9838000000
1.9628000000
1.8973000000
1.7919000000
1.6551000000
1.4984000000
1.3360000000
1.1829000000
1.0539000000
0.9583800000
0.8863800000
0.8532600000
0.8776700000
0.9763600000
1.1414000000
1.3323000000
1.5361000000
1.7375000000
1.9195000000
2.0657000000
2.1621000000
2.1983000000
2.1691000000
2.0752000000
1.9230000000
1.7250000000
1.4981000000
1.2626000000
1.0406000000
0.8289600000
0.6000300000
0.3742500000
0.1699000000
0.0009552000
-0.1231400000
-0.1972000000
-0.2197500000
-0.1922400000
-0.1181900000
-0.0021035000
0.1514000000
0.3385800000
0.5573800000
0.8081900000
1.0889000000
1.3288000000
1.5139000000
1.6507000000
1.7422000000
1.7898000000
1.7954000000
1.7622000000
1.6956000000
1.6029000000
1.4936000000
1.3785000000
1.2690000000
1.1760000000
1.1094000000
1.0765000000
1.0820000000
1.1269000000
1.2085000000
1.3206000000
1.4537000000
1.5962000000
1.7349000000
1.8568000000
1.9496000000
2.0035000000
2.0120000000
1.9726000000
1.8872000000
1.7620000000
1.6074000000
1.4369000000
1.2658000000
1.1104000000
0.9854400000
0.8804900000
0.8000500000
0.7636900000
0.7886900000
0.8902500000
1.0766000000
1.2949000000
1.5203000000
1.7384000000
1.9329000000
2.0878000000
2.1888000000
2.2259000000
2.1940000000
2.0943000000
1.9338000000
1.7259000000
1.4884000000
1.2428000000
1.0120000000
0.7821700000
0.5317000000
0.2822200000
0.0514040000
-0.1477500000
-0.3071600000
-0.4234300000
-0.4974100000
-0.5334200000
-0.5384700000
-0.5214300000
-0.4921900000
-0.4610100000
-0.4379300000
-0.4324900000
-0.4535000000
-0.5091100000
-0.6070200000
-0.7548500000
-0.9607200000
-1.1997000000
-1.4162000000
-1.6075000000
-1.7681000000
-1.8908000000
-1.9687000000
-1.9968000000
-1.9734000000
-1.9006000000
-1.7847000000
-1.6359000000
-1.4675000000
-1.2949000000
-1.1346000000
-1.0024000000
-0.8927000000
-0.8032100000
-0.7538600000
-0.7622700000
-0.8438600000
-1.0122000000
-1.2315000000
-1.4596000000
-1.6835000000
-1.8874000000
-2.0548000000
-2.1713000000
-2.2254000000
-2.2109000000
-2.1273000000
-1.9803000000
-1.7819000000
-1.5489000000
-1.3021000000
-1.0645000000
-0.8382500000
-0.5886800000
-0.3347500000
-0.0951910000
0.1158800000
0.2892900000
0.4206700000
0.5100900000
0.5613600000
0.5812500000
0.5786500000
0.5638000000
0.5475700000
0.5408800000
0.5544100000
0.5983600000
0.6825500000
0.8166300000
1.0104000000
1.2263000000
1.4278000000
1.6110000000
1.7687000000
1.8922000000
1.9733000000
2.0062000000
1.9881000000
1.9203000000
1.8082000000
1.6614000000
1.4930000000
1.3182000000
1.1535000000
1.0150000000
0.9010000000
0.8042900000
0.7447500000
0.7402500000
0.8063600000
0.9568300000
1.1766000000
1.4078000000
1.6368000000
1.8483000000
2.0260000000
2.1548000000
2.2228000000
2.2224000000
2.1521000000
2.0165000000
1.8262000000
1.5974000000
1.3505000000
1.1080000000
0.8819200000
0.6334400000
0.3760300000
0.1292400000
-0.0919260000
-0.2774300000
-0.4221600000
-0.5255700000
-0.5910700000
-0.6252900000
-0.6372300000
-0.6375100000
-0.6376000000
-0.6493500000
-0.6845800000
-0.7549300000
-0.8719500000
-1.0453000000
-1.2338000000
-1.4166000000
-1.5885000000
-1.7414000000
-1.8657000000
-1.9523000000
-1.9944000000
-1.9878000000
-1.9327000000
-1.8331000000
-1.6972000000
-1.5369000000
-1.3665000000
-1.2020000000
-1.0591000000
-0.9473600000
-0.8531600000
-0.7919300000
-0.7824100000
-0.8411000000
-0.9826800000
-1.1869000000
-1.4058000000
-1.6265000000
-1.8331000000
-2.0092000000
-2.1392000000
-2.2107000000
-2.2157000000
-2.1521000000
-2.0236000000
-1.8403000000
-1.6175000000
-1.3750000000
-1.1349000000
-0.9136600000
-0.6743800000
-0.4252700000
-0.1863800000
0.0266620000
0.2029800000
0.3365100000
0.4256100000
0.4724600000
0.4822900000
0.4625000000
0.4218000000
0.3694600000
0.3146000000
0.2657400000
0.2304200000
0.2150600000
0.2250100000
0.2647000000
0.3379100000
0.4482600000
0.5996700000
0.7969100000
1.0448000000
1.2857000000
1.4905000000
1.6599000000
1.7908000000
1.8793000000
1.9219000000
1.9172000000
1.8669000000
1.7760000000
1.6528000000
1.5087000000
1.3571000000
1.2124000000
1.0887000000
0.9986800000
0.9406700000
0.9204000000
0.9570800000
1.0621000000
1.2086000000
1.3825000000
1.5702000000
1.7558000000
1.9226000000
2.0547000000
2.1388000000
2.1653000000
2.1297000000
2.0333000000
1.8827000000
1.6903000000
1.4726000000
1.2493000000
1.0411000000
0.8467500000
0.6409600000
0.4437800000
0.2735400000
0.1445700000
0.0671810000
0.0479610000
0.0904490000
0.1960000000
0.3648200000
0.5971300000
0.8942900000
1.2279000000
1.5087000000
1.7332000000
1.8996000000
2.0047000000
2.0460000000
2.0237000000
1.9420000000
1.8094000000
1.6385000000
1.4452000000
1.2479000000
1.0656000000
0.9063300000
0.7467800000
0.6036200000
0.4956700000
0.4385200000
0.4446600000
0.5238600000
0.6840400000
0.9322800000
1.2385000000
1.5214000000
1.7708000000
1.9756000000
2.1242000000
2.2066000000
2.2168000000
2.1540000000
2.0232000000
1.8355000000
1.6073000000
1.3591000000
1.1140000000
0.8850100000
0.6325500000
0.3692900000
0.1149100000
-0.1155500000
-0.3120600000
-0.4696500000
-0.5880700000
-0.6712300000
-0.7264200000
-0.7635800000
-0.7945400000
-0.8323400000
-0.8907500000
-0.9840200000
-1.1081000000
-1.2401000000
-1.3785000000
-1.5181000000
-1.6507000000
-1.7672000000
-1.8581000000
-1.9154000000
-1.9337000000
-1.9102000000
-1.8463000000
-1.7467000000
-1.6196000000
-1.4761000000
-1.3292000000
-1.1928000000
-1.0801000000
-1.0026000000
-0.9615900000
-0.9635600000
-1.0260000000
-1.1373000000
-1.2840000000
-1.4547000000
-1.6347000000
-1.8080000000
-1.9582000000
-2.0704000000
-2.1329000000
-2.1379000000
-2.0828000000
-1.9707000000
-1.8099000000
-1.6138000000
-1.3995000000
-1.1866000000
-0.9951700000
-0.8096900000
-0.6207400000
-0.4491500000
-0.3123200000
-0.2238500000
-0.1937400000
-0.2287600000
-0.3333000000
-0.5103900000
-0.7627700000
-1.0897000000
-1.4028000000
-1.6671000000
-1.8785000000
-2.0305000000
-2.1168000000
-2.1339000000
-2.0821000000
-1.9670000000
-1.7991000000
-1.5937000000
-1.3697000000
-1.1481000000
-0.9478000000
-0.7395500000
-0.5266900000
-0.3294800000
-0.1642900000
-0.0433560000
0.0252300000
0.0369980000
-0.0095947000
-0.1141000000
-0.2751100000
-0.4913700000
-0.7628300000
-1.0873000000
-1.3803000000
-1.6141000000
-1.7910000000
-1.9101000000
-1.9700000000
-1.9711000000
-1.9164000000
-1.8128000000
-1.6707000000
-1.5036000000
-1.3275000000
-1.1594000000
-1.0160000000
-0.8956400000
-0.7898700000
-0.7186800000
-0.6999500000
-0.7491500000
-0.8797100000
-1.0961000000
-1.3357000000
-1.5737000000
-1.7962000000
-1.9872000000
-2.1315000000
-2.2164000000
-2.2334000000
-2.1794000000
-2.0577000000
-1.8777000000
-1.6546000000
-1.4079000000
-1.1604000000
-0.9311900000
-0.6842000000
-0.4225200000
-0.1666200000
0.0675000000
0.2688000000
0.4312900000
0.5537900000
0.6393200000
0.6944200000
0.7283800000
0.7524400000
0.7790700000
0.8215100000
0.8933700000
1.0084000000
1.1492000000
1.2958000000
1.4451000000
1.5904000000
1.7226000000
1.8322000000
1.9100000000
1.9491000000
1.9452000000
1.8979000000
1.8103000000
1.6896000000
1.5460000000
1.3924000000
1.2429000000
1.1118000000
1.0123000000
0.9464200000
0.9141600000
0.9347300000
1.0249000000
1.1655000000
1.3360000000
1.5236000000
1.7130000000
1.8872000000
2.0302000000
2.1276000000
2.1688000000
2.1482000000
2.0654000000
1.9260000000
1.7410000000
1.5263000000
1.3009000000
1.0857000000
0.8901300000
0.6824400000
0.4780400000
0.2960900000
0.1518000000
0.0562690000
0.0167100000
0.0370270000
0.1186300000
0.2614400000
0.4649800000
0.7295100000
1.0555000000
1.3634000000
1.6130000000
1.8055000000
1.9390000000
2.0107000000
2.0199000000
1.9689000000
1.8641000000
1.7157000000
1.5379000000
1.3474000000
1.1625000000
1.0013000000
0.8546500000
0.7157600000
0.6050600000
0.5401400000
0.5355800000
0.6033200000
0.7532900000
0.9944000000
1.2797000000
1.5481000000
1.7894000000
1.9905000000
2.1382000000
2.2213000000
2.2327000000
2.1711000000
2.0407000000
1.8525000000
1.6225000000
1.3713000000
1.1222000000
0.8891500000
0.6318800000
0.3618500000
0.0988530000
-0.1419700000
-0.3506300000
-0.5223100000
-0.6571100000
-0.7594400000
-0.8373900000
-0.9019200000
-0.9662000000
-1.0406000000
-1.1166000000
-1.1994000000
-1.2919000000
-1.3928000000
-1.4977000000
-1.6002000000
-1.6926000000
-1.7673000000
-1.8176000000
-1.8385000000
-1.8274000000
-1.7843000000
-1.7124000000
-1.6175000000
-1.5078000000
-1.3930000000
-1.2839000000
-1.1910000000
-1.1236000000
-1.0892000000
-1.0921000000
-1.1336000000
-1.2112000000
-1.3189000000
-1.4477000000
-1.5863000000
-1.7221000000
-1.8420000000
-1.9342000000
-1.9890000000
-1.9998000000
-1.9639000000
-1.8829000000
-1.7628000000
-1.6133000000
-1.4476000000
-1.2805000000
-1.1278000000
-1.0044000000
-0.9067300000
-0.8330700000
-0.8032600000
-0.8349600000
-0.9439200000
-1.1277000000
-1.3354000000
-1.5515000000
-1.7609000000
-1.9468000000
-2.0930000000
-2.1858000000
-2.2154000000
-2.1773000000
-2.0730000000
-1.9101000000
-1.7019000000
-1.4666000000
-1.2254000000
-1.0008000000
-0.7755000000
-0.5326900000
-0.2938300000
-0.0763880000
0.1067800000
0.2475300000
0.3422400000
0.3912100000
0.3979400000
0.3682700000
0.3094700000
0.2293600000
0.1355900000
0.0349390000
-0.0671260000
-0.1668100000
-0.2621900000
-0.3532500000
-0.4419000000
-0.5318700000
-0.6286000000
-0.7391500000
-0.8721500000
-1.0363000000
-1.1978000000
-1.3432000000
-1.4747000000
-1.5905000000
-1.6867000000
-1.7585000000
-1.8015000000
-1.8130000000
-1.7923000000
-1.7410000000
-1.6637000000
-1.5670000000
-1.4597000000
-1.3517000000
-1.2533000000
-1.1742000000
-1.1227000000
-1.1047000000
-1.1232000000
-1.1779000000
-1.2650000000
-1.3775000000
-1.5058000000
-1.6384000000
-1.7629000000
-1.8673000000
-1.9411000000
-1.9761000000
-1.9676000000
-1.9146000000
-1.8206000000
-1.6928000000
-1.5421000000
-1.3816000000
-1.2263000000
-1.0909000000
-0.9886000000
-0.9128500000
-0.8707400000
-0.8815200000
-0.9625600000
-1.1138000000
-1.2954000000
-1.4939000000
-1.6941000000
-1.8793000000
-2.0329000000
-2.1401000000
-2.1898000000
-2.1754000000
-2.0963000000
-1.9576000000
-1.7703000000
-1.5502000000
-1.3170000000
-1.0921000000
-0.8855500000
-0.6631200000
-0.4397700000
-0.2347700000
-0.0632110000
0.0642120000
0.1410700000
0.1647000000
0.1354200000
0.0556980000
-0.0709400000
-0.2408600000
-0.4513400000
-0.7014600000
-0.9929400000
-1.2744000000
-1.4948000000
-1.6613000000
-1.7767000000
-1.8418000000
-1.8580000000
-1.8282000000
-1.7575000000
-1.6540000000
-1.5281000000
-1.3922000000
-1.2594000000
-1.1432000000
-1.0553000000
-1.0054000000
-0.9992500000
-1.0405000000
-1.1264000000
-1.2505000000
-1.4027000000
-1.5697000000
-1.7364000000
-1.8871000000
-2.0069000000
-2.0835000000
-2.1080000000
-2.0761000000
-1.9887000000
-1.8520000000
-1.6769000000
-1.4785000000
-1.2747000000
-1.0843000000
-0.9185300000
-0.7516400000
-0.5978300000
-0.4762600000
-0.4027600000
-0.3898600000
-0.4472200000
-0.5823200000
-0.8015200000
-1.1045000000
-1.4055000000
-1.6725000000
-1.8969000000
-2.0678000000
-2.1750000000
-2.2115000000
-2.1748000000
-2.0680000000
-1.9002000000
-1.6860000000
-1.4447000000
-1.1984000000
-0.9697600000
-0.7305100000
-0.4735100000
-0.2198300000
0.0137190000
0.2151700000
0.3775700000
0.4987100000
0.5806300000
0.6289100000
0.6518500000
0.6596800000
0.6638400000
0.6763500000
0.7093900000
0.7751000000
0.8855500000
1.0503000000
1.2296000000
1.4058000000
1.5736000000
1.7248000000
1.8496000000
1.9389000000
1.9853000000
1.9844000000
1.9355000000
1.8422000000
1.7122000000
1.5566000000
1.3892000000
1.2257000000
1.0817000000
0.9697600000
0.8779800000
0.8171400000
0.8063400000
0.8625500000
1.0009000000
1.1963000000
1.4083000000
1.6239000000
1.8272000000
2.0013000000
2.1308000000
2.2030000000
2.2099000000
2.1489000000
2.0237000000
1.8438000000
1.6243000000
1.3846000000
1.1465000000
0.9281900000
0.6945200000
0.4510000000
0.2178500000
0.0110340000
-0.1581900000
-0.2832400000
-0.3618800000
-0.3955700000
-0.3886700000
-0.3475900000
-0.2798200000
-0.1931700000
-0.0950030000
0.0083708000
0.1121100000
0.2131400000
0.3103100000
0.4044400000
0.4982600000
0.5963700000
0.7050700000
0.8323600000
0.9879200000
1.1536000000
1.3011000000
1.4343000000
1.5526000000
1.6528000000
1.7306000000
1.7817000000
1.8027000000
1.7924000000
1.7517000000
1.6841000000
1.5954000000
1.4937000000
1.3882000000
1.2890000000
1.2056000000
1.1467000000
1.1187000000
1.1256000000
1.1679000000
1.2431000000
1.3454000000
1.4660000000
1.5944000000
1.7188000000
1.8272000000
1.9089000000
1.9551000000
1.9602000000
1.9221000000
1.8428000000
1.7282000000
1.5878000000
1.4338000000
1.2802000000
1.1415000000
1.0314000000
0.9560300000
0.9105400000
0.9127300000
0.9808200000
1.1133000000
1.2789000000
1.4654000000
1.6581000000
1.8403000000
1.9956000000
2.1087000000
2.1678000000
2.1657000000
2.1004000000
1.9758000000
1.8015000000
1.5920000000
1.3659000000
1.1438000000
0.9438500000
0.7360400000
0.5248000000
0.3302800000
0.1688000000
0.0524920000
-0.0105690000
-0.0158970000
0.0381530000
0.1513200000
0.3225000000
0.5508300000
0.8368400000
1.1666000000
1.4482000000
1.6718000000
1.8381000000
1.9454000000
1.9923000000
1.9793000000
1.9105000000
1.7934000000
1.6397000000
1.4638000000
1.2826000000
1.1136000000
0.9725800000
0.8438400000
0.7331100000
0.6600300000
0.6416200000
0.6922800000
0.8243700000
1.0472000000
1.3033000000
1.5533000000
1.7846000000
1.9822000000
2.1314000000
2.2196000000
2.2386000000
2.1854000000
2.0635000000
1.8824000000
1.6575000000
1.4085000000
1.1584000000
0.9262000000
0.6744500000
0.4071100000
0.1446000000
-0.0971670000
-0.3073700000
-0.4803300000
-0.6152900000
-0.7158600000
-0.7893300000
-0.8459300000
-0.8980600000
-0.9597000000
-1.0419000000
-1.1321000000
-1.2316000000
-1.3408000000
-1.4560000000
-1.5709000000
-1.6775000000
-1.7674000000
-1.8328000000
-1.8674000000
-1.8676000000
-1.8322000000
-1.7637000000
-1.6674000000
-1.5513000000
-1.4259000000
-1.3027000000
-1.1932000000
-1.1086000000
-1.0575000000
-1.0462000000
-1.0773000000
-1.1493000000
-1.2571000000
-1.3918000000
-1.5419000000
-1.6936000000
-1.8328000000
-1.9460000000
-2.0214000000
-2.0504000000
-2.0288000000
-1.9564000000
-1.8384000000
-1.6839000000
-1.5063000000
-1.3215000000
-1.1464000000
-0.9980500000
-0.8672700000
-0.7505900000
-0.6681700000
-0.6375200000
-0.6735200000
-0.7888200000
-0.9946300000
-1.2518000000
-1.5048000000
-1.7416000000
-1.9476000000
-2.1077000000
-2.2089000000
-2.2419000000
-2.2027000000
-2.0934000000
-1.9225000000
-1.7043000000
-1.4578000000
-1.2055000000
-0.9703800000
-0.7234600000
-0.4563800000
-0.1903300000
0.0578700000
0.2764300000
0.4587300000
0.6031700000
0.7126800000
0.7940300000
0.8571000000
0.9141500000
0.9791600000
1.0587000000
1.1430000000
1.2364000000
1.3395000000
1.4490000000
1.5590000000
1.6619000000
1.7495000000
1.8143000000
1.8502000000
1.8533000000
1.8224000000
1.7594000000
1.6693000000
1.5595000000
1.4398000000
1.3212000000
1.2148000000
1.1313000000
1.0793000000
1.0649000000
1.0911000000
1.1567000000
1.2572000000
1.3843000000
1.5271000000
1.6728000000
1.8077000000
1.9187000000
1.9944000000
2.0264000000
2.0100000000
1.9449000000
1.8354000000
1.6902000000
1.5216000000
1.3446000000
1.1755000000
1.0306000000
0.9124900000
0.8093300000
0.7402600000
0.7234800000
0.7747600000
0.9079300000
1.1226000000
1.3562000000
1.5895000000
1.8077000000
1.9949000000
2.1355000000
2.2168000000
2.2305000000
2.1737000000
2.0499000000
1.8685000000
1.6450000000
1.3989000000
1.1527000000
0.9250900000
0.6790800000
0.4195600000
0.1668500000
-0.0631570000
-0.2595400000
-0.4163600000
-0.5324000000
-0.6105900000
-0.6572900000
-0.6814700000
-0.6939400000
-0.7066300000
-0.7320400000
-0.7829000000
-0.8719300000
-1.0119000000
-1.1777000000
-1.3444000000
-1.5080000000
-1.6607000000
-1.7931000000
-1.8954000000
-1.9594000000
-1.9792000000
-1.9522000000
-1.8801000000
-1.7685000000
-1.6266000000
-1.4670000000
-1.3041000000
-1.1533000000
-1.0294000000
-0.9367000000
-0.8677000000
-0.8409800000
-0.8747200000
-0.9852300000
-1.1591000000
-1.3561000000
-1.5633000000
-1.7652000000
-1.9449000000
-2.0861000000
-2.1752000000
-2.2025000000
-2.1637000000
-2.0602000000
-1.8995000000
-1.6948000000
-1.4638000000
-1.2274000000
-1.0076000000
-0.7902400000
-0.5571500000
-0.3296400000
-0.1253300000
0.0426110000
0.1655600000
0.2391600000
0.2627600000
0.2386300000
0.1710100000
0.0651890000
-0.0734640000
-0.2403600000
-0.4324700000
-0.6490100000
-0.8919400000
-1.1487000000
-1.3545000000
-1.5125000000
-1.6284000000
-1.7051000000
-1.7442000000
-1.7473000000
-1.7176000000
-1.6598000000
-1.5803000000
-1.4873000000
-1.3900000000
-1.2980000000
-1.2207000000
-1.1662000000
-1.1406000000
-1.1477000000
-1.1881000000
-1.2592000000
-1.3557000000
-1.4693000000
-1.5901000000
-1.7069000000
-1.8086000000
-1.8851000000
-1.9282000000
-1.9325000000
-1.8962000000
-1.8213000000
-1.7132000000
-1.5809000000
-1.4360000000
-1.2917000000
-1.1616000000
-1.0584000000
-0.9927300000
-0.9638500000
-0.9834200000
-1.0618000000
-1.1825000000
-1.3357000000
-1.5088000000
-1.6867000000
-1.8532000000
-1.9923000000
-2.0899000000
-2.1355000000
-2.1227000000
-2.0508000000
-1.9241000000
-1.7527000000
-1.5509000000
-1.3367000000
-1.1298000000
-0.9470100000
-0.7615300000
-0.5795000000
-0.4208500000
-0.3019800000
-0.2355700000
-0.2308300000
-0.2940700000
-0.4295700000
-0.6406700000
-0.9309600000
-1.2627000000
-1.5510000000
-1.7904000000
-1.9746000000
-2.0961000000
-2.1492000000
-2.1318000000
-2.0466000000
-1.9015000000
-1.7096000000
-1.4884000000
-1.2583000000
-1.0412000000
-0.8351600000
-0.6131000000
-0.3953500000
-0.2002000000
-0.0417640000
0.0702380000
0.1301900000
0.1360100000
0.0883730000
-0.0102600000
-0.1566500000
-0.3477900000
-0.5819400000
-0.8594900000
-1.1655000000
-1.4178000000
-1.6130000000
-1.7549000000
-1.8443000000
-1.8818000000
-1.8695000000
-1.8115000000
-1.7150000000
-1.5899000000
-1.4484000000
-1.3043000000
-1.1718000000
-1.0642000000
-0.9927700000
-0.9561400000
-0.9650400000
-1.0356000000
-1.1528000000
-1.3041000000
-1.4774000000
-1.6580000000
-1.8295000000
-1.9758000000
-2.0824000000
-2.1378000000
-2.1350000000
-2.0721000000
-1.9528000000
-1.7863000000
-1.5865000000
-1.3710000000
-1.1594000000
-0.9710800000
-0.7832700000
-0.5948000000
-0.4260900000
-0.2940300000
-0.2117200000
-0.1886400000
-0.2311500000
-0.3433400000
-0.5280200000
-0.7879100000
-1.1187000000
-1.4276000000
-1.6871000000
-1.8930000000
-2.0388000000
-2.1186000000
-2.1290000000
-2.0711000000
-1.9509000000
-1.7793000000
-1.5720000000
-1.3482000000
-1.1289000000
-0.9307800000
-0.7227300000
-0.5124100000
-0.3197500000
-0.1607900000
-0.0474230000
0.0125160000
0.0147220000
-0.0423140000
-0.1582600000
-0.3319800000
-0.5626800000
-0.8509800000
-1.1800000000
-1.4586000000
-1.6794000000
-1.8429000000
-1.9475000000
-1.9917000000
-1.9763000000
-1.9054000000
-1.7868000000
-1.6322000000
-1.4561000000
-1.2755000000
-1.1078000000
-0.9683300000
-0.8407300000
-0.7321000000
-0.6620000000
-0.6473500000
-0.7025000000
-0.8397800000
-1.0668000000
-1.3215000000
-1.5698000000
-1.7988000000
-1.9934000000
-2.1388000000
-2.2227000000
-2.2371000000
-2.1795000000
-2.0537000000
-1.8695000000
-1.6425000000
-1.3930000000
-1.1437000000
-0.9119900000
-0.6589200000
-0.3916800000
-0.1304500000
0.1091800000
0.3166600000
0.4866300000
0.6185700000
0.7163000000
0.7872900000
0.8418400000
0.8924100000
0.9529400000
1.0356000000
1.1279000000
1.2295000000
1.3406000000
1.4577000000
1.5742000000
1.6821000000
1.7728000000
1.8385000000
1.8729000000
1.8722000000
1.8356000000
1.7654000000
1.6671000000
1.5492000000
1.4220000000
1.2972000000
1.1867000000
1.1015000000
1.0506000000
1.0402000000
1.0726000000
1.1465000000
1.2566000000
1.3937000000
1.5460000000
1.6997000000
1.8405000000
1.9544000000
2.0298000000
2.0582000000
2.0350000000
1.9605000000
1.8398000000
1.6826000000
1.5021000000
1.3147000000
1.1377000000
0.9878800000
0.8524300000
0.7311000000
0.6439200000
0.6081800000
0.6384700000
0.7470300000
0.9446300000
1.2087000000
1.4690000000
1.7125000000
1.9253000000
2.0927000000
2.2016000000
2.2423000000
2.2105000000
2.1078000000
1.9421000000
1.7272000000
1.4819000000
1.2285000000
0.9906000000
0.7455700000
0.4779100000
0.2091900000
-0.0433460000
-0.2674700000
-0.4561700000
-0.6074900000
-0.7241100000
-0.8126600000
-0.8830300000
-0.9476000000
-1.0196000000
-1.0932000000
-1.1710000000
-1.2578000000
-1.3539000000
-1.4560000000
-1.5586000000
-1.6543000000
-1.7356000000
-1.7954000000
-1.8281000000
-1.8301000000
-1.8003000000
-1.7406000000
-1.6556000000
-1.5525000000
-1.4405000000
-1.3297000000
-1.2307000000
-1.1534000000
-1.1057000000
-1.0933000000
-1.1188000000
-1.1812000000
-1.2760000000
-1.3954000000
-1.5293000000
-1.6654000000
-1.7910000000
-1.8940000000
-1.9638000000
-1.9924000000
-1.9758000000
-1.9137000000
-1.8102000000
-1.6736000000
-1.5155000000
-1.3500000000
-1.1923000000
-1.0577000000
-0.9558300000
-0.8753200000
-0.8312600000
-0.8423600000
-0.9253100000
-1.0869000000
-1.2816000000
-1.4903000000
-1.6986000000
-1.8898000000
-2.0472000000
-2.1561000000
-2.2055000000
-2.1889000000
-2.1059000000
-1.9621000000
-1.7689000000
-1.5428000000
-1.3039000000
-1.0744000000
-0.8598700000
-0.6260200000
-0.3905000000
-0.1722500000
0.0141830000
0.1588400000
0.2562600000
0.3049900000
0.3068600000
0.2661100000
0.1884900000
0.0802900000
-0.0524920000
-0.2049300000
-0.3738200000
-0.5581700000
-0.7596300000
-0.9827600000
-1.1970000000
-1.3645000000
-1.4947000000
-1.5923000000
-1.6593000000
-1.6965000000
-1.7050000000
-1.6866000000
-1.6446000000
-1.5839000000
-1.5106000000
-1.4319000000
-1.3555000000
-1.2891000000
-1.2396000000
-1.2125000000
-1.2111000000
-1.2368000000
-1.2882000000
-1.3614000000
-1.4504000000
-1.5473000000
-1.6435000000
-1.7298000000
-1.7976000000
-1.8400000000
-1.8519000000
-1.8311000000
-1.7783000000
-1.6973000000
-1.5947000000
-1.4792000000
-1.3613000000
-1.2521000000
-1.1621000000
-1.1005000000
-1.0743000000
-1.0871000000
-1.1394000000
-1.2276000000
-1.3449000000
-1.4811000000
-1.6243000000
-1.7612000000
-1.8787000000
-1.9649000000
-2.0105000000
-2.0098000000
-1.9610000000
-1.8669000000
-1.7347000000
-1.5753000000
-1.4029000000
-1.2331000000
-1.0820000000
-0.9621800000
-0.8593000000
-0.7848200000
-0.7578500000
-0.7951900000
-0.9116200000
-1.1094000000
-1.3314000000
-1.5578000000
-1.7739000000
-1.9634000000
-2.1102000000
-2.2010000000
-2.2265000000
-2.1825000000
-2.0713000000
-1.9013000000
-1.6864000000
-1.4454000000
-1.2003000000
-0.9732600000
-0.7373900000
-0.4846500000
-0.2361400000
-0.0087537000
0.1854200000
0.3392000000
0.4500500000
0.5195700000
0.5527700000
0.5571900000
0.5421500000
0.5179100000
0.4950100000
0.4838500000
0.4943100000
0.5356800000
0.6167400000
0.7460800000
0.9325200000
1.1626000000
1.3771000000
1.5707000000
1.7375000000
1.8697000000
1.9597000000
2.0014000000
1.9917000000
1.9315000000
1.8258000000
1.6836000000
1.5177000000
1.3430000000
1.1759000000
1.0328000000
0.9169000000
0.8165000000
0.7504700000
0.7370300000
0.7920800000
0.9295800000
1.1439000000
1.3743000000
1.6044000000
1.8194000000
2.0029000000
2.1396000000
2.2169000000
2.2267000000
2.1664000000
2.0397000000
1.8564000000
1.6321000000
1.3864000000
1.1419000000
0.9158200000
0.6705500000
0.4132100000
0.1639400000
-0.0615610000
-0.2525300000
-0.4031400000
-0.5122200000
-0.5826400000
-0.6206200000
-0.6348400000
-0.6357200000
-0.6346200000
-0.6433500000
-0.6736900000
-0.7373000000
-0.8456600000
-1.0103000000
-1.2005000000
-1.3851000000
-1.5599000000
-1.7171000000
-1.8472000000
-1.9410000000
-1.9910000000
-1.9929000000
-1.9458000000
-1.8531000000
-1.7225000000
-1.5652000000
-1.3953000000
-1.2284000000
-1.0806000000
-0.9644000000
-0.8662500000
-0.7976700000
-0.7777400000
-0.8233200000
-0.9493300000
-1.1482000000
-1.3659000000
-1.5877000000
-1.7983000000
-1.9812000000
-2.1205000000
-2.2031000000
-2.2203000000
-2.1686000000
-2.0509000000
-1.8762000000
-1.6589000000
-1.4181000000
-1.1757000000
-0.9526300000
-0.7171100000
-0.4678000000
-0.2254200000
-0.0064245000
0.1774900000
0.3194400000
0.4170900000
0.4720300000
0.4890700000
0.4753300000
0.4394500000
0.3907500000
0.3385200000
0.2915600000
0.2577800000
0.2440300000
0.2561100000
0.2989300000
0.3768100000
0.4938700000
0.6546100000
0.8644500000
1.1194000000
1.3507000000
1.5476000000
1.7089000000
1.8306000000
1.9082000000
1.9385000000
1.9206000000
1.8571000000
1.7539000000
1.6204000000
1.4689000000
1.3134000000
1.1690000000
1.0498000000
0.9650500000
0.9074900000
0.8924800000
0.9385700000
1.0580000000
1.2192000000
1.4044000000
1.6000000000
1.7897000000
1.9567000000
2.0853000000
2.1623000000
2.1790000000
2.1319000000
2.0231000000
1.8606000000
1.6578000000
1.4324000000
1.2048000000
0.9963500000
0.7899500000
0.5729800000
0.3665700000
0.1881400000
0.0508580000
-0.0362920000
-0.0681930000
-0.0429230000
0.0391200000
0.1762200000
0.3664300000
0.6086200000
0.9035500000
1.2226000000
1.4832000000
1.6861000000
1.8326000000
1.9219000000
1.9536000000
1.9296000000
1.8545000000
1.7367000000
1.5877000000
1.4220000000
1.2553000000
1.1041000000
0.9830000000
0.8816500000
0.8058400000
0.7750600000
0.8065400000
0.9155200000
1.1052000000
1.3209000000
1.5432000000
1.7574000000
1.9472000000
2.0963000000
2.1911000000
2.2218000000
2.1839000000
2.0789000000
1.9147000000
1.7046000000
1.4670000000
1.2232000000
0.9961700000
0.7664000000
0.5183600000
0.2734600000
0.0490760000
-0.1421200000
-0.2922900000
-0.3981800000
-0.4606600000
-0.4838900000
-0.4746000000
-0.4411000000
-0.3925600000
-0.3382700000
-0.2870300000
-0.2468300000
-0.2245700000
-0.2260600000
-0.2561000000
-0.3187900000
-0.4178800000
-0.5572500000
-0.7414900000
-0.9765000000
-1.2273000000
-1.4417000000
-1.6210000000
-1.7630000000
-1.8635000000
-1.9186000000
-1.9263000000
-1.8874000000
-1.8059000000
-1.6895000000
-1.5487000000
-1.3966000000
-1.2476000000
-1.1161000000
-1.0154000000
-0.9483900000
-0.9142800000
-0.9320800000
-1.0191000000
-1.1582000000
-1.3275000000
-1.5147000000
-1.7042000000
-1.8795000000
-2.0242000000
-2.1239000000
-2.1679000000
-2.1502000000
-2.0703000000
-1.9334000000
-1.7503000000
-1.5366000000
-1.3114000000
-1.0953000000
-0.8998100000
-0.6926900000
-0.4879100000
-0.3048100000
-0.1588000000
-0.0611650000
-0.0193140000
-0.0373040000
-0.1166700000
-0.2574000000
-0.4590600000
-0.7219000000
-1.0468000000
-1.3565000000
-1.6079000000
-1.8023000000
-1.9376000000
-2.0112000000
-2.0221000000
-1.9726000000
-1.8688000000
-1.7211000000
-1.5434000000
-1.3525000000
-1.1667000000
-1.0041000000
-0.8566100000
-0.7161400000
-0.6032100000
-0.5354300000
-0.5274500000
-0.5911900000
-0.7365500000
-0.9723300000
-1.2597000000
-1.5305000000
-1.7745000000
-1.9789000000
-2.1303000000
-2.2175000000
-2.2334000000
-2.1760000000
-2.0496000000
-1.8644000000
-1.6364000000
-1.3860000000
-1.1362000000
-0.9033800000
-0.6477200000
-0.3780600000
-0.1144400000
0.1277100000
0.3380900000
0.5115800000
0.6479800000
0.7514600000
0.8298800000
0.8940300000
0.9569100000
1.0307000000
1.1073000000
1.1903000000
1.2829000000
1.3842000000
1.4900000000
1.5938000000
1.6880000000
1.7649000000
1.8176000000
1.8409000000
1.8320000000
1.7909000000
1.7203000000
1.6260000000
1.5161000000
1.4004000000
1.2896000000
1.1944000000
1.1243000000
1.0870000000
1.0872000000
1.1262000000
1.2020000000
1.3087000000
1.4374000000
1.5769000000
1.7144000000
1.8370000000
1.9323000000
1.9906000000
2.0048000000
1.9720000000
1.8934000000
1.7749000000
1.6259000000
1.4594000000
1.2905000000
1.1350000000
1.0079000000
0.9066500000
0.8277900000
0.7911900000
0.8145800000
0.9136700000
1.0939000000
1.3036000000
1.5225000000
1.7359000000
1.9274000000
2.0805000000
2.1811000000
2.2190000000
2.1889000000
2.0917000000
1.9343000000
1.7295000000
1.4951000000
1.2520000000
1.0230000000
0.7983700000
0.5536200000
0.3100700000
0.0856550000
-0.1063000000
-0.2572900000
-0.3633700000
-0.4247200000
-0.4448700000
-0.4299100000
-0.3875300000
-0.3262600000
-0.2546600000
-0.1807300000
-0.1114500000
-0.0524590000
-0.0079782000
0.0192110000
0.0276120000
0.0167730000
-0.0130110000
-0.0610490000
-0.1266100000
-0.2093000000
-0.3093700000
-0.4281000000
-0.5680800000
-0.7335000000
-0.9305000000
-1.1469000000
-1.3309000000
-1.4849000000
-1.6104000000
-1.7063000000
-1.7702000000
-1.8001000000
-1.7955000000
-1.7579000000
-1.6912000000
-1.6018000000
-1.4978000000
-1.3891000000
-1.2861000000
-1.1988000000
-1.1363000000
-1.1056000000
-1.1107000000
-1.1525000000
-1.2287000000
-1.3332000000
-1.4574000000
-1.5903000000
-1.7196000000
-1.8332000000
-1.9196000000
-1.9697000000
-1.9775000000
-1.9406000000
-1.8607000000
-1.7439000000
-1.5996000000
-1.4405000000
-1.2810000000
-1.1361000000
-1.0201000000
-0.9353600000
-0.8775400000
-0.8656900000
-0.9178300000
-1.0474000000
-1.2208000000
-1.4156000000
-1.6180000000
-1.8118000000
-1.9800000000
-2.1069000000
-2.1799000000
-2.1904000000
-2.1356000000
-2.0183000000
-1.8474000000
-1.6371000000
-1.4058000000
-1.1745000000
-0.9639100000
-0.7464600000
-0.5196200000
-0.3040700000
-0.1165100000
0.0307390000
0.1297500000
0.1766000000
0.1707400000
0.1140900000
0.0101300000
-0.1371500000
-0.3242300000
-0.5489700000
-0.8114600000
-1.1071000000
-1.3587000000
-1.5534000000
-1.6967000000
-1.7907000000
-1.8364000000
-1.8357000000
-1.7922000000
-1.7121000000
-1.6039000000
-1.4784000000
-1.3480000000
-1.2254000000
-1.1230000000
-1.0515000000
-1.0192000000
-1.0306000000
-1.0864000000
-1.1833000000
-1.3135000000
-1.4661000000
-1.6277000000
-1.7833000000
-1.9181000000
-2.0185000000
-2.0739000000
-2.0772000000
-2.0263000000
-1.9239000000
-1.7777000000
-1.5997000000
-1.4057000000
-1.2132000000
-1.0404000000
-0.8898200000
-0.7427100000
-0.6182100000
-0.5346700000
-0.5073800000
-0.5487400000
-0.6688800000
-0.8765500000
-1.1624000000
-1.4427000000
-1.6985000000
-1.9181000000
-2.0882000000
-2.1969000000
-2.2357000000
-2.2010000000
-2.0952000000
-1.9267000000
-1.7099000000
-1.4639000000
-1.2113000000
-0.9753400000
-0.7284200000
-0.4605100000
-0.1928900000
0.0575170000
0.2788200000
0.4643300000
0.6124000000
0.7259500000
0.8118300000
0.8800300000
0.9430000000
1.0144000000
1.0896000000
1.1691000000
1.2578000000
1.3559000000
1.4598000000
1.5638000000
1.6605000000
1.7423000000
1.8020000000
1.8339000000
1.8344000000
1.8028000000
1.7409000000
1.6537000000
1.5485000000
1.4346000000
1.3224000000
1.2227000000
1.1453000000
1.0983000000
1.0875000000
1.1150000000
1.1799000000
1.2774000000
1.3996000000
1.5358000000
1.6738000000
1.8006000000
1.9039000000
1.9730000000
2.0002000000
1.9812000000
1.9162000000
1.8095000000
1.6696000000
1.5085000000
1.3404000000
1.1811000000
1.0457000000
0.9417200000
0.8576200000
0.8104800000
0.8187800000
0.8989200000
1.0617000000
1.2625000000
1.4765000000
1.6895000000
1.8851000000
2.0466000000
2.1593000000
2.2117000000
2.1975000000
2.1160000000
1.9726000000
1.7788000000
1.5511000000
1.3097000000
1.0770000000
0.8589200000
0.6203200000
0.3786200000
0.1528200000
-0.0425610000
-0.1976900000
-0.3073500000
-0.3704700000
-0.3894500000
-0.3693000000
-0.3167500000
-0.2393700000
-0.1447200000
-0.0397250000
0.0699620000
0.1803100000
0.2892000000
0.3965400000
0.5043000000
0.6165100000
0.7391600000
0.8801800000
1.0469000000
1.2037000000
1.3415000000
1.4640000000
1.5706000000
1.6584000000
1.7236000000
1.7630000000
1.7741000000
1.7565000000
1.7117000000
1.6438000000
1.5588000000
1.4643000000
1.3692000000
1.2825000000
1.2128000000
1.1674000000
1.1515000000
1.1678000000
1.2159000000
1.2927000000
1.3918000000
1.5049000000
1.6218000000
1.7316000000
1.8237000000
1.8888000000
1.9197000000
1.9123000000
1.8657000000
1.7828000000
1.6702000000
1.5373000000
1.3959000000
1.2589000000
1.1395000000
1.0495000000
0.9985900000
0.9896500000
1.0314000000
1.1191000000
1.2456000000
1.4005000000
1.5703000000
1.7398000000
1.8930000000
2.0149000000
2.0928000000
2.1178000000
2.0855000000
1.9967000000
1.8578000000
1.6799000000
1.4784000000
1.2712000000
1.0778000000
0.9076000000
0.7342800000
0.5732700000
0.4435900000
0.3608600000
0.3372500000
0.3819200000
0.5017300000
0.7022100000
0.9887700000
1.3068000000
1.5883000000
1.8271000000
2.0136000000
2.1383000000
2.1938000000
2.1766000000
2.0888000000
1.9379000000
1.7372000000
1.5047000000
1.2616000000
1.0309000000
0.8058400000
0.5591500000
0.3120700000
0.0827070000
-0.1154800000
-0.2738600000
-0.3884900000
-0.4596100000
-0.4909500000
-0.4889200000
-0.4617500000
-0.4186300000
-0.3690300000
-0.3220900000
-0.2862100000
-0.2688100000
-0.2763000000
-0.3141400000
-0.3871800000
-0.4999900000
-0.6574100000
-0.8650900000
-1.1193000000
-1.3511000000
-1.5495000000
-1.7129000000
-1.8368000000
-1.9165000000
-1.9483000000
-1.9312000000
-1.8676000000
-1.7634000000
-1.6280000000
-1.4738000000
-1.3152000000
-1.1673000000
-1.0446000000
-0.9553800000
-0.8911600000
-0.8685000000
-0.9058900000
-1.0195000000
-1.1851000000
-1.3748000000
-1.5756000000
-1.7714000000
-1.9455000000
-2.0818000000
-2.1667000000
-2.1909000000
-2.1502000000
-2.0461000000
-1.8863000000
-1.6839000000
-1.4563000000
-1.2241000000
-1.0091000000
-0.7983700000
-0.5736900000
-0.3564400000
-0.1642800000
-0.0105620000
0.0957550000
0.1497800000
0.1500900000
0.0979070000
-0.0038803000
-0.1517100000
-0.3423800000
-0.5740000000
-0.8468800000
-1.1494000000
-1.4002000000
-1.5942000000
-1.7355000000
-1.8255000000
-1.8651000000
-1.8560000000
-1.8026000000
-1.7115000000
-1.5922000000
-1.4565000000
-1.3176000000
-1.1892000000
-1.0842000000
-1.0138000000
-0.9836300000
-0.9989200000
-1.0663000000
-1.1759000000
-1.3194000000
-1.4849000000
-1.6577000000
-1.8219000000
-1.9618000000
-2.0634000000
-2.1156000000
-2.1118000000
-2.0501000000
-1.9343000000
-1.7731000000
-1.5801000000
-1.3722000000
-1.1686000000
-0.9882700000
-0.8148100000
-0.6428900000
-0.4930600000
-0.3825900000
-0.3252100000
-0.3313800000
-0.4087800000
-0.5632200000
-0.7997000000
-1.1156000000
-1.4212000000
-1.6870000000
-1.9056000000
-2.0676000000
-2.1641000000
-2.1896000000
-2.1429000000
-2.0283000000
-1.8558000000
-1.6409000000
-1.4028000000
-1.1638000000
-0.9438600000
-0.7102100000
-0.4642600000
-0.2265200000
-0.0132770000
0.1638900000
0.2981600000
0.3871500000
0.4323100000
0.4381400000
0.4113700000
0.3600100000
0.2926200000
0.2175100000
0.1422400000
0.0731940000
0.0153590000
-0.0277790000
-0.0541640000
-0.0630010000
-0.0545130000
-0.0296320000
0.0103250000
0.0640010000
0.1303100000
0.2087300000
0.2996000000
0.4043100000
0.5255700000
0.6675800000
0.8362800000
1.0382000000
1.2301000000
1.3932000000
1.5311000000
1.6434000000
1.7276000000
1.7809000000
1.8012000000
1.7880000000
1.7434000000
1.6715000000
1.5790000000
1.4743000000
1.3673000000
1.2682000000
1.1869000000
1.1317000000
1.1090000000
1.1222000000
1.1714000000
1.2534000000
1.3617000000
1.4870000000
1.6183000000
1.7435000000
1.8504000000
1.9283000000
1.9688000000
1.9666000000
1.9204000000
1.8328000000
1.7106000000
1.5639000000
1.4056000000
1.2502000000
1.1126000000
1.0062000000
0.9302300000
0.8852500000
0.8907500000
0.9644700000
1.1076000000
1.2829000000
1.4770000000
1.6749000000
1.8600000000
2.0157000000
2.1268000000
2.1820000000
2.1742000000
2.1020000000
1.9700000000
1.7885000000
1.5728000000
1.3420000000
1.1173000000
0.9131800000
0.6960100000
0.4763000000
0.2737800000
0.1041100000
-0.0213770000
-0.0955430000
-0.1149800000
-0.0792850000
0.0099044000
0.1498800000
0.3379200000
0.5723500000
0.8534600000
1.1664000000
1.4263000000
1.6284000000
1.7757000000
1.8688000000
1.9077000000
1.8943000000
1.8328000000
1.7306000000
1.5982000000
1.4483000000
1.2954000000
1.1547000000
1.0401000000
0.9598500000
0.9073600000
0.8995100000
0.9547000000
1.0807000000
1.2438000000
1.4297000000
1.6242000000
1.8109000000
1.9731000000
2.0952000000
2.1648000000
2.1737000000
2.1190000000
2.0036000000
1.8361000000
1.6304000000
1.4047000000
1.1793000000
0.9749300000
0.7679200000
0.5533700000
0.3520300000
0.1808400000
0.0525650000
-0.0241900000
-0.0445580000
-0.0067196000
0.0890050000
0.2411800000
0.4483500000
0.7101200000
1.0277000000
1.3315000000
1.5749000000
1.7612000000
1.8900000000
1.9601000000
1.9713000000
1.9263000000
1.8312000000
1.6957000000
1.5329000000
1.3584000000
1.1888000000
1.0411000000
0.9205000000
0.8130900000
0.7371500000
0.7110700000
0.7508200000
0.8702600000
1.0769000000
1.3124000000
1.5487000000
1.7719000000
1.9663000000
2.1161000000
2.2082000000
2.2335000000
2.1882000000
2.0747000000
1.9016000000
1.6834000000
1.4392000000
1.1912000000
0.9613600000
0.7191300000
0.4596500000
0.2038600000
-0.0315860000
-0.2349800000
-0.3996200000
-0.5236200000
-0.6093500000
-0.6627600000
-0.6925600000
-0.7094600000
-0.7254200000
-0.7531000000
-0.8054600000
-0.8955700000
-1.0351000000
-1.1939000000
-1.3549000000
-1.5137000000
-1.6623000000
-1.7913000000
-1.8910000000
-1.9531000000
-1.9718000000
-1.9446000000
-1.8731000000
-1.7629000000
-1.6230000000
-1.4659000000
-1.3057000000
-1.1576000000
-1.0361000000
-0.9474200000
-0.8838500000
-0.8631100000
-0.9035000000
-1.0210000000
-1.1900000000
-1.3822000000
-1.5846000000
-1.7810000000
-1.9546000000
-2.0894000000
-2.1720000000
-2.1933000000
-2.1492000000
-2.0418000000
-1.8789000000
-1.6740000000
-1.4447000000
-1.2118000000
-0.9972800000
-0.7835400000
-0.5566500000
-0.3378700000
-0.1446000000
0.0101020000
0.1176100000
0.1733800000
0.1763700000
0.1281700000
0.0320770000
-0.1079200000
-0.2881200000
-0.5060700000
-0.7614200000
-1.0547000000
-1.3173000000
-1.5214000000
-1.6736000000
-1.7763000000
-1.8306000000
-1.8381000000
-1.8021000000
-1.7283000000
-1.6248000000
-1.5019000000
-1.3718000000
-1.2472000000
-1.1405000000
-1.0630000000
-1.0232000000
-1.0265000000
-1.0743000000
-1.1639000000
-1.2884000000
-1.4375000000
-1.5981000000
-1.7555000000
-1.8947000000
-2.0019000000
-2.0659000000
-2.0790000000
-2.0380000000
-1.9448000000
-1.8061000000
-1.6333000000
-1.4415000000
-1.2479000000
-1.0707000000
-0.9193200000
-0.7713600000
-0.6425100000
-0.5516500000
-0.5146700000
-0.5445300000
-0.6518000000
-0.8455000000
-1.1238000000
-1.4054000000
-1.6647000000
-1.8899000000
-2.0678000000
-2.1861000000
-2.2355000000
-2.2116000000
-2.1159000000
-1.9558000000
-1.7450000000
-1.5019000000
-1.2486000000
-1.0089000000
-0.7668100000
-0.5002900000
-0.2310800000
0.0231890000
0.2498600000
0.4414800000
0.5957100000
0.7148500000
0.8052300000
0.8764800000
0.9407900000
1.0118000000
1.0858000000
1.1632000000
1.2494000000
1.3450000000
1.4471000000
1.5500000000
1.6469000000
1.7299000000
1.7919000000
1.8272000000
1.8319000000
1.8047000000
1.7472000000
1.6640000000
1.5619000000
1.4500000000
1.3385000000
1.2379000000
1.1582000000
1.1076000000
1.0921000000
1.1144000000
1.1739000000
1.2663000000
1.3843000000
1.5176000000
1.6543000000
1.7816000000
1.8872000000
1.9603000000
1.9928000000
1.9800000000
1.9216000000
1.8212000000
1.6867000000
1.5296000000
1.3637000000
1.2044000000
1.0670000000
0.9624000000
0.8790400000
0.8304100000
0.8353600000
0.9107100000
1.0668000000
1.2604000000
1.4691000000
1.6788000000
1.8728000000
2.0346000000
2.1490000000
2.2045000000
2.1944000000
2.1175000000
1.9789000000
1.7895000000
1.5654000000
1.3265000000
1.0947000000
0.8802500000
0.6469700000
0.4098900000
0.1883300000
-0.0027337000
-0.1529500000
-0.2565100000
-0.3116500000
-0.3200300000
-0.2858100000
-0.2147800000
-0.1134000000
0.0120630000
0.1562800000
0.3155100000
0.4881400000
0.6750100000
0.8797900000
1.0999000000
1.2818000000
1.4249000000
1.5360000000
1.6178000000
1.6713000000
1.6971000000
1.6961000000
1.6703000000
1.6233000000
1.5601000000
1.4870000000
1.4110000000
1.3397000000
1.2802000000
1.2388000000
1.2202000000
1.2270000000
1.2598000000
1.3163000000
1.3922000000
1.4811000000
1.5751000000
1.6656000000
1.7439000000
1.8021000000
1.8341000000
1.8358000000
1.8059000000
1.7460000000
1.6607000000
1.5571000000
1.4441000000
1.3322000000
1.2318000000
1.1529000000
1.1038000000
1.0901000000
1.1145000000
1.1762000000
1.2707000000
1.3904000000
1.5250000000
1.6623000000
1.7894000000
1.8941000000
1.9657000000
1.9960000000
1.9807000000
1.9196000000
1.8166000000
1.6799000000
1.5211000000
1.3542000000
1.1949000000
1.0582000000
0.9538500000
0.8700900000
0.8219400000
0.8281300000
0.9053000000
1.0640000000
1.2607000000
1.4717000000
1.6828000000
1.8776000000
2.0393000000
2.1532000000
2.2076000000
2.1959000000
2.1172000000
1.9767000000
1.7856000000
1.5600000000
1.3200000000
1.0878000000
0.8717700000
0.6362300000
0.3971400000
0.1736800000
-0.0193500000
-0.1718100000
-0.2781300000
-0.3368400000
-0.3498900000
-0.3218300000
-0.2588200000
-0.1678100000
-0.0556360000
0.0717020000
0.2096300000
0.3554900000
0.5088500000
0.6717400000
0.8488200000
1.0454000000
1.2197000000
1.3609000000
1.4759000000
1.5674000000
1.6358000000
1.6803000000
1.7002000000
1.6959000000
1.6687000000
1.6218000000
1.5598000000
1.4884000000
1.4146000000
1.3455000000
1.2880000000
1.2479000000
1.2300000000
1.2367000000
1.2683000000
1.3230000000
1.3963000000
1.4822000000
1.5730000000
1.6603000000
1.7358000000
1.7919000000
1.8227000000
1.8241000000
1.7951000000
1.7372000000
1.6547000000
1.5546000000
1.4455000000
1.3374000000
1.2406000000
1.1646000000
1.1172000000
1.1042000000
1.1280000000
1.1877000000
1.2791000000
1.3948000000
1.5248000000
1.6573000000
1.7800000000
1.8810000000
1.9499000000
1.9789000000
1.9640000000
1.9047000000
1.8051000000
1.6730000000
1.5195000000
1.3585000000
1.2046000000
1.0728000000
0.9749500000
0.9019400000
0.8653900000
0.8842400000
0.9756000000
1.1336000000
1.3192000000
1.5196000000
1.7195000000
1.9021000000
2.0509000000
2.1514000000
2.1931000000
2.1701000000
2.0826000000
1.9364000000
1.7434000000
1.5199000000
1.2860000000
1.0634000000
0.8553800000
0.6305400000
0.4073800000
0.2046300000
0.0367810000
-0.0861180000
-0.1582400000
-0.1774700000
-0.1446100000
-0.0624710000
0.0651220000
0.2343500000
0.4423300000
0.6880700000
0.9732100000
1.2542000000
1.4742000000
1.6408000000
1.7572000000
1.8246000000
1.8443000000
1.8191000000
1.7539000000
1.6563000000
1.5362000000
1.4054000000
1.2767000000
1.1630000000
1.0760000000
1.0250000000
1.0164000000
1.0529000000
1.1327000000
1.2500000000
1.3953000000
1.5558000000
1.7171000000
1.8640000000
1.9821000000
2.0593000000
2.0866000000
2.0597000000
1.9791000000
1.8502000000
1.6835000000
1.4932000000
1.2963000000
1.1112000000
0.9530100000
0.7998000000
0.6597800000
0.5525600000
0.4947100000
0.4997200000
0.5784600000
0.7398800000
0.9921200000
1.2865000000
1.5596000000
1.8019000000
2.0010000000
2.1443000000
2.2214000000
2.2261000000
2.1576000000
2.0213000000
1.8284000000
1.5958000000
1.3443000000
1.0974000000
0.8644100000
0.6056600000
0.3365700000
0.0764880000
-0.1599500000
-0.3632500000
-0.5290800000
-0.6579400000
-0.7545500000
-0.8272100000
-0.8869500000
-0.9469200000
-1.0207000000
-1.1010000000
-1.1882000000
-1.2852000000
-1.3909000000
-1.5004000000
-1.6071000000
-1.7030000000
-1.7802000000
-1.8318000000
-1.8526000000
-1.8400000000
-1.7943000000
-1.7186000000
-1.6192000000
-1.5046000000
-1.3851000000
-1.2718000000
-1.1757000000
-1.1065000000
-1.0717000000
-1.0759000000
-1.1203000000
-1.2021000000
-1.3150000000
-1.4497000000
-1.5942000000
-1.7352000000
-1.8594000000
-1.9545000000
-2.0103000000
-2.0201000000
-1.9813000000
-1.8956000000
-1.7695000000
-1.6131000000
-1.4403000000
-1.2665000000
-1.1081000000
-0.9800600000
-0.8699900000
-0.7835100000
-0.7401800000
-0.7571500000
-0.8493900000
-1.0295000000
-1.2541000000
-1.4853000000
-1.7097000000
-1.9115000000
-2.0744000000
-2.1841000000
-2.2300000000
-2.2066000000
-2.1140000000
-1.9590000000
-1.7542000000
-1.5173000000
-1.2694000000
-1.0336000000
-0.8032300000
-0.5497500000
-0.2942700000
-0.0549170000
0.1549100000
0.3267700000
0.4571000000
0.5466800000
0.6000300000
0.6246100000
0.6299500000
0.6269300000
0.6271200000
0.6422500000
0.6839300000
0.7635700000
0.8924900000
1.0764000000
1.2675000000
1.4512000000
1.6218000000
1.7709000000
1.8889000000
1.9671000000
1.9992000000
1.9821000000
1.9166000000
1.8078000000
1.6648000000
1.5002000000
1.3288000000
1.1669000000
1.0299000000
0.9213300000
0.8308500000
0.7774600000
0.7793300000
0.8524600000
1.0110000000
1.2217000000
1.4442000000
1.6651000000
1.8686000000
2.0382000000
2.1588000000
2.2187000000
2.2111000000
2.1347000000
1.9947000000
1.8022000000
1.5734000000
1.3288000000
1.0909000000
0.8683900000
0.6240200000
0.3736300000
0.1364700000
-0.0727360000
-0.2441200000
-0.3725800000
-0.4574000000
-0.5016000000
-0.5111100000
-0.4939500000
-0.4593800000
-0.4171600000
-0.3769100000
-0.3477100000
-0.3377700000
-0.3544500000
-0.4042600000
-0.4931900000
-0.6271200000
-0.8123300000
-1.0540000000
-1.2931000000
-1.5022000000
-1.6795000000
-1.8200000000
-1.9177000000
-1.9677000000
-1.9673000000
-1.9174000000
-1.8225000000
-1.6912000000
-1.5352000000
-1.3688000000
-1.2078000000
-1.0677000000
-0.9596900000
-0.8713000000
-0.8161600000
-0.8131200000
-0.8789700000
-1.0279000000
-1.2247000000
-1.4369000000
-1.6510000000
-1.8508000000
-2.0196000000
-2.1421000000
-2.2062000000
-2.2045000000
-2.1352000000
-2.0027000000
-1.8173000000
-1.5946000000
-1.3544000000
-1.1186000000
-0.9016200000
-0.6664900000
-0.4244200000
-0.1951300000
0.0059487000
0.1681100000
0.2852600000
0.3555800000
0.3808100000
0.3654600000
0.3159000000
0.2395000000
0.1437200000
0.0354320000
-0.0796630000
-0.1975200000
-0.3160100000
-0.4351400000
-0.5570700000
-0.6861700000
-0.8289600000
-0.9941400000
-1.1602000000
-1.3019000000
-1.4254000000
-1.5319000000
-1.6203000000
-1.6877000000
-1.7313000000
-1.7487000000
-1.7395000000
-1.7046000000
-1.6473000000
-1.5728000000
-1.4878000000
-1.4001000000
-1.3182000000
-1.2501000000
-1.2028000000
-1.1816000000
-1.1895000000
-1.2269000000
-1.2914000000
-1.3780000000
-1.4794000000
-1.5865000000
-1.6895000000
-1.7785000000
-1.8447000000
-1.8808000000
-1.8825000000
-1.8481000000
-1.7797000000
-1.6823000000
-1.5640000000
-1.4353000000
-1.3077000000
-1.1935000000
-1.1039000000
-1.0482000000
-1.0330000000
-1.0612000000
-1.1318000000
-1.2398000000
-1.3764000000
-1.5298000000
-1.6862000000
-1.8309000000
-1.9500000000
-2.0311000000
-2.0652000000
-2.0474000000
-1.9773000000
-1.8596000000
-1.7036000000
-1.5224000000
-1.3323000000
-1.1509000000
-0.9954200000
-0.8550000000
-0.7259100000
-0.6283900000
-0.5798900000
-0.5950200000
-0.6859200000
-0.8630200000
-1.1248000000
-1.3946000000
-1.6482000000
-1.8730000000
-2.0547000000
-2.1799000000
-2.2383000000
-2.2242000000
-2.1380000000
-1.9861000000
-1.7811000000
-1.5408000000
-1.2869000000
-1.0430000000
-0.8046000000
-0.5394500000
-0.2684300000
-0.0098479000
0.2228700000
0.4215300000
0.5830900000
0.7092600000
0.8059100000
0.8823500000
0.9505800000
1.0232000000
1.0942000000
1.1678000000
1.2497000000
1.3410000000
1.4389000000
1.5385000000
1.6328000000
1.7146000000
1.7768000000
1.8136000000
1.8212000000
1.7981000000
1.7455000000
1.6675000000
1.5705000000
1.4630000000
1.3548000000
1.2562000000
1.1768000000
1.1248000000
1.1062000000
1.1240000000
1.1778000000
1.2641000000
1.3758000000
1.5035000000
1.6356000000
1.7600000000
1.8646000000
1.9387000000
1.9743000000
1.9666000000
1.9146000000
1.8215000000
1.6947000000
1.5447000000
1.3848000000
1.2298000000
1.0943000000
0.9918100000
0.9166000000
0.8747200000
0.8854900000
0.9663400000
1.1163000000
1.2967000000
1.4940000000
1.6934000000
1.8780000000
2.0312000000
2.1382000000
2.1880000000
2.1739000000
2.0952000000
1.9571000000
1.7704000000
1.5511000000
1.3185000000
1.0941000000
0.8884800000
0.6673400000
0.4453500000
0.2418400000
0.0719420000
-0.0535540000
-0.1281100000
-0.1489300000
-0.1161700000
-0.0320700000
0.1000700000
0.2769200000
0.4961200000
0.7572100000
1.0602000000
1.3324000000
1.5451000000
1.7040000000
1.8107000000
1.8660000000
1.8712000000
1.8298000000
1.7476000000
1.6336000000
1.4991000000
1.3571000000
1.2215000000
1.1060000000
1.0224000000
0.9775600000
0.9729100000
1.0247000000
1.1247000000
1.2619000000
1.4254000000
1.6012000000
1.7735000000
1.9261000000
2.0441000000
2.1151000000
2.1307000000
2.0874000000
1.9870000000
1.8368000000
1.6493000000
1.4406000000
1.2295000000
1.0360000000
0.8588400000
0.6763000000
0.5084500000
0.3735000000
0.2860800000
0.2572200000
0.2948500000
0.4045000000
0.5903100000
0.8562000000
1.1862000000
1.4855000000
1.7392000000
1.9407000000
2.0818000000
2.1556000000
2.1584000000
2.0911000000
1.9601000000
1.7772000000
1.5587000000
1.3247000000
1.0974000000
0.8876000000
0.6604200000
0.4301700000
0.2162100000
0.0337000000
-0.1067500000
-0.1989000000
-0.2404700000
-0.2323800000
-0.1779100000
-0.0817470000
0.0510200000
0.2157900000
0.4092900000
0.6303300000
0.8804100000
1.1474000000
1.3630000000
1.5282000000
1.6489000000
1.7278000000
1.7662000000
1.7663000000
1.7314000000
1.6667000000
1.5793000000
1.4780000000
1.3730000000
1.2746000000
1.1928000000
1.1362000000
1.1113000000
1.1218000000
1.1682000000
1.2475000000
1.3535000000
1.4772000000
1.6077000000
1.7330000000
1.8410000000
1.9209000000
1.9642000000
1.9654000000
1.9228000000
1.8387000000
1.7195000000
1.5751000000
1.4182000000
1.2631000000
1.1244000000
1.0159000000
0.9396900000
0.8934600000
0.8963900000
0.9664300000
1.1052000000
1.2770000000
1.4685000000
1.6650000000
1.8498000000
2.0063000000
2.1194000000
2.1773000000
