-8.5400000000
-7.2013000000
-6.4192000000
-6.8847000000
-6.8186000000
-3.6355000000
0.3710000000
2.6755000000
3.2549000000
2.5315000000
1.2211000000
-0.1786400000
-1.9523000000
-4.9604000000
-9.9693000000
-12.3570000000
-8.9547000000
-4.6797000000
-1.1578000000
1.3043000000
3.1170000000
4.6087000000
5.3294000000
3.2901000000
-1.3041000000
-4.5385000000
-6.1670000000
-6.7893000000
-6.5411000000
-5.9038000000
-5.6428000000
-6.4827000000
-8.6499000000
-8.3367000000
-2.8416000000
-1.9449000000
-3.1960000000
-3.4561000000
-3.4201000000
-3.6541000000
-4.2715000000
-5.3832000000
-7.0438000000
-8.4627000000
-8.1758000000
-6.8736000000
-6.4358000000
-7.1713000000
-6.7608000000
-2.9276000000
0.8738300000
2.5794000000
2.6754000000
1.9189000000
0.8930000000
-0.3541100000
-2.3014000000
-5.9757000000
-11.6430000000
-12.2450000000
-7.8152000000
-3.3591000000
-0.3699700000
1.4425000000
2.6431000000
3.5759000000
4.3474000000
4.6897000000
3.8258000000
1.5282000000
-0.8838900000
-3.0267000000
-5.7172000000
-9.1048000000
-10.2990000000
-8.1749000000
-6.0698000000
-4.5694000000
-2.9569000000
-1.0613000000
0.9803600000
3.2004000000
5.5017000000
5.4827000000
-1.9571000000
-8.3621000000
-8.2891000000
-5.7144000000
-3.6846000000
-2.7519000000
-2.6864000000
-3.2372000000
-4.1960000000
-5.1254000000
-5.0009000000
-2.9852000000
0.0228000000
2.8249000000
4.8908000000
4.6128000000
0.0563650000
-4.4178000000
-6.2740000000
-6.4825000000
-5.9116000000
-5.3401000000
-5.3892000000
-6.6207000000
-9.0480000000
-7.9138000000
-2.5591000000
-2.8764000000
-4.1920000000
-4.0533000000
-3.6033000000
-3.4312000000
-3.5356000000
-3.8179000000
-4.2428000000
-4.8526000000
-5.7146000000
-6.7294000000
-7.3669000000
-7.0837000000
-6.3213000000
-6.1750000000
-7.4237000000
-8.8395000000
-5.2060000000
-0.9819000000
-0.8745800000
-1.5715000000
-2.0639000000
-2.8871000000
-4.5492000000
-7.6011000000
-10.7030000000
-9.7734000000
-7.0102000000
-4.7322000000
-2.6496000000
-0.6260900000
1.3656000000
3.5185000000
5.7383000000
5.2031000000
-2.8979000000
-8.8087000000
-8.1863000000
-5.4339000000
-3.3379000000
-2.2941000000
-2.0333000000
-2.2965000000
-2.9388000000
-3.8363000000
-4.6757000000
-4.7130000000
-3.2201000000
-0.6359800000
2.0848000000
4.5094000000
5.4865000000
1.5834000000
-4.5011000000
-6.9654000000
-6.6165000000
-5.4809000000
-4.9168000000
-5.5047000000
-7.4449000000
-8.8357000000
-4.5274000000
-0.9779200000
-1.4195000000
-2.1195000000
-2.5411000000
-3.2998000000
-4.8191000000
-7.4803000000
-10.0720000000
-9.3656000000
-7.0948000000
-5.5731000000
-4.2725000000
-2.4961000000
-0.3518200000
1.9108000000
4.2780000000
6.0231000000
2.8100000000
-5.2763000000
-8.4680000000
-7.0587000000
-4.9198000000
-3.8049000000
-3.8351000000
-4.7460000000
-5.9480000000
-5.8166000000
-2.9760000000
0.6503600000
3.2354000000
4.2815000000
3.1101000000
0.3301300000
-2.1119000000
-4.2486000000
-6.8205000000
-9.1990000000
-9.0480000000
-7.2075000000
-6.1619000000
-5.8634000000
-4.7425000000
-2.1155000000
0.9062100000
3.5104000000
5.1844000000
3.8413000000
-1.2820000000
-5.0877000000
-6.4448000000
-6.3888000000
-5.7504000000
-5.2783000000
-5.5646000000
-7.1611000000
-9.4519000000
-6.4354000000
-2.1276000000
-3.3210000000
-4.2414000000
-3.9236000000
-3.5295000000
-3.4418000000
-3.6045000000
-3.9318000000
-4.4144000000
-5.1152000000
-6.0796000000
-7.0730000000
-7.4257000000
-6.8494000000
-6.1641000000
-6.4686000000
-8.1337000000
-8.1756000000
-3.0925000000
-0.5264900000
-0.9951500000
-1.5845000000
-2.1646000000
-3.2867000000
-5.5220000000
-9.1924000000
-11.0690000000
-8.7207000000
-5.9012000000
-3.4765000000
-1.2531000000
0.7930500000
2.8609000000
5.1042000000
6.0963000000
0.2540700000
-7.5779000000
-8.7797000000
-6.3352000000
-3.9984000000
-2.7373000000
-2.3898000000
-2.6804000000
-3.4270000000
-4.4198000000
-5.1034000000
-4.4422000000
-2.0995000000
0.8200200000
3.4667000000
5.2670000000
3.9128000000
-1.6224000000
-5.5967000000
-6.6790000000
-6.2099000000
-5.4095000000
-5.1215000000
-5.8878000000
-8.0466000000
-9.1451000000
-3.9913000000
-1.9241000000
-3.3433000000
-3.7622000000
-3.5644000000
-3.5368000000
-3.8231000000
-4.4285000000
-5.4467000000
-6.9016000000
-8.1159000000
-7.9074000000
-6.7768000000
-6.3864000000
-7.3339000000
-7.5859000000
-3.7297000000
0.2993100000
1.6247000000
1.4539000000
0.8535700000
0.0112090000
-1.4025000000
-4.1582000000
-9.4788000000
-13.3000000000
-9.8398000000
-4.9585000000
-1.5469000000
0.3835100000
1.5315000000
2.2784000000
2.8415000000
3.3420000000
3.8231000000
4.2197000000
4.2701000000
3.5543000000
2.0514000000
0.3556200000
-1.4205000000
-3.9738000000
-8.2660000000
-12.0480000000
-10.0260000000
-6.1084000000
-2.5132000000
0.2801800000
2.4266000000
4.3114000000
5.6900000000
3.9962000000
-2.0917000000
-6.1958000000
-6.9322000000
-6.0480000000
-5.1525000000
-5.1232000000
-6.3960000000
-8.6694000000
-7.4469000000
-2.1422000000
-1.3379000000
-2.3078000000
-2.7107000000
-3.0960000000
-3.9454000000
-5.5646000000
-8.0499000000
-9.6744000000
-8.4658000000
-6.7101000000
-5.9801000000
-5.3183000000
-3.4101000000
-0.5740800000
2.2028000000
4.5326000000
5.3239000000
1.6027000000
-3.9709000000
-6.4787000000
-6.5913000000
-5.7617000000
-5.1249000000
-5.3442000000
-6.8845000000
-9.1878000000
-6.7060000000
-1.9449000000
-2.4726000000
-3.4755000000
-3.5055000000
-3.4794000000
-3.7672000000
-4.4297000000
-5.5781000000
-7.2069000000
-8.4180000000
-7.9476000000
-6.7200000000
-6.4750000000
-7.3591000000
-6.7516000000
-2.5955000000
1.0145000000
2.3420000000
2.2184000000
1.5050000000
0.5840200000
-0.7057800000
-2.9638000000
-7.3937000000
-12.8600000000
-11.3810000000
-6.5076000000
-2.4591000000
-0.0681170000
1.3317000000
2.2284000000
2.8945000000
3.4803000000
4.0286000000
4.4147000000
4.2273000000
2.9997000000
1.0963000000
-0.7632900000
-2.8669000000
-6.1367000000
-10.5180000000
-11.1360000000
-7.9023000000
-4.5805000000
-1.6892000000
0.6759100000
2.7583000000
4.8416000000
6.0578000000
1.9240000000
-5.6809000000
-8.2045000000
-6.7785000000
-4.9050000000
-4.1121000000
-4.5185000000
-5.8087000000
-6.7641000000
-4.8225000000
-0.7349200000
2.2390000000
3.4171000000
2.9859000000
1.5522000000
-0.0258860000
-1.7396000000
-4.3477000000
-8.7284000000
-12.0450000000
-9.6541000000
-5.7914000000
-2.3023000000
0.4137400000
2.5420000000
4.4502000000
5.7724000000
3.5909000000
-2.8193000000
-6.6262000000
-6.9610000000
-5.8530000000
-4.9996000000
-5.1878000000
-6.7337000000
-8.7614000000
-6.2120000000
-1.3840000000
-0.9111100000
-1.6945000000
-2.1743000000
-2.8619000000
-4.2520000000
-6.8485000000
-10.0310000000
-10.0480000000
-7.5487000000
-5.5101000000
-3.7887000000
-1.9163000000
0.0693770000
2.1593000000
4.4654000000
6.1871000000
2.3922000000
-6.2371000000
-9.0103000000
-6.9956000000
-4.4689000000
-2.9548000000
-2.4252000000
-2.5947000000
-3.2615000000
-4.2384000000
-5.0630000000
-4.7390000000
-2.6441000000
0.2776500000
3.0108000000
5.0530000000
4.5430000000
-0.5147000000
-5.0413000000
-6.5918000000
-6.3703000000
-5.5819000000
-5.1322000000
-5.6013000000
-7.4483000000
-9.4218000000
-5.4255000000
-1.8888000000
-3.1535000000
-3.8699000000
-3.6673000000
-3.5132000000
-3.6623000000
-4.0959000000
-4.8526000000
-6.0387000000
-7.4626000000
-8.1156000000
-7.3596000000
-6.4139000000
-6.6474000000
-7.8833000000
-6.6716000000
-1.8813000000
0.9188000000
1.2762000000
0.8137200000
0.1297500000
-0.9728700000
-3.0780000000
-7.3591000000
-12.7630000000
-11.3900000000
-6.5748000000
-2.4710000000
0.0190460000
1.4962000000
2.4662000000
3.2162000000
3.8820000000
4.4192000000
4.4610000000
3.3809000000
1.3215000000
-0.7276800000
-2.8035000000
-5.7793000000
-9.8095000000
-10.9630000000
-8.2159000000
-5.3515000000
-2.8568000000
-0.6393500000
1.3826000000
3.4786000000
5.6556000000
5.4428000000
-2.2228000000
-8.5139000000
-8.2774000000
-5.6377000000
-3.5766000000
-2.5976000000
-2.4572000000
-2.9037000000
-3.7631000000
-4.7478000000
-5.1038000000
-3.8124000000
-1.1061000000
1.7826000000
4.2403000000
5.3271000000
2.2324000000
-3.3261000000
-6.1731000000
-6.6151000000
-5.9510000000
-5.2556000000
-5.2352000000
-6.4071000000
-8.8091000000
-8.1455000000
-2.6678000000
-2.3901000000
-3.7121000000
-3.7891000000
-3.5472000000
-3.5593000000
-3.8700000000
-4.4756000000
-5.4712000000
-6.8708000000
-8.0215000000
-7.8207000000
-6.7377000000
-6.3648000000
-7.3566000000
-7.7889000000
-3.9544000000
0.1300900000
1.3343000000
1.0882000000
0.4933600000
-0.3761000000
-1.9320000000
-5.0636000000
-10.6920000000
-12.9240000000
-8.8041000000
-4.1106000000
-0.9494900000
0.8875800000
2.0257000000
2.8332000000
3.5127000000
4.1254000000
4.5143000000
4.1690000000
2.6271000000
0.5223600000
-1.4348000000
-3.7446000000
-7.2899000000
-10.9710000000
-10.1660000000
-7.0496000000
-4.2471000000
-1.7770000000
0.3775500000
2.4120000000
4.5915000000
6.2123000000
2.5002000000
-6.0265000000
-8.9003000000
-7.0160000000
-4.5792000000
-3.1658000000
-2.7711000000
-3.1207000000
-3.9867000000
-5.0083000000
-5.2709000000
-3.6567000000
-0.6813500000
2.2490000000
4.5189000000
4.9635000000
1.3153000000
-3.4661000000
-5.8512000000
-6.5191000000
-6.2166000000
-5.6047000000
-5.3350000000
-5.9935000000
-8.0645000000
-9.3798000000
-4.2787000000
-2.2543000000
-3.9099000000
-4.2514000000
-3.7779000000
-3.4540000000
-3.4419000000
-3.6416000000
-3.9749000000
-4.4373000000
-5.0823000000
-5.9442000000
-6.8342000000
-7.2105000000
-6.7695000000
-6.1173000000
-6.2554000000
-7.8173000000
-8.8717000000
-4.3053000000
-1.0218000000
-1.5799000000
-2.2385000000
-2.6278000000
-3.3650000000
-4.8477000000
-7.4330000000
-9.9588000000
-9.3144000000
-7.1152000000
-5.6975000000
-4.5393000000
-2.8078000000
-0.5894100000
1.7541000000
4.1455000000
5.9315000000
3.1330000000
-4.6740000000
-8.1629000000
-7.1179000000
-5.1439000000
-4.1351000000
-4.3431000000
-5.5209000000
-6.7218000000
-5.4652000000
-1.4911000000
1.8153000000
3.3304000000
3.1814000000
1.8577000000
0.2651800000
-1.3833000000
-3.7435000000
-7.7797000000
-11.8510000000
-10.3430000000
-6.5179000000
-2.9274000000
-0.0657000000
2.1447000000
4.0903000000
5.6606000000
4.4866000000
-1.6701000000
-6.2870000000
-7.1023000000
-6.0644000000
-5.0677000000
-5.0460000000
-6.3579000000
-8.5047000000
-7.0539000000
-1.8550000000
-0.6443800000
-1.3801000000
-1.9110000000
-2.5696000000
-3.8882000000
-6.4264000000
-9.9220000000
-10.4860000000
-7.8884000000
-5.4955000000
-3.4469000000
-1.4311000000
0.5501800000
2.6180000000
4.9070000000
6.1854000000
0.8675200000
-7.3730000000
-8.9622000000
-6.5222000000
-4.0318000000
-2.5879000000
-2.0497000000
-2.1218000000
-2.6182000000
-3.4264000000
-4.3502000000
-4.8457000000
-4.0458000000
-1.8131000000
0.9220400000
3.5179000000
5.4309000000
4.0290000000
-2.1755000000
-6.3877000000
-6.9915000000
-5.9520000000
-5.0308000000
-5.0829000000
-6.4691000000
-8.6540000000
-6.9469000000
-1.7922000000
-0.9569300000
-1.7901000000
-2.2661000000
-2.8517000000
-4.0461000000
-6.3050000000
-9.4100000000
-10.1630000000
-7.9525000000
-5.9937000000
-4.5599000000
-2.8888000000
-0.8835100000
1.2593000000
3.5517000000
5.7463000000
4.7912000000
-3.1609000000
-8.4482000000
-7.8484000000
-5.4200000000
-3.7408000000
-3.1917000000
-3.5386000000
-4.4986000000
-5.5228000000
-5.2981000000
-2.8457000000
0.4662700000
3.2125000000
4.8008000000
3.7649000000
-0.2482700000
-3.6356000000
-5.5720000000
-6.7341000000
-7.0374000000
-6.5114000000
-5.8783000000
-6.0434000000
-7.6223000000
-9.0892000000
-4.8885000000
-1.2887000000
-1.9414000000
-2.6541000000
-2.9183000000
-3.4187000000
-4.4817000000
-6.3871000000
-8.8035000000
-9.4019000000
-7.7100000000
-6.3838000000
-6.0087000000
-5.1338000000
-2.6867000000
0.3898600000
3.0965000000
4.9914000000
4.3849000000
-0.2661400000
-4.4662000000
-6.2288000000
-6.4972000000
-5.9934000000
-5.4230000000
-5.4104000000
-6.5378000000
-8.9352000000
-8.2083000000
-2.7303000000
-2.7953000000
-4.1920000000
-4.0973000000
-3.6264000000
-3.4240000000
-3.5052000000
-3.7653000000
-4.1566000000
-4.7061000000
-5.4793000000
-6.4396000000
-7.1922000000
-7.1486000000
-6.4504000000
-6.0605000000
-6.9070000000
-8.7632000000
-6.9673000000
-1.8122000000
-0.9380500000
-1.7388000000
-2.2082000000
-2.7992000000
-4.0115000000
-6.3195000000
-9.5058000000
-10.2400000000
-7.9542000000
-5.9094000000
-4.3427000000
-2.5901000000
-0.6031000000
1.4942000000
3.7720000000
5.9045000000
4.3791000000
-4.0016000000
-8.7618000000
-7.7103000000
-5.1643000000
-3.4545000000
-2.8271000000
-3.0213000000
-3.7975000000
-4.8492000000
-5.3871000000
-4.1708000000
-1.3056000000
1.7234000000
4.1527000000
5.1029000000
2.2972000000
-2.6130000000
-5.4349000000
-6.4514000000
-6.3993000000
-5.8327000000
-5.3970000000
-5.6995000000
-7.3298000000
-9.5123000000
-6.0912000000
-2.1072000000
-3.4410000000
-4.2663000000
-3.9072000000
-3.5147000000
-3.4334000000
-3.5967000000
-3.9167000000
-4.3801000000
-5.0432000000
-5.9555000000
-6.9298000000
-7.3606000000
-6.8847000000
-6.1792000000
-6.3249000000
-7.8881000000
-8.6155000000
-3.8910000000
-0.7395200000
-1.1425000000
-1.7744000000
-2.2778000000
-3.2237000000
-5.1124000000
-8.3608000000
-10.7820000000
-9.1331000000
-6.5292000000
-4.4715000000
-2.5073000000
-0.5284200000
1.4711000000
3.6602000000
5.8525000000
4.8484000000
-3.5645000000
-8.9414000000
-7.9974000000
-5.2440000000
-3.2326000000
-2.2634000000
-2.0559000000
-2.3608000000
-3.0390000000
-3.9562000000
-4.7557000000
-4.6391000000
-2.9572000000
-0.3005000000
2.4085000000
4.7553000000
5.3212000000
0.7678800000
-4.9786000000
-6.9978000000
-6.4833000000
-5.3840000000
-4.9316000000
-5.6607000000
-7.7201000000
-8.7330000000
-3.9460000000
-0.9843800000
-1.6614000000
-2.3038000000
-2.6994000000
-3.4616000000
-4.9776000000
-7.5668000000
-9.9385000000
-9.1557000000
-7.0240000000
-5.7275000000
-4.6599000000
-2.9213000000
-0.6220700000
1.7940000000
4.2026000000
5.8850000000
2.9081000000
-4.6223000000
-7.9317000000
-7.0168000000
