39467.0000000000
138010.0000000000
120230.0000000000
175040.0000000000
140430.0000000000
32753.0000000000
149110.0000000000
81528.0000000000
85538.0000000000
202910.0000000000
140560.0000000000
205470.0000000000
221490.0000000000
83119.0000000000
39057.0000000000
63468.0000000000
201390.0000000000
166520.0000000000
196040.0000000000
63612.0000000000
189620.0000000000
58758.0000000000
258230.0000000000
158820.0000000000
155080.0000000000
193170.0000000000
32273.0000000000
87810.0000000000
104120.0000000000
208740.0000000000
252210.0000000000
166920.0000000000
216170.0000000000
211660.0000000000
139380.0000000000
40624.0000000000
104640.0000000000
254950.0000000000
49074.0000000000
56551.0000000000
54163.0000000000
109590.0000000000
132020.0000000000
80839.0000000000
87121.0000000000
104920.0000000000
194640.0000000000
160310.0000000000
228870.0000000000
186990.0000000000
239760.0000000000
180270.0000000000
157460.0000000000
46181.0000000000
132450.0000000000
73030.0000000000
52051.0000000000
54721.0000000000
205520.0000000000
58946.0000000000
48254.0000000000
163110.0000000000
212570.0000000000
142150.0000000000
114560.0000000000
124860.0000000000
257510.0000000000
157140.0000000000
90847.0000000000
12888.0000000000
71586.0000000000
106950.0000000000
148010.0000000000
249900.0000000000
7689.5000000000
15326.0000000000
113690.0000000000
115940.0000000000
123010.0000000000
70518.0000000000
255910.0000000000
176390.0000000000
201340.0000000000
23825.0000000000
155170.0000000000
76716.0000000000
196490.0000000000
175790.0000000000
71317.0000000000
257680.0000000000
60255.0000000000
61972.0000000000
139600.0000000000
74074.0000000000
250590.0000000000
22314.0000000000
247190.0000000000
93141.0000000000
69168.0000000000
210930.0000000000
71610.0000000000
18910.0000000000
48798.0000000000
156660.0000000000
58833.0000000000
18590.0000000000
96531.0000000000
170480.0000000000
230550.0000000000
7742.1000000000
131530.0000000000
193230.0000000000
190260.0000000000
4653.4000000000
107320.0000000000
231040.0000000000
68921.0000000000
257910.0000000000
196110.0000000000
45448.0000000000
77430.0000000000
110390.0000000000
98237.0000000000
172040.0000000000
221120.0000000000
5991.0000000000
68829.0000000000
120160.0000000000
176200.0000000000
159270.0000000000
32911.0000000000
233940.0000000000
105880.0000000000
34969.0000000000
158460.0000000000
216050.0000000000
83177.0000000000
192810.0000000000
36292.0000000000
16644.0000000000
194260.0000000000
17465.0000000000
95524.0000000000
236400.0000000000
26074.0000000000
146530.0000000000
70659.0000000000
229050.0000000000
130450.0000000000
6121.5000000000
222660.0000000000
124350.0000000000
21341.0000000000
44402.0000000000
130010.0000000000
32292.0000000000
222150.0000000000
109610.0000000000
233830.0000000000
57243.0000000000
68549.0000000000
193190.0000000000
175280.0000000000
85339.0000000000
79798.0000000000
168610.0000000000
146320.0000000000
122650.0000000000
85593.0000000000
80909.0000000000
69523.0000000000
147370.0000000000
106950.0000000000
209460.0000000000
235960.0000000000
253580.0000000000
103090.0000000000
126380.0000000000
31505.0000000000
49812.0000000000
139500.0000000000
120090.0000000000
194680.0000000000
163650.0000000000
199600.0000000000
59273.0000000000
52536.0000000000
149890.0000000000
158450.0000000000
103670.0000000000
102540.0000000000
59908.0000000000
177580.0000000000
151260.0000000000
90841.0000000000
229060.0000000000
225120.0000000000
95397.0000000000
103740.0000000000
59631.0000000000
17032.0000000000
114440.0000000000
6772.5000000000
205820.0000000000
157190.0000000000
216080.0000000000
82587.0000000000
125520.0000000000
69875.0000000000
73352.0000000000
16409.0000000000
70879.0000000000
241430.0000000000
188970.0000000000
117120.0000000000
893.9300000000
217560.0000000000
240950.0000000000
108350.0000000000
81571.0000000000
132160.0000000000
52536.0000000000
155120.0000000000
181710.0000000000
65447.0000000000
76214.0000000000
238130.0000000000
178660.0000000000
82401.0000000000
95665.0000000000
208450.0000000000
37330.0000000000
174040.0000000000
33750.0000000000
4191.8000000000
180730.0000000000
101520.0000000000
15278.0000000000
29150.0000000000
78565.0000000000
179770.0000000000
202990.0000000000
138320.0000000000
237800.0000000000
149590.0000000000
147520.0000000000
81346.0000000000
78435.0000000000
26161.0000000000
243380.0000000000
108010.0000000000
248100.0000000000
72638.0000000000
106950.0000000000
180510.0000000000
44188.0000000000
158300.0000000000
97214.0000000000
125300.0000000000
52486.0000000000
56183.0000000000
17771.0000000000
206220.0000000000
152500.0000000000
161980.0000000000
183990.0000000000
45131.0000000000
147260.0000000000
42088.0000000000
189800.0000000000
37402.0000000000
166270.0000000000
254120.0000000000
39640.0000000000
78186.0000000000
64119.0000000000
182140.0000000000
16871.0000000000
5893.2000000000
147420.0000000000
181160.0000000000
66119.0000000000
207670.0000000000
119810.0000000000
254830.0000000000
244860.0000000000
54058.0000000000
132900.0000000000
191090.0000000000
170610.0000000000
124500.0000000000
55290.0000000000
119020.0000000000
55663.0000000000
188390.0000000000
69892.0000000000
190980.0000000000
219110.0000000000
199340.0000000000
7747.1000000000
167450.0000000000
112790.0000000000
155490.0000000000
10184.0000000000
200680.0000000000
230860.0000000000
121760.0000000000
186590.0000000000
225200.0000000000
163790.0000000000
154920.0000000000
45404.0000000000
28711.0000000000
54312.0000000000
131470.0000000000
31063.0000000000
3297.1000000000
12224.0000000000
255920.0000000000
242200.0000000000
244360.0000000000
79944.0000000000
175880.0000000000
219020.0000000000
70659.0000000000
230490.0000000000
73503.0000000000
59054.0000000000
39213.0000000000
138660.0000000000
104570.0000000000
10152.0000000000
234150.0000000000
21408.0000000000
258770.0000000000
95856.0000000000
13598.0000000000
214600.0000000000
122790.0000000000
32369.0000000000
251350.0000000000
4616.3000000000
101360.0000000000
214730.0000000000
38158.0000000000
121110.0000000000
208360.0000000000
143410.0000000000
24976.0000000000
78185.0000000000
56652.0000000000
252840.0000000000
225860.0000000000
213570.0000000000
46800.0000000000
143630.0000000000
56453.0000000000
131410.0000000000
125720.0000000000
216740.0000000000
89615.0000000000
28595.0000000000
3363.8000000000
229620.0000000000
85143.0000000000
239200.0000000000
49787.0000000000
217640.0000000000
32628.0000000000
33607.0000000000
21429.0000000000
151800.0000000000
60330.0000000000
78906.0000000000
22989.0000000000
147360.0000000000
246850.0000000000
6863.2000000000
76098.0000000000
186390.0000000000
76421.0000000000
161490.0000000000
109190.0000000000
131950.0000000000
129760.0000000000
9445.0000000000
109400.0000000000
33865.0000000000
48951.0000000000
211560.0000000000
177190.0000000000
207690.0000000000
33939.0000000000
61258.0000000000
224680.0000000000
50106.0000000000
168180.0000000000
139320.0000000000
95091.0000000000
256280.0000000000
165520.0000000000
76231.0000000000
103420.0000000000
144830.0000000000
56686.0000000000
235010.0000000000
183940.0000000000
199230.0000000000
944.0100000000
56722.0000000000
236430.0000000000
235160.0000000000
582.5100000000
67304.0000000000
116100.0000000000
192300.0000000000
36584.0000000000
28710.0000000000
44627.0000000000
180880.0000000000
107100.0000000000
232900.0000000000
146460.0000000000
42266.0000000000
168740.0000000000
236200.0000000000
147070.0000000000
237960.0000000000
239800.0000000000
218110.0000000000
10834.0000000000
178920.0000000000
147220.0000000000
39624.0000000000
222530.0000000000
216210.0000000000
212970.0000000000
148470.0000000000
157170.0000000000
35096.0000000000
28983.0000000000
183840.0000000000
240710.0000000000
192080.0000000000
245210.0000000000
205560.0000000000
125520.0000000000
55434.0000000000
113300.0000000000
141320.0000000000
138240.0000000000
184620.0000000000
117060.0000000000
43772.0000000000
38478.0000000000
76412.0000000000
99355.0000000000
120970.0000000000
13072.0000000000
90720.0000000000
142970.0000000000
21519.0000000000
17965.0000000000
39129.0000000000
58281.0000000000
225730.0000000000
59685.0000000000
138690.0000000000
69734.0000000000
99646.0000000000
120420.0000000000
183710.0000000000
109120.0000000000
128560.0000000000
245080.0000000000
45879.0000000000
48454.0000000000
35820.0000000000
12798.0000000000
206900.0000000000
94844.0000000000
44418.0000000000
243980.0000000000
249830.0000000000
51367.0000000000
97334.0000000000
203800.0000000000
234080.0000000000
35947.0000000000
147130.0000000000
151650.0000000000
29148.0000000000
66229.0000000000
218710.0000000000
164630.0000000000
236040.0000000000
65652.0000000000
245310.0000000000
159850.0000000000
30632.0000000000
31526.0000000000
196080.0000000000
78644.0000000000
223420.0000000000
105910.0000000000
236030.0000000000
232900.0000000000
130920.0000000000
30865.0000000000
140830.0000000000
258090.0000000000
181850.0000000000
61776.0000000000
39962.0000000000
42808.0000000000
149280.0000000000
228180.0000000000
155530.0000000000
42570.0000000000
7217.7000000000
15862.0000000000
55011.0000000000
200540.0000000000
41992.0000000000
25329.0000000000
10020.0000000000
66992.0000000000
218420.0000000000
163480.0000000000
54709.0000000000
117570.0000000000
96771.0000000000
70897.0000000000
113330.0000000000
123200.0000000000
78173.0000000000
229490.0000000000
160210.0000000000
14705.0000000000
90354.0000000000
121790.0000000000
152930.0000000000
131950.0000000000
120230.0000000000
181040.0000000000
257100.0000000000
79665.0000000000
1301.2000000000
15247.0000000000
66718.0000000000
78142.0000000000
10977.0000000000
162850.0000000000
189780.0000000000
143110.0000000000
204400.0000000000
122420.0000000000
237410.0000000000
205190.0000000000
39799.0000000000
173120.0000000000
215070.0000000000
132200.0000000000
109860.0000000000
246800.0000000000
131740.0000000000
172630.0000000000
17524.0000000000
258020.0000000000
159850.0000000000
5860.3000000000
172130.0000000000
77785.0000000000
50087.0000000000
28121.0000000000
248400.0000000000
187600.0000000000
133780.0000000000
208300.0000000000
10650.0000000000
162720.0000000000
24840.0000000000
142660.0000000000
169310.0000000000
168660.0000000000
205370.0000000000
49089.0000000000
159520.0000000000
27653.0000000000
14817.0000000000
108970.0000000000
99339.0000000000
2326.3000000000
77955.0000000000
230290.0000000000
188260.0000000000
186180.0000000000
99661.0000000000
231880.0000000000
138220.0000000000
56044.0000000000
61688.0000000000
189710.0000000000
192190.0000000000
994.1800000000
155840.0000000000
167560.0000000000
101500.0000000000
161980.0000000000
231150.0000000000
109680.0000000000
209280.0000000000
211140.0000000000
51048.0000000000
154690.0000000000
233360.0000000000
70641.0000000000
101350.0000000000
74642.0000000000
155310.0000000000
15977.0000000000
97802.0000000000
172090.0000000000
104990.0000000000
163640.0000000000
118110.0000000000
6383.2000000000
18303.0000000000
120780.0000000000
211040.0000000000
133110.0000000000
105010.0000000000
92919.0000000000
38085.0000000000
117600.0000000000
52889.0000000000
79970.0000000000
102540.0000000000
80003.0000000000
78687.0000000000
11957.0000000000
159960.0000000000
69530.0000000000
197130.0000000000
46670.0000000000
252890.0000000000
119160.0000000000
40681.0000000000
251750.0000000000
222850.0000000000
203110.0000000000
7713.9000000000
189540.0000000000
32311.0000000000
97103.0000000000
110290.0000000000
219210.0000000000
119070.0000000000
178230.0000000000
150350.0000000000
109570.0000000000
227840.0000000000
54065.0000000000
187450.0000000000
146790.0000000000
88587.0000000000
204890.0000000000
2180.2000000000
71262.0000000000
127350.0000000000
159210.0000000000
147100.0000000000
250060.0000000000
135770.0000000000
200810.0000000000
178960.0000000000
160250.0000000000
46725.0000000000
127440.0000000000
33624.0000000000
144520.0000000000
223840.0000000000
245060.0000000000
137480.0000000000
218500.0000000000
228290.0000000000
191350.0000000000
255210.0000000000
76791.0000000000
210010.0000000000
253990.0000000000
184350.0000000000
38685.0000000000
257600.0000000000
258900.0000000000
223090.0000000000
82212.0000000000
39944.0000000000
175720.0000000000
115210.0000000000
77020.0000000000
35397.0000000000
107740.0000000000
101110.0000000000
179260.0000000000
201320.0000000000
184480.0000000000
186720.0000000000
92438.0000000000
231290.0000000000
98063.0000000000
222540.0000000000
45524.0000000000
103850.0000000000
97417.0000000000
14963.0000000000
118600.0000000000
145300.0000000000
70989.0000000000
247680.0000000000
248930.0000000000
88062.0000000000
87406.0000000000
65855.0000000000
139880.0000000000
235060.0000000000
61354.0000000000
135870.0000000000
109330.0000000000
64507.0000000000
99851.0000000000
35132.0000000000
26595.0000000000
236650.0000000000
232920.0000000000
80641.0000000000
225690.0000000000
226570.0000000000
47081.0000000000
79555.0000000000
247780.0000000000
136550.0000000000
35989.0000000000
185770.0000000000
78497.0000000000
208050.0000000000
2747.4000000000
233710.0000000000
251190.0000000000
106880.0000000000
216160.0000000000
141270.0000000000
38584.0000000000
55184.0000000000
137030.0000000000
86011.0000000000
212900.0000000000
181390.0000000000
157590.0000000000
195350.0000000000
6294.4000000000
161820.0000000000
133420.0000000000
9892.5000000000
194940.0000000000
190650.0000000000
150920.0000000000
52859.0000000000
124300.0000000000
167850.0000000000
160760.0000000000
62217.0000000000
80421.0000000000
215640.0000000000
32566.0000000000
106480.0000000000
194390.0000000000
190380.0000000000
30797.0000000000
177670.0000000000
27216.0000000000
4587.7000000000
156630.0000000000
75909.0000000000
131100.0000000000
240520.0000000000
170210.0000000000
103970.0000000000
143900.0000000000
204130.0000000000
34145.0000000000
239070.0000000000
156060.0000000000
158650.0000000000
589.1400000000
114640.0000000000
165790.0000000000
220950.0000000000
82688.0000000000
71311.0000000000
214850.0000000000
67934.0000000000
206480.0000000000
166660.0000000000
167720.0000000000
230520.0000000000
6343.7000000000
254210.0000000000
171360.0000000000
50384.0000000000
78517.0000000000
94799.0000000000
240040.0000000000
75567.0000000000
26928.0000000000
18758.0000000000
2218.0000000000
82030.0000000000
40691.0000000000
65278.0000000000
164630.0000000000
238040.0000000000
41580.0000000000
190990.0000000000
250370.0000000000
227330.0000000000
30300.0000000000
251730.0000000000
127720.0000000000
219090.0000000000
76364.0000000000
16746.0000000000
145880.0000000000
55956.0000000000
210770.0000000000
252020.0000000000
136620.0000000000
29533.0000000000
221470.0000000000
207310.0000000000
133150.0000000000
133220.0000000000
129260.0000000000
60240.0000000000
214200.0000000000
124970.0000000000
48017.0000000000
23367.0000000000
250900.0000000000
140860.0000000000
207030.0000000000
1890.3000000000
74844.0000000000
45051.0000000000
98440.0000000000
61453.0000000000
67376.0000000000
108210.0000000000
119500.0000000000
150710.0000000000
96457.0000000000
163040.0000000000
7304.3000000000
115510.0000000000
170750.0000000000
88272.0000000000
27398.0000000000
4669.1000000000
218880.0000000000
65835.0000000000
250900.0000000000
148930.0000000000
30713.0000000000
92840.0000000000
252760.0000000000
235550.0000000000
138260.0000000000
44349.0000000000
8844.8000000000
229680.0000000000
7292.0000000000
27748.0000000000
177380.0000000000
32155.0000000000
19882.0000000000
251130.0000000000
209680.0000000000
206410.0000000000
249230.0000000000
146450.0000000000
251550.0000000000
145930.0000000000
174160.0000000000
117140.0000000000
96457.0000000000
161970.0000000000
110800.0000000000
207630.0000000000
114910.0000000000
234140.0000000000
214230.0000000000
101370.0000000000
13181.0000000000
89415.0000000000
160600.0000000000
187990.0000000000
86792.0000000000
91067.0000000000
27951.0000000000
70851.0000000000
43961.0000000000
86459.0000000000
43144.0000000000
217460.0000000000
64689.0000000000
101620.0000000000
231500.0000000000
13415.0000000000
207440.0000000000
31422.0000000000
228480.0000000000
255200.0000000000
237000.0000000000
139740.0000000000
30987.0000000000
232130.0000000000
132770.0000000000
36853.0000000000
132990.0000000000
24781.0000000000
240650.0000000000
21990.0000000000
8846.7000000000
243700.0000000000
31661.0000000000
125530.0000000000
128160.0000000000
245420.0000000000
133090.0000000000
220350.0000000000
244640.0000000000
9627.3000000000
115110.0000000000
165640.0000000000
179810.0000000000
234340.0000000000
68302.0000000000
242240.0000000000
250250.0000000000
130660.0000000000
10274.0000000000
65225.0000000000
42485.0000000000
174800.0000000000
231990.0000000000
120890.0000000000
201080.0000000000
226780.0000000000
250800.0000000000
225720.0000000000
231460.0000000000
14475.0000000000
258370.0000000000
91366.0000000000
93663.0000000000
168360.0000000000
138490.0000000000
181210.0000000000
143540.0000000000
178280.0000000000
202210.0000000000
7352.3000000000
199270.0000000000
11428.0000000000
11257.0000000000
88785.0000000000
65829.0000000000
207530.0000000000
214770.0000000000
53961.0000000000
221470.0000000000
192030.0000000000
141540.0000000000
145370.0000000000
74183.0000000000
250400.0000000000
219870.0000000000
164530.0000000000
8981.0000000000
165420.0000000000
153100.0000000000
4525.1000000000
227570.0000000000
219460.0000000000
108230.0000000000
215020.0000000000
9233.7000000000
155710.0000000000
252220.0000000000
7612.7000000000
244090.0000000000
245320.0000000000
191090.0000000000
218420.0000000000
166790.0000000000
54202.0000000000
126140.0000000000
82236.0000000000
213760.0000000000
93399.0000000000
98649.0000000000
734.7600000000
117720.0000000000
132250.0000000000
174170.0000000000
195820.0000000000
15329.0000000000
135960.0000000000
11196.0000000000
173010.0000000000
161650.0000000000
198810.0000000000
147000.0000000000
31611.0000000000
29065.0000000000
250490.0000000000
75962.0000000000
252100.0000000000
160110.0000000000
54092.0000000000
118610.0000000000
219890.0000000000
35167.0000000000
14087.0000000000
83098.0000000000
151100.0000000000
249350.0000000000
202300.0000000000
162310.0000000000
199550.0000000000
185750.0000000000
193880.0000000000
178480.0000000000
114510.0000000000
257160.0000000000
231680.0000000000
26739.0000000000
226910.0000000000
162470.0000000000
90231.0000000000
21318.0000000000
135080.0000000000
156440.0000000000
45706.0000000000
107870.0000000000
14931.0000000000
148490.0000000000
63914.0000000000
15331.0000000000
148160.0000000000
435.9500000000
57464.0000000000
88190.0000000000
223580.0000000000
245310.0000000000
175340.0000000000
207170.0000000000
226140.0000000000
117100.0000000000
88073.0000000000
167910.0000000000
62263.0000000000
148760.0000000000
119730.0000000000
221620.0000000000
254440.0000000000
7517.0000000000
79479.0000000000
222580.0000000000
76198.0000000000
120960.0000000000
199150.0000000000
233580.0000000000
125890.0000000000
95495.0000000000
29647.0000000000
256650.0000000000
8034.8000000000
148010.0000000000
220880.0000000000
125680.0000000000
194340.0000000000
107570.0000000000
186970.0000000000
79524.0000000000
29049.0000000000
134290.0000000000
210220.0000000000
201070.0000000000
173100.0000000000
44994.0000000000
207870.0000000000
18308.0000000000
155940.0000000000
96919.0000000000
86501.0000000000
81822.0000000000
106870.0000000000
118960.0000000000
128790.0000000000
75444.0000000000
186030.0000000000
100950.0000000000
116680.0000000000
199340.0000000000
47783.0000000000
167370.0000000000
42187.0000000000
123100.0000000000
150870.0000000000
194560.0000000000
72938.0000000000
174360.0000000000
249810.0000000000
108450.0000000000
31766.0000000000
97559.0000000000
251440.0000000000
85030.0000000000
204680.0000000000
48132.0000000000
67125.0000000000
135180.0000000000
107640.0000000000
193640.0000000000
15725.0000000000
110790.0000000000
136940.0000000000
217630.0000000000
222150.0000000000
132030.0000000000
141560.0000000000
22286.0000000000
48360.0000000000
139790.0000000000
101560.0000000000
74750.0000000000
148720.0000000000
128600.0000000000
61277.0000000000
100960.0000000000
151390.0000000000
23091.0000000000
94840.0000000000
15128.0000000000
896.3500000000
234840.0000000000
44998.0000000000
233640.0000000000
37095.0000000000
48496.0000000000
71872.0000000000
77316.0000000000
69764.0000000000
57805.0000000000
197340.0000000000
223660.0000000000
40768.0000000000
98124.0000000000
140990.0000000000
137190.0000000000
200240.0000000000
192070.0000000000
225340.0000000000
68053.0000000000
19135.0000000000
102020.0000000000
239750.0000000000
102350.0000000000
244650.0000000000
81356.0000000000
151270.0000000000
151980.0000000000
63146.0000000000
232560.0000000000
70134.0000000000
106530.0000000000
257160.0000000000
27286.0000000000
247820.0000000000
147130.0000000000
173970.0000000000
62035.0000000000
70544.0000000000
185570.0000000000
169770.0000000000
87823.0000000000
195710.0000000000
242920.0000000000
198220.0000000000
53067.0000000000
55013.0000000000
212660.0000000000
245870.0000000000
12450.0000000000
55679.0000000000
44895.0000000000
22307.0000000000
197800.0000000000
185190.0000000000
92693.0000000000
237920.0000000000
214180.0000000000
203700.0000000000
65114.0000000000
26084.0000000000
212310.0000000000
127970.0000000000
215900.0000000000
100160.0000000000
149530.0000000000
229370.0000000000
102170.0000000000
240430.0000000000
249400.0000000000
27447.0000000000
97041.0000000000
183090.0000000000
68182.0000000000
167100.0000000000
213170.0000000000
23231.0000000000
56170.0000000000
180950.0000000000
124980.0000000000
131810.0000000000
170510.0000000000
172130.0000000000
130560.0000000000
68224.0000000000
205280.0000000000
196640.0000000000
201930.0000000000
117270.0000000000
24412.0000000000
196540.0000000000
234110.0000000000
7354.6000000000
215700.0000000000
224700.0000000000
197010.0000000000
253030.0000000000
55735.0000000000
183610.0000000000
190100.0000000000
160400.0000000000
43130.0000000000
114930.0000000000
140680.0000000000
12069.0000000000
187430.0000000000
3066.9000000000
182560.0000000000
174150.0000000000
15183.0000000000
129560.0000000000
159920.0000000000
235600.0000000000
33990.0000000000
163850.0000000000
70808.0000000000
253640.0000000000
248210.0000000000
100850.0000000000
154210.0000000000
217070.0000000000
132610.0000000000
194130.0000000000
102320.0000000000
60509.0000000000
64077.0000000000
143870.0000000000
249210.0000000000
229330.0000000000
64039.0000000000
131690.0000000000
70293.0000000000
203440.0000000000
258190.0000000000
73343.0000000000
213440.0000000000
163870.0000000000
202120.0000000000
199960.0000000000
26431.0000000000
99727.0000000000
183460.0000000000
116390.0000000000
171210.0000000000
243600.0000000000
93853.0000000000
224780.0000000000
216180.0000000000
243300.0000000000
18332.0000000000
70158.0000000000
19292.0000000000
180460.0000000000
208930.0000000000
88010.0000000000
236300.0000000000
66297.0000000000
183590.0000000000
14640.0000000000
139830.0000000000
147400.0000000000
60598.0000000000
181150.0000000000
6881.5000000000
207100.0000000000
240720.0000000000
247840.0000000000
39475.0000000000
195230.0000000000
214410.0000000000
44524.0000000000
224940.0000000000
112710.0000000000
123140.0000000000
184180.0000000000
99002.0000000000
187740.0000000000
149840.0000000000
116870.0000000000
226020.0000000000
47552.0000000000
71404.0000000000
104120.0000000000
212510.0000000000
255380.0000000000
9917.7000000000
115340.0000000000
252190.0000000000
251070.0000000000
49981.0000000000
52548.0000000000
241040.0000000000
212010.0000000000
17961.0000000000
7555.0000000000
91221.0000000000
95338.0000000000
200870.0000000000
33161.0000000000
206930.0000000000
8507.4000000000
153630.0000000000
205910.0000000000
48644.0000000000
93858.0000000000
1182.3000000000
202890.0000000000
229060.0000000000
186390.0000000000
88115.0000000000
206870.0000000000
105290.0000000000
22353.0000000000
12773.0000000000
29494.0000000000
198830.0000000000
257800.0000000000
156120.0000000000
81278.0000000000
111740.0000000000
149970.0000000000
3010.8000000000
41150.0000000000
233780.0000000000
195890.0000000000
254280.0000000000
150440.0000000000
241860.0000000000
137690.0000000000
175990.0000000000
206470.0000000000
94345.0000000000
110850.0000000000
35548.0000000000
143680.0000000000
150480.0000000000
10311.0000000000
70936.0000000000
128870.0000000000
155920.0000000000
185090.0000000000
140410.0000000000
170330.0000000000
204540.0000000000
91651.0000000000
52590.0000000000
18620.0000000000
47990.0000000000
90054.0000000000
58487.0000000000
136560.0000000000
122300.0000000000
162160.0000000000
209630.0000000000
109590.0000000000
144600.0000000000
217400.0000000000
137300.0000000000
198970.0000000000
204550.0000000000
171720.0000000000
30638.0000000000
76100.0000000000
203480.0000000000
59007.0000000000
221500.0000000000
181370.0000000000
233010.0000000000
174820.0000000000
153750.0000000000
4867.2000000000
78933.0000000000
215800.0000000000
106490.0000000000
28403.0000000000
183110.0000000000
6594.1000000000
228200.0000000000
71051.0000000000
175350.0000000000
100.1000000000
251170.0000000000
259140.0000000000
159230.0000000000
254780.0000000000
145580.0000000000
214230.0000000000
86448.0000000000
222080.0000000000
157970.0000000000
87878.0000000000
70644.0000000000
121370.0000000000
234160.0000000000
73616.0000000000
85693.0000000000
14528.0000000000
122450.0000000000
210530.0000000000
85175.0000000000
208940.0000000000
157370.0000000000
219230.0000000000
24658.0000000000
137650.0000000000
131700.0000000000
147840.0000000000
45962.0000000000
123130.0000000000
144970.0000000000
13538.0000000000
45845.0000000000
63085.0000000000
58721.0000000000
254170.0000000000
184270.0000000000
222190.0000000000
150610.0000000000
138610.0000000000
258680.0000000000
241890.0000000000
116050.0000000000
97526.0000000000
17887.0000000000
256190.0000000000
46299.0000000000
198560.0000000000
156320.0000000000
225360.0000000000
13343.0000000000
209120.0000000000
100730.0000000000
79821.0000000000
75956.0000000000
209920.0000000000
106040.0000000000
155410.0000000000
188590.0000000000
204190.0000000000
143640.0000000000
106020.0000000000
13026.0000000000
18430.0000000000
247640.0000000000
181360.0000000000
188090.0000000000
13203.0000000000
245570.0000000000
204330.0000000000
132480.0000000000
11885.0000000000
169450.0000000000
135980.0000000000
156880.0000000000
76260.0000000000
51230.0000000000
154530.0000000000
109210.0000000000
18487.0000000000
139520.0000000000
248270.0000000000
255520.0000000000
241480.0000000000
241420.0000000000
100210.0000000000
249250.0000000000
19666.0000000000
4027.2000000000
41818.0000000000
76901.0000000000
218590.0000000000
135490.0000000000
224800.0000000000
128930.0000000000
85277.0000000000
159280.0000000000
84476.0000000000
136620.0000000000
32582.0000000000
218490.0000000000
168350.0000000000
85335.0000000000
49601.0000000000
190900.0000000000
109100.0000000000
253020.0000000000
218030.0000000000
2823.5000000000
258740.0000000000
114650.0000000000
224140.0000000000
105040.0000000000
244780.0000000000
746.1700000000
199160.0000000000
37001.0000000000
150850.0000000000
66603.0000000000
36835.0000000000
4372.4000000000
174430.0000000000
201190.0000000000
39415.0000000000
26461.0000000000
57828.0000000000
98037.0000000000
40830.0000000000
23310.0000000000
106780.0000000000
6469.7000000000
117460.0000000000
64770.0000000000
167810.0000000000
89725.0000000000
35310.0000000000
3975.8000000000
193200.0000000000
204210.0000000000
25589.0000000000
50418.0000000000
60768.0000000000
99961.0000000000
37481.0000000000
209020.0000000000
203660.0000000000
42360.0000000000
60121.0000000000
140420.0000000000
198910.0000000000
40567.0000000000
217770.0000000000
220020.0000000000
239590.0000000000
15617.0000000000
119800.0000000000
167110.0000000000
47451.0000000000
130490.0000000000
57438.0000000000
168690.0000000000
150620.0000000000
245390.0000000000
159390.0000000000
91764.0000000000
83448.0000000000
53400.0000000000
98162.0000000000
153640.0000000000
247420.0000000000
155800.0000000000
124880.0000000000
198960.0000000000
175770.0000000000
188890.0000000000
62848.0000000000
175630.0000000000
200060.0000000000
223310.0000000000
147900.0000000000
254230.0000000000
38721.0000000000
251690.0000000000
86826.0000000000
72734.0000000000
10060.0000000000
97518.0000000000
221690.0000000000
216790.0000000000
204020.0000000000
4439.5000000000
134650.0000000000
233160.0000000000
204760.0000000000
91517.0000000000
136310.0000000000
174820.0000000000
141620.0000000000
229710.0000000000
194510.0000000000
234430.0000000000
217320.0000000000
80345.0000000000
191460.0000000000
21409.0000000000
9294.7000000000
73198.0000000000
213400.0000000000
74603.0000000000
136320.0000000000
213760.0000000000
94861.0000000000
167370.0000000000
69442.0000000000
89325.0000000000
32348.0000000000
107450.0000000000
122580.0000000000
73848.0000000000
193450.0000000000
180440.0000000000
105890.0000000000
102840.0000000000
99221.0000000000
200080.0000000000
85133.0000000000
165420.0000000000
112590.0000000000
16491.0000000000
136680.0000000000
180800.0000000000
107890.0000000000
186510.0000000000
134840.0000000000
36796.0000000000
246480.0000000000
213910.0000000000
90089.0000000000
49425.0000000000
229470.0000000000
62097.0000000000
1194.3000000000
29449.0000000000
138140.0000000000
14402.0000000000
258220.0000000000
66019.0000000000
10689.0000000000
177920.0000000000
4300.1000000000
176360.0000000000
229010.0000000000
149420.0000000000
195400.0000000000
117430.0000000000
123500.0000000000
139190.0000000000
212500.0000000000
137230.0000000000
238960.0000000000
183320.0000000000
208570.0000000000
73635.0000000000
226670.0000000000
36415.0000000000
118350.0000000000
170500.0000000000
138290.0000000000
3803.1000000000
255710.0000000000
241330.0000000000
197030.0000000000
121460.0000000000
129030.0000000000
31728.0000000000
82898.0000000000
16273.0000000000
140210.0000000000
3123.0000000000
64597.0000000000
224300.0000000000
205570.0000000000
204800.0000000000
90343.0000000000
42274.0000000000
223710.0000000000
85574.0000000000
207030.0000000000
206640.0000000000
57200.0000000000
22711.0000000000
234190.0000000000
32270.0000000000
65241.0000000000
161550.0000000000
248000.0000000000
156300.0000000000
113380.0000000000
194810.0000000000
60827.0000000000
851.1000000000
170890.0000000000
81448.0000000000
29221.0000000000
63245.0000000000
162990.0000000000
149950.0000000000
79878.0000000000
221130.0000000000
114560.0000000000
67587.0000000000
64023.0000000000
13940.0000000000
67149.0000000000
45312.0000000000
144180.0000000000
123150.0000000000
28359.0000000000
131010.0000000000
176560.0000000000
126590.0000000000
212790.0000000000
183210.0000000000
162610.0000000000
43479.0000000000
19449.0000000000
6701.1000000000
214610.0000000000
227130.0000000000
151880.0000000000
168670.0000000000
35254.0000000000
123600.0000000000
105200.0000000000
125540.0000000000
243990.0000000000
43598.0000000000
91808.0000000000
140660.0000000000
107030.0000000000
245130.0000000000
148410.0000000000
253560.0000000000
224520.0000000000
178180.0000000000
52977.0000000000
188860.0000000000
66085.0000000000
224210.0000000000
51709.0000000000
204700.0000000000
204450.0000000000
227990.0000000000
63227.0000000000
29672.0000000000
174980.0000000000
5902.1000000000
211140.0000000000
35237.0000000000
255670.0000000000
16230.0000000000
93020.0000000000
237440.0000000000
169120.0000000000
117800.0000000000
155380.0000000000
238160.0000000000
149690.0000000000
45871.0000000000
249840.0000000000
106010.0000000000
228710.0000000000
50015.0000000000
36126.0000000000
123200.0000000000
70429.0000000000
138780.0000000000
195010.0000000000
175980.0000000000
136400.0000000000
4789.9000000000
44904.0000000000
84787.0000000000
31047.0000000000
148570.0000000000
115650.0000000000
96252.0000000000
249250.0000000000
54088.0000000000
89064.0000000000
241310.0000000000
68326.0000000000
154970.0000000000
141530.0000000000
114460.0000000000
137970.0000000000
74799.0000000000
245380.0000000000
111050.0000000000
177870.0000000000
139810.0000000000
21041.0000000000
234560.0000000000
77262.0000000000
202340.0000000000
176850.0000000000
102640.0000000000
249310.0000000000
181490.0000000000
93189.0000000000
152030.0000000000
203470.0000000000
247450.0000000000
104700.0000000000
154220.0000000000
1498.9000000000
130910.0000000000
186010.0000000000
225900.0000000000
190570.0000000000
149790.0000000000
225170.0000000000
187060.0000000000
213720.0000000000
65083.0000000000
70172.0000000000
117880.0000000000
222160.0000000000
172350.0000000000
126350.0000000000
40764.0000000000
68880.0000000000
222370.0000000000
171760.0000000000
23643.0000000000
149040.0000000000
59051.0000000000
19329.0000000000
186040.0000000000
199110.0000000000
160060.0000000000
211470.0000000000
89566.0000000000
202060.0000000000
6729.1000000000
155030.0000000000
104750.0000000000
28956.0000000000
244730.0000000000
176660.0000000000
88761.0000000000
149690.0000000000
81949.0000000000
241010.0000000000
39454.0000000000
43409.0000000000
32333.0000000000
256490.0000000000
133860.0000000000
10831.0000000000
156200.0000000000
154240.0000000000
151050.0000000000
167870.0000000000
17705.0000000000
258730.0000000000
93820.0000000000
249190.0000000000
100300.0000000000
135520.0000000000
194760.0000000000
221770.0000000000
14629.0000000000
63411.0000000000
47527.0000000000
153310.0000000000
237990.0000000000
206270.0000000000
232930.0000000000
112970.0000000000
127810.0000000000
76357.0000000000
218990.0000000000
104560.0000000000
244320.0000000000
103740.0000000000
51830.0000000000
32139.0000000000
169660.0000000000
127630.0000000000
134940.0000000000
216340.0000000000
117700.0000000000
253000.0000000000
133660.0000000000
128790.0000000000
113960.0000000000
184330.0000000000
115240.0000000000
10063.0000000000
115040.0000000000
146970.0000000000
36534.0000000000
187260.0000000000
30958.0000000000
26550.0000000000
171270.0000000000
164770.0000000000
168570.0000000000
95947.0000000000
144100.0000000000
80285.0000000000
22673.0000000000
219440.0000000000
200330.0000000000
119530.0000000000
80264.0000000000
126100.0000000000
45540.0000000000
222660.0000000000
158030.0000000000
233950.0000000000
180080.0000000000
82239.0000000000
234610.0000000000
173790.0000000000
25938.0000000000
210390.0000000000
148880.0000000000
196480.0000000000
103650.0000000000
187210.0000000000
237820.0000000000
20822.0000000000
223920.0000000000
51906.0000000000
62793.0000000000
46441.0000000000
174140.0000000000
171190.0000000000
149030.0000000000
7222.3000000000
48428.0000000000
103260.0000000000
258280.0000000000
249060.0000000000
221350.0000000000
86148.0000000000
156320.0000000000
188840.0000000000
187540.0000000000
225730.0000000000
23973.0000000000
175400.0000000000
155410.0000000000
234470.0000000000
252660.0000000000
13343.0000000000
210840.0000000000
239430.0000000000
105810.0000000000
111160.0000000000
161200.0000000000
67384.0000000000
171180.0000000000
69837.0000000000
59863.0000000000
117680.0000000000
50286.0000000000
155030.0000000000
115080.0000000000
193730.0000000000
97916.0000000000
209640.0000000000
242450.0000000000
181440.0000000000
213190.0000000000
153970.0000000000
38574.0000000000
241560.0000000000
88631.0000000000
259110.0000000000
212770.0000000000
256890.0000000000
139650.0000000000
156730.0000000000
33507.0000000000
89393.0000000000
4015.0000000000
214020.0000000000
120920.0000000000
129040.0000000000
54524.0000000000
89895.0000000000
217240.0000000000
60531.0000000000
222480.0000000000
174760.0000000000
229720.0000000000
254510.0000000000
19986.0000000000
211480.0000000000
139460.0000000000
80721.0000000000
20177.0000000000
22362.0000000000
72317.0000000000
141570.0000000000
129940.0000000000
9322.6000000000
13368.0000000000
131730.0000000000
98159.0000000000
131270.0000000000
201780.0000000000
99691.0000000000
186010.0000000000
209880.0000000000
132500.0000000000
186550.0000000000
184820.0000000000
8565.9000000000
52716.0000000000
137980.0000000000
151150.0000000000
121450.0000000000
28325.0000000000
144600.0000000000
7875.0000000000
43542.0000000000
209230.0000000000
159570.0000000000
84842.0000000000
161330.0000000000
219810.0000000000
26127.0000000000
7163.5000000000
146930.0000000000
7382.6000000000
156010.0000000000
78283.0000000000
235860.0000000000
75079.0000000000
166590.0000000000
233050.0000000000
204460.0000000000
62335.0000000000
142490.0000000000
189600.0000000000
194010.0000000000
79355.0000000000
115090.0000000000
22426.0000000000
12134.0000000000
129990.0000000000
93003.0000000000
119850.0000000000
21765.0000000000
215000.0000000000
124750.0000000000
7504.3000000000
248130.0000000000
78958.0000000000
134790.0000000000
185010.0000000000
36529.0000000000
155900.0000000000
51096.0000000000
236630.0000000000
75285.0000000000
84996.0000000000
224300.0000000000
214370.0000000000
44744.0000000000
239460.0000000000
64907.0000000000
109460.0000000000
186640.0000000000
47771.0000000000
82424.0000000000
4174.2000000000
54671.0000000000
105810.0000000000
68975.0000000000
126580.0000000000
148670.0000000000
44480.0000000000
166460.0000000000
30367.0000000000
211600.0000000000
188220.0000000000
151720.0000000000
10322.0000000000
150880.0000000000
5843.2000000000
50131.0000000000
87826.0000000000
214630.0000000000
93060.0000000000
3976.1000000000
195110.0000000000
163390.0000000000
169710.0000000000
173200.0000000000
3154.3000000000
29515.0000000000
90249.0000000000
150220.0000000000
207520.0000000000
131350.0000000000
238640.0000000000
221460.0000000000
88279.0000000000
83006.0000000000
11617.0000000000
69342.0000000000
156640.0000000000
169330.0000000000
92746.0000000000
98691.0000000000
38853.0000000000
161290.0000000000
222920.0000000000
203460.0000000000
150880.0000000000
237340.0000000000
243240.0000000000
121140.0000000000
165450.0000000000
122790.0000000000
3850.9000000000
78718.0000000000
233180.0000000000
75993.0000000000
212470.0000000000
175060.0000000000
32782.0000000000
92525.0000000000
75208.0000000000
54882.0000000000
57004.0000000000
178540.0000000000
24299.0000000000
170330.0000000000
209270.0000000000
138170.0000000000
201330.0000000000
223750.0000000000
117550.0000000000
170860.0000000000
139330.0000000000
234850.0000000000
128660.0000000000
205200.0000000000
162070.0000000000
85128.0000000000
131720.0000000000
42655.0000000000
94094.0000000000
131370.0000000000
98838.0000000000
52144.0000000000
206420.0000000000
37271.0000000000
10167.0000000000
82640.0000000000
250620.0000000000
229420.0000000000
200200.0000000000
222530.0000000000
210080.0000000000
16043.0000000000
51649.0000000000
36169.0000000000
176490.0000000000
144600.0000000000
220890.0000000000
165710.0000000000
129100.0000000000
207740.0000000000
100660.0000000000
77216.0000000000
135200.0000000000
228900.0000000000
110330.0000000000
245680.0000000000
194210.0000000000
206670.0000000000
1003.9000000000
225180.0000000000
243760.0000000000
209960.0000000000
173730.0000000000
121050.0000000000
68520.0000000000
246390.0000000000
49432.0000000000
20884.0000000000
148730.0000000000
163040.0000000000
229570.0000000000
235460.0000000000
78626.0000000000
98053.0000000000
153210.0000000000
16979.0000000000
257370.0000000000
187010.0000000000
63286.0000000000
197580.0000000000
113060.0000000000
42464.0000000000
24515.0000000000
157940.0000000000
117680.0000000000
80374.0000000000
140030.0000000000
12271.0000000000
75894.0000000000
27636.0000000000
152470.0000000000
233660.0000000000
167980.0000000000
54073.0000000000
243880.0000000000
15866.0000000000
81098.0000000000
122410.0000000000
183120.0000000000
73874.0000000000
116930.0000000000
148260.0000000000
190630.0000000000
33694.0000000000
128580.0000000000
192460.0000000000
150630.0000000000
1722.8000000000
174680.0000000000
167510.0000000000
22219.0000000000
92919.0000000000
39388.0000000000
94678.0000000000
153280.0000000000
250580.0000000000
210540.0000000000
134430.0000000000
201090.0000000000
98527.0000000000
168470.0000000000
130780.0000000000
29483.0000000000
121650.0000000000
206520.0000000000
224850.0000000000
249430.0000000000
27730.0000000000
43905.0000000000
204900.0000000000
70590.0000000000
251960.0000000000
192580.0000000000
184630.0000000000
239540.0000000000
124360.0000000000
116510.0000000000
18021.0000000000
178460.0000000000
216750.0000000000
181780.0000000000
42454.0000000000
210630.0000000000
56491.0000000000
139820.0000000000
39928.0000000000
59886.0000000000
19898.0000000000
105520.0000000000
45016.0000000000
104080.0000000000
147600.0000000000
142080.0000000000
148440.0000000000
198580.0000000000
29104.0000000000
7915.5000000000
73852.0000000000
216940.0000000000
15796.0000000000
102290.0000000000
83001.0000000000
235180.0000000000
133490.0000000000
240220.0000000000
98917.0000000000
100440.0000000000
64223.0000000000
144550.0000000000
157480.0000000000
198460.0000000000
197210.0000000000
100010.0000000000
113790.0000000000
50281.0000000000
120240.0000000000
214100.0000000000
158560.0000000000
181300.0000000000
253830.0000000000
99167.0000000000
70882.0000000000
5131.0000000000
148230.0000000000
12487.0000000000
58579.0000000000
16715.0000000000
182360.0000000000
84721.0000000000
75818.0000000000
163.4000000000
184810.0000000000
228800.0000000000
209860.0000000000
249850.0000000000
160820.0000000000
210820.0000000000
63455.0000000000
102280.0000000000
14822.0000000000
142060.0000000000
243190.0000000000
258770.0000000000
83054.0000000000
96325.0000000000
251470.0000000000
86110.0000000000
143320.0000000000
148380.0000000000
39739.0000000000
4059.4000000000
12341.0000000000
56041.0000000000
38779.0000000000
146800.0000000000
175580.0000000000
141030.0000000000
184740.0000000000
223240.0000000000
116580.0000000000
258290.0000000000
14302.0000000000
57639.0000000000
48335.0000000000
223200.0000000000
88236.0000000000
33144.0000000000
85093.0000000000
141710.0000000000
77798.0000000000
142020.0000000000
224110.0000000000
124780.0000000000
253090.0000000000
234740.0000000000
100630.0000000000
164880.0000000000
152650.0000000000
171870.0000000000
71269.0000000000
174420.0000000000
136600.0000000000
137920.0000000000
256170.0000000000
186290.0000000000
121060.0000000000
80446.0000000000
132000.0000000000
197870.0000000000
159280.0000000000
88699.0000000000
230910.0000000000
177160.0000000000
18453.0000000000
156720.0000000000
243110.0000000000
230820.0000000000
84871.0000000000
108410.0000000000
3063.3000000000
156650.0000000000
227900.0000000000
203000.0000000000
248840.0000000000
194870.0000000000
251550.0000000000
88129.0000000000
44293.0000000000
127010.0000000000
119260.0000000000
247710.0000000000
195250.0000000000
91963.0000000000
211100.0000000000
242240.0000000000
218070.0000000000
8857.0000000000
58063.0000000000
221410.0000000000
6227.0000000000
198750.0000000000
219340.0000000000
6848.9000000000
233290.0000000000
94699.0000000000
44623.0000000000
151160.0000000000
196280.0000000000
224220.0000000000
134520.0000000000
48608.0000000000
97879.0000000000
206580.0000000000
167700.0000000000
95780.0000000000
250560.0000000000
22479.0000000000
130100.0000000000
126280.0000000000
53988.0000000000
149690.0000000000
21274.0000000000
80988.0000000000
115210.0000000000
46360.0000000000
111580.0000000000
62750.0000000000
253990.0000000000
165900.0000000000
194950.0000000000
34639.0000000000
132620.0000000000
245820.0000000000
170070.0000000000
198640.0000000000
177280.0000000000
91445.0000000000
135560.0000000000
240310.0000000000
199010.0000000000
3150.1000000000
258330.0000000000
31479.0000000000
120690.0000000000
69669.0000000000
155960.0000000000
235700.0000000000
218010.0000000000
141750.0000000000
125900.0000000000
224540.0000000000
96866.0000000000
227040.0000000000
74227.0000000000
43845.0000000000
35892.0000000000
10160.0000000000
32000.0000000000
209210.0000000000
28680.0000000000
89963.0000000000
185670.0000000000
108290.0000000000
154330.0000000000
9234.6000000000
162230.0000000000
193810.0000000000
202830.0000000000
75151.0000000000
161220.0000000000
191510.0000000000
110440.0000000000
231360.0000000000
45445.0000000000
61976.0000000000
168250.0000000000
128850.0000000000
19424.0000000000
87719.0000000000
226360.0000000000
136440.0000000000
44106.0000000000
85468.0000000000
226480.0000000000
180440.0000000000
61672.0000000000
76433.0000000000
248450.0000000000
42314.0000000000
252710.0000000000
81780.0000000000
70892.0000000000
77600.0000000000
29767.0000000000
80109.0000000000
60104.0000000000
23138.0000000000
173770.0000000000
126930.0000000000
17893.0000000000
39967.0000000000
77939.0000000000
117720.0000000000
135320.0000000000
103800.0000000000
208230.0000000000
231450.0000000000
164500.0000000000
75881.0000000000
189640.0000000000
239980.0000000000
177950.0000000000
195100.0000000000
35457.0000000000
16408.0000000000
64372.0000000000
176810.0000000000
112760.0000000000
205300.0000000000
93644.0000000000
28972.0000000000
103650.0000000000
203800.0000000000
218180.0000000000
252560.0000000000
72396.0000000000
192650.0000000000
184290.0000000000
130480.0000000000
9823.3000000000
218930.0000000000
194410.0000000000
66443.0000000000
187680.0000000000
218290.0000000000
46408.0000000000
197810.0000000000
249420.0000000000
199250.0000000000
119800.0000000000
207310.0000000000
147770.0000000000
71035.0000000000
61527.0000000000
74268.0000000000
77908.0000000000
151910.0000000000
96101.0000000000
210330.0000000000
183840.0000000000
25006.0000000000
35411.0000000000
201880.0000000000
37980.0000000000
148210.0000000000
135280.0000000000
47392.0000000000
226710.0000000000
256460.0000000000
170050.0000000000
1419.2000000000
80355.0000000000
258770.0000000000
94737.0000000000
62329.0000000000
101190.0000000000
1366.3000000000
221240.0000000000
140360.0000000000
17375.0000000000
229520.0000000000
130900.0000000000
128480.0000000000
238950.0000000000
82635.0000000000
211440.0000000000
135310.0000000000
235810.0000000000
194530.0000000000
116010.0000000000
102320.0000000000
58467.0000000000
253290.0000000000
105700.0000000000
101600.0000000000
76847.0000000000
92781.0000000000
91755.0000000000
17847.0000000000
233050.0000000000
168490.0000000000
6114.1000000000
170100.0000000000
104110.0000000000
121800.0000000000
204420.0000000000
21776.0000000000
34017.0000000000
98298.0000000000
86984.0000000000
163180.0000000000
224440.0000000000
154420.0000000000
121740.0000000000
49555.0000000000
117140.0000000000
85329.0000000000
11651.0000000000
48360.0000000000
141510.0000000000
192410.0000000000
4859.0000000000
19756.0000000000
124980.0000000000
139110.0000000000
163680.0000000000
132670.0000000000
68600.0000000000
42450.0000000000
184350.0000000000
28474.0000000000
177370.0000000000
171280.0000000000
26847.0000000000
220270.0000000000
145440.0000000000
28966.0000000000
58616.0000000000
25332.0000000000
28912.0000000000
190040.0000000000
193980.0000000000
66033.0000000000
114170.0000000000
151690.0000000000
102680.0000000000
7874.6000000000
41078.0000000000
235270.0000000000
228500.0000000000
88381.0000000000
32155.0000000000
20898.0000000000
248190.0000000000
215970.0000000000
80544.0000000000
54605.0000000000
154870.0000000000
8442.3000000000
207190.0000000000
88569.0000000000
77818.0000000000
30224.0000000000
232020.0000000000
75401.0000000000
134590.0000000000
81276.0000000000
95894.0000000000
28421.0000000000
56468.0000000000
239950.0000000000
215020.0000000000
43932.0000000000
142170.0000000000
253460.0000000000
53309.0000000000
226290.0000000000
170460.0000000000
127190.0000000000
96725.0000000000
256600.0000000000
159530.0000000000
98318.0000000000
231300.0000000000
160150.0000000000
121950.0000000000
253130.0000000000
227100.0000000000
199140.0000000000
111250.0000000000
47069.0000000000
254570.0000000000
149690.0000000000
41707.0000000000
60447.0000000000
137350.0000000000
36988.0000000000
58907.0000000000
28077.0000000000
192620.0000000000
254710.0000000000
165130.0000000000
141380.0000000000
30305.0000000000
32135.0000000000
136310.0000000000
179630.0000000000
235810.0000000000
210370.0000000000
249040.0000000000
99257.0000000000
197230.0000000000
219080.0000000000
225510.0000000000
7521.6000000000
112100.0000000000
139920.0000000000
25297.0000000000
38964.0000000000
175390.0000000000
80848.0000000000
151150.0000000000
134700.0000000000
59081.0000000000
230760.0000000000
172770.0000000000
242890.0000000000
238510.0000000000
39394.0000000000
134130.0000000000
162820.0000000000
240770.0000000000
151200.0000000000
178950.0000000000
69362.0000000000
35904.0000000000
94794.0000000000
208360.0000000000
162660.0000000000
164420.0000000000
22473.0000000000
89569.0000000000
220620.0000000000
82935.0000000000
19651.0000000000
155980.0000000000
90941.0000000000
170890.0000000000
94754.0000000000
184580.0000000000
86037.0000000000
140980.0000000000
71892.0000000000
220130.0000000000
243890.0000000000
73881.0000000000
163930.0000000000
135750.0000000000
10110.0000000000
189450.0000000000
152370.0000000000
3426.1000000000
155650.0000000000
131900.0000000000
25216.0000000000
237880.0000000000
190860.0000000000
101770.0000000000
258460.0000000000
217460.0000000000
88732.0000000000
205900.0000000000
185950.0000000000
47991.0000000000
96630.0000000000
98998.0000000000
160070.0000000000
26081.0000000000
191530.0000000000
212840.0000000000
245600.0000000000
134940.0000000000
215700.0000000000
166610.0000000000
112420.0000000000
90942.0000000000
174370.0000000000
60917.0000000000
126950.0000000000
200200.0000000000
177050.0000000000
248920.0000000000
13665.0000000000
173930.0000000000
22330.0000000000
103150.0000000000
11324.0000000000
49862.0000000000
240820.0000000000
184250.0000000000
117680.0000000000
109170.0000000000
189580.0000000000
35784.0000000000
14554.0000000000
48259.0000000000
196640.0000000000
158570.0000000000
191680.0000000000
256580.0000000000
238630.0000000000
129480.0000000000
122210.0000000000
16337.0000000000
76488.0000000000
122240.0000000000
228980.0000000000
141130.0000000000
71516.0000000000
127740.0000000000
124780.0000000000
203670.0000000000
89863.0000000000
243670.0000000000
125030.0000000000
202400.0000000000
124200.0000000000
218880.0000000000
71270.0000000000
186860.0000000000
40582.0000000000
66907.0000000000
131010.0000000000
174620.0000000000
5754.4000000000
193630.0000000000
204430.0000000000
100720.0000000000
39593.0000000000
1990.3000000000
11434.0000000000
58611.0000000000
248000.0000000000
157980.0000000000
118330.0000000000
55117.0000000000
180970.0000000000
223410.0000000000
16116.0000000000
57039.0000000000
167060.0000000000
209100.0000000000
248750.0000000000
70113.0000000000
217900.0000000000
86857.0000000000
37813.0000000000
250390.0000000000
131400.0000000000
111420.0000000000
253200.0000000000
11211.0000000000
16309.0000000000
138080.0000000000
65802.0000000000
13777.0000000000
201010.0000000000
9391.0000000000
242140.0000000000
42933.0000000000
8446.1000000000
233620.0000000000
121080.0000000000
25736.0000000000
62584.0000000000
103470.0000000000
195710.0000000000
45631.0000000000
91280.0000000000
253670.0000000000
191590.0000000000
129830.0000000000
1562.5000000000
66947.0000000000
158220.0000000000
69078.0000000000
80106.0000000000
37221.0000000000
167370.0000000000
47441.0000000000
59704.0000000000
17948.0000000000
173280.0000000000
8472.3000000000
162150.0000000000
94915.0000000000
34996.0000000000
90587.0000000000
229490.0000000000
195410.0000000000
219020.0000000000
58040.0000000000
54147.0000000000
248200.0000000000
71979.0000000000
60301.0000000000
130130.0000000000
116710.0000000000
143310.0000000000
127830.0000000000
233580.0000000000
82969.0000000000
4342.3000000000
218650.0000000000
238770.0000000000
68030.0000000000
117350.0000000000
38113.0000000000
59437.0000000000
180710.0000000000
237840.0000000000
187110.0000000000
11245.0000000000
2794.6000000000
52438.0000000000
232190.0000000000
40243.0000000000
239370.0000000000
237950.0000000000
177800.0000000000
150150.0000000000
254440.0000000000
53626.0000000000
156390.0000000000
214040.0000000000
45294.0000000000
20267.0000000000
151050.0000000000
207200.0000000000
175650.0000000000
95674.0000000000
9659.2000000000
83611.0000000000
186060.0000000000
85728.0000000000
9839.2000000000
73624.0000000000
147100.0000000000
217470.0000000000
160370.0000000000
106840.0000000000
171290.0000000000
59782.0000000000
53338.0000000000
174580.0000000000
216720.0000000000
198040.0000000000
44722.0000000000
76751.0000000000
182190.0000000000
182810.0000000000
134560.0000000000
108350.0000000000
34839.0000000000
10108.0000000000
175540.0000000000
93490.0000000000
229240.0000000000
208500.0000000000
113950.0000000000
136740.0000000000
85439.0000000000
14548.0000000000
3873.5000000000
240330.0000000000
87304.0000000000
116700.0000000000
53761.0000000000
83486.0000000000
66106.0000000000
117950.0000000000
187000.0000000000
465.3900000000
8492.7000000000
48543.0000000000
153280.0000000000
47051.0000000000
119260.0000000000
226220.0000000000
190810.0000000000
6617.9000000000
138940.0000000000
241720.0000000000
165630.0000000000
76615.0000000000
248950.0000000000
179820.0000000000
39434.0000000000
161830.0000000000
194790.0000000000
188030.0000000000
110530.0000000000
107290.0000000000
256030.0000000000
207290.0000000000
250420.0000000000
93083.0000000000
175040.0000000000
123800.0000000000
209560.0000000000
154500.0000000000
191800.0000000000
82926.0000000000
214750.0000000000
123260.0000000000
37478.0000000000
187470.0000000000
43693.0000000000
249220.0000000000
33981.0000000000
98750.0000000000
205600.0000000000
169600.0000000000
152350.0000000000
95642.0000000000
43747.0000000000
113910.0000000000
140310.0000000000
222100.0000000000
17624.0000000000
197220.0000000000
200700.0000000000
115000.0000000000
129560.0000000000
134600.0000000000
146960.0000000000
30837.0000000000
198050.0000000000
154420.0000000000
146410.0000000000
219980.0000000000
163580.0000000000
20.2990000000
199730.0000000000
203750.0000000000
167560.0000000000
166980.0000000000
171390.0000000000
27925.0000000000
145320.0000000000
192020.0000000000
111620.0000000000
122960.0000000000
229060.0000000000
214230.0000000000
92374.0000000000
30321.0000000000
146470.0000000000
106390.0000000000
75692.0000000000
141910.0000000000
206860.0000000000
64213.0000000000
73709.0000000000
231970.0000000000
246170.0000000000
61637.0000000000
81802.0000000000
224550.0000000000
159520.0000000000
245700.0000000000
44178.0000000000
86191.0000000000
206990.0000000000
197390.0000000000
111050.0000000000
139780.0000000000
55805.0000000000
168980.0000000000
150590.0000000000
244450.0000000000
187710.0000000000
150420.0000000000
70942.0000000000
174220.0000000000
228320.0000000000
134680.0000000000
174570.0000000000
158710.0000000000
160140.0000000000
26597.0000000000
249030.0000000000
30593.0000000000
12693.0000000000
232150.0000000000
245380.0000000000
90279.0000000000
103520.0000000000
76936.0000000000
211290.0000000000
58978.0000000000
15566.0000000000
15455.0000000000
256690.0000000000
8187.1000000000
198920.0000000000
114370.0000000000
33299.0000000000
155160.0000000000
235420.0000000000
252990.0000000000
61014.0000000000
42785.0000000000
246010.0000000000
226560.0000000000
235480.0000000000
214260.0000000000
256940.0000000000
11488.0000000000
182480.0000000000
161750.0000000000
116720.0000000000
192680.0000000000
163090.0000000000
65903.0000000000
223070.0000000000
219980.0000000000
196850.0000000000
105280.0000000000
208770.0000000000
196250.0000000000
254170.0000000000
187070.0000000000
251750.0000000000
235450.0000000000
221890.0000000000
98915.0000000000
84926.0000000000
241900.0000000000
160440.0000000000
82040.0000000000
111950.0000000000
110780.0000000000
75021.0000000000
11094.0000000000
222580.0000000000
90588.0000000000
237600.0000000000
32034.0000000000
195670.0000000000
11606.0000000000
245260.0000000000
66000.0000000000
134540.0000000000
231600.0000000000
184600.0000000000
252790.0000000000
157150.0000000000
151460.0000000000
14076.0000000000
1134.2000000000
118650.0000000000
3333.9000000000
15608.0000000000
52172.0000000000
144010.0000000000
208630.0000000000
241740.0000000000
39324.0000000000
156160.0000000000
120540.0000000000
254410.0000000000
98171.0000000000
214150.0000000000
38894.0000000000
192160.0000000000
46323.0000000000
106160.0000000000
17459.0000000000
55240.0000000000
21301.0000000000
11662.0000000000
129180.0000000000
60062.0000000000
243610.0000000000
159170.0000000000
115890.0000000000
248330.0000000000
164200.0000000000
257270.0000000000
236740.0000000000
128610.0000000000
106780.0000000000
253920.0000000000
205130.0000000000
164740.0000000000
220840.0000000000
91512.0000000000
101940.0000000000
186180.0000000000
115170.0000000000
12573.0000000000
154820.0000000000
163580.0000000000
208500.0000000000
120380.0000000000
161080.0000000000
239170.0000000000
131820.0000000000
231110.0000000000
109320.0000000000
11954.0000000000
143810.0000000000
17659.0000000000
185570.0000000000
188030.0000000000
116320.0000000000
222550.0000000000
163710.0000000000
116210.0000000000
237090.0000000000
15382.0000000000
253970.0000000000
21598.0000000000
59968.0000000000
84934.0000000000
39797.0000000000
161120.0000000000
50019.0000000000
61395.0000000000
168740.0000000000
11560.0000000000
180190.0000000000
118110.0000000000
58116.0000000000
81877.0000000000
245180.0000000000
13773.0000000000
169080.0000000000
129220.0000000000
78138.0000000000
240580.0000000000
36326.0000000000
258490.0000000000
188500.0000000000
94414.0000000000
88519.0000000000
239910.0000000000
229090.0000000000
183840.0000000000
2010.4000000000
155010.0000000000
217200.0000000000
46644.0000000000
67692.0000000000
38192.0000000000
103250.0000000000
205240.0000000000
127880.0000000000
69105.0000000000
19862.0000000000
107210.0000000000
230370.0000000000
19835.0000000000
174540.0000000000
245530.0000000000
148560.0000000000
30464.0000000000
126770.0000000000
163890.0000000000
100260.0000000000
121050.0000000000
41425.0000000000
123310.0000000000
73421.0000000000
254410.0000000000
30729.0000000000
209080.0000000000
91377.0000000000
172070.0000000000
176470.0000000000
247780.0000000000
121740.0000000000
40274.0000000000
195890.0000000000
15802.0000000000
147260.0000000000
91541.0000000000
47179.0000000000
257980.0000000000
139530.0000000000
39436.0000000000
178520.0000000000
109710.0000000000
194590.0000000000
80953.0000000000
124780.0000000000
253970.0000000000
53112.0000000000
116890.0000000000
117400.0000000000
149080.0000000000
78364.0000000000
41408.0000000000
5031.3000000000
213650.0000000000
63558.0000000000
64042.0000000000
150650.0000000000
156000.0000000000
15495.0000000000
27238.0000000000
157800.0000000000
187110.0000000000
63448.0000000000
52346.0000000000
91707.0000000000
192410.0000000000
11633.0000000000
181200.0000000000
47901.0000000000
231910.0000000000
90489.0000000000
50066.0000000000
142140.0000000000
36043.0000000000
55549.0000000000
151260.0000000000
143850.0000000000
88994.0000000000
3515.5000000000
16696.0000000000
49233.0000000000
152490.0000000000
54338.0000000000
62647.0000000000
38707.0000000000
154760.0000000000
195290.0000000000
97353.0000000000
78006.0000000000
75132.0000000000
27823.0000000000
193780.0000000000
199650.0000000000
120210.0000000000
231680.0000000000
39580.0000000000
168800.0000000000
154810.0000000000
43749.0000000000
133910.0000000000
88768.0000000000
202180.0000000000
82919.0000000000
165350.0000000000
131670.0000000000
198960.0000000000
152990.0000000000
14318.0000000000
171900.0000000000
41743.0000000000
58723.0000000000
10242.0000000000
100020.0000000000
184470.0000000000
65535.0000000000
184320.0000000000
39402.0000000000
194580.0000000000
225160.0000000000
73088.0000000000
206550.0000000000
192820.0000000000
122510.0000000000
109630.0000000000
155740.0000000000
251800.0000000000
80600.0000000000
195930.0000000000
113.2900000000
86153.0000000000
194560.0000000000
122020.0000000000
239530.0000000000
71142.0000000000
46165.0000000000
17624.0000000000
195270.0000000000
220010.0000000000
135460.0000000000
58464.0000000000
235490.0000000000
230570.0000000000
104880.0000000000
205080.0000000000
15503.0000000000
82566.0000000000
235700.0000000000
233170.0000000000
249670.0000000000
149070.0000000000
255320.0000000000
55597.0000000000
238840.0000000000
44220.0000000000
120910.0000000000
76757.0000000000
225450.0000000000
95445.0000000000
187540.0000000000
24133.0000000000
22605.0000000000
256000.0000000000
242230.0000000000
145090.0000000000
137930.0000000000
86743.0000000000
255180.0000000000
103250.0000000000
208280.0000000000
66344.0000000000
256320.0000000000
240050.0000000000
188350.0000000000
82621.0000000000
114550.0000000000
17544.0000000000
146240.0000000000
29937.0000000000
256600.0000000000
122350.0000000000
220850.0000000000
179770.0000000000
215120.0000000000
195630.0000000000
223010.0000000000
28476.0000000000
189970.0000000000
224300.0000000000
176110.0000000000
28692.0000000000
179470.0000000000
150150.0000000000
241220.0000000000
242680.0000000000
51285.0000000000
29869.0000000000
26535.0000000000
64933.0000000000
34507.0000000000
227380.0000000000
132450.0000000000
50711.0000000000
77717.0000000000
83436.0000000000
229850.0000000000
148250.0000000000
146670.0000000000
246400.0000000000
151580.0000000000
36930.0000000000
165560.0000000000
110610.0000000000
109100.0000000000
16234.0000000000
120310.0000000000
211940.0000000000
34418.0000000000
112740.0000000000
64637.0000000000
249410.0000000000
120680.0000000000
256290.0000000000
28920.0000000000
249530.0000000000
228920.0000000000
229370.0000000000
91092.0000000000
207900.0000000000
234280.0000000000
167260.0000000000
91102.0000000000
22354.0000000000
15934.0000000000
53861.0000000000
25797.0000000000
236160.0000000000
127330.0000000000
27409.0000000000
87391.0000000000
221590.0000000000
36463.0000000000
200290.0000000000
86347.0000000000
24697.0000000000
156980.0000000000
252020.0000000000
73046.0000000000
168870.0000000000
153220.0000000000
91365.0000000000
84665.0000000000
194840.0000000000
258510.0000000000
32595.0000000000
54051.0000000000
84225.0000000000
163440.0000000000
226400.0000000000
139800.0000000000
160340.0000000000
139720.0000000000
123280.0000000000
181510.0000000000
243730.0000000000
252480.0000000000
42945.0000000000
94711.0000000000
136180.0000000000
252940.0000000000
184040.0000000000
168470.0000000000
137070.0000000000
151450.0000000000
184780.0000000000
229110.0000000000
36968.0000000000
175020.0000000000
11862.0000000000
2672.5000000000
217180.0000000000
109150.0000000000
104300.0000000000
157800.0000000000
189730.0000000000
97741.0000000000
253550.0000000000
141010.0000000000
20979.0000000000
49730.0000000000
71325.0000000000
61948.0000000000
232330.0000000000
244600.0000000000
8143.8000000000
148690.0000000000
178250.0000000000
26245.0000000000
71513.0000000000
105810.0000000000
85440.0000000000
28432.0000000000
131710.0000000000
189650.0000000000
13989.0000000000
155890.0000000000
734.0700000000
112790.0000000000
146970.0000000000
60182.0000000000
62123.0000000000
184140.0000000000
75605.0000000000
36778.0000000000
118690.0000000000
19003.0000000000
190450.0000000000
10531.0000000000
87107.0000000000
3149.4000000000
253740.0000000000
238350.0000000000
206500.0000000000
67698.0000000000
77828.0000000000
100280.0000000000
242590.0000000000
181190.0000000000
235880.0000000000
162970.0000000000
20314.0000000000
226050.0000000000
213090.0000000000
257960.0000000000
247950.0000000000
37083.0000000000
219090.0000000000
54729.0000000000
4110.8000000000
120340.0000000000
181450.0000000000
55014.0000000000
218750.0000000000
201200.0000000000
67709.0000000000
157040.0000000000
188090.0000000000
8011.3000000000
239730.0000000000
196230.0000000000
83616.0000000000
217820.0000000000
26072.0000000000
129450.0000000000
123870.0000000000
194400.0000000000
214780.0000000000
122100.0000000000
37783.0000000000
35546.0000000000
135350.0000000000
19609.0000000000
115700.0000000000
190370.0000000000
216290.0000000000
17664.0000000000
219110.0000000000
201720.0000000000
168730.0000000000
198520.0000000000
118860.0000000000
202720.0000000000
53563.0000000000
229260.0000000000
124890.0000000000
242400.0000000000
85037.0000000000
258890.0000000000
193240.0000000000
32580.0000000000
207530.0000000000
162980.0000000000
102230.0000000000
152760.0000000000
223110.0000000000
246370.0000000000
179380.0000000000
47390.0000000000
210740.0000000000
34219.0000000000
246460.0000000000
73123.0000000000
200220.0000000000
76311.0000000000
152020.0000000000
79322.0000000000
137780.0000000000
25302.0000000000
77156.0000000000
224110.0000000000
143260.0000000000
246610.0000000000
96127.0000000000
138070.0000000000
22056.0000000000
220680.0000000000
28495.0000000000
64290.0000000000
105540.0000000000
217680.0000000000
101310.0000000000
86859.0000000000
50195.0000000000
23743.0000000000
88491.0000000000
39738.0000000000
2011.4000000000
162070.0000000000
37791.0000000000
96032.0000000000
238050.0000000000
165580.0000000000
252580.0000000000
223270.0000000000
62840.0000000000
122030.0000000000
10019.0000000000
59862.0000000000
106710.0000000000
48223.0000000000
199630.0000000000
249610.0000000000
250220.0000000000
203950.0000000000
32667.0000000000
50143.0000000000
172880.0000000000
12624.0000000000
4714.9000000000
28223.0000000000
193570.0000000000
254360.0000000000
225040.0000000000
251400.0000000000
69680.0000000000
237060.0000000000
74357.0000000000
196890.0000000000
161520.0000000000
54289.0000000000
227850.0000000000
118470.0000000000
37074.0000000000
153940.0000000000
44890.0000000000
242530.0000000000
219560.0000000000
32104.0000000000
175250.0000000000
126140.0000000000
79439.0000000000
199380.0000000000
13675.0000000000
250760.0000000000
165170.0000000000
161890.0000000000
111630.0000000000
149090.0000000000
159980.0000000000
193230.0000000000
215100.0000000000
63547.0000000000
240670.0000000000
157880.0000000000
185970.0000000000
174750.0000000000
135930.0000000000
51886.0000000000
178180.0000000000
251180.0000000000
31597.0000000000
187190.0000000000
68700.0000000000
238460.0000000000
212150.0000000000
241840.0000000000
216940.0000000000
233050.0000000000
216330.0000000000
27495.0000000000
182870.0000000000
99497.0000000000
98707.0000000000
159710.0000000000
69651.0000000000
27312.0000000000
168450.0000000000
38988.0000000000
84160.0000000000
213060.0000000000
242120.0000000000
141060.0000000000
130000.0000000000
186010.0000000000
224790.0000000000
62780.0000000000
210460.0000000000
110260.0000000000
205300.0000000000
99568.0000000000
86296.0000000000
175140.0000000000
65383.0000000000
133710.0000000000
2699.0000000000
147750.0000000000
158030.0000000000
239830.0000000000
152680.0000000000
124190.0000000000
203900.0000000000
156350.0000000000
172820.0000000000
146890.0000000000
34469.0000000000
214980.0000000000
226700.0000000000
243020.0000000000
108430.0000000000
99381.0000000000
47012.0000000000
106600.0000000000
246030.0000000000
98660.0000000000
83764.0000000000
238570.0000000000
210290.0000000000
190020.0000000000
92861.0000000000
138480.0000000000
61344.0000000000
61057.0000000000
89869.0000000000
27727.0000000000
24830.0000000000
71613.0000000000
40194.0000000000
142880.0000000000
133460.0000000000
44870.0000000000
100050.0000000000
190900.0000000000
160210.0000000000
34817.0000000000
112260.0000000000
3273.4000000000
102270.0000000000
218930.0000000000
171180.0000000000
92830.0000000000
179040.0000000000
175230.0000000000
183340.0000000000
39859.0000000000
84875.0000000000
135780.0000000000
237940.0000000000
150570.0000000000
88713.0000000000
69353.0000000000
232320.0000000000
167150.0000000000
92400.0000000000
222100.0000000000
48044.0000000000
213500.0000000000
17489.0000000000
5838.8000000000
18734.0000000000
88408.0000000000
224410.0000000000
158700.0000000000
134220.0000000000
16928.0000000000
149630.0000000000
143050.0000000000
54730.0000000000
8389.0000000000
85670.0000000000
111710.0000000000
194240.0000000000
154090.0000000000
142230.0000000000
185070.0000000000
244280.0000000000
50194.0000000000
17400.0000000000
149370.0000000000
62887.0000000000
196960.0000000000
97210.0000000000
94522.0000000000
77587.0000000000
190440.0000000000
254830.0000000000
177260.0000000000
165570.0000000000
186590.0000000000
237310.0000000000
27741.0000000000
121470.0000000000
194490.0000000000
84802.0000000000
132680.0000000000
157530.0000000000
50019.0000000000
63696.0000000000
10792.0000000000
140180.0000000000
69990.0000000000
113810.0000000000
179070.0000000000
155030.0000000000
53764.0000000000
105560.0000000000
133870.0000000000
67397.0000000000
2152.0000000000
129560.0000000000
122770.0000000000
152150.0000000000
220690.0000000000
40931.0000000000
227280.0000000000
200610.0000000000
29694.0000000000
72968.0000000000
125870.0000000000
215200.0000000000
5971.3000000000
187040.0000000000
55868.0000000000
99553.0000000000
239260.0000000000
232600.0000000000
122950.0000000000
158730.0000000000
46727.0000000000
139560.0000000000
31800.0000000000
76569.0000000000
182230.0000000000
143040.0000000000
15564.0000000000
258290.0000000000
23586.0000000000
3783.1000000000
112960.0000000000
95034.0000000000
105880.0000000000
75291.0000000000
125750.0000000000
148870.0000000000
151110.0000000000
70627.0000000000
256570.0000000000
222950.0000000000
111050.0000000000
194380.0000000000
94482.0000000000
56083.0000000000
76177.0000000000
233430.0000000000
95171.0000000000
49732.0000000000
87284.0000000000
235360.0000000000
112870.0000000000
212960.0000000000
109200.0000000000
182370.0000000000
167820.0000000000
176640.0000000000
166450.0000000000
216120.0000000000
79740.0000000000
17577.0000000000
122510.0000000000
117240.0000000000
40911.0000000000
78342.0000000000
139540.0000000000
113360.0000000000
55243.0000000000
41808.0000000000
3971.8000000000
164250.0000000000
57757.0000000000
111740.0000000000
169470.0000000000
57007.0000000000
196060.0000000000
152170.0000000000
110560.0000000000
52040.0000000000
237000.0000000000
155160.0000000000
207900.0000000000
6223.3000000000
172180.0000000000
222590.0000000000
166790.0000000000
83687.0000000000
207800.0000000000
61942.0000000000
189600.0000000000
202990.0000000000
138950.0000000000
69644.0000000000
236690.0000000000
35081.0000000000
181860.0000000000
114070.0000000000
226860.0000000000
70503.0000000000
153810.0000000000
165310.0000000000
140630.0000000000
126940.0000000000
110980.0000000000
179740.0000000000
26303.0000000000
222000.0000000000
111540.0000000000
17003.0000000000
168080.0000000000
182410.0000000000
140700.0000000000
166980.0000000000
120070.0000000000
63141.0000000000
197840.0000000000
176360.0000000000
235250.0000000000
80649.0000000000
27101.0000000000
218030.0000000000
245840.0000000000
59999.0000000000
46939.0000000000
100840.0000000000
79477.0000000000
210460.0000000000
108760.0000000000
126170.0000000000
59609.0000000000
119080.0000000000
231990.0000000000
162530.0000000000
231220.0000000000
109460.0000000000
205190.0000000000
48501.0000000000
107690.0000000000
40917.0000000000
126670.0000000000
28142.0000000000
134870.0000000000
213690.0000000000
70435.0000000000
181940.0000000000
206740.0000000000
232860.0000000000
173190.0000000000
149410.0000000000
157520.0000000000
237610.0000000000
105860.0000000000
180050.0000000000
156520.0000000000
89103.0000000000
3061.4000000000
143110.0000000000
228210.0000000000
146130.0000000000
258560.0000000000
124990.0000000000
193530.0000000000
258640.0000000000
186750.0000000000
22211.0000000000
32310.0000000000
89750.0000000000
215740.0000000000
203570.0000000000
148590.0000000000
247700.0000000000
95219.0000000000
131130.0000000000
242690.0000000000
80625.0000000000
117540.0000000000
124010.0000000000
159650.0000000000
169340.0000000000
167980.0000000000
44111.0000000000
122160.0000000000
186920.0000000000
233030.0000000000
87953.0000000000
88581.0000000000
160250.0000000000
33866.0000000000
55607.0000000000
50656.0000000000
208830.0000000000
117810.0000000000
207280.0000000000
233970.0000000000
56725.0000000000
1419.0000000000
78708.0000000000
164440.0000000000
132170.0000000000
104370.0000000000
180100.0000000000
229550.0000000000
107500.0000000000
216520.0000000000
98726.0000000000
32088.0000000000
63577.0000000000
200570.0000000000
3515.4000000000
16163.0000000000
131330.0000000000
79172.0000000000
108400.0000000000
144910.0000000000
165730.0000000000
24771.0000000000
168090.0000000000
36177.0000000000
229790.0000000000
252300.0000000000
43083.0000000000
37752.0000000000
74117.0000000000
37057.0000000000
37796.0000000000
131890.0000000000
204090.0000000000
4961.6000000000
234370.0000000000
38558.0000000000
128260.0000000000
178450.0000000000
118030.0000000000
258320.0000000000
8667.2000000000
257930.0000000000
49271.0000000000
166820.0000000000
10891.0000000000
65280.0000000000
176420.0000000000
159220.0000000000
204770.0000000000
149310.0000000000
158220.0000000000
68737.0000000000
238390.0000000000
220420.0000000000
214810.0000000000
79858.0000000000
81274.0000000000
80120.0000000000
137490.0000000000
248450.0000000000
22342.0000000000
194060.0000000000
145280.0000000000
183830.0000000000
181890.0000000000
94324.0000000000
218750.0000000000
188820.0000000000
55971.0000000000
54110.0000000000
243730.0000000000
229050.0000000000
166750.0000000000
73194.0000000000
187520.0000000000
101020.0000000000
116520.0000000000
62213.0000000000
48271.0000000000
21378.0000000000
43612.0000000000
188930.0000000000
95938.0000000000
82175.0000000000
37246.0000000000
90533.0000000000
108870.0000000000
127370.0000000000
103050.0000000000
62270.0000000000
197970.0000000000
50505.0000000000
161050.0000000000
75361.0000000000
108090.0000000000
254340.0000000000
76071.0000000000
252860.0000000000
106990.0000000000
198970.0000000000
238860.0000000000
211510.0000000000
92328.0000000000
222290.0000000000
106110.0000000000
120870.0000000000
27019.0000000000
152860.0000000000
142400.0000000000
109920.0000000000
147820.0000000000
158380.0000000000
165810.0000000000
95006.0000000000
169490.0000000000
200980.0000000000
58653.0000000000
28860.0000000000
76604.0000000000
172880.0000000000
251470.0000000000
52502.0000000000
170070.0000000000
194060.0000000000
165800.0000000000
31514.0000000000
109360.0000000000
35173.0000000000
58980.0000000000
31906.0000000000
60645.0000000000
257570.0000000000
50072.0000000000
180400.0000000000
62989.0000000000
145790.0000000000
215080.0000000000
168300.0000000000
204520.0000000000
208480.0000000000
196100.0000000000
213360.0000000000
53410.0000000000
175580.0000000000
138920.0000000000
110070.0000000000
194840.0000000000
8900.3000000000
107760.0000000000
256350.0000000000
171580.0000000000
37712.0000000000
50880.0000000000
250170.0000000000
85758.0000000000
219670.0000000000
57739.0000000000
240270.0000000000
159460.0000000000
82079.0000000000
130170.0000000000
106030.0000000000
68466.0000000000
121150.0000000000
245160.0000000000
95327.0000000000
122860.0000000000
252900.0000000000
190820.0000000000
69232.0000000000
147180.0000000000
240420.0000000000
212360.0000000000
204670.0000000000
207400.0000000000
23931.0000000000
135280.0000000000
44685.0000000000
74323.0000000000
212890.0000000000
76114.0000000000
43551.0000000000
15331.0000000000
148030.0000000000
148830.0000000000
163410.0000000000
63370.0000000000
13487.0000000000
203610.0000000000
188170.0000000000
95927.0000000000
407.9000000000
116390.0000000000
199370.0000000000
205600.0000000000
151080.0000000000
110870.0000000000
177240.0000000000
66286.0000000000
105770.0000000000
76075.0000000000
23025.0000000000
146130.0000000000
48443.0000000000
212330.0000000000
2402.2000000000
101730.0000000000
259180.0000000000
154450.0000000000
54991.0000000000
55898.0000000000
51091.0000000000
200870.0000000000
43417.0000000000
93419.0000000000
238790.0000000000
242480.0000000000
164390.0000000000
48459.0000000000
66456.0000000000
19770.0000000000
225780.0000000000
101920.0000000000
309.3100000000
189990.0000000000
122480.0000000000
115200.0000000000
17496.0000000000
57155.0000000000
215100.0000000000
33223.0000000000
130550.0000000000
0.2034100000
56226.0000000000
60542.0000000000
37095.0000000000
44366.0000000000
129910.0000000000
92365.0000000000
227470.0000000000
23168.0000000000
124340.0000000000
214710.0000000000
144060.0000000000
27972.0000000000
217700.0000000000
200190.0000000000
131330.0000000000
115370.0000000000
193250.0000000000
72975.0000000000
178330.0000000000
45765.0000000000
12432.0000000000
187780.0000000000
119130.0000000000
91321.0000000000
31505.0000000000
45218.0000000000
254550.0000000000
61964.0000000000
84237.0000000000
250020.0000000000
62195.0000000000
178140.0000000000
22583.0000000000
95153.0000000000
178930.0000000000
161610.0000000000
160150.0000000000
103240.0000000000
138960.0000000000
172990.0000000000
63286.0000000000
193920.0000000000
161950.0000000000
226570.0000000000
96138.0000000000
216400.0000000000
251810.0000000000
155860.0000000000
17342.0000000000
255270.0000000000
235250.0000000000
129950.0000000000
71489.0000000000
191060.0000000000
221430.0000000000
165530.0000000000
169000.0000000000
70798.0000000000
186810.0000000000
189650.0000000000
5617.4000000000
251820.0000000000
240450.0000000000
134850.0000000000
121450.0000000000
22717.0000000000
14484.0000000000
66818.0000000000
11664.0000000000
144710.0000000000
31002.0000000000
85077.0000000000
27975.0000000000
241460.0000000000
120500.0000000000
256230.0000000000
72494.0000000000
109190.0000000000
75971.0000000000
61082.0000000000
8815.8000000000
22490.0000000000
209780.0000000000
207070.0000000000
235100.0000000000
35709.0000000000
258150.0000000000
66574.0000000000
86321.0000000000
94293.0000000000
2797.4000000000
72555.0000000000
27386.0000000000
178580.0000000000
54656.0000000000
258480.0000000000
120170.0000000000
220780.0000000000
207520.0000000000
126740.0000000000
207800.0000000000
54333.0000000000
27339.0000000000
104570.0000000000
1758.9000000000
173290.0000000000
121870.0000000000
181280.0000000000
108510.0000000000
191310.0000000000
202770.0000000000
133000.0000000000
107820.0000000000
184190.0000000000
160870.0000000000
39071.0000000000
162600.0000000000
250480.0000000000
7440.8000000000
53196.0000000000
198810.0000000000
104450.0000000000
236680.0000000000
207040.0000000000
24892.0000000000
256650.0000000000
17377.0000000000
246180.0000000000
131700.0000000000
116500.0000000000
212190.0000000000
16916.0000000000
62317.0000000000
15248.0000000000
78923.0000000000
144610.0000000000
54387.0000000000
150970.0000000000
95403.0000000000
152480.0000000000
252340.0000000000
84314.0000000000
21551.0000000000
241560.0000000000
81709.0000000000
81114.0000000000
233860.0000000000
251910.0000000000
118160.0000000000
154530.0000000000
111460.0000000000
211350.0000000000
230610.0000000000
176430.0000000000
213010.0000000000
139040.0000000000
219090.0000000000
21183.0000000000
209160.0000000000
140690.0000000000
96181.0000000000
1020.9000000000
87435.0000000000
17707.0000000000
12157.0000000000
37809.0000000000
223110.0000000000
204760.0000000000
82810.0000000000
163230.0000000000
56855.0000000000
147780.0000000000
120140.0000000000
14554.0000000000
44868.0000000000
83918.0000000000
43429.0000000000
177220.0000000000
142100.0000000000
2741.7000000000
193120.0000000000
190190.0000000000
2741.9000000000
194980.0000000000
251490.0000000000
212570.0000000000
120320.0000000000
19322.0000000000
139720.0000000000
130520.0000000000
19349.0000000000
71177.0000000000
40173.0000000000
251890.0000000000
237810.0000000000
236660.0000000000
62273.0000000000
218770.0000000000
65234.0000000000
111760.0000000000
70377.0000000000
26033.0000000000
108370.0000000000
231520.0000000000
192050.0000000000
35577.0000000000
94070.0000000000
221220.0000000000
192330.0000000000
245250.0000000000
203740.0000000000
90307.0000000000
46831.0000000000
108630.0000000000
237050.0000000000
3644.3000000000
158390.0000000000
201620.0000000000
233580.0000000000
85026.0000000000
180540.0000000000
33417.0000000000
219700.0000000000
253180.0000000000
76621.0000000000
37068.0000000000
117460.0000000000
90125.0000000000
44815.0000000000
222870.0000000000
74661.0000000000
37972.0000000000
86838.0000000000
160130.0000000000
179310.0000000000
36072.0000000000
257020.0000000000
28134.0000000000
76907.0000000000
5006.5000000000
36564.0000000000
144350.0000000000
45742.0000000000
103760.0000000000
202640.0000000000
6584.6000000000
160530.0000000000
241690.0000000000
193850.0000000000
218740.0000000000
136530.0000000000
141300.0000000000
44100.0000000000
42621.0000000000
113160.0000000000
211050.0000000000
145680.0000000000
166100.0000000000
44546.0000000000
117650.0000000000
137530.0000000000
60468.0000000000
29536.0000000000
242140.0000000000
29144.0000000000
35858.0000000000
26207.0000000000
57768.0000000000
190400.0000000000
218570.0000000000
246730.0000000000
169240.0000000000
207480.0000000000
79288.0000000000
159040.0000000000
237050.0000000000
233500.0000000000
67213.0000000000
242540.0000000000
44662.0000000000
168440.0000000000
166270.0000000000
17717.0000000000
79707.0000000000
37747.0000000000
38885.0000000000
125880.0000000000
73932.0000000000
14690.0000000000
238930.0000000000
164410.0000000000
167590.0000000000
86175.0000000000
87513.0000000000
53608.0000000000
32607.0000000000
139840.0000000000
246780.0000000000
10424.0000000000
101760.0000000000
213150.0000000000
142050.0000000000
165690.0000000000
238270.0000000000
126830.0000000000
82000.0000000000
84201.0000000000
252120.0000000000
57965.0000000000
41662.0000000000
2015.3000000000
189720.0000000000
238290.0000000000
32972.0000000000
152100.0000000000
137380.0000000000
36833.0000000000
248560.0000000000
252010.0000000000
57386.0000000000
55810.0000000000
201110.0000000000
190400.0000000000
174690.0000000000
241290.0000000000
227950.0000000000
97828.0000000000
100130.0000000000
229490.0000000000
176840.0000000000
61307.0000000000
59609.0000000000
114210.0000000000
197700.0000000000
729.7700000000
82036.0000000000
80356.0000000000
11639.0000000000
225760.0000000000
256530.0000000000
199380.0000000000
26682.0000000000
81115.0000000000
244400.0000000000
127560.0000000000
153180.0000000000
123420.0000000000
119480.0000000000
3106.6000000000
206790.0000000000
53705.0000000000
204160.0000000000
209190.0000000000
84591.0000000000
181470.0000000000
160100.0000000000
3037.6000000000
232940.0000000000
199550.0000000000
185060.0000000000
195030.0000000000
73994.0000000000
194610.0000000000
168450.0000000000
28136.0000000000
93495.0000000000
5207.4000000000
175300.0000000000
181020.0000000000
72955.0000000000
37876.0000000000
185030.0000000000
230690.0000000000
205420.0000000000
171590.0000000000
121870.0000000000
165210.0000000000
170060.0000000000
120230.0000000000
176760.0000000000
243920.0000000000
53525.0000000000
216310.0000000000
125000.0000000000
242170.0000000000
7727.0000000000
23763.0000000000
231370.0000000000
153960.0000000000
199220.0000000000
223310.0000000000
114150.0000000000
19813.0000000000
13385.0000000000
253270.0000000000
233450.0000000000
175870.0000000000
142170.0000000000
470.1300000000
42403.0000000000
109760.0000000000
38699.0000000000
97895.0000000000
58768.0000000000
70455.0000000000
69836.0000000000
51582.0000000000
80861.0000000000
248170.0000000000
72355.0000000000
158290.0000000000
27958.0000000000
116220.0000000000
15122.0000000000
215570.0000000000
35456.0000000000
8510.5000000000
175270.0000000000
208240.0000000000
64058.0000000000
7803.4000000000
50753.0000000000
120070.0000000000
59743.0000000000
32791.0000000000
156570.0000000000
166650.0000000000
146140.0000000000
87174.0000000000
224480.0000000000
153470.0000000000
71701.0000000000
152340.0000000000
27220.0000000000
32767.0000000000
244490.0000000000
242020.0000000000
235070.0000000000
104050.0000000000
207340.0000000000
100600.0000000000
194410.0000000000
80536.0000000000
255830.0000000000
100160.0000000000
145130.0000000000
132040.0000000000
237480.0000000000
225960.0000000000
100760.0000000000
16245.0000000000
197700.0000000000
1524.8000000000
57078.0000000000
186380.0000000000
21390.0000000000
130910.0000000000
233090.0000000000
209700.0000000000
143680.0000000000
155790.0000000000
48368.0000000000
199150.0000000000
219540.0000000000
162490.0000000000
243270.0000000000
74243.0000000000
158550.0000000000
59136.0000000000
106670.0000000000
20740.0000000000
155240.0000000000
51451.0000000000
179380.0000000000
75524.0000000000
233530.0000000000
243880.0000000000
65092.0000000000
132670.0000000000
82625.0000000000
143460.0000000000
161750.0000000000
111530.0000000000
221460.0000000000
140070.0000000000
55749.0000000000
27590.0000000000
85043.0000000000
38331.0000000000
58898.0000000000
225370.0000000000
31220.0000000000
84265.0000000000
185790.0000000000
218070.0000000000
10276.0000000000
80383.0000000000
200390.0000000000
22073.0000000000
81293.0000000000
217950.0000000000
213400.0000000000
98203.0000000000
183330.0000000000
256870.0000000000
16022.0000000000
159000.0000000000
198200.0000000000
163550.0000000000
1365.0000000000
211610.0000000000
45637.0000000000
133170.0000000000
44595.0000000000
207440.0000000000
70082.0000000000
255590.0000000000
229920.0000000000
113050.0000000000
163850.0000000000
83992.0000000000
54749.0000000000
143000.0000000000
218710.0000000000
179950.0000000000
258300.0000000000
117970.0000000000
91452.0000000000
191750.0000000000
16946.0000000000
21606.0000000000
120270.0000000000
205020.0000000000
133600.0000000000
200990.0000000000
118350.0000000000
181810.0000000000
38673.0000000000
173920.0000000000
214190.0000000000
80102.0000000000
7496.2000000000
190210.0000000000
169270.0000000000
135240.0000000000
40442.0000000000
103730.0000000000
23913.0000000000
7443.3000000000
71529.0000000000
220900.0000000000
257360.0000000000
164850.0000000000
209390.0000000000
237550.0000000000
165700.0000000000
59008.0000000000
233040.0000000000
152210.0000000000
160220.0000000000
91157.0000000000
156880.0000000000
45394.0000000000
210240.0000000000
111690.0000000000
50412.0000000000
20846.0000000000
132640.0000000000
155220.0000000000
149690.0000000000
49635.0000000000
173060.0000000000
41693.0000000000
223440.0000000000
235430.0000000000
64263.0000000000
176220.0000000000
8442.0000000000
204950.0000000000
190510.0000000000
178170.0000000000
195740.0000000000
215700.0000000000
192330.0000000000
5048.8000000000
79569.0000000000
92760.0000000000
195740.0000000000
201570.0000000000
163570.0000000000
142130.0000000000
134.4300000000
237140.0000000000
133730.0000000000
152380.0000000000
113150.0000000000
115700.0000000000
233400.0000000000
113530.0000000000
225770.0000000000
74050.0000000000
78621.0000000000
61088.0000000000
52758.0000000000
182870.0000000000
97934.0000000000
82198.0000000000
205380.0000000000
109850.0000000000
153340.0000000000
224450.0000000000
245410.0000000000
81518.0000000000
8093.4000000000
48397.0000000000
141110.0000000000
192740.0000000000
86039.0000000000
156390.0000000000
200370.0000000000
137400.0000000000
189830.0000000000
254690.0000000000
258740.0000000000
137860.0000000000
65868.0000000000
228730.0000000000
195740.0000000000
222020.0000000000
1710.1000000000
84379.0000000000
224480.0000000000
180850.0000000000
159820.0000000000
51233.0000000000
176830.0000000000
206190.0000000000
202940.0000000000
70281.0000000000
116960.0000000000
135490.0000000000
247900.0000000000
221180.0000000000
209780.0000000000
154440.0000000000
37345.0000000000
15542.0000000000
103240.0000000000
106480.0000000000
217550.0000000000
184990.0000000000
157560.0000000000
1047.7000000000
19770.0000000000
224830.0000000000
114790.0000000000
165460.0000000000
158030.0000000000
246980.0000000000
133570.0000000000
3593.7000000000
56891.0000000000
