0.0231280000
0.0235430000
0.0231410000
0.0164340000
0.0073149000
-0.0035417000
-0.0192110000
-0.0293000000
-0.0319970000
-0.0338860000
-0.0300550000
-0.0203580000
-0.0093507000
0.0030324000
0.0106490000
0.0166800000
0.0232230000
0.0231100000
0.0168360000
0.0104150000
0.0046307000
-0.0048490000
-0.0087471000
-0.0158550000
-0.0137560000
-0.0083025000
-0.0044039000
0.0004704800
0.0059248000
0.0082048000
0.0083715000
0.0154810000
0.0157430000
0.0153060000
0.0163630000
0.0110590000
0.0075270000
0.0065619000
-0.0004508400
0.0002835200
-0.0001948200
0.0003241900
0.0069095000
0.0080473000
0.0077016000
0.0078576000
0.0077914000
0.0078316000
0.0074793000
0.0008963900
-0.0000343320
-0.0008862200
-0.0041640000
-0.0068761000
-0.0086583000
-0.0044011000
-0.0013393000
-0.0001898900
0.0001224100
-0.0000848680
0.0000560750
-0.0000359860
0.0000229420
-0.0000109350
0.0000031788
0.0000063514
-0.0000150750
0.0000183990
-0.0000357490
0.0000477790
-0.0000774740
0.0001017600
0.0005347400
0.0020697000
0.0073003000
0.0044659000
0.0074983000
0.0078342000
0.0078467000
0.0077287000
0.0079474000
0.0075821000
0.0082257000
0.0066073000
0.0054713000
0.0083101000
0.0075424000
0.0079731000
0.0077064000
0.0078734000
0.0077756000
0.0078215000
0.0078137000
0.0077931000
0.0078383000
0.0077829000
0.0076881000
0.0018499000
-0.0004258200
0.0003446400
-0.0004729000
0.0017167000
0.0006720000
-0.0002112500
0.0000641540
0.0000351760
-0.0002041400
0.0027497000
0.0004698100
-0.0002193900
0.0001291000
-0.0023838000
-0.0017385000
0.0002832500
-0.0002656700
0.0009334100
0.0002464400
-0.0000900430
0.0000479680
-0.0000362070
0.0000285420
-0.0000208680
-0.0000256730
0.0004588600
0.0068286000
0.0078149000
0.0080907000
0.0054371000
0.0046820000
0.0044460000
-0.0000330470
0.0032953000
0.0085313000
0.0074394000
0.0080366000
0.0076582000
0.0079047000
0.0077453000
0.0078459000
0.0077892000
0.0078231000
0.0077995000
0.0078279000
0.0077792000
0.0078594000
0.0077328000
0.0079296000
0.0076162000
0.0081707000
0.0066528000
0.0023794000
0.0028662000
0.0000361470
0.0000406290
-0.0000382790
0.0000207470
-0.0000160110
0.0000038911
-0.0000047467
-0.0000028083
0.0000005830
-0.0000016170
-0.0000058205
0.0000036476
-0.0000133870
0.0000147940
-0.0000295490
0.0000386350
-0.0000595830
0.0000968620
-0.0002143300
0.0010984000
0.0073448000
0.0077695000
0.0079253000
0.0076142000
0.0081992000
0.0052371000
0.0001415000
0.0020247000
0.0051928000
0.0075851000
0.0078794000
0.0077678000
0.0078336000
0.0077886000
0.0078207000
0.0077980000
0.0078156000
0.0078068000
0.0078089000
0.0078159000
0.0077971000
0.0078334000
0.0077703000
0.0078731000
0.0077117000
0.0079634000
0.0075564000
0.0083117000
0.0042934000
-0.0003847600
0.0002208000
-0.0001418700
0.0010638000
-0.0000602540
0.0000332480
-0.0000236030
0.0000085732
-0.0000076067
-0.0000011034
0.0000000000
-0.0000000000
0.0000000000
-0.0000000000
-0.0000074807
0.0000077635
-0.0000215660
0.0000292480
-0.0000533380
0.0000836880
-0.0001433300
0.0002367400
-0.0004660500
0.0016924000
0.0078901000
0.0079081000
0.0074931000
0.0085003000
0.0055649000
0.0031759000
0.0068327000
0.0071694000
0.0081549000
0.0075961000
0.0079422000
0.0077238000
0.0078575000
0.0077831000
0.0078189000
0.0078145000
0.0077953000
0.0078390000
0.0077603000
0.0078900000
0.0076855000
0.0079735000
0.0036089000
0.0050557000
0.0028484000
0.0027228000
0.0010412000
-0.0003748700
0.0002086200
-0.0001344200
0.0000809050
-0.0000543300
0.0000284340
-0.0000183210
0.0000060315
-0.0000037127
0.0000000000
0.0000000000
0.0000000000
0.0000000000
0.0000000000
-0.0000042035
0.0000070715
-0.0000189590
0.0000361450
-0.0000628370
0.0001032300
-0.0001666300
0.0002680500
-0.0004859900
0.0014835000
0.0027767000
0.0040142000
0.0041683000
0.0004072300
0.0001353400
0.0012458000
0.0022002000
0.0054393000
0.0083968000
0.0075225000
0.0079604000
0.0077566000
0.0077819000
0.0079241000
0.0075847000
0.0082836000
0.0057317000
0.0047155000
0.0027963000
0.0014535000
0.0002198300
0.0017050000
0.0053609000
0.0007500000
-0.0001810700
0.0001083100
-0.0001032500
0.0001133700
-0.0001476600
0.0002051100
-0.0003234100
0.0006411100
-0.0034128000
-0.0065254000
-0.0001041900
-0.0060833000
-0.0011543000
0.0003526700
-0.0001894300
0.0001201800
-0.0000807560
0.0000545400
-0.0000357610
0.0000246330
-0.0000102840
0.0000053297
-0.0000005136
-0.0000090663
0.0000114700
-0.0000287180
0.0000416620
-0.0000714820
0.0001030000
-0.0001634900
0.0002601900
-0.0004991700
0.0043046000
0.0084858000
0.0073501000
0.0082804000
0.0069238000
0.0075376000
0.0069222000
0.0076922000
0.0017510000
-0.0004761600
0.0002100200
0.0001389400
0.0069322000
0.0081911000
0.0073467000
0.0086204000
0.0041955000
-0.0003166500
-0.0024853000
-0.0078473000
-0.0078126000
-0.0071437000
-0.0000762360
-0.0001310600
0.0001708200
-0.0002308300
0.0003499200
-0.0006270100
0.0020351000
0.0061072000
0.0000909110
-0.0000923690
0.0004137100
-0.0052744000
-0.0084146000
-0.0075306000
-0.0079503000
-0.0077838000
-0.0077493000
-0.0079841000
-0.0016708000
0.0005036600
-0.0003964800
0.0009301700
0.0075629000
0.0078147000
0.0078779000
0.0076869000
0.0080805000
0.0066854000
0.0025537000
0.0009711200
-0.0002231200
0.0001385100
-0.0001270000
0.0001289800
-0.0001696800
0.0002434800
-0.0004445400
0.0043926000
0.0082508000
0.0075715000
0.0079658000
0.0077297000
0.0076588000
0.0008053100
-0.0001977500
0.0001239100
-0.0001116400
0.0001306400
-0.0001881000
0.0003384600
-0.0028034000
-0.0076770000
-0.0078539000
-0.0077037000
-0.0080882000
-0.0064951000
-0.0024442000
-0.0001847700
0.0000793710
-0.0000362470
0.0000041741
0.0000253950
-0.0000341350
-0.0001325100
-0.0071040000
-0.0078074000
-0.0081112000
-0.0028886000
-0.0023339000
-0.0019694000
0.0001491300
-0.0000803360
0.0000304830
0.0000017268
-0.0000376890
0.0000814450
-0.0001293100
0.0002226400
-0.0004277600
0.0016474000
0.0078630000
0.0066201000
0.0083732000
0.0066622000
0.0011818000
0.0002265800
-0.0000912060
0.0000551740
-0.0000371010
0.0000253800
-0.0000192150
0.0000078521
-0.0000078837
-0.0000004211
0.0000082332
-0.0000119130
0.0000293990
-0.0000426710
0.0000750230
-0.0001101700
0.0001787300
-0.0002874900
0.0005697600
-0.0024644000
-0.0083454000
-0.0075341000
-0.0079699000
-0.0077303000
-0.0078343000
-0.0078475000
-0.0077212000
-0.0079014000
-0.0042540000
-0.0063283000
-0.0078694000
-0.0082014000
-0.0054509000
0.0006095500
-0.0003238600
0.0002027500
-0.0001244300
0.0000825180
-0.0000467720
0.0000287180
-0.0000114700
0.0000090663
0.0000005136
0.0000000000
0.0000000000
0.0000000000
0.0000000000
0.0000000000
0.0000000000
0.0000029822
-0.0000044481
0.0000074271
-0.0000116440
0.0000176530
-0.0000266360
0.0000437440
-0.0000727080
0.0001753000
-0.0016385000
-0.0021401000
-0.0003099200
0.0001198400
-0.0001124500
0.0001810900
-0.0006679500
-0.0025796000
-0.0069605000
-0.0080368000
-0.0076950000
-0.0078886000
-0.0077502000
-0.0078688000
-0.0077408000
-0.0078958000
-0.0077441000
-0.0065564000
-0.0059730000
-0.0072692000
-0.0046980000
0.0007871900
-0.0057043000
-0.0063606000
-0.0085203000
-0.0045868000
-0.0009117500
-0.0013892000
-0.0013944000
-0.0008697900
0.0003663200
-0.0002136200
0.0001354300
-0.0000838710
0.0000556970
-0.0000286390
0.0000169500
-0.0000069720
0.0000027636
0.0000000000
0.0000000000
0.0000000000
0.0000000000
0.0000000000
0.0000000000
0.0000000000
0.0000000000
0.0000099492
-0.0000140690
0.0000299100
-0.0000511860
0.0000852860
-0.0001276400
0.0002065900
-0.0003331700
0.0006607200
-0.0043320000
-0.0073609000
-0.0055606000
-0.0040369000
0.0005002500
-0.0033410000
-0.0070386000
-0.0078588000
-0.0077637000
-0.0078878000
-0.0076923000
-0.0080024000
-0.0074935000
-0.0084000000
-0.0048792000
-0.0013919000
-0.0009071000
0.0003913900
-0.0002264000
-0.0008293000
-0.0000892750
0.0000565710
-0.0000342460
0.0000213050
-0.0000159900
0.0000153560
-0.0000264560
0.0000382010
-0.0000613630
0.0000771770
0.0006732400
0.0064086000
0.0080694000
0.0077768000
0.0076910000
0.0063781000
0.0058535000
0.0031755000
0.0020507000
0.0004493600
0.0004039700
-0.0002158100
0.0001238800
-0.0000722460
0.0000280650
0.0000020759
-0.0000452590
0.0001408300
-0.0008878400
-0.0075597000
-0.0076483000
-0.0051254000
-0.0036023000
0.0000574300
-0.0015391000
-0.0043492000
-0.0029324000
-0.0019277000
-0.0041444000
-0.0065544000
-0.0068032000
-0.0057880000
-0.0063710000
-0.0080143000
-0.0036575000
0.0010576000
-0.0014461000
-0.0011227000
0.0001885500
-0.0000113690
-0.0000969080
0.0002577500
-0.0041751000
-0.0011064000
0.0003445600
-0.0001890500
0.0001186500
-0.0000793490
0.0000604940
-0.0000533880
0.0000568580
-0.0000758300
0.0001145100
-0.0001941000
0.0004542100
0.0017786000
-0.0001930300
0.0000143170
0.0001135200
-0.0003000900
0.0009767100
0.0034958000
-0.0005842600
0.0012105000
-0.0000264610
0.0000569610
-0.0000582840
0.0000668110
-0.0000876530
0.0001274000
-0.0001997900
0.0003792600
-0.0036682000
-0.0078096000
-0.0079348000
-0.0062467000
-0.0009719400
0.0000129670
0.0000344180
-0.0002438600
-0.0069467000
-0.0080591000
-0.0076661000
-0.0076070000
-0.0040129000
-0.0030148000
-0.0053346000
-0.0040765000
0.0001462800
-0.0001275800
0.0000831810
-0.0000608670
0.0000617170
-0.0000662070
0.0000852710
-0.0001178100
0.0001574200
-0.0001186100
0.0030034000
0.0035140000
0.0046091000
0.0054455000
-0.0017607000
0.0050689000
0.0077385000
0.0038898000
0.0042057000
0.0023032000
0.0014543000
-0.0006830800
0.0010359000
0.0002815100
-0.0000577290
0.0000267480
-0.0000218270
0.0000129720
-0.0000102600
0.0000117320
-0.0000056811
0.0000080305
-0.0000023765
0.0000012848
0.0000007985
-0.0000075502
0.0000336150
-0.0002577300
-0.0069085000
-0.0081343000
-0.0075042000
-0.0082888000
-0.0061486000
0.0001576800
-0.0000404440
-0.0000757350
0.0002028500
-0.0003882100
0.0007630500
-0.0028601000
-0.0049815000
0.0007917000
-0.0005123700
0.0004231800
-0.0004617900
0.0013892000
0.0023480000
0.0040741000
0.0052045000
0.0002417300
0.0028433000
0.0038674000
0.0034639000
0.0063049000
0.0083005000
0.0074017000
0.0083493000
0.0062356000
0.0041375000
0.0019835000
0.0022944000
0.0015114000
0.0022170000
0.0046481000
0.0056707000
0.0009343500
-0.0002818400
0.0001500600
-0.0000906790
0.0000528020
-0.0000268450
0.0000048089
0.0000230980
-0.0000537340
0.0000882220
-0.0001499200
0.0002633900
-0.0008363000
-0.0039510000
-0.0039727000
-0.0021912000
-0.0022539000
-0.0031191000
-0.0038006000
-0.0005812100
0.0000264000
0.0000266380
-0.0000176660
-0.0023375000
-0.0070286000
-0.0027583000
0.0005998300
-0.0003094100
0.0001930200
-0.0001230700
0.0000717520
-0.0000381780
0.0000051280
0.0000214440
-0.0000555710
0.0000993700
-0.0001616500
0.0002654900
-0.0005176600
0.0022364000
0.0052574000
0.0036617000
0.0047951000
0.0027324000
0.0029212000
0.0052932000
0.0063782000
0.0003134900
0.0009368800
0.0000016198
0.0000195690
-0.0000417420
0.0000774730
-0.0001229200
0.0001988800
-0.0003181600
0.0005684900
-0.0015438000
-0.0031121000
-0.0028256000
-0.0068771000
-0.0067456000
-0.0070948000
-0.0077787000
-0.0078405000
-0.0077956000
-0.0078163000
-0.0078181000
-0.0077971000
-0.0078328000
-0.0077814000
-0.0078548000
-0.0077377000
-0.0079494000
-0.0073303000
-0.0036285000
-0.0002216600
0.0000819470
-0.0000415250
0.0000298470
-0.0000145190
0.0000131100
-0.0000035313
0.0000058781
0.0000010771
-0.0000010475
0.0000063566
-0.0000155840
0.0000290410
-0.0000495970
0.0000803350
-0.0001269700
0.0002031400
-0.0003563000
0.0010556000
0.0020836000
0.0013002000
0.0008960100
-0.0003446500
0.0002051500
-0.0001317900
0.0000994090
-0.0000764610
0.0000799380
-0.0000890780
0.0001285100
-0.0001963300
0.0003832600
-0.0019140000
-0.0039823000
-0.0064525000
-0.0079961000
-0.0076868000
-0.0079063000
-0.0077228000
-0.0079013000
-0.0077049000
-0.0079272000
-0.0054634000
-0.0021291000
-0.0029547000
0.0009307900
-0.0046087000
-0.0082811000
-0.0077352000
-0.0071491000
-0.0000972830
-0.0000667920
0.0000600040
-0.0000379100
0.0000242310
-0.0000111790
0.0000039146
0.0000024978
-0.0000062175
0.0000126800
-0.0000191110
0.0000311420
-0.0000486530
0.0000711050
-0.0001128800
0.0001911100
-0.0004050300
0.0025458000
0.0082444000
0.0067876000
0.0003654600
-0.0001869200
0.0006432400
0.0043636000
0.0011288000
-0.0002458300
0.0001199700
-0.0000643580
0.0000374850
-0.0000155010
-0.0000035494
0.0000319900
-0.0000564910
0.0001068400
-0.0002325500
-0.0015075000
-0.0065015000
-0.0071399000
-0.0075564000
-0.0079205000
-0.0077836000
-0.0077747000
-0.0079222000
-0.0076080000
-0.0081021000
-0.0024960000
-0.0006153100
-0.0013072000
0.0002891700
-0.0001481800
0.0000779010
-0.0000343740
-0.0023378000
-0.0006878300
0.0001751100
-0.0001032100
0.0000811610
-0.0000800490
0.0000932190
-0.0001217900
0.0001802500
-0.0003291400
0.0010951000
0.0030895000
0.0002394300
0.0074607000
0.0034304000
-0.0006503200
0.0003233700
-0.0001970500
0.0001288500
-0.0000832900
0.0000505530
-0.0000264550
0.0000067101
0.0000122140
-0.0000264300
0.0000453850
-0.0000664630
0.0001436700
-0.0006681200
-0.0015803000
0.0004535100
-0.0015786000
-0.0060446000
-0.0064723000
-0.0071716000
-0.0077444000
-0.0078687000
-0.0077613000
-0.0078544000
-0.0077722000
-0.0078560000
-0.0077536000
-0.0079284000
-0.0070179000
-0.0073883000
-0.0081337000
-0.0073977000
-0.0085337000
-0.0033691000
0.0006238400
-0.0002736400
0.0001184300
0.0000058459
-0.0001280200
0.0003468200
-0.0013477000
-0.0010898000
0.0003781600
-0.0002096800
0.0001400400
-0.0001043500
0.0000886720
-0.0000897070
0.0001113100
-0.0001755700
0.0004592200
0.0017400000
-0.0002001900
0.0001064400
-0.0000638820
0.0000378660
-0.0000180520
0.0000011226
0.0000262350
-0.0000493170
0.0000938590
-0.0001491500
0.0002617800
-0.0005976800
-0.0005299100
-0.0002128800
-0.0014938000
-0.0051749000
-0.0084712000
-0.0074626000
-0.0080219000
-0.0076752000
-0.0078950000
-0.0077584000
-0.0078378000
-0.0077999000
-0.0078108000
-0.0078191000
-0.0077989000
-0.0078227000
-0.0077939000
-0.0078374000
-0.0077209000
-0.0058474000
-0.0070568000
-0.0036790000
-0.0041251000
-0.0016285000
0.0004618500
-0.0002425100
0.0001543500
-0.0000954350
0.0000657280
-0.0000371000
0.0000256240
-0.0000100840
0.0000058637
0.0000000000
0.0000000000
0.0000000000
0.0000000000
0.0000000000
0.0000000000
0.0000000000
0.0000011262
0.0000031748
-0.0000013279
0.0000105300
-0.0000114740
0.0000256580
-0.0000332560
0.0000559660
-0.0000667730
-0.0006058300
-0.0017965000
-0.0050804000
-0.0075314000
-0.0079315000
-0.0077278000
-0.0078779000
-0.0077418000
-0.0078914000
-0.0076943000
-0.0080149000
-0.0070460000
-0.0073596000
-0.0079655000
-0.0077385000
-0.0078289000
-0.0078378000
-0.0077301000
-0.0079563000
-0.0075661000
-0.0081950000
-0.0013289000
-0.0004954900
-0.0025837000
0.0003949500
-0.0002203400
0.0001423500
-0.0000862430
0.0000577820
-0.0000299510
0.0000202140
-0.0000065649
0.0000027864
0.0000000000
0.0000000000
0.0000000000
0.0000000000
0.0000000000
0.0000000000
0.0000093366
-0.0000119130
0.0000293990
-0.0000426710
0.0000750230
-0.0001101700
0.0001787300
-0.0002874900
0.0005688100
-0.0024578000
-0.0083603000
-0.0075059000
-0.0080183000
-0.0076425000
-0.0079696000
-0.0076234000
-0.0080917000
-0.0070440000
-0.0062468000
-0.0081076000
-0.0076488000
-0.0079102000
-0.0077425000
-0.0078560000
-0.0077768000
-0.0078354000
-0.0077869000
-0.0078369000
-0.0077641000
-0.0079411000
-0.0054333000
-0.0007789500
-0.0007624500
-0.0003282500
0.0001417000
-0.0000785890
0.0000546050
-0.0000314700
0.0000245950
-0.0000110090
0.0000104090
-0.0000028561
0.0000011034
0.0000000000
0.0000000000
0.0000000000
0.0000000000
0.0000000000
0.0000000000
0.0000000000
0.0000046423
-0.0000002521
0.0000062035
-0.0000016576
0.0000058801
-0.0000076598
0.0000133190
-0.0000215580
0.0000969710
-0.0025768000
-0.0055986000
-0.0080709000
-0.0077332000
-0.0077622000
-0.0034219000
-0.0006566400
-0.0034256000
-0.0083507000
-0.0075275000
-0.0079908000
-0.0076865000
-0.0078964000
-0.0077365000
-0.0078723000
-0.0077304000
-0.0079733000
-0.0070421000
-0.0036116000
-0.0016010000
-0.0031863000
-0.0066444000
-0.0081685000
-0.0054682000
-0.0084134000
-0.0024099000
0.0004241400
-0.0002003700
0.0001226300
-0.0000785580
0.0000513270
-0.0000267990
0.0000125670
0.0000092096
-0.0000218520
0.0000505580
-0.0001027800
0.0019279000
0.0001336400
-0.0000586170
0.0000342830
-0.0000216950
0.0000139160
-0.0000087427
0.0000052345
-0.0000028922
0.0000077738
-0.0000084031
0.0000207580
-0.0000270330
0.0000486570
-0.0000675390
-0.0008658500
-0.0011521000
0.0003579600
-0.0014676000
-0.0055270000
-0.0069688000
-0.0061743000
-0.0079659000
-0.0077461000
-0.0078469000
-0.0077922000
-0.0078202000
-0.0078185000
-0.0077897000
-0.0078557000
-0.0077341000
-0.0079329000
-0.0076070000
-0.0082089000
-0.0062212000
0.0002511100
-0.0001621800
0.0001075900
-0.0000655140
0.0000463380
-0.0000245060
0.0000183680
-0.0000056811
0.0000062102
0.0000016170
0.0000000000
0.0000000000
0.0000000000
0.0000000000
0.0000000000
0.0000000000
0.0000000000
0.0000000000
0.0000000000
0.0000000000
0.0000000000
0.0000037127
-0.0000090136
0.0000276830
-0.0000441230
0.0000821600
-0.0001257300
0.0002042900
-0.0003171800
0.0005510700
-0.0023541000
-0.0007661200
-0.0038631000
-0.0077396000
-0.0074490000
-0.0080342000
-0.0076814000
-0.0078655000
-0.0078173000
-0.0077355000
-0.0079908000
-0.0072061000
-0.0071787000
-0.0080330000
-0.0076577000
-0.0079479000
-0.0076564000
-0.0080095000
-0.0075112000
-0.0083574000
-0.0024591000
0.0005693300
-0.0002886100
0.0001751200
-0.0001007100
0.0000558560
-0.0000085125
-0.0000269190
0.0000765590
-0.0001258000
0.0001987200
0.0003843100
0.0023933000
0.0013045000
-0.0004465400
0.0002471200
-0.0001507700
0.0000936320
-0.0000506090
0.0000160040
0.0000159170
-0.0000496760
0.0000911710
-0.0001535800
0.0002807200
-0.0007267800
-0.0051645000
-0.0007641200
-0.0004363300
0.0000844840
0.0000843230
-0.0002597500
0.0006248700
-0.0043618000
-0.0084988000
-0.0074602000
-0.0080190000
-0.0076761000
-0.0078948000
-0.0077599000
-0.0078424000
-0.0077928000
-0.0078228000
-0.0078009000
-0.0078166000
-0.0078061000
-0.0078020000
-0.0078706000
-0.0054492000
-0.0045411000
-0.0032122000
-0.0021398000
-0.0056479000
-0.0074434000
-0.0027334000
0.0007147700
-0.0003767600
0.0002372100
-0.0001485800
0.0000993210
-0.0000592220
0.0000351350
-0.0000156260
0.0000093366
0.0000000000
0.0000000000
0.0000000000
0.0000000000
0.0000005136
0.0000006561
0.0000079436
-0.0000116270
0.0000264220
-0.0000396850
0.0000711290
-0.0001055200
0.0001744100
-0.0002986400
-0.0018313000
-0.0040060000
-0.0047088000
-0.0067345000
-0.0028286000
-0.0063349000
-0.0081043000
-0.0076616000
-0.0078973000
-0.0077567000
-0.0078415000
-0.0077910000
-0.0078198000
-0.0078056000
-0.0078078000
-0.0078206000
-0.0077847000
-0.0078506000
-0.0077457000
-0.0079058000
-0.0076814000
-0.0076680000
-0.0036214000
-0.0004096500
-0.0047880000
-0.0050937000
-0.0028568000
-0.0005872700
0.0000855730
-0.0000074000
-0.0000205610
0.0000598710
-0.0001132400
0.0002977200
0.0008567700
-0.0001228200
-0.0000119360
0.0008982100
0.0001676000
-0.0000803020
0.0000477060
-0.0000295280
0.0000180660
-0.0000052688
0.0000024311
0.0000091609
-0.0000113920
0.0000260800
-0.0000342260
0.0000600710
-0.0000939140
0.0002013900
-0.0008226300
-0.0076029000
-0.0078117000
-0.0078213000
-0.0078003000
-0.0078161000
-0.0078066000
-0.0078112000
-0.0078098000
-0.0078094000
-0.0078148000
-0.0078049000
-0.0078146000
-0.0078021000
-0.0078217000
-0.0077916000
-0.0078400000
-0.0077535000
-0.0079503000
-0.0069199000
-0.0049384000
-0.0014701000
-0.0014505000
-0.0013756000
0.0002241500
-0.0000974080
0.0000605400
-0.0000343600
0.0000269590
-0.0000134170
0.0000119910
-0.0000063465
0.0000029035
0.0000028561
-0.0000057893
0.0000103500
-0.0000171560
0.0000271960
-0.0000381750
0.0000590720
-0.0000947300
0.0002554800
0.0009413400
-0.0002733800
0.0002637800
-0.0003380700
0.0005548400
-0.0015924000
-0.0007957400
-0.0056145000
-0.0056654000
-0.0081325000
-0.0032356000
-0.0035104000
-0.0087130000
-0.0073245000
-0.0080946000
-0.0076457000
-0.0061087000
-0.0075393000
-0.0079355000
-0.0077273000
-0.0078795000
-0.0077282000
-0.0079588000
-0.0071454000
-0.0070888000
-0.0070760000
-0.0062238000
-0.0056363000
-0.0045905000
0.0006093000
-0.0014805000
-0.0010108000
0.0003273300
-0.0001734600
0.0001114600
-0.0000686860
0.0000482660
-0.0000257600
0.0000182480
-0.0000090136
0.0000037127
0.0000000000
0.0000000000
0.0000000000
0.0000000000
0.0000018559
-0.0000041500
0.0000078330
-0.0000134230
0.0000216850
-0.0000339580
0.0000531160
-0.0000871350
0.0001802500
-0.0008923500
-0.0002554600
0.0000668390
0.0000201380
-0.0000872100
0.0001819900
-0.0003208900
0.0006638100
-0.0034096000
-0.0084843000
-0.0074682000
-0.0080165000
-0.0076777000
-0.0079052000
-0.0077396000
-0.0078818000
-0.0077301000
-0.0079264000
-0.0076436000
-0.0080699000
-0.0073857000
-0.0086192000
-0.0041194000
-0.0021317000
-0.0007611000
0.0003850500
-0.0002317000
0.0001529200
-0.0000944100
0.0000618090
-0.0000407840
0.0000305630
-0.0000298630
0.0000406230
-0.0000695250
0.0001497300
0.0019052000
-0.0000921790
0.0002371900
0.0069888000
0.0079722000
0.0078526000
0.0066614000
0.0054072000
0.0018740000
0.0002774200
0.0041090000
0.0051687000
0.0004364300
-0.0001099400
0.0000622760
-0.0000536980
0.0000598060
-0.0000844360
0.0001223600
-0.0001902100
0.0003706300
-0.0015019000
-0.0070420000
-0.0078580000
-0.0076825000
-0.0081692000
-0.0043484000
-0.0020221000
-0.0027414000
-0.0062698000
-0.0026987000
0.0003888600
-0.0001741400
0.0001042400
-0.0000609260
0.0000432860
-0.0000232930
0.0000139420
-0.0000120410
0.0000050762
-0.0000030840
-0.0000013963
-0.0000045571
-0.0000005326
-0.0000009797
-0.0000328860
0.0009085300
0.0038894000
0.0063933000
0.0078826000
0.0077916000
0.0078172000
0.0078059000
0.0078143000
0.0078083000
0.0078112000
0.0078202000
0.0077919000
0.0078492000
0.0077412000
0.0079200000
0.0076355000
0.0079951000
0.0044299000
0.0053262000
0.0015336000
0.0001847200
0.0005731900
0.0008440200
-0.0002031200
0.0044836000
0.0064837000
0.0040355000
0.0013407000
-0.0005206700
0.0002961100
-0.0001822000
0.0001110200
-0.0000659180
0.0000257480
-0.0000040111
-0.0000248700
0.0000383970
-0.0000742120
0.0001072900
-0.0001736200
0.0002827800
-0.0005879700
0.0042500000
0.0087612000
0.0061428000
0.0062309000
0.0077026000
0.0078368000
0.0077990000
0.0078114000
0.0078046000
0.0078143000
0.0078014000
0.0078223000
0.0077826000
0.0078443000
0.0077559000
0.0078773000
0.0078670000
0.0126460000
0.0163100000
0.0102290000
0.0074755000
0.0079523000
0.0077280000
0.0078592000
0.0077822000
0.0078198000
0.0078174000
0.0077824000
0.0078597000
0.0077137000
0.0079994000
0.0070771000
0.0017006000
0.0004440800
-0.0001239100
0.0000617780
-0.0000448250
0.0000239790
-0.0000194740
0.0000069631
-0.0000080542
0.0000001409
-0.0000042299
0.0000096082
-0.0000685200
0.0014253000
0.0026476000
0.0011003000
-0.0004489800
0.0007195700
0.0005938400
-0.0002749600
0.0006910000
0.0043734000
0.0071674000
0.0079573000
0.0077389000
0.0078507000
0.0077829000
0.0078281000
0.0077974000
0.0078172000
0.0078060000
0.0078110000
0.0078073000
0.0078073000
0.0078073000
0.0078073000
0.0078073000
0.0078073000
0.0078073000
0.0078073000
0.0078073000
0.0078106000
0.0078094000
0.0078098000
0.0078112000
0.0078066000
0.0078161000
0.0078003000
0.0078213000
0.0078117000
0.0076029000
0.0008226300
-0.0002013900
0.0000939140
-0.0000600710
0.0000342260
-0.0000265940
0.0000127890
-0.0000120530
0.0000022898
-0.0000039332
-0.0000028922
-0.0000041249
0.0000027638
-0.0000142470
0.0000183590
-0.0000360110
0.0000437750
-0.0000331670
0.0021986000
-0.0006597000
0.0041531000
0.0075730000
0.0076585000
0.0079169000
0.0077386000
0.0078562000
0.0077810000
0.0078267000
0.0078008000
0.0078136000
0.0078092000
0.0078073000
0.0078073000
0.0078078000
0.0078059000
0.0078139000
0.0078023000
0.0078224000
0.0077905000
0.0078395000
0.0077586000
0.0078992000
0.0076181000
0.0069851000
0.0073679000
0.0029599000
-0.0002206500
0.0003065100
-0.0005542500
0.0033807000
0.0010826000
-0.0001314300
0.0011027000
-0.0003042800
0.0001474700
-0.0000603600
-0.0000178500
0.0000976730
-0.0001950800
0.0003298200
-0.0006054300
0.0017423000
0.0038141000
0.0036449000
0.0017862000
0.0000273850
0.0002423600
0.0006287000
0.0035652000
0.0069500000
0.0077090000
0.0078763000
0.0077622000
0.0078336000
0.0078009000
0.0078029000
0.0078305000
0.0077724000
0.0078761000
0.0076657000
0.0108470000
0.0098775000
0.0137690000
0.0120930000
0.0082676000
0.0076654000
0.0078833000
0.0077620000
0.0078403000
0.0077797000
0.0078363000
0.0077678000
0.0078619000
0.0077297000
0.0079225000
0.0076616000
0.0076822000
0.0052924000
0.0051595000
0.0086037000
0.0072109000
0.0085485000
0.0052509000
-0.0005148100
0.0003188200
-0.0003983800
0.0024058000
0.0060058000
0.0050970000
0.0069545000
0.0024231000
0.0018581000
0.0084488000
0.0073722000
0.0080937000
0.0076262000
0.0079256000
0.0077389000
0.0078446000
0.0077918000
0.0078137000
0.0078038000
0.0078170000
0.0077850000
0.0078391000
0.0077582000
0.0078805000
0.0076964000
0.0079886000
0.0074375000
0.0102120000
0.0095286000
0.0101980000
0.0146770000
0.0105150000
0.0074770000
0.0079892000
0.0076945000
0.0078641000
0.0080276000
0.0130770000
0.0152550000
0.0087112000
0.0074848000
0.0081646000
0.0059339000
0.0074151000
0.0079687000
0.0077173000
0.0078733000
0.0077434000
0.0079286000
0.0066647000
0.0017648000
-0.0003543200
0.0002237900
-0.0002264100
0.0002867000
-0.0005173100
0.0034950000
0.0082481000
0.0074653000
0.0081741000
0.0071108000
0.0019730000
-0.0003599300
0.0018839000
0.0006564700
0.0064267000
0.0043013000
0.0044335000
0.0088605000
0.0072197000
0.0081726000
0.0075768000
0.0079546000
0.0077234000
0.0078573000
0.0077849000
0.0078166000
0.0078073000
0.0078073000
0.0078073000
0.0078073000
0.0078073000
0.0078073000
0.0078073000
0.0078084000
0.0078149000
0.0077987000
0.0078269000
0.0077815000
0.0078545000
0.0077413000
0.0079163000
0.0076365000
0.0081145000
0.0026669000
-0.0007727600
0.0017165000
0.0010119000
0.0026177000
-0.0001774500
0.0000720870
-0.0000408100
0.0000144680
-0.0000034618
-0.0000166010
0.0000288800
-0.0000568080
0.0000897130
-0.0001726700
0.0004600100
0.0007486400
-0.0001840300
0.0000786210
-0.0000488270
0.0002134700
0.0070217000
0.0078073000
0.0052419000
0.0075505000
0.0077927000
0.0078681000
0.0077146000
0.0070005000
0.0073551000
0.0070449000
0.0080105000
0.0076989000
0.0078749000
0.0077653000
0.0078340000
0.0077908000
0.0078168000
0.0078023000
0.0078095000
0.0078101000
0.0078108000
0.0078069000
0.0078165000
0.0077958000
0.0078349000
0.0077638000
0.0078830000
0.0077048000
0.0078160000
0.0026239000
-0.0001021700
-0.0002003800
0.0007696700
0.0002094000
0.0020227000
0.0015830000
0.0027231000
0.0028173000
-0.0003159300
0.0001653000
-0.0000995920
0.0000605570
-0.0000383980
0.0000261520
-0.0000256000
0.0000282700
-0.0000463910
0.0000614790
-0.0001007200
0.0001521900
-0.0002758300
0.0007272100
0.0016512000
-0.0002964900
0.0036359000
0.0050901000
0.0055631000
0.0077239000
0.0077876000
0.0078331000
0.0077914000
0.0078236000
0.0077992000
0.0078157000
0.0078063000
0.0078091000
0.0078127000
0.0078088000
0.0078077000
0.0078167000
0.0077956000
0.0078353000
0.0077692000
0.0078684000
0.0077493000
0.0075454000
0.0027377000
0.0015524000
0.0005467300
-0.0002524700
0.0001462100
-0.0000974700
0.0000583550
-0.0000407840
0.0000200890
-0.0000149410
0.0000042526
-0.0000016170
0.0000000000
0.0000000000
0.0000000000
0.0000000000
-0.0000011262
0.0000024491
-0.0000045541
0.0000018699
-0.0000072764
0.0000054356
-0.0000149240
0.0000220640
-0.0000677320
0.0008915900
0.0002287100
-0.0002816500
0.0012176000
0.0044044000
0.0045479000
0.0041418000
0.0069953000
0.0076046000
0.0079154000
0.0077440000
0.0078558000
0.0077742000
0.0078433000
0.0077757000
0.0078716000
0.0075211000
0.0009422100
-0.0003099600
0.0033412000
0.0072726000
0.0073107000
0.0084119000
0.0055279000
0.0004237800
0.0000248920
0.0000154320
-0.0000863410
0.0001843700
-0.0003865000
0.0016845000
0.0006576000
-0.0001465900
-0.0000727500
0.0003414800
-0.0032050000
-0.0012106000
0.0003708200
-0.0001723100
0.0000579020
0.0000367650
-0.0001425300
0.0003103700
-0.0008603600
-0.0026020000
0.0004765400
-0.0002441300
0.0001442800
-0.0000897630
0.0000420790
-0.0000116090
-0.0000279630
0.0000703240
-0.0001277300
0.0002199200
-0.0004102800
0.0018690000
0.0025710000
0.0049634000
0.0078916000
0.0081677000
0.0054944000
-0.0006704300
0.0004253800
-0.0004002500
0.0009535400
0.0075342000
0.0078503000
0.0078233000
0.0077664000
0.0078792000
0.0077282000
0.0072178000
0.0010745000
0.0003616800
-0.0053494000
-0.0082543000
-0.0078535000
-0.0064727000
0.0006565600
0.0068508000
0.0153270000
0.0153520000
0.0162050000
0.0115100000
0.0044454000
-0.0064158000
-0.0168540000
-0.0259810000
-0.0316960000
-0.0311710000
-0.0267910000
-0.0178750000
-0.0057376000
0.0034738000
0.0133710000
0.0222220000
0.0236690000
0.0232000000
0.0159560000
0.0065422000
-0.0029011000
-0.0117570000
-0.0163280000
-0.0222660000
-0.0241420000
-0.0211810000
-0.0131570000
-0.0053753000
0.0031915000
0.0137740000
0.0214620000
0.0272220000
0.0314210000
0.0244180000
0.0204890000
0.0127050000
0.0057916000
-0.0024402000
-0.0070802000
-0.0123030000
-0.0161420000
-0.0156090000
-0.0148110000
-0.0083095000
-0.0062906000
0.0004684200
0.0068747000
0.0079935000
0.0078847000
0.0075360000
0.0083965000
0.0021645000
0.0002841500
-0.0043473000
-0.0082045000
-0.0108520000
-0.0128480000
-0.0146690000
-0.0124570000
-0.0088045000
-0.0076365000
-0.0083791000
-0.0044652000
0.0007223400
-0.0003822500
0.0002670900
-0.0002627500
0.0016643000
0.0021022000
0.0014290000
-0.0002154700
0.0001080600
-0.0000602270
0.0000408760
-0.0000291450
0.0000227290
-0.0000254820
0.0000723360
0.0010561000
-0.0002998100
0.0006687900
0.0005877800
-0.0001776100
0.0000955020
-0.0000593020
0.0000384380
-0.0000248610
0.0000255260
-0.0000225210
0.0000359580
-0.0000472230
0.0000787080
-0.0001156700
0.0001874900
-0.0003037600
0.0006155500
-0.0032822000
-0.0075362000
-0.0075595000
-0.0079988000
-0.0076484000
-0.0079766000
-0.0076065000
-0.0080892000
-0.0073925000
-0.0085009000
-0.0044969000
-0.0026239000
-0.0021880000
-0.0048432000
-0.0080238000
-0.0075224000
-0.0080220000
-0.0076487000
-0.0079439000
-0.0076985000
-0.0070947000
-0.0025131000
0.0004127700
-0.0002087100
0.0001375600
-0.0001030300
0.0001013900
-0.0001076300
0.0001442400
-0.0001994000
0.0003224600
-0.0006135100
0.0025780000
0.0061757000
0.0018882000
0.0006226000
-0.0001628100
0.0000879230
-0.0000490480
0.0000221740
-0.0000007783
-0.0000187360
0.0000500750
-0.0000868780
0.0001384200
-0.0002513100
0.0007040200
0.0004911700
0.0000060106
-0.0002195900
0.0005946800
-0.0043572000
-0.0081812000
-0.0015268000
-0.0001201500
0.0002562500
-0.0008696800
-0.0075659000
-0.0078457000
-0.0077760000
-0.0079127000
-0.0071312000
0.0000137430
-0.0003496500
0.0006984700
-0.0044276000
-0.0084418000
-0.0075300000
-0.0079187000
-0.0078766000
-0.0070700000
-0.0001507100
-0.0000295860
0.0000283780
-0.0000174280
0.0000087654
-0.0000052368
0.0000039584
-0.0000033774
0.0000111550
-0.0000145410
0.0000305100
-0.0000516190
0.0000912240
-0.0002015500
0.0012820000
0.0057943000
0.0086759000
0.0037278000
0.0038424000
0.0003164300
-0.0000292740
-0.0001977400
0.0021225000
0.0017059000
0.0016326000
0.0006809600
-0.0001790900
0.0000924380
-0.0000527860
0.0000346880
-0.0000148140
0.0000094534
0.0000016607
-0.0000053320
0.0000032173
0.0000146040
-0.0005441300
-0.0026136000
-0.0061172000
-0.0077697000
-0.0079798000
-0.0072717000
-0.0064140000
-0.0014884000
0.0001390000
0.0002240800
-0.0035450000
-0.0069145000
-0.0078041000
-0.0076421000
-0.0007876600
0.0001651500
-0.0000505020
-0.0000086631
0.0000665130
-0.0001427700
0.0002351000
-0.0003472400
0.0025401000
0.0037129000
0.0013370000
0.0028171000
0.0028177000
0.0029204000
0.0031910000
0.0078453000
0.0073654000
0.0071720000
0.0075300000
0.0071387000
0.0061429000
0.0052273000
0.0083396000
0.0073283000
0.0084746000
0.0023859000
-0.0005233600
0.0002688400
-0.0001846200
0.0001490500
-0.0001549200
0.0001813200
-0.0002503900
0.0003673200
-0.0005760700
0.0010225000
-0.0032792000
-0.0024992000
-0.0007365100
-0.0023694000
0.0005645800
-0.0001225600
-0.0037908000
-0.0055616000
-0.0078651000
-0.0070342000
-0.0059492000
-0.0063963000
-0.0078224000
-0.0044005000
-0.0000223350
-0.0000252100
0.0000077094
0.0000055644
-0.0000203240
0.0000375730
-0.0000618280
0.0001008500
-0.0001993900
0.0008502000
0.0073125000
0.0056051000
0.0055513000
0.0073604000
0.0042539000
0.0076109000
0.0084084000
0.0044359000
-0.0006895800
0.0003379100
-0.0001765300
0.0000146420
0.0007778700
0.0029177000
0.0070934000
0.0019501000
0.0011529000
-0.0002817800
0.0001434100
-0.0000726520
0.0000329850
0.0000065732
-0.0000446210
0.0000902900
-0.0001618400
0.0002664500
-0.0033282000
-0.0081998000
-0.0075813000
-0.0079935000
-0.0057970000
-0.0019633000
-0.0005373500
0.0001674500
-0.0002791800
-0.0044947000
-0.0058943000
-0.0071935000
-0.0059052000
-0.0008906800
0.0002520500
-0.0001346900
0.0000889020
-0.0000668770
0.0000587660
-0.0000606100
0.0000769450
-0.0001042800
0.0001732300
-0.0003552500
0.0018687000
0.0027327000
0.0006140600
-0.0001292700
0.0000877860
-0.0001022000
0.0001472700
-0.0002459400
0.0035769000
0.0006411800
-0.0002356400
0.0001446300
-0.0001142100
0.0001076400
-0.0001155500
0.0001504500
-0.0002112200
0.0003786700
-0.0012758000
-0.0029885000
-0.0067963000
-0.0033572000
0.0010545000
-0.0021762000
-0.0033838000
-0.0069666000
-0.0081461000
-0.0076171000
-0.0079367000
-0.0077243000
-0.0078659000
-0.0077757000
-0.0078336000
-0.0078037000
-0.0078027000
-0.0078755000
-0.0065490000
-0.0037123000
-0.0040899000
-0.0051615000
-0.0017071000
0.0004300100
-0.0002107300
0.0001317100
-0.0000813000
0.0000580460
-0.0000334680
0.0000243020
-0.0000128970
0.0000074807
0.0000000000
0.0000000000
0.0000000000
0.0000000000
0.0000000000
0.0000000000
0.0000000000
0.0000000000
0.0000000000
0.0000011262
-0.0000013457
0.0000049752
-0.0000063059
0.0000098274
-0.0000116810
0.0000246490
-0.0000345410
0.0000831770
-0.0009060800
-0.0002741900
-0.0013210000
-0.0050829000
-0.0002989300
-0.0001841500
-0.0068880000
-0.0070354000
-0.0078365000
-0.0077933000
-0.0078366000
-0.0077641000
-0.0078856000
-0.0076968000
-0.0079881000
-0.0075293000
-0.0083425000
-0.0044104000
-0.0046065000
-0.0084399000
-0.0073588000
-0.0082362000
-0.0014722000
0.0003293200
-0.0001562300
0.0001004300
-0.0000633490
0.0000479860
-0.0000292480
0.0000215660
-0.0000077635
0.0000074807
-0.0000000000
0.0000000000
-0.0000000000
0.0000000000
-0.0000000000
0.0000000000
0.0009765600
0.0000000000
-0.0000000000
0.0000000000
-0.0000000000
0.0000000000
-0.0000000000
0.0000000000
-0.0000000000
0.0000000000
0.0000086069
-0.0000102130
0.0000261200
-0.0000369820
0.0000657650
-0.0000956300
0.0001560700
-0.0002509100
0.0005043700
-0.0025374000
-0.0081921000
-0.0075886000
-0.0079448000
-0.0077315000
-0.0078558000
-0.0077986000
-0.0078006000
-0.0078511000
-0.0077374000
-0.0079642000
-0.0072617000
-0.0070542000
-0.0058748000
-0.0008148900
0.0001845000
-0.0000851200
0.0000620930
-0.0000466020
0.0000409490
0.0000268090
-0.0010142000
-0.0055947000
-0.0054243000
0.0004411200
-0.0002550300
0.0001592900
-0.0001034500
0.0000671460
-0.0000423440
0.0000252520
-0.0000137290
0.0000096593
0.0000020693
-0.0000044184
0.0000105430
-0.0000197930
0.0000434050
-0.0000655840
0.0001090200
-0.0001473400
0.0000103280
-0.0025494000
-0.0014869000
0.0002107000
0.0002410000
-0.0050615000
-0.0075226000
-0.0075615000
-0.0079735000
-0.0077052000
-0.0078748000
-0.0077712000
-0.0078290000
-0.0077999000
-0.0078142000
-0.0078084000
-0.0078073000
-0.0078073000
-0.0078090000
-0.0078125000
-0.0078036000
-0.0078222000
-0.0077884000
-0.0078448000
-0.0077557000
-0.0078925000
-0.0076864000
-0.0079250000
-0.0045757000
0.0003325000
-0.0001595700
0.0000876770
-0.0000319530
-0.0000063262
0.0000558730
-0.0001365800
0.0008445800
0.0003434200
-0.0001938700
0.0001891400
-0.0002333100
0.0003374400
-0.0005980800
0.0022933000
0.0013297000
-0.0004262700
0.0001550600
-0.0011485000
0.0002646600
-0.0001962500
0.0001963100
-0.0002195900
-0.0013631000
-0.0054894000
-0.0083155000
-0.0075565000
-0.0079632000
-0.0077111000
-0.0078736000
-0.0077699000
-0.0078338000
-0.0077968000
-0.0078161000
-0.0078124000
-0.0077976000
-0.0078322000
-0.0077682000
-0.0078769000
-0.0076988000
-0.0079844000
-0.0075227000
-0.0083460000
-0.0051351000
-0.0065541000
-0.0050200000
-0.0036091000
-0.0038864000
-0.0052185000
-0.0027774000
-0.0027860000
-0.0039153000
-0.0040397000
-0.0033065000
0.0003683800
-0.0001963300
0.0001509200
0.0008132900
0.0019680000
0.0001115000
-0.0000431430
0.0000278570
-0.0000165620
0.0000139160
-0.0000087427
0.0000103680
-0.0000056055
0.0000102040
-0.0000092413
0.0000141890
-0.0000110330
0.0000207850
-0.0010097000
0.0001303800
-0.0028980000
-0.0041915000
-0.0034749000
-0.0062517000
-0.0052493000
-0.0065511000
-0.0082350000
-0.0075752000
-0.0079560000
-0.0077163000
-0.0078698000
-0.0077737000
-0.0078374000
-0.0077853000
-0.0078414000
-0.0077647000
-0.0078825000
-0.0076965000
-0.0079880000
-0.0075054000
-0.0066522000
-0.0032287000
0.0006074800
-0.0003011900
0.0001862300
-0.0001148200
0.0000780280
-0.0000446090
0.0000306130
-0.0000126330
0.0000093595
0.0000000000
0.0000000000
0.0000000000
0.0000000000
0.0000000000
0.0000000000
0.0000000000
0.0000000000
0.0000000000
0.0000077196
-0.0000087871
0.0000231660
-0.0000316410
0.0000547070
-0.0000786710
0.0001220400
-0.0001952600
0.0004093200
-0.0020835000
-0.0046864000
-0.0075135000
-0.0081715000
-0.0069019000
-0.0071648000
-0.0056265000
-0.0011348000
-0.0073033000
-0.0077337000
-0.0078816000
-0.0077584000
-0.0078379000
-0.0077902000
-0.0078155000
-0.0078071000
-0.0078028000
-0.0078208000
-0.0077954000
-0.0078283000
-0.0077843000
-0.0078460000
-0.0077527000
-0.0079316000
-0.0071695000
-0.0071581000
-0.0083154000
-0.0037204000
-0.0040498000
-0.0043724000
0.0003380700
-0.0001856100
0.0001206800
-0.0000737750
0.0000514500
-0.0000277430
0.0000195160
-0.0000061114
0.0000134880
-0.0000114000
0.0000293990
-0.0000426710
0.0000717460
-0.0001066400
0.0001684900
-0.0002682800
0.0005382900
-0.0024100000
-0.0084340000
-0.0073888000
-0.0082286000
-0.0070352000
-0.0027528000
-0.0046980000
-0.0065324000
-0.0081521000
-0.0076266000
-0.0079241000
-0.0077336000
-0.0078536000
-0.0077793000
-0.0078231000
-0.0078008000
-0.0078120000
-0.0078073000
-0.0078073000
-0.0078106000
-0.0078072000
-0.0078148000
-0.0077989000
-0.0078267000
-0.0077826000
-0.0078476000
-0.0077479000
-0.0079230000
-0.0073999000
-0.0015909000
-0.0002195800
-0.0002463900
-0.0026715000
-0.0036980000
-0.0023323000
-0.0030796000
-0.0039353000
-0.0008097900
0.0003224200
-0.0001809400
0.0001146600
-0.0000661380
0.0000331830
-0.0000012074
-0.0000221130
0.0000604650
-0.0001003500
0.0001986800
-0.0008813400
-0.0006832600
-0.0034111000
-0.0046330000
-0.0022956000
-0.0032614000
-0.0056299000
-0.0082448000
-0.0076503000
-0.0078104000
-0.0079990000
-0.0069385000
-0.0059726000
-0.0074060000
-0.0078623000
-0.0077882000
-0.0095444000
-0.0102420000
-0.0074158000
-0.0080047000
-0.0076920000
-0.0078851000
-0.0077571000
-0.0078445000
-0.0077803000
-0.0078337000
-0.0077755000
-0.0078816000
-0.0038306000
-0.0039422000
-0.0033313000
-0.0039671000
-0.0039091000
-0.0043579000
-0.0044403000
-0.0057635000
-0.0054927000
-0.0057983000
-0.0049751000
-0.0031699000
-0.0029953000
-0.0011661000
0.0001355500
-0.0000483790
0.0000273630
-0.0000115490
0.0000092477
0.0000030295
-0.0000005982
0.0000132420
-0.0000169400
0.0000396970
-0.0000558050
0.0000954500
-0.0001553100
-0.0006398500
-0.0032625000
-0.0051443000
-0.0063422000
-0.0054011000
-0.0062189000
-0.0075242000
-0.0078317000
-0.0078075000
-0.0078247000
-0.0077827000
-0.0078546000
-0.0077403000
-0.0079114000
-0.0076361000
-0.0081769000
-0.0051704000
-0.0009111900
-0.0000225980
-0.0037492000
-0.0043252000
-0.0079909000
-0.0079726000
-0.0068906000
-0.0062855000
-0.0082778000
-0.0060884000
-0.0043193000
-0.0030470000
-0.0069086000
-0.0069662000
-0.0025455000
-0.0010336000
0.0004613300
-0.0002717900
0.0001758500
-0.0001086600
0.0000739450
-0.0000487200
0.0000544820
-0.0000596680
0.0000999560
-0.0001556200
0.0002669700
-0.0006127200
-0.0005071000
-0.0002526400
-0.0014113000
-0.0040175000
-0.0052351000
-0.0071181000
-0.0060852000
-0.0026690000
-0.0034800000
-0.0027250000
-0.0044537000
-0.0025301000
-0.0021483000
-0.0022342000
0.0007226600
-0.0029366000
-0.0007251300
-0.0013531000
-0.0047926000
-0.0031169000
-0.0048971000
-0.0086720000
-0.0072135000
-0.0084697000
-0.0056870000
-0.0053535000
-0.0067360000
-0.0059070000
-0.0010479000
0.0003198600
-0.0001794600
0.0001266300
-0.0000984980
0.0000934160
-0.0000983120
0.0001400000
-0.0002574600
0.0009876800
0.0056207000
0.0044163000
-0.0001480600
0.0013279000
0.0023560000
0.0042622000
0.0008908900
0.0000178680
-0.0000363560
0.0000197760
0.0000040529
-0.0000369860
0.0000754980
-0.0001579500
0.0008717000
0.0002992000
-0.0001364400
0.0001442200
-0.0005967200
-0.0028112000
-0.0029389000
-0.0014591000
-0.0023800000
-0.0044150000
-0.0046015000
-0.0076750000
-0.0079189000
-0.0075806000
-0.0060828000
-0.0013600000
-0.0021902000
-0.0024916000
-0.0039590000
-0.0051715000
-0.0047873000
-0.0011998000
0.0001503100
-0.0011047000
0.0002979700
-0.0001427600
0.0000491630
0.0000437010
-0.0002377900
-0.0009156500
0.0002004600
-0.0001254400
0.0001007400
0.0008685100
0.0001418600
-0.0002422800
0.0006959700
0.0030185000
0.0030500000
0.0046808000
0.0067005000
0.0079327000
0.0065002000
0.0042582000
0.0039172000
0.0013392000
-0.0000071295
0.0002748700
0.0008846800
-0.0001826100
0.0001188800
-0.0001533700
-0.0019531000
0.0001921900
-0.0004988000
-0.0011262000
-0.0007103300
-0.0020565000
-0.0040441000
-0.0036300000
-0.0013737000
-0.0005374200
-0.0012606000
-0.0031164000
-0.0027270000
-0.0039856000
-0.0060162000
-0.0066809000
-0.0078841000
-0.0070337000
-0.0051138000
-0.0032648000
-0.0023145000
-0.0033855000
-0.0005889500
-0.0001793000
0.0000921010
0.0029115000
-0.0001490600
0.0010171000
0.0022212000
0.0037588000
0.0029990000
0.0004390500
0.0053557000
0.0051129000
0.0070324000
0.0078343000
0.0077989000
0.0078275000
0.0077802000
0.0078576000
0.0077398000
0.0079161000
0.0076744000
0.0078304000
0.0003723800
0.0050045000
0.0087198000
0.0068220000
0.0042466000
0.0009222100
-0.0002485400
0.0001235600
-0.0000821130
0.0000514970
-0.0000383970
0.0000249000
-0.0000182710
0.0000054138
-0.0000048161
0.0000000000
-0.0000000000
0.0000000000
-0.0000000000
-0.0009765600
-0.0000000000
0.0000000000
-0.0000000000
0.0000000000
-0.0000074807
0.0000077635
-0.0000215660
0.0000292480
-0.0000533380
0.0000762080
-0.0001256100
0.0002003500
-0.0004015900
0.0015861000
0.0080584000
0.0076451000
0.0079149000
0.0077418000
0.0078536000
0.0077828000
0.0078257000
0.0078016000
0.0078135000
0.0078089000
0.0078073000
0.0078073000
0.0078073000
0.0078143000
0.0077905000
0.0078491000
0.0077361000
0.0079347000
0.0076092000
0.0081256000
0.0073059000
0.0086923000
0.0053527000
0.0057374000
0.0043319000
0.0025001000
0.0008051500
-0.0004351100
0.0002651700
-0.0001705800
0.0000998530
-0.0000615160
0.0000281540
-0.0000141840
0.0000021017
-0.0000016170
0.0000000000
0.0000000000
0.0000000000
-0.0000061806
0.0000041596
-0.0000140540
0.0000156180
-0.0000305570
0.0000399780
-0.0000693150
0.0001122500
-0.0002602900
0.0015549000
0.0068522000
0.0078935000
0.0077889000
0.0078176000
0.0078045000
0.0078210000
0.0077606000
0.0088544000
0.0126380000
0.0126300000
0.0090471000
0.0075643000
0.0079170000
0.0077438000
0.0078480000
0.0077802000
0.0078306000
0.0077929000
0.0078226000
0.0077959000
0.0078139000
0.0078031000
0.0078139000
0.0077995000
0.0078730000
0.0072011000
-0.0001700100
0.0009108000
0.0042207000
0.0021740000
0.0068270000
0.0038494000
0.0009918500
-0.0003052200
0.0001585500
-0.0000993060
0.0000586450
-0.0000356600
0.0000149000
-0.0000098566
-0.0000045127
0.0000024914
-0.0000176930
0.0000203280
-0.0000386260
0.0000599030
-0.0001387700
0.0041220000
0.0023552000
0.0077789000
0.0077887000
0.0078458000
0.0077547000
0.0078953000
0.0076706000
0.0080838000
0.0050030000
0.0073872000
0.0079848000
0.0077057000
0.0078714000
0.0077662000
0.0078332000
0.0077917000
0.0078160000
0.0078058000
0.0078119000
0.0078083000
0.0078136000
0.0078031000
0.0078212000
0.0077926000
0.0078339000
0.0077873000
0.0076779000
0.0019076000
0.0006471400
0.0000416870
-0.0000399710
0.0000231900
-0.0000195990
0.0000080953
-0.0000088736
0.0000006983
-0.0000040069
-0.0000011262
0.0000000000
0.0000000000
0.0000000000
0.0000000000
-0.0000074807
0.0000077635
-0.0000215660
0.0000292480
-0.0000533380
0.0000762080
-0.0001256100
0.0002003500
-0.0004015900
0.0015861000
0.0080584000
0.0076451000
0.0079149000
0.0077418000
0.0078536000
0.0077828000
0.0078257000
0.0078016000
0.0078135000
0.0078089000
0.0078073000
0.0078073000
0.0078115000
0.0078057000
0.0078166000
0.0077991000
0.0078266000
0.0077842000
0.0078501000
0.0077416000
0.0079546000
0.0071581000
0.0014351000
0.0025172000
0.0000065692
0.0000016709
-0.0000060661
-0.0000006826
-0.0000033199
-0.0000026142
0.0000010547
-0.0000053742
0.0000020981
-0.0000014213
-0.0000022026
0.0000073982
-0.0000143920
0.0000201050
-0.0000057089
-0.0002387100
-0.0059468000
-0.0006703500
-0.0019806000
-0.0011313000
0.0003010100
-0.0001683200
0.0001054500
-0.0000685850
0.0000359120
-0.0000192700
-0.0000014549
0.0000150710
-0.0000359020
0.0000550910
-0.0000932160
0.0001480700
-0.0002516000
0.0033053000
0.0082639000
0.0071751000
0.0070329000
0.0084341000
0.0059079000
0.0074688000
0.0067406000
0.0055888000
0.0033803000
-0.0012612000
0.0040288000
0.0017949000
-0.0004890100
0.0002529800
-0.0001639000
0.0001083500
-0.0000775520
0.0000529180
-0.0000336770
0.0000247480
-0.0000167880
0.0000239450
-0.0000387300
0.0000937510
-0.0004265400
-0.0011737000
-0.0037093000
-0.0066529000
-0.0084375000
-0.0036353000
-0.0045014000
-0.0076087000
-0.0064930000
-0.0062996000
-0.0061833000
-0.0031956000
-0.0003485300
0.0000096593
0.0000075597
-0.0000015946
0.0000033112
-0.0000020070
0.0000009318
0.0000058797
-0.0000145670
0.0000350100
-0.0000563290
0.0000877870
-0.0001295400
0.0011373000
0.0010128000
0.0040742000
0.0052225000
0.0030962000
0.0027792000
0.0000866280
0.0011592000
-0.0000595160
0.0003594800
-0.0007353700
0.0033180000
0.0018397000
0.0023023000
0.0022716000
-0.0006967700
0.0004124400
-0.0002851600
0.0002222400
-0.0001957700
0.0001563900
-0.0036891000
-0.0033373000
-0.0024459000
-0.0006129500
0.0006482700
-0.0016318000
-0.0007273300
-0.0020225000
-0.0033214000
-0.0055787000
-0.0082372000
-0.0075861000
-0.0079803000
-0.0062915000
-0.0009215900
-0.0026043000
-0.0004505500
0.0000808720
0.0002417900
0.0022113000
0.0030932000
0.0003130100
0.0019405000
0.0000089008
0.0032322000
0.0035511000
0.0021464000
0.0021303000
-0.0004496700
0.0002516400
-0.0001736100
0.0001349500
-0.0001756400
0.0011705000
0.0045502000
0.0075090000
0.0079792000
0.0073148000
0.0053091000
0.0059018000
0.0054868000
0.0020212000
-0.0003307900
0.0000856270
0.0000550010
-0.0002022700
0.0004811600
-0.0022830000
-0.0045789000
-0.0044806000
-0.0056923000
-0.0040363000
-0.0029931000
-0.0034635000
-0.0051468000
-0.0041356000
-0.0019938000
-0.0016896000
-0.0027615000
-0.0021224000
-0.0022817000
-0.0043867000
-0.0021854000
-0.0012889000
-0.0015853000
-0.0043343000
-0.0027766000
-0.0028231000
-0.0017641000
-0.0013990000
-0.0005736800
0.0000109940
-0.0016260000
-0.0002946400
0.0002701400
-0.0007384800
-0.0016356000
0.0003495000
-0.0001591400
0.0000717690
-0.0000081876
-0.0000511990
0.0029130000
0.0051064000
0.0050113000
0.0070911000
0.0050937000
0.0024535000
0.0030680000
0.0021109000
0.0014739000
0.0010661000
-0.0002636100
0.0001420500
-0.0008602300
-0.0005776700
-0.0029351000
-0.0052849000
-0.0061448000
-0.0054147000
-0.0037771000
-0.0015448000
-0.0016025000
-0.0006971300
-0.0035862000
-0.0054487000
-0.0069591000
-0.0054937000
-0.0066835000
-0.0077192000
-0.0060242000
-0.0070429000
-0.0048464000
-0.0074649000
-0.0049156000
-0.0081143000
-0.0077012000
-0.0078169000
-0.0077099000
-0.0047292000
0.0001480100
-0.0016333000
-0.0001974300
-0.0001452600
0.0002726600
0.0004958300
0.0013661000
0.0022639000
0.0004115200
0.0003016500
-0.0001789300
0.0001029100
-0.0000474860
0.0000026243
0.0000409900
-0.0000950120
0.0001989700
-0.0007718700
-0.0004361400
0.0001269200
0.0000824850
0.0041965000
0.0027009000
-0.0002771000
0.0002768700
-0.0006690700
-0.0005413300
-0.0017237000
-0.0047181000
-0.0057488000
-0.0077080000
-0.0078661000
-0.0077603000
-0.0078721000
-0.0077256000
-0.0079728000
-0.0069455000
-0.0074985000
-0.0079607000
-0.0076882000
-0.0079682000
-0.0066997000
-0.0035064000
-0.0063981000
-0.0010181000
-0.0031977000
-0.0065261000
-0.0074511000
-0.0047062000
-0.0035717000
-0.0014530000
-0.0005282800
-0.0003300300
0.0001304800
0.0001038900
0.0010227000
0.0002530700
0.0014015000
0.0021645000
0.0010201000
0.0023701000
0.0008056300
0.0017317000
-0.0001917300
0.0000300850
0.0000844730
-0.0002689600
0.0012277000
0.0012894000
0.0002412300
0.0012895000
0.0012336000
-0.0002727600
0.0000952170
0.0000138380
-0.0001078400
0.0002349000
-0.0004228600
0.0008392800
-0.0047575000
-0.0060674000
-0.0061708000
-0.0065497000
-0.0069781000
-0.0069830000
-0.0062037000
-0.0050014000
-0.0039378000
-0.0052308000
-0.0051173000
-0.0037135000
-0.0028873000
-0.0011125000
-0.0016957000
-0.0045206000
-0.0056449000
-0.0060203000
-0.0029832000
-0.0022281000
-0.0006885400
0.0003037300
-0.0010822000
-0.0006285200
-0.0007038600
-0.0018006000
0.0004066400
-0.0005306000
0.0017751000
0.0053663000
0.0046446000
0.0053072000
0.0035606000
0.0002172200
-0.0000251370
-0.0000325490
0.0010869000
0.0017502000
-0.0035481000
-0.0023579000
-0.0041658000
-0.0049391000
-0.0012347000
-0.0004092800
0.0003595300
-0.0003978100
0.0008055300
0.0016332000
-0.0004047200
0.0003187800
-0.0007652900
-0.0005810800
-0.0018862000
-0.0029994000
-0.0082283000
-0.0075171000
-0.0082870000
-0.0086459000
-0.0074313000
-0.0083079000
-0.0060595000
-0.0070681000
-0.0054601000
-0.0058250000
-0.0046921000
-0.0049384000
-0.0050033000
-0.0029017000
-0.0018252000
-0.0023732000
-0.0027998000
-0.0049658000
-0.0048803000
-0.0057994000
-0.0051028000
-0.0048343000
-0.0034642000
-0.0014690000
0.0003838600
-0.0004400300
0.0024125000
0.0017267000
0.0071813000
0.0058165000
0.0018782000
-0.0002966200
0.0002592500
-0.0003271300
0.0005589700
-0.0018865000
-0.0060086000
-0.0002486200
-0.0000781290
0.0000678670
-0.0000484850
0.0000377050
-0.0000242030
0.0000290070
-0.0000315580
0.0000533250
-0.0000727590
0.0001220500
-0.0001682500
-0.0002110100
-0.0036916000
-0.0083906000
-0.0074996000
-0.0080390000
-0.0076063000
-0.0080415000
-0.0074988000
-0.0083751000
-0.0048291000
-0.0056192000
-0.0042843000
-0.0016038000
-0.0021611000
-0.0032896000
-0.0011495000
0.0008045700
-0.0022054000
-0.0032092000
-0.0018855000
-0.0035781000
-0.0003875400
0.0001717400
-0.0001132500
0.0000958540
-0.0000989720
0.0001293600
-0.0002194400
0.0039843000
0.0018542000
0.0012580000
-0.0001429700
0.0000317580
0.0000165110
-0.0000633040
0.0001471400
-0.0008522800
-0.0003243700
0.0001692300
-0.0001484600
0.0001674800
-0.0002232200
0.0003421500
-0.0006089600
0.0023217000
0.0012798000
-0.0003437700
0.0000180120
-0.0008954400
-0.0004492800
-0.0033132000
-0.0050583000
-0.0072225000
-0.0079089000
-0.0077713000
-0.0078442000
-0.0077792000
-0.0078503000
-0.0077597000
-0.0078812000
-0.0077065000
-0.0070357000
-0.0035054000
-0.0008637400
0.0002364100
-0.0006996900
-0.0024504000
-0.0019147000
-0.0032541000
-0.0019497000
0.0006013400
-0.0003736700
0.0010841000
0.0001014500
-0.0001265200
0.0002228400
-0.0004735900
0.0028365000
0.0063886000
0.0070836000
0.0079435000
0.0062212000
0.0058706000
0.0046044000
0.0053970000
0.0063560000
0.0028536000
0.0030710000
0.0027776000
0.0021795000
0.0002797200
-0.0000986210
0.0000519080
-0.0000339400
0.0000196740
-0.0000073010
-0.0000102490
0.0000281220
-0.0000529290
0.0000892890
-0.0001416900
0.0002386400
-0.0005624300
-0.0006377900
-0.0054891000
-0.0019304000
-0.0002984900
-0.0000205130
-0.0002792100
-0.0051138000
-0.0036714000
0.0003775600
-0.0001391200
0.0000261010
0.0000686970
-0.0001887900
0.0003993100
-0.0012480000
-0.0025994000
-0.0021572000
-0.0001758500
0.0000157650
0.0005368500
0.0009365200
0.0037239000
0.0045032000
0.0045804000
0.0042852000
0.0048707000
0.0040693000
0.0043004000
0.0040404000
0.0004564700
-0.0002469100
0.0001706600
-0.0001633900
0.0001720100
-0.0002406700
0.0003888600
0.0021869000
0.0034804000
0.0084489000
0.0074300000
0.0110850000
0.0134490000
0.0111620000
0.0075858000
0.0063774000
0.0000133280
-0.0037359000
-0.0101940000
-0.0155390000
-0.0155460000
-0.0159230000
-0.0145590000
-0.0085879000
-0.0035992000
0.0014663000
0.0073334000
0.0079086000
0.0078816000
0.0076052000
0.0082090000
0.0013120000
0.0002078300
-0.0041009000
-0.0087396000
-0.0071841000
-0.0085129000
-0.0082904000
-0.0082277000
-0.0025900000
0.0007267200
-0.0004740200
0.0052682000
0.0082957000
0.0073927000
0.0088764000
0.0147440000
0.0119920000
0.0073768000
0.0084183000
0.0024395000
-0.0005699500
0.0003091000
-0.0002221900
0.0001888000
-0.0002478900
0.0008290700
0.0076163000
0.0078423000
0.0050723000
0.0010383000
0.0016868000
0.0048223000
0.0005135800
0.0000486510
-0.0000168870
-0.0000633870
0.0002226800
-0.0012223000
-0.0070362000
-0.0082937000
-0.0071401000
-0.0089460000
-0.0014445000
-0.0056513000
-0.0056433000
-0.0025503000
-0.0026328000
0.0009017100
-0.0005207600
0.0003283400
-0.0002000300
0.0001243000
-0.0000662740
0.0000310870
-0.0000063052
-0.0000054275
0.0000169210
-0.0000250950
0.0000316650
-0.0000504350
0.0000766380
-0.0001897600
0.0013203000
0.0015875000
0.0011371000
0.0001324300
0.0017140000
0.0008616700
0.0051923000
0.0068271000
0.0089384000
0.0090610000
0.0093134000
0.0084732000
0.0066304000
0.0071714000
0.0013034000
-0.0003306200
0.0002513200
-0.0004785800
-0.0008214100
-0.0019887000
-0.0012530000
-0.0024651000
-0.0001026800
0.0008597900
0.0074719000
0.0081376000
0.0063348000
-0.0004120700
0.0004809500
-0.0031714000
-0.0072665000
-0.0079896000
-0.0076187000
-0.0080798000
-0.0015731000
0.0003739900
-0.0001715100
0.0000428240
0.0003312600
0.0011412000
0.0024908000
0.0000393780
0.0009291500
0.0009736100
-0.0001711400
0.0009338900
0.0003483700
0.0029501000
0.0053282000
0.0037331000
0.0028066000
0.0039226000
0.0080274000
0.0076298000
0.0079520000
0.0076899000
0.0079412000
0.0076523000
0.0080309000
0.0074569000
0.0084856000
0.0034854000
0.0008669500
0.0033360000
0.0021118000
0.0000048608
-0.0000776760
0.0023387000
0.0027840000
0.0044694000
0.0022149000
0.0009002000
-0.0001482500
0.0008348000
0.0025786000
0.0051841000
0.0025976000
0.0021620000
-0.0015868000
-0.0021933000
0.0005543900
-0.0003422500
0.0002881000
-0.0003185800
0.0004435300
-0.0009759600
-0.0025696000
-0.0044207000
-0.0000013662
-0.0005253300
0.0020938000
0.0048593000
0.0041119000
0.0030616000
0.0014566000
0.0022538000
0.0033858000
0.0048632000
0.0069472000
0.0078971000
0.0077691000
0.0078239000
0.0078135000
0.0077846000
0.0078589000
0.0077230000
0.0079529000
0.0075508000
0.0070692000
0.0074368000
0.0060221000
0.0044319000
0.0072126000
0.0082198000
0.0073644000
0.0084973000
0.0052359000
-0.0004210000
0.0001099100
0.0036135000
0.0003913600
-0.0001320000
0.0009394500
0.0015152000
0.0022479000
0.0002969100
-0.0001805400
0.0002426500
-0.0005983300
-0.0032514000
-0.0042982000
-0.0024765000
-0.0042187000
-0.0072112000
-0.0057577000
-0.0060035000
-0.0076382000
-0.0000092451
-0.0013152000
-0.0015348000
0.0003177100
-0.0001622400
0.0000946160
-0.0000558530
0.0000243510
0.0000656480
0.0015291000
0.0045649000
-0.0006859500
0.0018297000
0.0072443000
0.0005710500
0.0049814000
0.0068198000
0.0034969000
0.0083398000
0.0074677000
0.0080908000
0.0075124000
0.0082835000
0.0057053000
0.0023255000
-0.0000425490
-0.0000690560
0.0030662000
0.0067355000
0.0045621000
0.0030532000
0.0015224000
-0.0003785300
-0.0003492200
-0.0053888000
-0.0025616000
-0.0006499500
0.0003852000
-0.0003299100
0.0003629200
-0.0005414200
-0.0012070000
-0.0043298000
-0.0085501000
-0.0064123000
-0.0054490000
-0.0037652000
-0.0062232000
-0.0005863400
-0.0003653000
0.0001845800
-0.0000592550
-0.0002761000
-0.0063362000
-0.0057742000
-0.0020731000
-0.0012652000
-0.0004930900
-0.0006916700
0.0009487900
0.0014326000
0.0012600000
0.0010008000
-0.0010318000
0.0024371000
0.0037530000
0.0062393000
0.0083747000
0.0075717000
0.0065380000
0.0049886000
0.0051081000
-0.0010463000
0.0058611000
0.0032946000
-0.0002078600
0.0067788000
0.0069768000
0.0003769400
-0.0001136800
0.0001583900
-0.0003245200
0.0012745000
0.0012632000
-0.0012655000
-0.0000626110
-0.0000436120
0.0000626980
-0.0000958560
0.0001722100
-0.0008720800
-0.0003040100
0.0001468900
-0.0001189100
0.0001223500
-0.0001521800
0.0002159200
-0.0003503100
0.0008612300
-0.0033078000
-0.0002067500
-0.0007552400
-0.0016801000
0.0010356000
0.0004577400
-0.0002125000
0.0003060600
-0.0005827000
0.0019474000
0.0048055000
0.0039230000
-0.0002996900
0.0042127000
0.0040640000
0.0020557000
0.0066341000
0.0026637000
0.0049240000
0.0057714000
0.0031273000
0.0066323000
0.0078520000
0.0047605000
0.0076802000
0.0062242000
0.0045911000
0.0068792000
0.0084990000
0.0038315000
0.0051756000
0.0066435000
0.0025631000
0.0050279000
0.0033213000
-0.0000736180
-0.0002829200
0.0013233000
0.0010944000
-0.0003605200
0.0001601400
-0.0000448620
-0.0000663820
0.0002136700
-0.0006846400
-0.0017944000
-0.0042982000
-0.0032054000
0.0000609980
0.0005950200
0.0010947000
0.0003241700
-0.0001119400
0.0000901380
-0.0001052500
0.0001385400
-0.0002193600
0.0004673200
0.0034194000
0.0034238000
0.0036094000
0.0022955000
0.0021952000
0.0016793000
0.0014068000
0.0074678000
0.0078043000
0.0079374000
0.0075680000
0.0075413000
0.0034816000
0.0061781000
0.0043816000
0.0025567000
0.0084928000
0.0073284000
0.0082894000
0.0069275000
0.0033133000
0.0024915000
0.0026252000
0.0031882000
0.0019631000
0.0015855000
0.0027163000
-0.0002880200
0.0001956300
-0.0001987900
0.0002665000
-0.0006537900
-0.0019399000
-0.0003928300
-0.0029178000
-0.0035523000
-0.0033127000
-0.0008021700
-0.0012617000
0.0003625600
-0.0018709000
-0.0033443000
-0.0045833000
-0.0022016000
-0.0029771000
-0.0033949000
0.0006381600
-0.0002334800
0.0000049552
0.0002115600
-0.0005391300
0.0015786000
0.0030516000
0.0025367000
-0.0001985500
0.0012554000
-0.0001705000
-0.0011101000
0.0031819000
0.0023343000
0.0057573000
0.0040007000
0.0069912000
0.0067404000
-0.0014468000
0.0063291000
0.0097256000
-0.0232010000
-0.0192910000
-0.0005257300
0.0157370000
0.0253060000
0.0203630000
-0.0042955000
-0.0128260000
-0.0174170000
-0.0105030000
-0.0029624000
0.0015717000
0.0045829000
-0.0008109400
0.0020284000
0.0010918000
-0.0020401000
-0.0071677000
-0.0057301000
-0.0018237000
-0.0042693000
-0.0100740000
-0.0111410000
-0.0116820000
-0.0107730000
-0.0076814000
-0.0064330000
-0.0044584000
0.0009973900
-0.0019669000
-0.0005236100
0.0000923720
0.0002056000
0.0014031000
0.0046023000
-0.0007861900
0.0019574000
0.0018129000
0.0004200500
-0.0016397000
-0.0031745000
-0.0040430000
-0.0010452000
0.0004475600
0.0010033000
0.0030858000
0.0041390000
0.0044723000
0.0052837000
0.0045306000
0.0049300000
0.0040651000
0.0015133000
0.0000123360
0.0001035100
-0.0002452500
0.0005056200
-0.0014661000
-0.0033640000
-0.0033683000
0.0003196100
-0.0017486000
-0.0032896000
-0.0031779000
-0.0049146000
-0.0061790000
-0.0065473000
-0.0055207000
-0.0060287000
-0.0010711000
-0.0004327900
-0.0077519000
-0.0078485000
-0.0074632000
-0.0059747000
-0.0080253000
-0.0078031000
-0.0076661000
-0.0064964000
-0.0033197000
0.0006387400
-0.0003265000
0.0002067700
-0.0001453800
0.0001108600
-0.0000783050
-0.0001515100
-0.0022402000
-0.0024553000
-0.0028235000
-0.0002565500
0.0018728000
0.0053298000
0.0083220000
0.0061225000
0.0022657000
0.0069184000
0.0038448000
0.0006584200
-0.0000116040
-0.0000229940
0.0000198730
-0.0000102860
-0.0000034366
0.0000151820
-0.0000328960
0.0000611590
-0.0000963440
0.0001533700
-0.0002406500
0.0004350400
-0.0020842000
0.0000580160
-0.0015600000
-0.0074832000
-0.0069844000
-0.0083547000
-0.0072406000
-0.0086274000
-0.0047740000
-0.0076099000
-0.0035598000
-0.0037127000
-0.0081291000
-0.0082215000
-0.0056446000
-0.0043358000
-0.0053553000
-0.0061403000
-0.0090001000
-0.0020762000
0.0003291000
-0.0001411300
0.0000829260
-0.0000504490
0.0000236690
0.0000068766
-0.0000407680
0.0000924840
-0.0001515500
0.0002508700
-0.0004055900
0.0035973000
0.0054043000
0.0071667000
0.0079472000
0.0005742600
0.0000323990
-0.0001954700
0.0012274000
0.0010230000
-0.0002396200
0.0001318600
-0.0000881400
0.0000559120
-0.0000445000
0.0000325740
-0.0000313170
0.0000385910
-0.0000489870
0.0001176100
0.0009868500
-0.0001544900
0.0001392700
-0.0001632900
0.0002442600
-0.0004640200
-0.0006191400
-0.0060581000
-0.0082991000
-0.0075502000
-0.0079841000
-0.0076863000
-0.0079147000
-0.0077119000
-0.0079280000
-0.0076653000
-0.0078591000
-0.0028132000
0.0005012400
-0.0002740900
0.0002568300
-0.0008322000
-0.0032007000
-0.0011520000
0.0002292300
-0.0000604730
-0.0000235830
0.0001082800
-0.0002212700
0.0004663400
-0.0018092000
-0.0032335000
0.0018431000
0.0005848500
0.0020100000
0.0048904000
-0.0012667000
0.0020266000
0.0023035000
0.0041027000
0.0016304000
0.0055279000
0.0027714000
-0.0002653700
-0.0004180000
-0.0009163800
-0.0034992000
-0.0000115730
0.0000157130
-0.0000078822
0.0000046338
0.0000047634
-0.0000039392
-0.0000011510
0.0000401900
-0.0006273600
-0.0023632000
-0.0024238000
-0.0060300000
-0.0077797000
-0.0072466000
-0.0062981000
-0.0052164000
-0.0068753000
-0.0046381000
0.0012023000
-0.0019150000
-0.0005132000
-0.0030276000
-0.0045004000
-0.0043969000
-0.0041911000
-0.0038801000
-0.0038540000
-0.0024482000
-0.0001314000
-0.0002349000
-0.0019707000
0.0003960000
-0.0002663700
0.0002453300
-0.0003000000
0.0006058800
0.0005314500
0.0004886100
0.0030282000
-0.0011749000
0.0028601000
0.0021813000
-0.0010323000
0.0025110000
0.0045678000
0.0010375000
0.0005405600
-0.0017327000
-0.0044071000
-0.0044428000
-0.0037921000
-0.0015324000
-0.0013211000
-0.0034804000
-0.0014850000
0.0006385400
-0.0005240900
0.0006265000
-0.0015331000
-0.0018559000
-0.0046971000
-0.0044855000
-0.0015290000
-0.0025478000
-0.0016186000
0.0006911200
-0.0012503000
-0.0014180000
-0.0038615000
-0.0079706000
-0.0056973000
-0.0063784000
-0.0038684000
-0.0023546000
-0.0014354000
-0.0014359000
-0.0007907000
0.0000717200
-0.0005589300
-0.0018599000
0.0008518900
0.0049385000
0.0068183000
0.0075604000
0.0063385000
0.0026418000
-0.0006977800
0.0004378400
0.0024944000
0.0027215000
0.0079494000
0.0073213000
0.0087227000
0.0039914000
0.0002930900
0.0027210000
0.0006023200
0.0055383000
0.0023643000
0.0040412000
0.0034185000
0.0017839000
0.0006197300
-0.0000548990
-0.0002585400
0.0007315200
-0.0046437000
-0.0041107000
-0.0037802000
-0.0053439000
-0.0048902000
-0.0016785000
-0.0044879000
-0.0019509000
-0.0010703000
0.0003467400
-0.0006732600
-0.0005877900
0.0001660000
-0.0030075000
0.0000686420
0.0019010000
-0.0018497000
0.0015165000
-0.0035841000
-0.0034832000
-0.0004460700
0.0006524400
0.0029826000
0.0074031000
0.0084764000
0.0056585000
0.0039844000
0.0089523000
0.0058424000
0.0071417000
0.0082266000
0.0043382000
0.0087585000
0.0052188000
0.0046090000
0.0026256000
0.0014631000
0.0017827000
0.0031382000
0.0085659000
0.0020775000
0.0069378000
0.0068444000
-0.0010214000
0.0024428000
0.0022193000
-0.0001581400
-0.0003037800
0.0016337000
0.0020284000
-0.0007699300
0.0035090000
-0.0007270500
0.0020423000
0.0044506000
0.0036181000
0.0059841000
0.0041784000
0.0008064400
-0.0001768200
0.0000661540
-0.0000259450
0.0000447700
-0.0009777700
-0.0034625000
-0.0067142000
0.0008120200
-0.0027818000
-0.0008188900
0.0003865500
-0.0003881900
0.0007947100
0.0004055800
0.0001028000
-0.0004179000
0.0017295000
0.0060300000
0.0077057000
0.0076351000
0.0059317000
0.0003149500
0.0053721000
0.0050365000
0.0014975000
0.0001674700
-0.0002245600
0.0002562700
-0.0003373800
0.0004930100
-0.0008966900
0.0047859000
0.0072902000
0.0027193000
0.0077792000
0.0078606000
0.0017293000
-0.0004896900
0.0002581500
-0.0001540300
0.0000943310
-0.0000573160
0.0000317350
-0.0000226270
0.0000158220
-0.0000383380
-0.0028738000
-0.0000441860
0.0000344320
-0.0000503220
0.0000787060
-0.0001221600
0.0001870200
-0.0002973300
0.0005311700
-0.0016208000
-0.0030866000
0.0006963200
-0.0004242900
0.0003399800
-0.0003757400
0.0009152500
0.0002530700
0.0007480800
0.0015316000
0.0017160000
0.0043354000
0.0017822000
0.0007058400
0.0048189000
0.0041699000
0.0052794000
0.0075074000
0.0081924000
0.0063407000
0.0045418000
0.0040981000
0.0046154000
0.0069525000
0.0034377000
0.0007512400
-0.0013504000
-0.0033328000
-0.0026556000
-0.0017977000
-0.0014885000
-0.0034469000
-0.0046321000
-0.0035723000
-0.0018192000
0.0004943000
0.0000766740
0.0013102000
-0.0006233100
-0.0033743000
-0.0054651000
-0.0059242000
-0.0092902000
-0.0118750000
-0.0101370000
-0.0100830000
-0.0070724000
-0.0027895000
0.0018072000
-0.0000791680
-0.0018163000
-0.0033769000
-0.0044174000
-0.0035328000
-0.0033555000
0.0006866600
0.0004511900
-0.0002982500
0.0002517600
-0.0042188000
-0.0040388000
-0.0035835000
0.0002962100
0.0027580000
0.0036871000
0.0036982000
0.0027453000
0.0031491000
0.0070931000
0.0083373000
0.0099516000
0.0106630000
0.0073658000
0.0036971000
0.0002437600
-0.0013399000
0.0008404100
0.0007529200
0.0020804000
0.0016233000
-0.0010981000
-0.0040566000
-0.0010870000
-0.0025027000
-0.0022338000
-0.0009189800
-0.0038222000
-0.0011601000
-0.0019908000
-0.0036142000
-0.0048887000
-0.0042398000
-0.0069854000
-0.0081737000
-0.0068964000
-0.0069350000
-0.0058296000
-0.0042415000
-0.0039854000
-0.0050458000
-0.0064162000
-0.0045181000
-0.0025420000
0.0014861000
0.0012012000
0.0006323100
-0.0030283000
-0.0011955000
-0.0001032400
0.0016168000
0.0012843000
0.0047298000
0.0022040000
0.0023954000
0.0041810000
0.0004936600
0.0033497000
0.0047849000
0.0078554000
0.0076171000
0.0081823000
0.0060151000
0.0033550000
-0.0007799700
0.0019537000
0.0017078000
0.0031285000
0.0042873000
0.0001383200
-0.0001435500
0.0003207700
-0.0010596000
-0.0013711000
0.0003641800
-0.0001459600
0.0000281330
0.0000736560
-0.0002018700
0.0004559400
-0.0020923000
-0.0020060000
-0.0006863800
-0.0079119000
-0.0068008000
-0.0067510000
-0.0036679000
-0.0006666700
-0.0008747000
-0.0001499100
0.0000604530
-0.0000370290
0.0000324410
-0.0000328970
0.0000477150
-0.0000600100
0.0000815650
-0.0000881600
0.0023647000
0.0039983000
0.0019850000
0.0018489000
-0.0006523900
0.0004923400
-0.0005853200
0.0017364000
0.0062020000
0.0067261000
0.0075785000
0.0080371000
0.0047909000
0.0028457000
0.0034495000
-0.0000261570
0.0000455540
-0.0000757460
0.0001315600
-0.0002936800
0.0013517000
0.0031992000
0.0017017000
-0.0002767700
0.0001491200
-0.0001320700
0.0001552700
-0.0002094400
0.0003092300
-0.0004760600
0.0008623000
-0.0029787000
-0.0067856000
-0.0068418000
-0.0057207000
-0.0017551000
0.0002368000
-0.0011773000
-0.0069459000
-0.0069982000
-0.0076358000
-0.0042899000
0.0010173000
-0.0018251000
-0.0005246900
-0.0045983000
-0.0070309000
-0.0036883000
-0.0034349000
-0.0010528000
0.0030226000
0.0032795000
0.0007103000
0.0002155000
-0.0011209000
-0.0026000000
0.0013284000
0.0017401000
0.0037243000
0.0038936000
0.0026825000
0.0031853000
0.0023292000
0.0012295000
0.0015092000
0.0031957000
0.0037117000
0.0037456000
0.0025393000
-0.0002775300
0.0016788000
-0.0024529000
0.0006445200
0.0004893500
0.0028583000
0.0000233140
-0.0034211000
-0.0030394000
-0.0044043000
-0.0040350000
-0.0039687000
-0.0053985000
-0.0050499000
-0.0076902000
-0.0058283000
-0.0055479000
-0.0091137000
-0.0075878000
-0.0104120000
-0.0086950000
-0.0047480000
-0.0021442000
-0.0026495000
-0.0052771000
-0.0082000000
-0.0073543000
-0.0040949000
-0.0032484000
-0.0000006082
-0.0004885500
0.0008683600
-0.0047089000
-0.0070387000
-0.0046641000
-0.0044391000
-0.0001322700
0.0020963000
0.0039951000
0.0067668000
0.0052087000
0.0028626000
0.0042732000
0.0035659000
0.0043839000
0.0041377000
0.0025714000
-0.0004801200
-0.0016286000
0.0008832500
0.0005980000
-0.0004600300
-0.0031423000
-0.0024133000
-0.0040527000
-0.0033051000
-0.0058084000
-0.0066307000
-0.0034763000
-0.0035507000
-0.0049027000
-0.0007716800
-0.0009500200
-0.0033848000
-0.0025520000
-0.0049628000
-0.0100260000
-0.0086720000
-0.0075265000
-0.0048797000
-0.0028939000
-0.0036987000
-0.0030491000
-0.0069642000
-0.0082821000
-0.0078449000
-0.0038695000
0.0022874000
0.0024060000
0.0016999000
-0.0017000000
-0.0009818400
-0.0000604560
-0.0025356000
-0.0019365000
-0.0026653000
0.0004988200
0.0024980000
0.0022244000
0.0042404000
0.0017551000
-0.0004430600
0.0017842000
0.0042846000
0.0054017000
0.0025467000
0.0009384700
-0.0000891300
-0.0009328700
-0.0001268300
-0.0013553000
-0.0005546100
0.0000460540
0.0000760250
-0.0002747900
0.0025198000
0.0041547000
0.0074705000
0.0094269000
0.0086495000
0.0071587000
0.0013405000
-0.0017978000
-0.0082788000
-0.0140150000
-0.0153420000
-0.0158200000
-0.0133730000
-0.0095760000
-0.0120350000
-0.0104560000
-0.0053856000
-0.0020973000
0.0006057000
0.0033589000
0.0034663000
0.0023642000
0.0037204000
0.0042993000
0.0012572000
0.0031273000
0.0026829000
-0.0006986600
-0.0036412000
-0.0049151000
-0.0078155000
-0.0043625000
-0.0013655000
0.0013353000
0.0031352000
0.0019514000
0.0030246000
0.0035613000
0.0022009000
0.0082108000
0.0097916000
0.0085180000
0.0079085000
0.0050634000
0.0031094000
0.0035273000
0.0005031800
-0.0002365700
0.0002114300
-0.0010184000
-0.0036262000
-0.0065578000
-0.0063243000
-0.0030989000
-0.0015829000
-0.0005732800
0.0009739100
0.0018304000
0.0002500400
0.0004226300
-0.0039349000
-0.0031341000
-0.0023248000
-0.0045236000
-0.0016725000
-0.0029340000
-0.0038097000
-0.0018016000
-0.0037071000
-0.0072282000
-0.0068043000
-0.0059270000
-0.0003973000
-0.0002440100
0.0001844900
0.0023816000
0.0041365000
0.0050089000
0.0051353000
0.0012163000
0.0011487000
0.0013113000
0.0017296000
0.0009940200
0.0020670000
0.0000914040
0.0011104000
0.0001000000
0.0015513000
0.0030768000
0.0032314000
0.0010143000
-0.0007112800
0.0006014800
0.0032065000
0.0038594000
0.0040354000
0.0021816000
0.0007537700
-0.0017667000
-0.0046398000
-0.0048496000
-0.0058430000
-0.0009241400
0.0037642000
0.0019584000
-0.0003293000
-0.0053671000
-0.0123480000
-0.0131490000
-0.0104200000
-0.0066158000
-0.0012858000
-0.0002484100
-0.0042605000
-0.0052627000
-0.0087747000
-0.0059176000
-0.0028939000
-0.0029373000
-0.0049519000
-0.0050511000
-0.0076330000
-0.0101030000
-0.0087048000
-0.0040961000
-0.0035558000
-0.0043841000
-0.0025023000
-0.0012276000
0.0023054000
0.0055640000
0.0128200000
0.0136050000
0.0110270000
0.0084204000
0.0025896000
-0.0000435500
-0.0018363000
-0.0044130000
-0.0047795000
-0.0036732000
-0.0041281000
-0.0055536000
-0.0065639000
-0.0025429000
-0.0014808000
0.0029810000
0.0069196000
0.0048548000
0.0017719000
-0.0030473000
-0.0053056000
-0.0056639000
-0.0054049000
-0.0058379000
-0.0077449000
-0.0150910000
-0.0154220000
-0.0162210000
-0.0101030000
-0.0076676000
-0.0058577000
0.0013628000
0.0002032900
0.0000845210
0.0008767300
0.0001723400
-0.0025501000
-0.0013957000
-0.0048305000
-0.0053555000
-0.0060005000
-0.0076659000
-0.0099794000
-0.0065489000
-0.0038953000
-0.0023283000
-0.0005641400
0.0009839900
0.0023267000
0.0053120000
0.0064297000
0.0034217000
0.0044706000
0.0030236000
0.0033089000
0.0021621000
0.0036473000
0.0040195000
0.0003862700
-0.0028337000
-0.0054435000
-0.0028318000
0.0002854500
-0.0002373800
0.0005910300
0.0007098100
-0.0003727400
0.0004690200
-0.0013997000
-0.0010961000
0.0004372200
-0.0003177700
0.0001246600
-0.0031603000
-0.0038721000
-0.0069323000
-0.0080231000
-0.0078104000
-0.0044144000
-0.0034469000
-0.0040333000
-0.0053693000
-0.0064421000
-0.0065180000
-0.0048717000
-0.0029910000
-0.0013135000
-0.0000363570
-0.0013167000
-0.0018714000
0.0002912300
-0.0001347300
0.0000591480
0.0000055385
-0.0000689270
0.0001826400
-0.0006181200
-0.0006363000
0.0004947100
0.0039876000
0.0018485000
0.0025923000
0.0012015000
0.0015101000
0.0012549000
0.0002486400
0.0041822000
0.0042033000
0.0069425000
0.0056148000
0.0051454000
0.0046568000
0.0010442000
0.0017964000
0.0003710000
-0.0000968350
-0.0000108190
0.0001176600
-0.0019843000
-0.0017939000
-0.0029514000
-0.0012914000
-0.0025016000
-0.0013710000
-0.0029185000
-0.0031009000
0.0003813300
-0.0002313000
0.0001310100
-0.0000763670
-0.0028850000
-0.0016748000
-0.0026655000
-0.0019513000
-0.0004110300
-0.0003339200
0.0004979900
-0.0014723000
-0.0009742900
0.0002093500
0.0003002900
0.0013497000
0.0010066000
0.0039221000
0.0026667000
0.0014637000
0.0004035800
-0.0004759600
0.0015951000
0.0042308000
0.0053609000
0.0080695000
0.0057105000
0.0054993000
0.0012325000
0.0036376000
0.0043012000
0.0048996000
0.0078711000
0.0073654000
0.0066664000
0.0040298000
0.0016259000
0.0024665000
0.0024995000
0.0022560000
0.0005600500
0.0013482000
-0.0002123600
0.0001271500
-0.0000750020
0.0000319530
-0.0000006474
-0.0000327030
0.0000651520
-0.0001101600
0.0001745000
-0.0002875600
0.0005737600
-0.0030337000
-0.0020820000
-0.0001312300
-0.0000244670
-0.0000481330
0.0001771700
-0.0009414000
-0.0001889500
-0.0055310000
-0.0057627000
-0.0015301000
0.0001999500
-0.0000987520
0.0000642100
0.0004639900
0.0024357000
0.0035403000
0.0048949000
0.0052460000
0.0036755000
0.0040662000
0.0050479000
0.0042752000
0.0057067000
0.0080052000
0.0077498000
0.0042902000
0.0055078000
0.0039947000
0.0042407000
0.0051907000
0.0075576000
0.0094951000
0.0091089000
0.0043710000
0.0030881000
0.0024557000
0.0039542000
0.0055059000
0.0051745000
0.0038499000
0.0027921000
0.0046433000
0.0043337000
0.0056012000
0.0038423000
0.0030815000
-0.0006959600
-0.0042162000
-0.0043264000
-0.0029239000
-0.0034190000
-0.0015219000
-0.0020736000
-0.0030588000
-0.0027205000
-0.0026850000
-0.0007306500
-0.0000253000
0.0017653000
0.0034242000
0.0049033000
0.0009678800
-0.0006719500
0.0016967000
0.0046297000
0.0052353000
0.0035605000
0.0034044000
0.0012097000
0.0017800000
0.0062421000
0.0084901000
0.0088436000
0.0087648000
0.0074010000
0.0082547000
0.0072255000
0.0089126000
0.0071574000
0.0060500000
0.0062971000
0.0045488000
0.0069718000
0.0068881000
0.0065510000
0.0051437000
0.0021727000
0.0028742000
0.0042702000
0.0059431000
0.0052870000
0.0027489000
0.0027224000
-0.0004967300
0.0000992140
-0.0025102000
-0.0009267400
0.0010413000
0.0007224600
0.0000958580
-0.0005253200
-0.0015448000
-0.0030868000
-0.0036154000
0.0003078100
0.0032725000
0.0027764000
0.0006941400
-0.0000916980
-0.0000962360
0.0002745500
-0.0006430100
0.0043867000
0.0084670000
0.0075116000
0.0079549000
0.0076885000
0.0047853000
0.0054764000
0.0066571000
0.0057058000
0.0068000000
0.0068217000
0.0074248000
0.0047864000
0.0048235000
0.0073511000
0.0075186000
0.0092498000
0.0084480000
0.0048842000
0.0031853000
0.0009685900
0.0023034000
0.0028594000
0.0022031000
0.0037945000
0.0041097000
0.0033136000
-0.0003389600
-0.0019112000
0.0000854480
0.0021931000
0.0034128000
0.0021835000
0.0007138200
-0.0036224000
-0.0044763000
-0.0045400000
-0.0041101000
-0.0013532000
-0.0010025000
0.0011429000
-0.0007494000
0.0015433000
0.0012546000
-0.0018263000
-0.0007675700
-0.0029226000
-0.0025285000
0.0023641000
-0.0004968800
0.0018620000
0.0040710000
0.0053131000
0.0061504000
0.0075472000
0.0044511000
0.0059863000
0.0042976000
0.0045767000
0.0053721000
0.0061126000
0.0040085000
0.0053102000
0.0046341000
0.0023725000
0.0028909000
0.0014828000
0.0001381700
0.0024194000
0.0052813000
0.0073094000
0.0079460000
0.0077920000
0.0077571000
0.0089528000
0.0104430000
0.0083513000
0.0040961000
0.0020734000
-0.0013552000
-0.0045093000
-0.0072742000
-0.0092360000
-0.0109070000
-0.0104900000
-0.0072452000
-0.0049598000
-0.0019185000
-0.0000535020
0.0034242000
0.0065440000
0.0076770000
0.0095814000
0.0105370000
0.0068531000
0.0046500000
0.0032754000
0.0004305200
-0.0015369000
-0.0045354000
-0.0069374000
-0.0072048000
-0.0074741000
-0.0040062000
-0.0011840000
0.0020608000
0.0067323000
0.0086446000
0.0117390000
0.0135860000
0.0131280000
0.0148500000
0.0127700000
0.0115730000
0.0056981000
0.0012448000
0.0001734000
-0.0005038400
-0.0017076000
0.0000702740
0.0033600000
0.0053983000
0.0072996000
0.0078410000
0.0086669000
0.0114040000
0.0091684000
0.0075988000
0.0019978000
-0.0015487000
-0.0044430000
-0.0090953000
-0.0108320000
-0.0099820000
-0.0089014000
-0.0061871000
-0.0037574000
-0.0003731900
-0.0008968100
0.0002152900
0.0028517000
0.0048098000
0.0049011000
0.0046043000
0.0028848000
0.0004912800
-0.0023841000
-0.0044042000
-0.0035308000
-0.0043990000
-0.0045982000
-0.0030125000
-0.0015296000
0.0017166000
0.0025101000
0.0059378000
0.0074367000
0.0073428000
0.0096924000
0.0083463000
0.0069171000
0.0074577000
0.0078791000
0.0078386000
0.0077012000
0.0080804000
0.0065861000
0.0042104000
0.0003627500
-0.0002426500
0.0002524100
-0.0003941000
0.0013190000
0.0011879000
-0.0005759200
0.0006262100
-0.0026435000
-0.0009568000
-0.0006095900
-0.0001796000
0.0015430000
0.0054060000
0.0088754000
0.0042321000
-0.0006135500
-0.0027649000
-0.0072801000
-0.0069549000
-0.0045064000
-0.0009653700
0.0003936000
-0.0003809200
0.0005308800
-0.0013215000
-0.0033482000
-0.0028616000
-0.0007667200
0.0001257100
0.0015604000
0.0006462100
-0.0004149700
0.0004463200
-0.0029373000
-0.0003132100
0.0000576460
0.0000654660
-0.0002787300
0.0034851000
0.0059012000
0.0079445000
0.0077534000
0.0078577000
0.0053204000
0.0042529000
0.0024303000
0.0031656000
-0.0000889140
0.0035640000
0.0075704000
0.0081355000
0.0070057000
0.0059366000
0.0047780000
0.0035001000
0.0079294000
0.0077114000
0.0078387000
0.0079449000
0.0063139000
0.0029308000
-0.0000674680
-0.0001180500
0.0003341000
-0.0015228000
-0.0081425000
-0.0075447000
-0.0080733000
-0.0074980000
-0.0083847000
-0.0045906000
-0.0006556500
-0.0059677000
-0.0074547000
-0.0046733000
-0.0020532000
-0.0002064500
0.0005696900
0.0006964000
-0.0002899300
-0.0015457000
-0.0060930000
-0.0056920000
-0.0047244000
-0.0016909000
0.0022402000
0.0051443000
0.0080656000
0.0064329000
0.0048541000
0.0014728000
0.0013561000
0.0007304400
0.0075803000
0.0079190000
0.0076242000
0.0081957000
0.0064122000
0.0068776000
0.0049575000
0.0021299000
0.0054123000
0.0078340000
0.0037068000
0.0000127150
-0.0000398680
0.0000320000
-0.0000323060
0.0000257050
-0.0000309550
0.0000329230
-0.0000283980
-0.0016628000
-0.0029342000
-0.0003731200
0.0001515500
-0.0000918850
0.0000708570
-0.0000975430
-0.0020857000
-0.0047126000
-0.0071661000
-0.0031968000
-0.0006045000
0.0019575000
0.0001496500
-0.0023856000
-0.0032793000
-0.0012071000
0.0003196900
-0.0005399600
0.0017306000
0.0024678000
0.0020955000
0.0024339000
0.0016722000
0.0029165000
0.0016684000
0.0016596000
0.0033513000
0.0041080000
0.0049669000
0.0049390000
0.0057886000
0.0053037000
0.0041748000
0.0054806000
0.0061702000
0.0045423000
0.0035360000
0.0042717000
0.0032998000
0.0044397000
0.0032878000
0.0010307000
-0.0000616740
0.0000156060
-0.0000267500
0.0000451870
-0.0000530590
-0.0006690200
-0.0010270000
-0.0001361700
-0.0008687800
-0.0047041000
-0.0036956000
-0.0041707000
-0.0046968000
-0.0057957000
-0.0055281000
-0.0060403000
-0.0084714000
-0.0023557000
0.0004702100
-0.0001905500
0.0000836990
-0.0002352800
-0.0019181000
-0.0020977000
0.0004772300
-0.0002292200
0.0001235400
-0.0000573070
0.0000030911
0.0000523160
-0.0002444000
-0.0038638000
0.0002762300
-0.0002864000
-0.0002853600
0.0023359000
0.0061322000
0.0079490000
0.0066319000
0.0084713000
0.0083091000
0.0140710000
0.0159880000
0.0154560000
0.0156940000
0.0099111000
0.0042200000
-0.0012976000
-0.0074331000
-0.0078455000
-0.0090084000
-0.0087343000
-0.0076249000
-0.0069351000
-0.0014608000
0.0052711000
0.0077961000
0.0086150000
0.0103760000
0.0075087000
0.0075393000
0.0013469000
-0.0035513000
-0.0048048000
-0.0082678000
-0.0120620000
-0.0148260000
-0.0157290000
-0.0152220000
-0.0121640000
-0.0108120000
-0.0060528000
-0.0010958000
0.0033058000
0.0046254000
0.0076565000
0.0079526000
0.0076692000
0.0080654000
0.0066835000
0.0005370600
-0.0023110000
-0.0028693000
-0.0043540000
-0.0024238000
0.0001969900
0.0000052210
-0.0001436000
0.0003756200
0.0041159000
0.0041737000
0.0065177000
0.0079305000
0.0075869000
0.0083462000
0.0047998000
0.0058802000
0.0065720000
0.0063975000
0.0054470000
0.0044147000
0.0022028000
-0.0009405600
-0.0023976000
-0.0043154000
-0.0048801000
-0.0021212000
0.0011033000
-0.0019133000
-0.0037710000
-0.0056903000
-0.0084588000
-0.0062726000
-0.0061525000
-0.0023498000
-0.0027542000
0.0015248000
0.0010665000
0.0037399000
0.0001654600
0.0002240800
-0.0008519800
-0.0024474000
-0.0016403000
-0.0020445000
0.0005739900
-0.0048137000
-0.0036774000
-0.0048784000
-0.0060391000
-0.0074049000
-0.0056889000
-0.0002025300
-0.0003447500
0.0062839000
0.0082767000
0.0123350000
0.0079829000
0.0078413000
0.0093427000
0.0096799000
0.0128450000
0.0121510000
0.0074877000
0.0008799300
-0.0003263200
-0.0046350000
-0.0074173000
-0.0054718000
-0.0063947000
-0.0068695000
-0.0044983000
-0.0067505000
-0.0049519000
-0.0032140000
0.0019332000
0.0062215000
0.0071515000
0.0066522000
0.0034784000
-0.0007063600
0.0004450800
-0.0022902000
-0.0059587000
-0.0081671000
-0.0076632000
-0.0078647000
-0.0078441000
-0.0077111000
-0.0080196000
-0.0074520000
-0.0085324000
-0.0043035000
0.0004780600
0.0039251000
0.0016967000
0.0012327000
0.0037517000
0.0029275000
0.0036819000
0.0036515000
0.0015047000
0.0012265000
-0.0004005100
-0.0004304500
0.0007057200
0.0003906700
0.0011954000
0.0047462000
0.0040521000
0.0043580000
0.0032252000
0.0046058000
0.0046353000
0.0055428000
0.0042850000
0.0057441000
0.0030706000
-0.0000462490
-0.0000477520
0.0000505350
-0.0000202540
-0.0005685000
-0.0010902000
-0.0043097000
-0.0012633000
-0.0011752000
-0.0011915000
-0.0022961000
-0.0014599000
-0.0010293000
-0.0031070000
-0.0039317000
-0.0047203000
-0.0060815000
-0.0073940000
-0.0074951000
-0.0065037000
-0.0066314000
-0.0048846000
-0.0064114000
-0.0079961000
-0.0062202000
-0.0050936000
-0.0027784000
-0.0029190000
-0.0001362800
-0.0000907850
0.0005849100
0.0057438000
0.0079920000
0.0097796000
0.0148630000
0.0160300000
0.0095036000
0.0061584000
-0.0007002200
-0.0061984000
-0.0108160000
-0.0149950000
-0.0109700000
-0.0096065000
-0.0028004000
0.0000966370
0.0037500000
0.0074005000
0.0141280000
0.0156890000
0.0125360000
0.0103690000
0.0053743000
0.0005658400
-0.0023408000
-0.0086025000
-0.0069844000
-0.0111040000
-0.0123800000
-0.0126780000
-0.0152210000
-0.0133970000
-0.0120320000
-0.0096599000
-0.0036080000
-0.0009158100
0.0009337300
0.0022389000
0.0010582000
-0.0004323200
-0.0015107000
0.0001884500
-0.0018495000
-0.0057996000
-0.0070901000
-0.0093224000
-0.0081660000
-0.0073626000
-0.0074250000
-0.0025422000
0.0005796900
-0.0002586900
0.0000831990
0.0005830200
0.0023881000
0.0031920000
0.0046319000
0.0041604000
0.0055861000
-0.0000672470
0.0001070700
-0.0001267900
0.0002280700
-0.0010575000
-0.0018947000
-0.0011467000
-0.0000460530
0.0003182800
-0.0019745000
-0.0001092900
-0.0009104500
-0.0062635000
-0.0053889000
-0.0055437000
-0.0035040000
-0.0032359000
-0.0023546000
-0.0009583200
-0.0029084000
-0.0015292000
-0.0001625600
-0.0030771000
-0.0077130000
-0.0077580000
-0.0078442000
-0.0077865000
-0.0078284000
-0.0077923000
-0.0078348000
-0.0077750000
-0.0078620000
-0.0077399000
-0.0079169000
-0.0076318000
-0.0081625000
-0.0060725000
-0.0048744000
-0.0047998000
-0.0011351000
-0.0028486000
-0.0032198000
-0.0011820000
-0.0055306000
-0.0047359000
0.0001305500
-0.0004371100
0.0017108000
0.0078481000
0.0081024000
0.0057474000
0.0031907000
0.0001422300
-0.0002604100
-0.0070056000
-0.0082239000
-0.0124140000
-0.0165280000
-0.0125820000
-0.0046953000
0.0000069112
0.0008808100
0.0067721000
0.0075555000
0.0078663000
0.0079082000
0.0075750000
0.0083822000
0.0053392000
-0.0005984100
-0.0055196000
-0.0132640000
-0.0175090000
-0.0214050000
-0.0239710000
-0.0202500000
-0.0145990000
-0.0166500000
-0.0110170000
-0.0072561000
-0.0023348000
0.0024614000
0.0072780000
0.0085177000
0.0042672000
-0.0003994000
0.0001160000
0.0001114500
-0.0049859000
-0.0086487000
-0.0075874000
-0.0111900000
-0.0138370000
-0.0155450000
-0.0146060000
-0.0087030000
-0.0040290000
-0.0002097800
0.0043063000
0.0082558000
0.0086560000
0.0118710000
0.0127710000
0.0106660000
0.0075225000
0.0086759000
0.0031978000
-0.0003496200
-0.0032198000
-0.0081260000
-0.0076231000
-0.0078646000
-0.0084996000
-0.0083000000
-0.0074697000
-0.0078822000
-0.0027765000
0.0000730740
-0.0010690000
0.0004675600
-0.0004055400
-0.0020244000
-0.0047962000
-0.0082102000
-0.0076096000
-0.0079286000
-0.0077326000
-0.0078613000
-0.0077866000
-0.0078182000
-0.0078250000
-0.0077859000
-0.0078611000
-0.0077295000
-0.0079844000
-0.0070261000
-0.0001381300
-0.0001015900
0.0001924500
-0.0003705800
0.0023834000
0.0017878000
0.0048192000
0.0064544000
0.0031407000
0.0002943100
-0.0000206880
-0.0001464000
0.0003914000
-0.0016371000
-0.0079467000
-0.0079383000
-0.0064950000
0.0005782900
-0.0007306700
0.0024861000
0.0072889000
0.0077312000
0.0078420000
0.0078524000
0.0076931000
0.0081431000
0.0063178000
-0.0003478500
0.0001411100
-0.0040092000
-0.0084375000
-0.0072573000
-0.0088587000
-0.0103120000
-0.0129300000
-0.0133300000
-0.0163980000
-0.0122440000
-0.0068073000
-0.0014395000
0.0052619000
0.0108570000
0.0156490000
0.0154540000
0.0106270000
0.0016748000
-0.0057480000
-0.0155230000
-0.0215430000
-0.0235170000
-0.0237620000
-0.0195720000
-0.0119750000
-0.0034166000
0.0072793000
0.0175150000
0.0270810000
0.0322310000
0.0287200000
0.0214290000
0.0101610000
-0.0018240000
-0.0134550000
-0.0236010000
-0.0292910000
-0.0320880000
-0.0261730000
-0.0198900000
-0.0103570000
0.0006962600
0.0126470000
0.0208440000
0.0261230000
0.0320430000
0.0294470000
0.0230180000
0.0135460000
0.0066616000
-0.0004284500
-0.0075992000
-0.0138710000
-0.0220540000
-0.0237290000
