-0.6786800000
-0.3451600000
-0.9606400000
1.0103000000
-0.6253300000
0.3289000000
-1.2159000000
0.2254200000
-0.6029900000
1.0800000000
-0.8766400000
-0.3437800000
-0.7786200000
1.1443000000
-0.5472100000
0.1524400000
-1.2277000000
0.3600500000
-0.5944900000
1.0137000000
-0.9626800000
-0.3813700000
-0.6465500000
1.2093000000
-0.4004800000
0.1622700000
-1.2742000000
0.1937100000
-0.4091000000
1.1950000000
-0.6825800000
-0.4065800000
-0.9174700000
1.0556000000
-0.5619100000
0.3243200000
-1.2378000000
0.1604600000
-0.5229400000
1.1539000000
-0.7638900000
-0.3585400000
-0.8800500000
1.0794000000
-0.5914000000
0.2416700000
-1.2224000000
0.2959900000
-0.6034800000
1.0437000000
-0.9258600000
-0.3628600000
-0.7077600000
1.1827000000
-0.4742000000
0.1469400000
-1.2524000000
0.2901700000
-0.5103400000
1.1043000000
-0.8537300000
-0.4324100000
-0.7351100000
1.1716000000
-0.4288500000
0.2326700000
-1.2714000000
0.1330300000
-0.4018000000
1.2179000000
-0.6224000000
-0.3562300000
-0.9962100000
0.9772800000
-0.6173500000
0.3928900000
-1.2198000000
0.1380900000
-0.5613300000
1.1423000000
-0.7793100000
-0.3288900000
-0.8860200000
1.0707000000
-0.6197800000
0.2224200000
-1.2086000000
0.3509700000
-0.6465900000
0.9816200000
-0.9856800000
-0.3209700000
-0.6652400000
1.1992000000
-0.4767900000
0.0934760000
-1.2438000000
0.3605300000
-0.5418900000
1.0484000000
-0.9286500000
-0.4317100000
-0.6475000000
1.2082000000
-0.3505900000
0.2239300000
-1.2867000000
0.0624620000
-0.3043000000
1.2677000000
-0.4482100000
-0.2638900000
-1.1494000000
0.7515300000
-0.5999100000
0.6985400000
-1.1706000000
-0.2178000000
-0.4435900000
1.2672000000
-0.3443200000
0.0072620000
-1.2697000000
0.3351000000
-0.4327400000
1.1247000000
-0.8218100000
-0.4915400000
-0.7207500000
1.1761000000
-0.3561200000
0.3019200000
-1.2836000000
-0.0314330000
-0.2615800000
1.2918000000
-0.3064800000
-0.1343400000
-1.2507000000
0.4744900000
-0.4590800000
1.0328000000
-0.9486400000
-0.5206900000
-0.5388700000
1.2292000000
-0.1417000000
0.3646900000
-1.2809000000
-0.3254400000
0.0521620000
1.2639000000
0.3913600000
0.4424900000
-1.0908000000
-0.8740200000
0.5108400000
0.6442700000
1.2031000000
0.2643000000
-0.3262800000
-1.2894000000
0.1563900000
0.1246300000
1.3089000000
0.0067399000
-0.1158100000
-1.3096000000
0.1449300000
-0.0739980000
1.2989000000
-0.2410500000
-0.2391100000
-1.2413000000
0.5378500000
-0.4285200000
1.0108000000
-0.9709900000
-0.5529700000
-0.4738700000
1.2330000000
-0.0313310000
0.4352400000
-1.2467000000
-0.5112700000
0.2021400000
1.1433000000
0.7423900000
0.6466400000
-0.6632600000
-1.1713000000
0.1302200000
0.5107300000
1.2378000000
0.5019600000
0.1105800000
-1.1823000000
-0.6326900000
0.6374400000
0.7789800000
1.1292000000
0.2422200000
-0.5054600000
-1.2517000000
0.3904500000
0.0167400000
1.2582000000
-0.3693900000
-0.4815100000
-1.0803000000
0.8895800000
-0.4795500000
0.6537500000
-1.2031000000
-0.3069600000
-0.2844400000
1.2904000000
-0.0600810000
0.2069100000
-1.3028000000
-0.2094900000
0.0660200000
1.2890000000
0.2945900000
0.3137100000
-1.1966000000
-0.6699700000
0.4879700000
0.8696600000
1.0943000000
0.4637300000
-0.3621800000
-1.2623000000
-0.0065587000
0.3704600000
1.2599000000
0.4732800000
0.2258200000
-1.1530000000
-0.7336500000
0.6200700000
0.6980800000
1.1665000000
0.1942400000
-0.4715000000
-1.2581000000
0.3989500000
-0.0304130000
1.2460000000
-0.4368400000
-0.5138700000
-1.0215000000
0.9617500000
-0.4685300000
0.5708700000
-1.2292000000
-0.2331900000
-0.2842300000
1.2955000000
-0.1350200000
0.1093100000
-1.3103000000
-0.0082036000
-0.0985600000
1.3111000000
-0.1210200000
-0.0600980000
-1.3038000000
0.1993700000
-0.1998400000
1.2639000000
-0.4519500000
-0.3714100000
-1.0961000000
0.8590500000
-0.5701800000
0.6062700000
-1.2047000000
-0.1602100000
-0.4132600000
1.2709000000
-0.3650200000
-0.0506590000
-1.2525000000
0.4284700000
-0.4859700000
1.0442000000
-0.9359300000
-0.4913500000
-0.5843500000
1.2231000000
-0.2233400000
0.3111900000
-1.2926000000
-0.1788900000
-0.0799640000
1.3069000000
0.0743880000
0.1771800000
-1.2937000000
-0.3036000000
0.2155900000
1.2282000000
0.5683900000
0.4825300000
-0.9539600000
-1.0287000000
0.4988200000
0.4408200000
1.2486000000
0.0515860000
-0.3764100000
-1.2680000000
0.4257100000
-0.1634000000
1.1985000000
-0.6215300000
-0.5814900000
-0.8370500000
1.1083000000
-0.3461800000
0.4533800000
-1.2652000000
-0.2274400000
-0.1656200000
1.3029000000
0.0116670000
0.1808200000
-1.3008000000
-0.2468700000
0.1403000000
1.2661000000
0.4245100000
0.3971900000
-1.0975000000
-0.8604400000
0.5471700000
0.6267200000
1.2034000000
0.2070100000
-0.3776200000
-1.2815000000
0.2769300000
0.0227300000
1.2878000000
-0.2476500000
-0.3416700000
-1.2032000000
0.6587500000
-0.4509500000
0.9061500000
-1.0674000000
-0.5162500000
-0.3551100000
1.2507000000
0.0721140000
0.4453000000
-1.2186000000
-0.6147600000
0.3038400000
1.0318000000
0.9282600000
0.6539500000
-0.4247700000
-1.2060000000
-0.1416600000
0.5956200000
1.1217000000
0.8097400000
0.3126400000
-0.8685100000
-1.0813000000
0.6264500000
0.1911500000
1.2010000000
-0.3968800000
-0.6678100000
-0.9359700000
1.0219000000
-0.2886900000
0.6409500000
-1.2070000000
-0.4849100000
-0.0556730000
1.2340000000
0.4162100000
0.5692700000
-0.9970300000
-0.9837900000
0.4116000000
0.5921000000
1.2275000000
0.3152000000
-0.2051900000
-1.2922000000
-0.0500600000
0.2698800000
1.2787000000
0.3951400000
0.2353800000
-1.1857000000
-0.6742200000
0.5640200000
0.8053900000
1.1285000000
0.3448400000
-0.4162500000
-1.2720000000
0.1846300000
0.1814000000
1.3055000000
0.0521840000
-0.1132700000
-1.3114000000
0.0963590000
-0.0130960000
1.3101000000
-0.1135200000
-0.1356300000
-1.2948000000
0.2891200000
-0.2387100000
1.2257000000
-0.5817200000
-0.4743200000
-0.9498200000
1.0322000000
-0.5061100000
0.4273900000
-1.2485000000
-0.0275000000
-0.3930500000
1.2594000000
-0.4674900000
-0.1956800000
-1.1679000000
0.6960200000
-0.6171800000
0.7383000000
-1.1517000000
-0.2331100000
-0.4698300000
1.2612000000
-0.3594500000
0.0164890000
-1.2671000000
0.3385600000
-0.4454900000
1.1163000000
-0.8358600000
-0.4875900000
-0.7087500000
1.1814000000
-0.3497500000
0.2955300000
-1.2848000000
-0.0299520000
-0.2570500000
1.2925000000
-0.3022900000
-0.1336600000
-1.2521000000
0.4696500000
-0.4543900000
1.0387000000
-0.9416200000
-0.5236800000
-0.5456000000
1.2273000000
-0.1459600000
0.3664600000
-1.2808000000
-0.3234100000
0.0477760000
1.2654000000
0.3838700000
0.4379600000
-1.0973000000
-0.8644200000
0.5105300000
0.6559400000
1.1993000000
0.2761400000
-0.3247700000
-1.2890000000
0.1424800000
0.1411100000
1.3091000000
0.0422480000
-0.0858060000
-1.3127000000
0.0703910000
-0.0065966000
1.3122000000
-0.0790470000
-0.0971330000
-1.3046000000
0.2057600000
-0.1713000000
1.2693000000
-0.4232000000
-0.3658800000
-1.1145000000
0.8309600000
-0.5602200000
0.6489700000
-1.1945000000
-0.2149900000
-0.3921600000
1.2788000000
-0.2865200000
0.0257510000
-1.2862000000
0.2534000000
-0.3516700000
1.1971000000
-0.6743800000
-0.4556300000
-0.8898300000
1.0798000000
-0.5052200000
0.3442800000
-1.2538000000
0.0735730000
-0.4365300000
1.2216000000
-0.6068500000
-0.3048200000
-1.0367000000
0.9228500000
-0.6518500000
0.4351000000
-1.2065000000
0.1269200000
-0.5882200000
1.1318000000
-0.7926700000
-0.3089300000
-0.8869300000
1.0667000000
-0.6371300000
0.2073200000
-1.1988000000
0.3886000000
-0.6731600000
0.9371700000
-1.0195000000
-0.2822600000
-0.6494200000
1.2028000000
-0.4988500000
0.0494210000
-1.2274000000
0.4381900000
-0.5872600000
0.9700900000
-1.0079000000
-0.3904800000
-0.5765300000
1.2330000000
-0.3203900000
0.1814900000
-1.2912000000
0.0860630000
-0.2926100000
1.2660000000
-0.4565000000
-0.2853100000
-1.1357000000
0.7805300000
-0.6011700000
0.6665100000
-1.1812000000
-0.1861200000
-0.4466600000
1.2643000000
-0.3786200000
-0.0320390000
-1.2522000000
0.4187400000
-0.4923100000
1.0461000000
-0.9337200000
-0.4844200000
-0.5937400000
1.2213000000
-0.2407400000
0.2997100000
-1.2935000000
-0.1469400000
-0.1096500000
1.3096000000
0.0033333000
0.1140200000
-1.3092000000
-0.1526100000
0.0857830000
1.2961000000
0.2638000000
0.2561300000
-1.2286000000
-0.5784700000
0.4545700000
0.9656200000
1.0174000000
0.5278700000
-0.4285600000
-1.2436000000
0.0051049000
0.4222100000
1.2458000000
0.5208800000
0.2267000000
-1.1277000000
-0.7765300000
0.6490000000
0.6237300000
1.1813000000
0.0878390000
-0.5199700000
-1.2270000000
0.5501700000
-0.1551000000
1.1417000000
-0.7272400000
-0.6751800000
-0.6506700000
1.1666000000
-0.0838610000
0.5528400000
-1.2129000000
-0.5866900000
0.1587600000
1.1198000000
0.7644700000
0.6972700000
-0.5867400000
-1.1736000000
-0.0086849000
0.5969300000
1.1684000000
0.7061300000
0.2281100000
-1.0073000000
-0.9359100000
0.7146500000
0.3384700000
1.1778000000
-0.3160000000
-0.7106500000
-0.9532300000
0.9934200000
-0.2363000000
0.7184800000
-1.1632000000
-0.5994400000
-0.0212200000
1.1759000000
0.5744800000
0.6967600000
-0.7756400000
-1.1149000000
0.1680100000
0.5883200000
1.2138000000
0.5460700000
0.0744800000
-1.1731000000
-0.6334400000
0.6686100000
0.7495700000
1.1346000000
0.1818600000
-0.5432300000
-1.2334000000
0.4881500000
-0.0588620000
1.2047000000
-0.5590600000
-0.6146200000
-0.8610600000
1.0883000000
-0.3224600000
0.5101300000
-1.2528000000
-0.3166300000
-0.1134700000
1.2887000000
0.1704100000
0.3330700000
-1.2320000000
-0.5807300000
0.3823600000
1.0099000000
0.9668800000
0.5940900000
-0.4354900000
-1.2256000000
-0.0603590000
0.5094600000
1.1948000000
0.6690900000
0.2900000000
-1.0008000000
-0.9593200000
0.6701100000
0.3579700000
1.1992000000
-0.2408300000
-0.6467700000
-1.0434000000
0.9157000000
-0.3087000000
0.7607600000
-1.1505000000
-0.5665900000
-0.1088700000
1.2122000000
0.4346100000
0.6357200000
-0.9359400000
-1.0296000000
0.3279300000
0.5983000000
1.2258000000
0.4054800000
-0.1012700000
-1.2669000000
-0.2771800000
0.4524200000
1.1415000000
0.7936100000
0.4534500000
-0.7816000000
-1.1480000000
0.4438500000
0.2720500000
1.2688000000
-0.0986730000
-0.3972500000
-1.2296000000
0.5871200000
-0.3246600000
1.0390000000
-0.9244300000
-0.6357900000
-0.4512200000
1.2113000000
0.0892180000
0.5592900000
-1.1614000000
-0.7387900000
0.2987400000
0.9407000000
1.0198000000
0.6606000000
-0.2670100000
-1.1962000000
-0.3412000000
0.6751600000
0.9658400000
0.9933000000
0.2842100000
-0.6835400000
-1.1876000000
0.5275400000
0.0570550000
1.2177000000
-0.4580600000
-0.6148200000
-0.9360300000
1.0336000000
-0.3526200000
0.5715800000
-1.2351000000
-0.3533400000
-0.1351700000
1.2829000000
0.1799400000
0.3660000000
-1.2170000000
-0.6253600000
0.3950700000
0.9699500000
1.0086000000
0.5831800000
-0.3817700000
-1.2312000000
-0.1131400000
0.5210700000
1.1723000000
0.7239700000
0.3276000000
-0.9350800000
-1.0303000000
0.6358100000
0.2800000000
1.2083000000
-0.2974800000
-0.6394500000
-1.0181000000
0.9485100000
-0.3262300000
0.7086800000
-1.1797000000
-0.5098000000
-0.1072700000
1.2344000000
0.3773800000
0.5731000000
-1.0181000000
-0.9608600000
0.4051600000
0.6288100000
1.2156000000
0.3592400000
-0.1921100000
-1.2846000000
-0.1124600000
0.3365700000
1.2468000000
0.5320900000
0.3268300000
-1.0729000000
-0.8827400000
0.6202500000
0.5253700000
1.2086000000
0.0147100000
-0.5075900000
-1.2161000000
0.6025500000
-0.2251500000
1.0804000000
-0.8458100000
-0.6886600000
-0.4979300000
1.1887000000
0.0967670000
0.6129500000
-1.1294000000
-0.7890300000
0.2781800000
0.9099000000
1.0421000000
0.6700800000
-0.2115800000
-1.1839000000
-0.4195800000
0.7083300000
0.8867200000
1.0477000000
0.2206700000
-0.6555400000
-1.1923000000
0.5609500000
-0.0133030000
1.1849000000
-0.5767100000
-0.6700300000
-0.7984500000
1.1117000000
-0.2176100000
0.5565300000
-1.2328000000
-0.4684900000
0.0210210000
1.2230000000
0.4941900000
0.5833600000
-0.9346700000
-1.0394000000
0.3881800000
0.5311800000
1.2456000000
0.2734800000
-0.1905200000
-1.2977000000
-0.0262360000
0.2245700000
1.2918000000
0.3163500000
0.1841000000
-1.2336000000
-0.5434600000
0.4863100000
0.9693200000
1.0148000000
0.4974000000
-0.4645400000
-1.2459000000
0.0813690000
0.3631600000
1.2755000000
0.3818200000
0.1238400000
-1.2282000000
-0.5339200000
0.5319000000
0.9441700000
1.0361000000
0.4463800000
-0.4816600000
-1.2511000000
0.1562400000
0.2861800000
1.2959000000
0.2146100000
-0.0080817000
-1.2976000000
-0.2041200000
0.2729500000
1.2419000000
0.5430900000
0.4015000000
-1.0238000000
-0.9541500000
0.5753800000
0.4748200000
1.2274000000
0.0073916000
-0.4657500000
-1.2308000000
0.5658500000
-0.2307000000
1.1003000000
-0.8196800000
-0.6711600000
-0.5501200000
1.1889000000
0.0171200000
0.5704800000
-1.1791000000
-0.6897800000
0.2428700000
1.0116000000
0.9354700000
0.7034600000
-0.3535400000
-1.1842000000
-0.2848100000
0.6908000000
0.9874300000
0.9669200000
0.2639700000
-0.7322000000
-1.1602000000
0.5855200000
0.0528770000
1.1912000000
-0.5225400000
-0.6753000000
-0.8382800000
1.0886000000
-0.2372800000
0.5799700000
-1.2262000000
-0.4739100000
0.0011541000
1.2257000000
0.4753200000
0.5814500000
-0.9493300000
-1.0273000000
0.3938000000
0.5447700000
1.2418000000
0.2827200000
-0.1936800000
-1.2966000000
-0.0315910000
0.2346400000
1.2892000000
0.3340900000
0.1960600000
-1.2237000000
-0.5740000000
0.5063400000
0.9330400000
1.0464000000
0.4700300000
-0.4411800000
-1.2538000000
0.0831290000
0.3369600000
1.2818000000
0.3487900000
0.1101300000
-1.2434000000
-0.4857200000
0.4938200000
1.0035000000
0.9812900000
0.4909500000
-0.5217800000
-1.2375000000
0.1547300000
0.3303100000
1.2886000000
0.2709000000
