-0.4022800000
2.1312000000
1.5991000000
-0.0653160000
-1.2768000000
2.5753000000
3.0147000000
-0.9181200000
0.1035000000
0.0190230000
0.1364900000
-0.6480400000
0.2587600000
-0.6363900000
1.7984000000
0.9138400000
-0.6538000000
-0.3166200000
1.0615000000
0.7728300000
-0.3567300000
-0.9772500000
0.2772300000
-0.5349900000
-0.1462800000
0.3067300000
0.3062500000
-0.7097200000
-0.8361100000
-0.7963600000
0.1216300000
4.2481000000
0.4572100000
-0.7898000000
-0.0389970000
1.3345000000
1.1104000000
1.6252000000
-0.6690900000
-0.7480000000
-0.3083300000
-1.0090000000
2.0444000000
-0.3570700000
-0.0163720000
1.3690000000
-0.8778000000
0.8599700000
-0.5056600000
1.5316000000
0.8801900000
1.4225000000
-0.8756900000
0.6697400000
0.0473840000
-0.6776000000
5.2656000000
-0.0038120000
-0.1973300000
-0.6098500000
0.8667300000
-0.8076100000
0.8424500000
0.8255400000
0.2065700000
1.9353000000
1.1716000000
0.4245500000
-0.0771790000
0.7426700000
0.5359000000
-0.6261200000
-0.3815900000
-0.5655800000
-0.1288400000
0.9986100000
3.1868000000
0.0761190000
0.1486000000
-0.8115100000
0.6638100000
-0.7612100000
1.4568000000
2.9152000000
-0.7184800000
-0.0647410000
0.8491500000
0.4096500000
0.2263900000
-0.7724600000
2.2319000000
-0.3221400000
0.3226500000
1.9928000000
-1.1325000000
-0.2374300000
0.5545600000
0.6682000000
1.9965000000
-0.5927300000
-1.6288000000
0.2593300000
0.1964300000
2.3267000000
-0.2224300000
0.8910000000
-0.8080800000
2.0473000000
0.8534500000
1.0047000000
0.0898150000
-0.2741400000
2.3381000000
1.5380000000
0.4606700000
0.4548600000
3.2504000000
3.3405000000
-0.4454900000
-0.8964700000
-0.4105100000
3.1310000000
2.4366000000
-0.8233500000
2.5040000000
1.1785000000
-0.6712400000
3.3083000000
-0.4918600000
-0.6762900000
-0.9762300000
0.5190100000
3.1153000000
2.0755000000
0.8679700000
-0.7359000000
0.8530700000
1.5238000000
-0.8781100000
2.6256000000
0.6277300000
1.3804000000
2.0165000000
0.9764600000
0.2668200000
-0.5602900000
0.4412300000
-0.2035200000
0.1913600000
-1.1581000000
0.0479770000
-0.0448170000
0.7739200000
0.6655200000
-0.0563360000
2.5209000000
0.4892900000
2.5370000000
0.1747500000
1.5699000000
0.1564100000
0.9390900000
-0.0444490000
0.1105400000
-0.2164600000
1.5738000000
-0.5725800000
1.7310000000
0.8929000000
1.6100000000
0.4536200000
0.2602500000
-0.0116910000
0.1038800000
0.1900800000
1.0519000000
-0.2960900000
-0.5418400000
1.2444000000
-1.0386000000
1.0628000000
-0.0969280000
0.5316700000
0.1568100000
1.1986000000
0.2203000000
2.9312000000
2.7401000000
-0.6498800000
-0.6329300000
2.5117000000
-1.1581000000
-0.1527300000
2.7226000000
0.1370100000
1.4473000000
0.6841300000
-0.6071300000
-0.1270800000
-0.9343000000
0.2882600000
0.6864100000
2.0616000000
-0.9157200000
1.5054000000
0.0017151000
-0.6954000000
0.2606800000
-0.2710700000
1.7753000000
0.3994300000
1.2003000000
-1.0469000000
1.3993000000
0.3992600000
0.0387140000
0.3218300000
2.6461000000
0.5184100000
-0.1196300000
0.4768800000
2.4830000000
-1.0107000000
-0.0316520000
2.2534000000
-1.3736000000
-0.9669100000
2.8454000000
0.1843200000
-1.5632000000
-0.0024573000
2.4739000000
-1.3655000000
6.1021000000
1.0323000000
-0.0008802200
1.9512000000
-0.8330900000
0.4873700000
2.9765000000
-0.9045400000
-0.9323500000
0.5396600000
-0.9895000000
0.3678800000
0.7633200000
1.2028000000
0.7409900000
3.0886000000
-0.2466500000
1.7011000000
-0.5104500000
0.7212600000
-0.5692700000
0.1934200000
0.8267500000
0.8745600000
0.1247600000
0.2434700000
0.3689700000
-0.8340800000
1.7295000000
-0.3904100000
1.1203000000
1.1918000000
2.5256000000
0.9562200000
-1.3768000000
-1.2405000000
-0.3354900000
0.8349800000
1.2715000000
0.5489900000
-0.1315500000
2.6942000000
0.2537000000
0.8185100000
2.3439000000
0.5865300000
0.2300900000
-1.0039000000
1.6401000000
2.8149000000
1.0358000000
0.0544540000
-0.1248000000
1.0903000000
-0.9157500000
0.3439000000
-0.0595800000
-0.5048500000
-1.3180000000
-0.4134800000
-0.3060600000
-1.5573000000
-0.0036749000
0.3133400000
-0.0727150000
5.8598000000
1.7382000000
1.7248000000
-1.0413000000
2.0550000000
-1.0207000000
3.4339000000
-1.0026000000
0.5341800000
4.2517000000
0.2697000000
1.5167000000
-0.9274900000
0.0449110000
-0.9726500000
2.1328000000
2.0488000000
-1.3089000000
0.8101600000
-0.0776060000
1.1130000000
-0.8487900000
1.1323000000
1.1803000000
0.3447600000
0.9541400000
-0.8611500000
1.2585000000
0.2341900000
-0.0201120000
1.3858000000
-1.2231000000
3.2558000000
0.6023400000
2.0607000000
-0.4024800000
0.5743900000
1.4443000000
4.1821000000
0.6294800000
-0.3736700000
0.2235700000
0.4837600000
3.5534000000
0.8003600000
-0.0369470000
2.3296000000
2.6878000000
1.0501000000
2.8777000000
0.3791400000
0.4178100000
1.2588000000
0.1385400000
-0.9139900000
0.6855000000
0.4339600000
-0.5308800000
1.6789000000
2.0897000000
2.2013000000
-0.0066835000
-1.2177000000
0.2152100000
-0.7596300000
0.1575800000
1.2122000000
-0.5303800000
0.2976200000
1.2707000000
-0.1465200000
-0.2816000000
1.4399000000
0.8396400000
1.8066000000
-0.8286600000
0.1721300000
-0.7855100000
0.2557100000
-0.4669900000
0.6331300000
2.1146000000
0.5346500000
-0.3677900000
0.9130000000
2.6492000000
1.9699000000
0.1044600000
1.0796000000
1.0243000000
1.3728000000
0.0868930000
-1.1477000000
0.5792600000
0.5334600000
-0.7095200000
0.8629100000
-1.1695000000
3.4282000000
0.5967900000
0.3978300000
0.4935100000
0.4462000000
1.0079000000
3.2955000000
-0.3995400000
2.7064000000
0.5321100000
-0.3512800000
1.1472000000
1.2497000000
0.2869000000
-0.0723250000
-0.4292800000
1.7175000000
0.3569300000
-0.9135900000
2.0222000000
1.4758000000
-0.2372300000
1.1045000000
-0.1832400000
3.3273000000
-0.1486200000
0.6480400000
-0.5467700000
-0.6067200000
0.3737700000
-0.2066300000
-0.8929000000
-1.2951000000
-0.2258800000
0.1437700000
-0.3555100000
5.6476000000
-0.2200300000
1.1067000000
1.5774000000
-0.8480700000
0.2619600000
1.6140000000
-1.1546000000
-0.4270100000
-0.0863260000
-0.1145100000
1.0830000000
1.5573000000
3.2741000000
1.5724000000
3.0568000000
-0.6972600000
0.9481200000
4.3097000000
0.4211900000
1.0778000000
2.2039000000
1.0297000000
0.9681400000
2.0544000000
1.7432000000
-0.7737600000
-0.4264800000
-0.1016700000
1.2802000000
1.8882000000
0.3816400000
1.4640000000
-1.0091000000
-0.3452000000
3.6572000000
3.0230000000
-0.5198100000
0.8677500000
-1.3861000000
1.5188000000
-0.8037400000
2.0118000000
1.7856000000
1.9445000000
0.0957590000
0.1076200000
0.9803200000
-0.5083000000
-0.7952900000
1.6665000000
0.5809600000
-0.3844400000
-0.3451100000
0.6853800000
0.6056200000
0.2257100000
-0.4401800000
1.2261000000
0.4099500000
0.6429000000
0.0433170000
1.5376000000
-0.3094900000
2.5569000000
-0.5840700000
-0.2899200000
-1.2847000000
0.2844600000
0.8659300000
0.7529400000
3.5377000000
-0.0388620000
1.1869000000
1.6906000000
0.9548800000
0.4388200000
0.7209100000
3.0815000000
-0.4549700000
-1.1446000000
0.7413200000
-0.5168300000
-0.8723500000
0.2207800000
-0.5809500000
1.4316000000
-0.6050900000
1.5890000000
2.2133000000
1.2228000000
0.7416800000
1.8228000000
-0.2104200000
1.4319000000
0.6372500000
4.3126000000
1.2223000000
1.6849000000
-0.9536700000
-0.1740700000
0.5588300000
0.1901600000
-0.7471600000
-0.1714500000
1.0216000000
-0.9075200000
1.0642000000
-1.2888000000
-0.6430100000
0.5503700000
0.4937100000
0.5670600000
-0.8766400000
0.6207900000
-0.3797600000
-0.7249300000
1.9782000000
-0.0587640000
1.9490000000
4.7898000000
-0.0874870000
-0.8616900000
1.9456000000
0.1375100000
2.6795000000
-0.7051900000
0.2294100000
1.5467000000
1.9561000000
-0.4951100000
1.4887000000
2.4662000000
2.5276000000
1.1164000000
0.8952800000
0.9793900000
0.0381290000
-0.0715500000
0.5993000000
1.6318000000
-0.0636670000
0.6171800000
1.2312000000
0.8121200000
0.7766100000
0.7399300000
0.7380800000
0.9083700000
-0.9286200000
-0.1221700000
1.5480000000
-0.9322900000
-0.7377000000
0.4775300000
-0.2575700000
0.0531290000
-0.3039700000
0.8254900000
0.7353800000
0.4743900000
1.3165000000
0.7949200000
0.2789900000
1.9822000000
0.9073400000
-0.0605820000
0.0648800000
1.8538000000
0.8234600000
1.3489000000
-0.1256800000
2.7512000000
-0.4121100000
-0.1821800000
0.0158640000
1.1858000000
-0.7035900000
1.3312000000
0.1140000000
-0.4595100000
-0.6778100000
-1.6216000000
1.3227000000
-0.4056800000
-1.2681000000
1.4882000000
-0.2265100000
-0.1874200000
-0.8058900000
-0.5692200000
0.7520700000
-0.1622200000
-0.8828300000
1.6463000000
0.2929000000
-0.4898900000
-0.5202700000
0.9271800000
1.5968000000
-0.1257400000
2.3503000000
2.4701000000
2.6515000000
0.3969900000
1.7242000000
2.7641000000
3.2773000000
1.5716000000
0.4543600000
-0.2000100000
1.1902000000
-0.8892400000
0.9213300000
-0.3577400000
1.8642000000
-0.9258600000
-1.2072000000
0.6121900000
0.3106400000
-0.5885100000
0.6184900000
0.8326000000
0.9569600000
0.0226260000
1.5218000000
-0.9104300000
0.8191400000
3.4065000000
-0.4492400000
-0.0862630000
-0.4437800000
2.0736000000
-0.7773700000
-0.6112900000
-0.1651200000
1.5234000000
0.9665600000
0.0845650000
-0.8381200000
0.5516800000
-0.7928800000
1.9938000000
-0.4478200000
2.2701000000
0.2658100000
-0.4364400000
-0.8849900000
1.6244000000
-1.2100000000
-0.3305900000
0.7246700000
1.1547000000
1.0306000000
2.6787000000
0.5748200000
0.6257000000
-0.4372000000
0.5882700000
-0.1154500000
1.1436000000
1.1051000000
-0.4424200000
2.2419000000
-0.3278700000
0.1075900000
-0.7707600000
3.7258000000
2.6181000000
-0.5787800000
0.1965200000
-0.8167700000
-0.2794500000
-0.4173700000
-0.5005400000
1.2710000000
-0.3535300000
0.7881900000
-1.0259000000
-0.8028600000
-1.6371000000
-0.1629200000
0.4898200000
1.3027000000
1.6688000000
-0.0564050000
0.1778400000
0.5301200000
1.2967000000
-0.0048868000
0.4820000000
-1.0130000000
1.2767000000
-0.6330500000
3.7236000000
-0.3376300000
1.2748000000
-0.8802700000
2.5155000000
1.3535000000
-0.0691780000
-1.0405000000
0.0547720000
-0.6204300000
0.0438690000
1.1380000000
-1.2634000000
-0.7155100000
0.9505000000
0.1962900000
-0.5857200000
-0.4992200000
0.7896500000
-1.5009000000
-0.7701300000
-0.1866400000
2.6070000000
-1.0675000000
0.9244300000
0.6433700000
0.1480600000
-0.0394840000
0.9198800000
-1.1242000000
-0.1984900000
0.6917500000
1.3613000000
1.5923000000
-1.0342000000
0.6350200000
0.1985200000
-0.7068800000
-0.3352300000
0.1620800000
0.1110900000
-0.8525100000
1.8561000000
2.8347000000
-0.0073553000
1.7167000000
1.3854000000
1.3732000000
1.7007000000
2.4580000000
3.5259000000
-0.7006200000
2.0351000000
0.0391780000
-0.4188000000
1.2596000000
-0.4524700000
-0.4313000000
2.0408000000
-0.1557000000
-0.9354600000
0.5684700000
0.8103500000
0.7549900000
0.5410700000
-0.4560700000
1.4383000000
-0.0123980000
2.2415000000
0.3351400000
-0.1363500000
-0.9609500000
0.0508570000
0.2653900000
-0.0813530000
-0.2039000000
4.3514000000
-0.6431700000
-0.5489200000
-0.1031700000
-0.7464300000
-0.3643300000
0.2878500000
0.8229600000
0.0571110000
1.8451000000
-0.7133200000
0.1466100000
0.1601700000
-0.1731600000
0.2287500000
-0.0417840000
1.6493000000
0.5552400000
-0.5423200000
-1.9559000000
-0.6087700000
-0.0522830000
-0.7491400000
-0.5901900000
-0.9263700000
-0.1380500000
2.4625000000
0.1453000000
3.7832000000
-0.8620200000
0.0672380000
2.8424000000
-0.4876000000
2.6509000000
-0.0677620000
2.1080000000
2.3793000000
0.0517150000
-0.7257300000
2.0068000000
-1.6354000000
0.2119800000
-0.4405800000
-1.1087000000
-0.8923200000
1.1227000000
-1.3590000000
0.0162350000
1.2955000000
0.0871060000
0.6637000000
-0.0941790000
0.9476700000
1.2946000000
-0.1289100000
0.3146600000
-0.3689300000
-0.3897700000
0.2628800000
1.3134000000
-0.8584600000
1.4889000000
0.5704200000
0.1278800000
0.0543710000
0.5696500000
-0.8679300000
0.0497270000
-0.4469800000
-0.7014100000
1.1294000000
-0.3980300000
-0.8600600000
0.5224700000
-0.5092700000
-0.5758500000
0.7724200000
3.0558000000
3.3912000000
2.3138000000
0.5457200000
2.4921000000
-0.3823300000
1.4042000000
-0.8952600000
-1.3097000000
0.1136000000
-0.1627600000
1.4628000000
-0.6246300000
1.1351000000
1.5455000000
1.4146000000
3.1336000000
-0.4674500000
2.4781000000
-1.3132000000
-0.4107000000
-0.2079300000
-0.2900300000
2.8403000000
0.2506500000
-0.2823700000
-0.2707800000
-1.0326000000
0.6830900000
-0.6621600000
-0.6148900000
0.5176600000
-1.3011000000
-0.3607800000
0.0394130000
-0.4857600000
-0.3968300000
-0.4789900000
0.2655700000
-0.5868200000
-0.9305400000
0.1882900000
0.7947400000
-0.9058500000
0.1820200000
0.6172500000
-0.4246400000
0.6801900000
0.3360300000
-0.0030128000
0.0971370000
0.1201300000
0.1372500000
-0.4385200000
-1.6665000000
1.6043000000
-0.0489530000
-0.4556600000
-0.6042300000
0.2736800000
0.4590700000
-0.4116700000
-0.4265600000
2.0210000000
1.0596000000
-0.2377700000
2.7410000000
1.3241000000
0.8372900000
0.7612900000
-0.9134200000
-0.3570800000
-0.2946700000
-0.0050166000
2.0091000000
0.2356600000
1.4884000000
-0.1506800000
-1.3195000000
0.0018019000
-1.0815000000
0.5560700000
0.2127300000
-0.0862930000
-0.4051300000
1.1120000000
-0.8908800000
-0.2848100000
0.2393000000
0.7962900000
1.2288000000
-0.1009200000
0.3015900000
0.3519700000
-0.1507800000
-0.4162300000
2.9914000000
0.5679900000
-0.8225100000
3.6462000000
0.6590500000
-0.4915600000
0.1175000000
-1.1909000000
1.0120000000
2.3060000000
2.4815000000
0.6300700000
2.0383000000
0.6375100000
0.5806000000
1.8546000000
1.0716000000
1.6394000000
0.6379000000
-1.4111000000
1.4512000000
0.6154300000
-0.2904400000
0.1556700000
-1.1444000000
0.9591200000
0.2172100000
-0.3678600000
-0.2579300000
2.3247000000
0.0105540000
-0.2988600000
1.1179000000
-0.3102200000
-0.2610300000
1.2435000000
-0.8187300000
0.3521900000
-0.0525620000
0.0530980000
1.8379000000
0.6676800000
1.2613000000
1.0009000000
-0.7795400000
-0.6217600000
-0.3637700000
0.6845500000
0.2293600000
0.3464600000
-0.3774400000
-0.5984900000
0.7533200000
-0.3306700000
-0.2894900000
1.1826000000
-0.0043815000
0.8716400000
-0.0103890000
1.6816000000
-0.8649500000
-0.1422100000
0.6868900000
1.7052000000
5.5923000000
-0.5770500000
2.3329000000
1.2505000000
2.0315000000
-0.1824100000
1.8578000000
0.1822600000
1.4780000000
2.7315000000
0.2383000000
1.3431000000
2.4191000000
2.1540000000
2.6266000000
1.4798000000
0.4236000000
0.7857900000
0.5811000000
-1.4221000000
1.7028000000
-0.9197500000
2.3235000000
0.1294500000
1.2290000000
-0.5751800000
0.9108900000
0.6218800000
-0.6950600000
0.8791800000
0.2109800000
0.0505480000
0.4684300000
-0.2026700000
-0.2050400000
0.1346300000
1.2186000000
-0.6129800000
-1.4193000000
0.2600300000
-0.0563530000
3.1949000000
-0.2459800000
1.9076000000
-0.6408800000
-0.8771600000
3.0211000000
-0.7454600000
-1.0968000000
1.0885000000
1.3082000000
-0.7852100000
2.4921000000
0.1633700000
-0.4099600000
0.2341500000
-1.0383000000
-0.3225900000
-0.4023900000
0.4489000000
-0.0003551800
0.9618400000
3.5122000000
0.5437700000
0.2715100000
-0.5144400000
0.4265900000
0.4791200000
1.0250000000
0.4454100000
1.3604000000
2.7519000000
0.7278100000
1.0483000000
2.7481000000
0.9269800000
3.6820000000
-1.1369000000
0.9538500000
2.1853000000
1.3326000000
1.4701000000
-0.5152300000
0.5339900000
-0.2114000000
0.5207600000
4.8754000000
1.0995000000
-1.5870000000
-0.0218150000
2.7455000000
-1.3279000000
-0.3435700000
3.2211000000
0.6181700000
-0.3860700000
0.6611800000
1.6968000000
0.7676200000
1.3837000000
-0.6052200000
1.0386000000
-0.2646100000
-0.1023000000
-1.2216000000
0.2366000000
-0.6435900000
0.7229200000
1.7847000000
2.0991000000
1.3626000000
1.1837000000
-0.3893000000
0.0668740000
0.5340000000
2.0322000000
0.4623100000
2.8127000000
-0.4910300000
-0.0662700000
-0.9547900000
-0.4785700000
0.9991000000
-0.6426700000
-1.3589000000
0.1280800000
0.2104900000
1.0547000000
0.8974400000
1.5105000000
2.1954000000
2.5420000000
0.7649600000
-1.2035000000
-1.1689000000
1.5719000000
0.0101200000
1.5479000000
-1.2367000000
1.5498000000
-0.3442600000
-0.0151710000
-0.2969300000
-0.4008200000
4.3316000000
3.4889000000
1.7833000000
-0.3437700000
0.2866100000
2.2849000000
0.0308830000
0.5873000000
0.0907180000
0.4752700000
3.2453000000
0.0535760000
0.5813000000
1.0307000000
-0.0676810000
1.1563000000
-0.3492900000
-0.6544600000
0.8001100000
0.8297500000
-0.1008200000
1.5070000000
-0.2906800000
1.9409000000
1.7492000000
-1.3337000000
-0.6361400000
0.1792200000
0.7323700000
1.0531000000
-1.1181000000
1.7512000000
-0.5765600000
0.0197650000
2.2012000000
-0.9368100000
0.6254300000
2.5641000000
-0.6733600000
1.9107000000
-0.0749760000
-0.2922600000
0.1881300000
0.1988300000
1.5525000000
4.5839000000
-0.9193000000
0.7866100000
0.0707410000
0.0451310000
-0.4605400000
-0.9172500000
-0.8834300000
0.2685400000
1.6950000000
-0.5200600000
-0.8730700000
-0.8639500000
-0.5873600000
2.7652000000
0.5695700000
0.3526300000
1.0767000000
-0.5580900000
2.8025000000
1.4592000000
2.6789000000
1.3862000000
1.9501000000
-0.3150100000
1.4402000000
1.4480000000
1.0391000000
3.6967000000
0.5132400000
0.2683300000
-0.2933800000
1.0335000000
1.1944000000
3.7688000000
-0.1275600000
1.4519000000
0.6209300000
0.3785900000
-1.5596000000
1.3661000000
2.8082000000
-0.5785400000
-1.3842000000
3.0037000000
-0.0827730000
0.9799800000
2.8473000000
0.6270900000
-0.5602000000
0.2877600000
2.5187000000
-0.2112400000
2.2403000000
0.0769950000
0.6299100000
3.9666000000
4.7853000000
1.0019000000
-1.2616000000
-0.5268000000
0.2626000000
1.6076000000
0.4783800000
-0.3471700000
-0.2442500000
0.8447000000
0.4738100000
0.7630800000
-1.1124000000
-0.3363700000
1.4407000000
-0.0041326000
0.2928600000
3.2481000000
2.2690000000
0.2300600000
-0.9988700000
1.9384000000
0.7195100000
-0.6777800000
3.0594000000
3.7133000000
1.0841000000
1.5759000000
2.6203000000
2.7779000000
0.2668900000
0.8708900000
-0.0846460000
-0.2613700000
3.7921000000
1.4610000000
0.3900900000
-0.7557100000
0.1285500000
-0.3285300000
0.3211300000
0.8776300000
-0.8810800000
-0.1633800000
-1.1817000000
0.3539200000
2.7577000000
0.0124640000
2.6505000000
2.1822000000
1.5305000000
2.2112000000
-0.1920600000
-0.6090200000
1.2554000000
0.4752900000
0.3414200000
0.2576600000
1.0700000000
-0.7545600000
-0.2095400000
-0.9842300000
6.0452000000
-0.7217200000
0.1970300000
-0.5024800000
0.3657400000
2.4679000000
-0.4497500000
-0.7840800000
0.9076900000
-1.0500000000
-1.2772000000
0.9105000000
1.8017000000
-0.2574500000
2.7338000000
0.7568000000
2.4265000000
0.3816000000
1.4486000000
3.6699000000
-0.6051500000
1.6095000000
-0.2283000000
-1.4036000000
1.0338000000
0.5947200000
2.1454000000
-0.6186400000
1.4821000000
2.1220000000
-0.1407400000
0.5116300000
-0.2436300000
0.1285700000
-0.1713500000
2.6393000000
-0.2011000000
0.3937000000
-0.2617400000
0.8159100000
0.6058500000
-0.2294100000
3.7428000000
0.4535600000
1.1453000000
0.1348400000
-1.1353000000
0.1438100000
-0.9294900000
0.4951900000
-1.4821000000
0.3593700000
-0.0090637000
0.2804300000
-0.0132160000
-1.2152000000
-0.6484900000
1.1402000000
-0.0863770000
1.0062000000
1.0447000000
0.6971000000
-0.4457100000
0.1499900000
0.8915800000
2.2899000000
-0.6132900000
-0.1675400000
0.9360500000
3.2443000000
1.2706000000
-0.5189700000
1.1137000000
0.9934100000
-0.0459070000
-0.7898300000
-1.7068000000
-0.0073110000
1.6807000000
-0.3511500000
0.3123700000
1.6261000000
-0.4695600000
2.1430000000
0.9286600000
0.0157250000
-0.6107200000
-0.3014900000
3.4141000000
0.7726400000
0.6685900000
0.9554400000
0.1328100000
-0.0468730000
0.3719400000
-0.5638200000
0.9771300000
0.2584600000
-0.3946800000
0.7443000000
-0.0861550000
-0.0300730000
-0.7915100000
3.6152000000
-0.2513400000
-1.3240000000
1.8675000000
-0.8569200000
0.5828400000
-0.2361100000
-0.8406900000
0.4957600000
0.7577800000
-0.2677700000
0.0624180000
0.3094600000
0.0998950000
0.5527200000
-0.2140000000
0.1883900000
-1.0628000000
1.8928000000
-0.0504650000
0.0511390000
1.8880000000
2.8732000000
0.9150600000
-0.3893600000
0.4885100000
1.4270000000
-0.1586100000
-0.0500840000
-0.6148800000
2.5928000000
-0.2076800000
0.3713800000
0.3613100000
4.4072000000
-0.7872800000
0.0597780000
0.0189400000
0.5925200000
1.4323000000
-0.5226100000
-0.8951400000
-0.8341100000
1.4729000000
-1.2482000000
1.6309000000
1.1582000000
-0.9031600000
-0.0128930000
-0.9187500000
2.8290000000
-1.4463000000
1.7596000000
1.9214000000
0.0048765000
1.0270000000
-0.4442800000
0.5836500000
1.4979000000
3.0120000000
-0.0852650000
-0.1229700000
0.4402600000
0.4561100000
0.0360470000
0.7134000000
0.5378700000
-0.3328900000
0.6545100000
-1.0811000000
-0.1883300000
2.4463000000
1.9030000000
1.6002000000
0.2057300000
-0.0597610000
3.0550000000
0.2717000000
1.1800000000
1.1937000000
-0.0509620000
-0.1872100000
-0.5424300000
-0.2537800000
-1.4115000000
0.6323000000
-0.2551500000
-0.6620200000
0.1435000000
-0.1917900000
-1.0230000000
-0.0229970000
-0.7030600000
0.1159200000
2.8857000000
0.6891200000
1.3277000000
1.3003000000
0.0283590000
-0.5433700000
0.1028300000
0.1516800000
2.8494000000
-0.8835200000
-0.5565500000
1.1981000000
0.7243400000
-1.5421000000
0.2917500000
-0.6508900000
6.7855000000
-0.3263200000
-1.8776000000
-0.9919300000
-0.6911200000
-0.5873400000
2.3364000000
-0.7864800000
0.0774500000
1.5627000000
2.2013000000
-0.8828500000
0.5578300000
2.6691000000
0.6925600000
1.0216000000
1.9717000000
-0.2137600000
0.4879100000
-0.6976400000
0.3274500000
-0.1508100000
2.1139000000
-0.3587300000
-0.9108600000
0.1944900000
1.7200000000
-0.2583600000
0.1320400000
-1.4313000000
-0.3567300000
-0.3233600000
0.1601900000
0.4184000000
0.5098600000
1.2669000000
-1.3250000000
-0.5634600000
2.2385000000
2.8216000000
-0.5946600000
1.7751000000
-1.0712000000
3.6688000000
-1.2575000000
0.8618500000
1.8970000000
0.1115300000
5.4074000000
2.1646000000
1.6630000000
-0.9125100000
1.2399000000
1.0459000000
-0.7898700000
3.3067000000
-0.2975500000
1.7279000000
6.3316000000
0.2857000000
-0.2029300000
3.2902000000
-0.5620200000
0.1676500000
0.0397160000
3.4630000000
0.8075100000
0.6108100000
-0.8895700000
-1.2530000000
0.8640900000
0.3522700000
3.3584000000
1.6632000000
2.8179000000
2.7597000000
2.6133000000
-0.3123500000
-0.3295400000
3.7558000000
-0.0829870000
-0.3328100000
0.6540400000
0.2046200000
0.7086300000
-0.7702900000
1.2262000000
-0.0690100000
2.3643000000
1.4091000000
4.3076000000
0.5987000000
0.8380300000
0.6084700000
0.7493900000
0.5133800000
-1.0149000000
-0.2795500000
1.5197000000
-0.3841700000
1.2532000000
2.1530000000
-0.4509500000
-0.6454300000
-1.2573000000
-0.5005600000
1.7305000000
2.2722000000
0.6366300000
1.1182000000
-0.1445200000
-0.7137200000
0.0908610000
7.6374000000
-0.0488120000
-0.2623800000
-0.6000500000
0.2170000000
1.4513000000
-0.2155300000
-1.3736000000
1.0112000000
1.6936000000
2.6259000000
1.9578000000
0.9796900000
0.5658500000
-0.1106400000
0.2378700000
-0.2704700000
-0.1823800000
-0.1314300000
2.5954000000
0.9221500000
1.9014000000
-0.0984800000
2.1170000000
1.0550000000
0.1050100000
0.0545310000
1.2034000000
3.4135000000
0.3422000000
-0.1092600000
0.2639200000
6.1824000000
2.0169000000
4.3401000000
2.2834000000
-1.2885000000
-0.1972200000
0.8813300000
-0.1482700000
0.3526200000
-0.0397490000
1.1407000000
-0.5299700000
0.5114600000
1.0516000000
0.0758700000
1.9005000000
0.4061000000
1.9482000000
-0.0174400000
-0.5924500000
2.5312000000
-1.5483000000
-0.1608000000
1.2975000000
-0.7131500000
-0.7937200000
0.4155300000
-0.9668500000
2.1386000000
0.4438000000
-0.5434200000
2.5276000000
-1.2045000000
0.2181800000
-0.2366200000
-0.0377510000
1.3593000000
-0.6734400000
1.4669000000
-0.7542800000
3.1171000000
1.1970000000
1.0646000000
3.4179000000
-0.2359200000
0.1809200000
0.5994600000
0.8107200000
0.0043643000
-0.2470300000
1.1378000000
-0.2416900000
-0.2522000000
-0.7805500000
-1.2724000000
0.1830300000
-0.7874600000
0.1007800000
2.0682000000
0.7095500000
-0.3178400000
0.6815700000
0.9359500000
2.7032000000
-0.4842300000
0.1905800000
1.0385000000
1.7340000000
1.0173000000
0.8692500000
-0.4571700000
-1.2453000000
-1.1316000000
-0.4789100000
-0.8507900000
-1.1212000000
-0.1838400000
0.2021600000
1.9730000000
-0.2020300000
0.6412700000
0.3562700000
0.3596000000
-0.2750000000
0.2232100000
-0.0638870000
1.7306000000
-0.8875400000
2.2900000000
-0.4767700000
0.7362300000
2.7025000000
0.2503900000
0.9234300000
0.9163600000
0.9663700000
1.5560000000
-0.7909100000
-0.3356700000
1.6445000000
1.9212000000
-0.7931200000
-0.3526700000
1.4312000000
3.8818000000
0.0333940000
-0.0063297000
2.0487000000
1.4025000000
0.4721200000
1.5013000000
0.9298700000
4.8941000000
0.4594000000
-0.2157400000
0.4236700000
-0.3376300000
1.1156000000
0.3679400000
3.4712000000
1.9997000000
-0.6608300000
1.2429000000
4.7094000000
0.2996900000
0.3733400000
-0.0593870000
2.6267000000
3.2185000000
0.4270000000
0.1688200000
2.6772000000
1.1332000000
-0.2909000000
0.4917600000
-1.0398000000
1.1904000000
-0.8755600000
-0.3996100000
0.6813000000
1.7277000000
-0.9113300000
0.6230300000
3.2203000000
0.5758700000
0.0025473000
2.8625000000
0.4071300000
1.1656000000
0.1781900000
1.9314000000
1.1467000000
0.3425300000
0.1611100000
-0.7723900000
-0.7112100000
-0.8095400000
0.8179800000
4.6672000000
0.4819400000
0.9641300000
0.2212200000
1.3242000000
0.9201900000
1.0118000000
1.3882000000
4.1804000000
1.1849000000
1.5321000000
0.3816600000
0.4947200000
0.6434400000
-0.7279200000
-0.6960700000
1.0650000000
-0.7216100000
-0.2834600000
1.4212000000
0.7200500000
0.7795600000
-1.0232000000
0.6637200000
2.0039000000
3.0349000000
3.5705000000
-0.5859700000
-0.4382000000
1.5545000000
0.3957600000
1.2994000000
-0.4324800000
0.8667900000
-0.1318400000
0.4106800000
-0.2075400000
-1.5128000000
2.9371000000
0.4881100000
0.4595000000
0.9205500000
-0.4139000000
-0.1501200000
0.1136100000
0.9826300000
1.8404000000
0.6371300000
0.1141900000
1.5685000000
0.2718500000
2.6148000000
0.5222000000
1.2166000000
0.3460800000
-0.3468500000
0.8702600000
-1.5775000000
0.4420600000
-0.4305000000
0.5443900000
-0.8063700000
-0.3190800000
0.4584000000
-0.5949400000
2.0676000000
0.0510550000
-0.6414600000
2.1571000000
2.7911000000
2.0013000000
1.2070000000
0.7056700000
2.0732000000
0.9645900000
0.7309600000
1.1910000000
-0.5597600000
-0.5928700000
-1.6782000000
6.6319000000
-0.6176800000
-0.9259900000
-1.6184000000
0.4051100000
0.6358500000
0.5055400000
-0.1098400000
-0.6523400000
1.0874000000
-1.4279000000
0.2649900000
1.3330000000
-0.9583700000
-0.3107400000
0.1356800000
0.2015800000
2.3188000000
0.9938300000
3.8592000000
-0.9390000000
-0.6282300000
1.3672000000
0.0883580000
0.5911900000
-0.3118000000
2.0296000000
-0.0906920000
-0.3251300000
2.8254000000
1.4077000000
5.8332000000
-1.7861000000
-0.5267000000
0.1188500000
0.2610000000
0.1203300000
0.6428700000
2.2426000000
1.2968000000
2.4597000000
-0.4013300000
0.3448000000
-0.1721200000
0.6584800000
-0.7581700000
1.9452000000
2.5792000000
1.8848000000
0.4467500000
2.2158000000
0.1229000000
-0.6849600000
1.2046000000
0.4902900000
1.7012000000
-0.7701700000
1.8875000000
0.5801800000
-0.8433200000
-0.3132700000
2.5086000000
1.3106000000
1.7171000000
1.2153000000
0.6655400000
1.6064000000
1.3527000000
0.3562400000
0.7845400000
0.0698190000
-1.1350000000
0.9446900000
0.8197200000
-1.1672000000
2.0310000000
0.4958600000
0.7370400000
-0.2444000000
0.7484100000
-1.2601000000
2.0934000000
1.8201000000
1.1031000000
0.1037700000
-0.0071741000
0.6837100000
0.5994400000
-1.4927000000
2.7821000000
2.2704000000
1.3793000000
0.0230810000
1.0618000000
0.3603300000
-0.0713790000
2.6707000000
0.9836100000
-0.4854000000
0.3616200000
-0.4130800000
-1.1225000000
-0.3398800000
-0.3797400000
1.7637000000
0.7208500000
-0.9620900000
1.7448000000
0.0678800000
0.7830600000
0.1557700000
0.6996800000
-1.2422000000
2.1678000000
0.2910300000
1.4889000000
1.5629000000
0.4753800000
1.5917000000
2.3431000000
1.1502000000
-0.3300200000
0.0127670000
-0.3307500000
3.9203000000
-0.8485100000
0.5285000000
-1.1352000000
-0.0952990000
2.8314000000
-0.7364300000
5.7141000000
-0.2418400000
0.9152000000
0.0307310000
-0.2115000000
0.8458000000
0.4251400000
0.3732400000
-0.0931380000
-1.2894000000
0.0810490000
0.5728400000
-0.4008200000
0.8685500000
-0.3888900000
-0.1138500000
1.5156000000
0.1163100000
1.4484000000
0.2182500000
-0.2269900000
0.3938300000
2.1022000000
-1.1402000000
-0.6497600000
-0.5288100000
-0.8516100000
2.9717000000
1.3692000000
2.4021000000
-1.2351000000
2.0910000000
0.7219900000
-0.4521900000
-0.9695200000
3.1452000000
0.8676300000
-0.5931100000
1.5378000000
-0.3034100000
-0.7015400000
-0.2110500000
-0.0760050000
1.8702000000
0.2817800000
0.1854100000
-0.9633300000
-0.3056100000
-0.0294750000
-1.1041000000
3.7217000000
1.4001000000
2.9565000000
0.4609600000
1.4524000000
0.2048800000
0.3681200000
3.6804000000
0.4597700000
2.7237000000
-0.4870800000
-0.0550020000
-0.5906200000
-0.1553500000
3.4545000000
-1.2564000000
1.5294000000
0.4436300000
2.8142000000
1.7479000000
1.6959000000
-0.8578900000
1.1033000000
1.6945000000
-0.9426300000
-0.0110570000
0.2504100000
-0.5486500000
-0.0465390000
0.1913200000
1.6374000000
-0.6398700000
0.8629500000
-0.5776400000
1.0792000000
2.4400000000
0.8651200000
2.4324000000
-0.1166700000
0.3053800000
1.4300000000
-0.4728300000
2.5675000000
0.7041200000
-1.2645000000
0.9623200000
0.0162470000
-0.3967300000
0.3366600000
0.8809500000
0.9516900000
2.1013000000
0.8231200000
-0.1306100000
1.4250000000
-0.4843700000
-1.6715000000
2.8841000000
1.3867000000
-0.8648400000
-0.1757200000
-0.1778900000
2.5585000000
0.7589500000
2.8331000000
0.8106500000
-0.2515300000
-0.9665900000
3.5282000000
-0.4618000000
3.3754000000
0.0233820000
1.8334000000
-0.8540500000
-0.4858700000
2.8117000000
-0.3415900000
1.3562000000
2.8230000000
1.2176000000
0.9515200000
-1.1267000000
2.6848000000
-0.3563000000
0.3299600000
0.1304200000
-0.4419300000
0.1669200000
2.9772000000
-0.0540260000
-0.2275300000
-1.3610000000
-0.7382900000
-0.2255300000
0.1920200000
0.6497200000
-1.7088000000
0.1557000000
0.7611500000
3.1325000000
0.0665510000
-0.1522300000
-0.5701100000
1.8456000000
-1.4268000000
0.2685700000
-1.1501000000
-0.0235980000
-0.2405700000
0.6325300000
1.1091000000
6.5176000000
0.7605700000
0.0507270000
0.5977800000
0.3421800000
0.5632300000
1.3027000000
-0.6864500000
-0.1875800000
0.5172400000
-0.1995700000
0.5250500000
1.0028000000
-0.8037500000
1.0714000000
0.4221500000
1.0443000000
2.5554000000
0.1052200000
-0.3597200000
0.1810600000
-0.3590400000
0.9957800000
-1.0261000000
2.8604000000
1.0143000000
1.0116000000
1.5070000000
1.1799000000
-0.2948600000
2.0451000000
2.1658000000
2.0221000000
0.0693230000
-0.5598700000
0.4382300000
0.1503500000
0.5581100000
0.9745500000
0.1893700000
0.6666400000
0.1167300000
0.1070400000
1.4839000000
2.2958000000
1.2133000000
-0.5918400000
0.1142900000
-0.2429900000
-0.7184300000
0.7000800000
1.4595000000
-0.7968700000
-1.0918000000
-0.2264600000
1.5259000000
2.7646000000
-0.0351400000
1.8008000000
0.9853800000
-0.1423200000
-1.1312000000
2.4221000000
-0.7360500000
-0.4776700000
-0.4191800000
0.9378100000
0.2676400000
2.4818000000
-1.0176000000
-0.2489500000
1.8065000000
-0.8110200000
-0.4688600000
-0.4220800000
-0.7630900000
-0.1962700000
-0.2108100000
-0.5159400000
2.7468000000
0.6244000000
-0.5596200000
0.0438220000
0.4720600000
3.0532000000
2.2432000000
0.5512600000
1.2083000000
1.7826000000
1.7110000000
0.7357600000
0.5644000000
0.6313200000
0.3750200000
1.3226000000
0.4948000000
0.8729100000
-0.7579300000
-0.6148100000
0.4365100000
0.9548300000
0.4292200000
0.4122400000
-0.1915600000
2.3108000000
0.7816500000
1.0367000000
0.4983000000
-1.0175000000
0.3189900000
0.5879500000
2.0086000000
2.5283000000
2.3410000000
-0.7991200000
0.3223700000
1.2300000000
0.2545900000
1.3682000000
0.2558200000
-0.0183600000
0.4565700000
-0.6236300000
1.4674000000
1.1129000000
3.3856000000
0.8029300000
0.0958160000
3.3050000000
0.1386900000
0.6977600000
1.7913000000
1.7824000000
2.0410000000
0.1638700000
0.0497810000
1.2789000000
1.9938000000
0.0916540000
-1.6307000000
4.9266000000
-0.1521900000
-0.2213700000
0.6797300000
0.9396400000
-1.4490000000
0.0771980000
0.7952800000
-0.5014400000
0.2259600000
1.1170000000
1.3783000000
0.8194900000
4.0566000000
1.2880000000
0.5922100000
-0.2465600000
6.3817000000
2.2266000000
0.7586200000
0.6701600000
0.3054800000
0.8236700000
-0.2825900000
-0.3987100000
-0.1853900000
-0.1939800000
-0.2635900000
2.0207000000
-0.7541700000
1.3692000000
1.0374000000
0.9841100000
-1.3359000000
-1.0220000000
-0.4377600000
1.1305000000
0.0251970000
-0.1687200000
1.8573000000
-0.8868700000
-1.0397000000
7.7474000000
3.1964000000
0.1908500000
1.7196000000
1.3190000000
0.7729500000
1.0522000000
0.7422400000
0.5285000000
1.7865000000
2.4515000000
-0.4467300000
-0.4526800000
2.8953000000
2.4543000000
0.7449300000
0.3248100000
0.2247600000
1.2783000000
1.6220000000
0.3397300000
2.1191000000
-0.4530500000
2.5697000000
-0.8207700000
1.1458000000
-0.4623800000
-0.8484700000
1.4034000000
-0.6737400000
-0.7775300000
2.2643000000
-0.4376400000
5.1102000000
1.6962000000
1.7686000000
3.1122000000
-0.7590100000
0.2391400000
0.3547200000
-1.6638000000
0.1221100000
0.0028824000
-1.8520000000
-1.3387000000
1.7497000000
1.5170000000
-0.6673500000
1.0001000000
-0.8620700000
1.4250000000
0.5384600000
-0.3851900000
0.3707100000
0.5607700000
0.6489000000
1.0436000000
2.9466000000
0.0619930000
0.6516500000
1.6389000000
0.0548230000
0.4927600000
-0.4761500000
3.0094000000
1.9146000000
0.3311800000
1.0783000000
0.7777400000
-1.2852000000
2.8040000000
0.2286000000
-0.7349000000
-0.9562100000
0.8306400000
-0.6800600000
1.1241000000
0.9368400000
0.7158400000
2.5322000000
-1.2446000000
1.5102000000
-0.4174400000
-0.0084749000
2.8576000000
-0.5327600000
-1.1159000000
-0.6605300000
0.3336000000
0.5570900000
0.4744800000
1.4102000000
-0.4446300000
0.9169900000
1.9041000000
0.8254000000
0.3974000000
0.1975800000
-1.1965000000
-1.2935000000
0.7782600000
0.8250500000
0.6058300000
0.8230500000
2.5748000000
0.4275400000
0.9676000000
1.6703000000
0.2401400000
0.0157560000
0.8011900000
-0.2036700000
-1.7512000000
0.9738600000
0.2156400000
-0.2293600000
2.2131000000
0.6352100000
4.9114000000
4.4333000000
-0.3661600000
-0.3383600000
2.2334000000
1.6820000000
-0.1009000000
0.7883100000
3.2645000000
-0.2307700000
0.8687500000
0.4520200000
0.0683300000
-1.0096000000
1.6461000000
0.6456200000
2.0603000000
-0.9650400000
0.9090000000
-0.4454800000
-0.7939100000
-0.0303310000
1.8579000000
-1.4442000000
0.4007000000
1.4066000000
-0.3336700000
-0.5132500000
-0.3712100000
0.9670700000
-1.1310000000
-0.7761800000
0.6685100000
2.1066000000
0.2005100000
-0.0301160000
2.0148000000
1.2611000000
0.6031000000
-1.2065000000
-0.1071500000
0.6121300000
1.8290000000
4.0292000000
-0.7544200000
-0.5034900000
-0.3575200000
0.9118000000
-0.5035400000
2.3086000000
-0.6313800000
-0.6300300000
2.5730000000
0.9016100000
-0.1627700000
0.7838100000
0.7988200000
2.0787000000
-0.4542200000
1.2869000000
-0.4046700000
0.0445040000
0.1021300000
2.0416000000
-1.1345000000
0.9301900000
1.5437000000
0.2857600000
-0.2379400000
1.3065000000
0.1330500000
-0.7014900000
0.6178800000
0.1257200000
-1.3129000000
0.5249700000
1.1411000000
-0.1665300000
1.8561000000
-0.5697600000
-0.4618700000
0.6914100000
1.3563000000
0.4025500000
1.0212000000
-0.0027711000
-0.1946100000
0.1529900000
-0.8225200000
0.7181800000
2.1800000000
-0.0159750000
-0.2327300000
3.3953000000
-0.5662100000
1.4719000000
-0.9531800000
0.2628200000
1.8409000000
0.7896600000
0.9343100000
0.5016500000
5.5671000000
1.7803000000
1.7269000000
1.4626000000
-0.2372300000
0.2181300000
-0.8469500000
-1.6211000000
1.3826000000
0.1657100000
0.9871000000
0.4011900000
1.7217000000
2.4742000000
1.1921000000
3.0884000000
2.1410000000
5.3672000000
0.9990700000
2.0994000000
0.8548000000
1.0685000000
-1.2267000000
0.9990000000
2.1472000000
0.8964100000
-0.3876600000
-0.8642300000
1.2766000000
1.3984000000
2.0088000000
0.3343300000
2.0478000000
-0.3995500000
0.8012500000
1.0185000000
-0.7379900000
-0.7788500000
-0.5343300000
-1.0199000000
-1.3034000000
-0.0972820000
1.5758000000
-0.4050200000
-1.0989000000
2.3471000000
-0.5763900000
0.6590800000
-0.0854780000
-0.1042200000
1.0503000000
1.3070000000
2.2188000000
-0.6415300000
0.7577800000
1.2772000000
-1.1300000000
-0.5914200000
-0.0883540000
0.7299800000
1.3476000000
1.6239000000
-1.1728000000
-0.1165800000
-0.0993730000
1.3139000000
0.8866700000
0.2998900000
-0.9860400000
0.1539000000
-1.1853000000
0.0098573000
1.9979000000
1.7511000000
-0.6431800000
0.4531700000
0.1138500000
-1.2086000000
-0.1107000000
-0.3507500000
1.8516000000
-0.3697100000
-0.0936880000
0.5916400000
-0.4627300000
-0.0627430000
3.7267000000
1.0499000000
-0.4608900000
-0.0046276000
0.9375000000
-0.4897500000
3.2681000000
-0.0401260000
0.9462500000
-0.0155440000
1.4546000000
0.3710100000
-0.2782900000
0.3283600000
0.8707700000
-0.7082300000
-0.4241300000
1.4549000000
0.4425100000
0.0234830000
0.5381400000
0.7438600000
-0.6123200000
0.3279300000
1.3876000000
0.1341500000
-1.8218000000
3.3523000000
0.9477300000
-0.6085900000
1.6567000000
-0.1741700000
1.7224000000
1.5631000000
1.5569000000
-0.6737400000
-0.2717000000
4.6348000000
0.0067157000
-0.0029490000
0.6540000000
-0.6053800000
-0.3730000000
0.0856980000
5.2746000000
3.2254000000
0.2282300000
0.5932500000
-0.6962800000
2.5349000000
0.7041600000
2.7363000000
0.3838000000
2.1255000000
-0.2859900000
1.6657000000
-0.6317500000
5.9022000000
-0.4610000000
1.4031000000
-0.2863500000
1.2294000000
-0.5839500000
3.7262000000
0.8913600000
-1.0171000000
0.6953600000
1.2406000000
3.1660000000
0.7218400000
-0.2953600000
0.2442200000
-0.8927900000
0.6541200000
-0.5000300000
1.8949000000
0.7516100000
0.7003800000
-0.2134300000
0.1151700000
3.9098000000
-0.5883500000
0.8019900000
2.3356000000
0.8292000000
-0.1369800000
1.2723000000
0.0235550000
-0.8257400000
-0.0094476000
2.1187000000
1.4450000000
1.6060000000
-0.4363400000
5.0560000000
1.8496000000
0.4691000000
3.0621000000
0.1090200000
-1.3321000000
-0.8326500000
2.6800000000
-1.2096000000
1.2070000000
0.1203700000
0.2163900000
0.5552900000
0.5511100000
-0.2923700000
2.5606000000
-0.0650990000
0.7828300000
1.4647000000
1.0752000000
-0.9967900000
0.7865900000
1.0626000000
1.5447000000
0.7862300000
1.8660000000
-0.4168400000
2.2173000000
1.1021000000
1.0063000000
-0.2575000000
0.2956800000
0.5046500000
3.7661000000
0.4312300000
-0.5162600000
0.5646000000
-0.7918100000
3.3673000000
1.8853000000
-0.1106700000
0.5646700000
2.1679000000
-0.5420000000
-0.6457200000
2.1133000000
0.8836600000
0.0903650000
-0.0167220000
1.4719000000
1.0899000000
2.0861000000
1.0294000000
-0.8414400000
-1.0742000000
1.8194000000
0.2789700000
0.3000300000
5.4156000000
-0.9773300000
0.9082100000
-0.2137700000
1.0329000000
0.5659300000
1.2112000000
0.3205100000
0.8426200000
-0.2927400000
-1.0599000000
0.4082100000
-0.3380700000
2.9573000000
2.6687000000
1.4739000000
0.3492000000
-0.7679200000
1.7109000000
0.6018400000
2.5333000000
0.7569400000
0.0661100000
-0.6989500000
-1.2387000000
-1.1169000000
1.8974000000
0.1545700000
-0.2786900000
0.9519700000
0.1263500000
-0.0413930000
1.3632000000
0.4590100000
2.7089000000
-1.2258000000
-0.1816800000
-0.9028800000
2.0895000000
0.9465000000
5.0513000000
1.1067000000
-0.1534000000
0.0396440000
4.1363000000
-0.3247200000
-1.1492000000
1.1063000000
-1.5529000000
1.7720000000
0.0000326630
0.7682200000
-1.0255000000
-0.4103300000
-1.0103000000
0.5033300000
-0.4357500000
-0.4485200000
0.0273710000
0.3304400000
1.4656000000
-0.3259600000
0.7087100000
-0.5236400000
0.8770300000
1.6970000000
1.5358000000
1.0206000000
0.5484600000
-0.7269900000
-0.8137200000
-0.3550900000
0.1553100000
0.3128300000
1.1720000000
0.7341400000
0.1920400000
2.2736000000
-0.7697500000
-0.1495000000
-1.7056000000
0.9119100000
0.5795600000
-0.5213800000
-0.3258300000
-0.5582900000
0.1663600000
0.4445200000
2.4381000000
3.4472000000
2.0867000000
-1.2983000000
-1.2037000000
-0.7744900000
-0.3801300000
-0.6517500000
0.9338600000
-0.7488400000
1.2373000000
2.1193000000
0.6447000000
1.3654000000
1.3544000000
-0.5582200000
-0.5041800000
2.1187000000
-0.1375200000
1.4859000000
1.3375000000
1.2047000000
0.7096500000
0.8920800000
-0.4859900000
1.2835000000
0.4947300000
1.5562000000
-0.3785100000
-0.5574100000
1.5489000000
0.9383700000
0.0438830000
1.1905000000
-0.1290800000
1.7333000000
0.5801900000
0.4811800000
0.4147800000
0.8788600000
2.1161000000
0.8058900000
3.2285000000
0.7382800000
1.4930000000
1.4113000000
-0.1696000000
1.6995000000
0.4674700000
-1.2103000000
1.2918000000
-0.8142600000
1.1454000000
0.1160900000
0.1830900000
0.9800800000
2.1139000000
0.6904600000
0.9054600000
0.7728100000
-0.1640800000
1.4992000000
0.3153400000
-0.3070300000
1.0132000000
0.2179000000
1.4171000000
-1.2238000000
-0.1232900000
-0.3531600000
0.9032900000
0.3488300000
-0.0385730000
-0.4351000000
0.8303100000
3.3512000000
0.2279200000
1.1849000000
1.6724000000
3.9533000000
1.2733000000
-0.0560210000
0.3788100000
3.1384000000
1.1660000000
1.0014000000
-0.5555100000
-0.6320400000
-0.4730900000
4.1854000000
-0.1554500000
1.3828000000
-0.6941500000
2.8411000000
-0.8383900000
0.5944500000
1.8044000000
-0.3161600000
-0.5499500000
0.6441600000
4.0167000000
0.2231900000
-0.6109000000
0.2168900000
-0.9171700000
-0.9829900000
2.9471000000
2.9691000000
2.7699000000
1.1984000000
-0.3956600000
-0.0258830000
2.7743000000
-1.3683000000
-0.2190300000
3.7597000000
0.0672680000
-0.0640580000
0.4530300000
1.5759000000
0.0553570000
0.8439500000
0.2890300000
-0.1150700000
0.3934000000
0.5850800000
-1.7382000000
1.8518000000
1.5975000000
-0.0923480000
0.7365200000
0.9078100000
-1.0395000000
1.1608000000
0.2553100000
0.7221700000
1.4216000000
1.9463000000
1.6990000000
1.7590000000
0.4430800000
-1.3064000000
0.8681800000
-0.7469000000
1.3764000000
0.2292000000
0.7225600000
1.2626000000
-0.2936800000
0.2256200000
0.5786100000
0.1906000000
0.5057100000
0.6226600000
-0.7081300000
0.9776400000
1.1167000000
0.4979800000
1.7757000000
3.2597000000
-0.5294100000
-0.3495800000
-0.6889300000
-0.8179300000
0.2325800000
-0.3936900000
2.9735000000
0.3862500000
-0.4904900000
-0.8566600000
-0.9066200000
0.6876000000
-1.1064000000
-0.0450680000
1.5856000000
2.7410000000
1.4471000000
-0.7251300000
1.8000000000
0.7961200000
3.4906000000
-0.0511180000
3.5559000000
-0.5271100000
0.7827100000
2.2749000000
0.8301900000
0.7806500000
0.3062800000
0.2848800000
-0.9491300000
1.0617000000
-0.0124760000
-0.1569800000
-0.2194800000
-0.1067500000
0.1597900000
-0.9171300000
0.6744700000
4.9131000000
3.2008000000
-1.1539000000
0.6517900000
1.7100000000
1.0587000000
-0.5456600000
0.5289600000
2.9812000000
0.3123000000
-1.4298000000
1.2400000000
0.1972700000
0.3709000000
-0.3575400000
0.1584800000
-1.0994000000
-0.7517100000
-0.0443910000
-0.4036200000
-0.0146450000
-0.1787200000
-0.9403800000
0.4291500000
-0.6080300000
-0.0980660000
1.7429000000
-0.3694700000
1.1404000000
0.0389940000
-0.3442100000
-0.3398900000
2.3327000000
2.1787000000
-1.2430000000
-0.6266200000
-0.3981200000
1.9425000000
0.2716400000
-0.7275800000
-0.5070100000
-0.3672900000
-0.2372400000
0.5217500000
0.2403000000
2.2331000000
0.1692700000
0.4027600000
-0.0024529000
1.6453000000
2.2094000000
-0.0423610000
1.3331000000
2.5262000000
1.7247000000
0.9561600000
-0.6520100000
0.8164900000
1.5790000000
1.6216000000
1.6092000000
0.9789500000
0.3095300000
-0.0663420000
0.7398600000
1.5728000000
-0.4369900000
-0.1122300000
1.0184000000
1.3285000000
-0.1985700000
2.7549000000
2.5756000000
1.3720000000
0.9043900000
-0.6131900000
3.3259000000
1.1727000000
0.0478560000
-0.7163400000
-0.8192600000
-0.7233000000
1.1599000000
0.8870100000
0.1702000000
2.8693000000
-0.2568500000
-0.6167300000
0.4198200000
2.9222000000
2.5257000000
-0.8461200000
1.8354000000
-0.3652400000
-1.2701000000
0.4929000000
5.8139000000
2.1153000000
-1.6384000000
-0.2533700000
0.1743300000
-0.5104400000
0.0195640000
-0.8726900000
-1.3254000000
2.7497000000
2.4056000000
0.0028205000
0.0512030000
0.7672700000
0.8530500000
1.4926000000
2.5684000000
-0.2049600000
-1.0411000000
1.0917000000
2.6588000000
1.0919000000
1.4385000000
0.6004200000
3.3876000000
0.3896900000
-0.4886800000
2.4702000000
0.2487000000
0.9440300000
0.6914000000
-1.3280000000
0.3506300000
0.3822900000
-1.1130000000
-0.0149960000
0.9466000000
-0.1731000000
0.1075900000
0.0942550000
-0.3408900000
0.2007700000
0.5847500000
0.9654900000
0.3305500000
2.1237000000
0.2900600000
1.0993000000
1.1459000000
-0.8535000000
1.9028000000
3.0901000000
-1.6841000000
-0.0311210000
1.2731000000
1.7324000000
0.5327500000
0.5535800000
-0.2495500000
-0.2301200000
-1.4290000000
0.3253100000
-0.9275400000
0.5449500000
0.7808100000
0.4740200000
-0.7792600000
-1.1462000000
-0.2817800000
1.6462000000
0.5476700000
4.8092000000
2.4074000000
1.8022000000
-0.9442100000
1.3861000000
2.0708000000
0.3874300000
1.4431000000
-0.5928700000
-0.1511600000
1.1371000000
0.5213100000
0.6471700000
-0.6155900000
2.6367000000
-0.0511950000
0.6728600000
-0.5342000000
0.0540400000
0.1652400000
0.8155100000
1.0498000000
0.1578200000
1.2764000000
0.1215800000
-0.6056100000
0.2847000000
1.6811000000
-0.1916500000
-0.8979000000
-0.6759100000
0.9531300000
-0.7174500000
0.1852100000
0.6105000000
3.0125000000
3.4049000000
-1.4147000000
-0.8860400000
3.7427000000
1.7024000000
0.9797200000
0.7400400000
2.6093000000
0.5076900000
1.2509000000
-0.7006800000
-0.0286920000
1.5926000000
-0.2313900000
0.6402900000
0.0376940000
-1.2605000000
1.5677000000
-0.2447800000
0.3042000000
0.3599100000
2.5106000000
0.1526100000
0.1360300000
0.5313100000
-0.4227500000
0.7342900000
2.5141000000
-0.2557700000
-1.6381000000
1.4086000000
1.4643000000
0.0129110000
6.6424000000
-0.1613300000
2.1021000000
1.4198000000
-0.6731300000
2.4779000000
-0.5102100000
0.4344200000
1.8312000000
-0.3219400000
0.1249400000
2.1954000000
1.3030000000
-1.1096000000
0.5390500000
0.0637060000
-0.2443300000
-1.3446000000
1.4011000000
0.0285850000
1.9924000000
-0.5097900000
-0.2064600000
1.0605000000
-0.3152700000
6.4024000000
0.6363800000
2.4206000000
0.1050700000
0.2307100000
0.9728900000
1.0092000000
1.0343000000
0.3728400000
1.5050000000
-1.7355000000
1.5640000000
0.4532000000
2.2433000000
-0.1065000000
1.2983000000
1.1954000000
2.2623000000
0.3634400000
1.4815000000
0.6283100000
0.9073700000
1.4632000000
0.5496200000
-1.2769000000
0.9388600000
-0.7886800000
4.0562000000
-0.7727200000
-0.8415500000
-0.6410000000
0.7312900000
2.4949000000
0.8032000000
0.5575300000
0.2323800000
0.1652300000
-0.9650500000
0.1335900000
0.6422600000
0.3103800000
0.1375900000
0.3438400000
-0.1602000000
3.0479000000
5.6330000000
0.3651600000
1.3445000000
0.6730600000
0.9789500000
2.8264000000
-0.9219100000
0.3527300000
1.7142000000
-0.1217100000
-0.3138900000
-0.4031800000
-0.0652080000
0.1447400000
2.1811000000
0.8314700000
0.9985300000
3.3419000000
-0.1627700000
0.2196800000
0.5026600000
1.1592000000
1.2136000000
2.4844000000
-0.4326700000
-0.3823500000
0.5535100000
0.0551860000
-0.5572100000
1.7981000000
0.1823200000
-0.2177200000
1.0766000000
2.1201000000
2.9250000000
1.4763000000
1.1628000000
-1.1087000000
1.3066000000
0.9063400000
-0.3491800000
1.0038000000
-0.3576700000
0.8657600000
-0.2815000000
1.2716000000
0.2821300000
1.9619000000
1.6365000000
1.3215000000
0.7751400000
0.3728500000
1.5240000000
-0.0935890000
2.9433000000
2.2277000000
0.8285600000
1.4070000000
1.0828000000
2.3539000000
2.8605000000
0.8930700000
0.2468200000
0.2439400000
-1.1980000000
0.5645600000
0.1314900000
1.3622000000
-0.1917500000
-0.8539900000
0.4859200000
-0.5996800000
2.6669000000
-0.3024900000
-0.0780550000
0.8506600000
0.7021300000
1.3558000000
0.2961800000
0.1380600000
0.7633400000
1.0555000000
0.4092000000
1.1648000000
-0.5690500000
1.8719000000
1.2436000000
-0.2485200000
0.1934900000
-0.6309100000
0.5252300000
2.9775000000
5.1823000000
0.7935500000
1.7238000000
0.8942900000
-0.5400400000
-0.0656400000
2.4419000000
-1.0035000000
-0.3894300000
0.7369300000
-0.8255900000
-0.0253610000
-0.0103650000
1.3664000000
4.1219000000
1.9416000000
0.2460100000
-0.3280900000
0.3246200000
0.6980300000
-0.5284900000
-0.1127500000
0.2359500000
2.7779000000
0.4195300000
0.7849500000
0.1205700000
1.3468000000
1.5050000000
0.7840400000
0.5530400000
1.1541000000
-0.0015384000
0.8242100000
3.2696000000
-0.4615000000
3.3143000000
-0.0550040000
-0.3869100000
-1.0997000000
1.4448000000
1.7710000000
1.0379000000
-0.2969000000
0.2598700000
0.9822500000
2.4952000000
0.3673000000
-0.2358400000
-0.8415000000
-0.3226800000
0.1383800000
0.6021600000
-0.7098000000
5.3848000000
0.5062800000
1.4023000000
0.2916200000
0.9009200000
1.5891000000
1.4050000000
-1.1628000000
-0.9729000000
-1.1080000000
0.6700000000
-1.9288000000
-0.4153400000
-1.6685000000
0.3067800000
2.7527000000
4.6929000000
-0.7144400000
-0.6852200000
-0.6307200000
0.7545300000
2.4589000000
2.3133000000
-0.2507700000
-1.2245000000
0.4237600000
-0.9195200000
0.2294800000
0.3596900000
-1.3310000000
1.3202000000
-0.6416600000
1.9475000000
-0.3309000000
-0.5206200000
-0.9371200000
0.3294800000
0.8255900000
0.6148700000
0.2613000000
1.2117000000
0.9066200000
-0.0707350000
0.7521900000
1.8028000000
-1.2142000000
0.0857000000
-0.5794300000
-1.0206000000
-1.0463000000
0.4089900000
0.7301400000
0.4769000000
-1.3565000000
-0.2849500000
0.2962100000
2.2245000000
-1.3633000000
1.2266000000
-0.2287700000
0.3605400000
-0.4504800000
-0.9821300000
-0.3844800000
0.1297000000
2.5302000000
1.6413000000
2.6712000000
-0.1038100000
2.0136000000
-0.8333900000
-0.7991500000
0.6672200000
1.5404000000
4.1862000000
0.2743800000
0.0828370000
1.7085000000
-0.8599700000
0.1723100000
0.4999000000
1.0338000000
-0.0226070000
0.0570070000
0.3905400000
5.1433000000
2.8985000000
1.2863000000
1.2645000000
0.3180700000
-0.2316300000
-0.6147600000
0.2693700000
1.1344000000
-0.3366300000
-0.0391880000
2.0792000000
-0.9658900000
0.5286400000
0.1359000000
-0.3666600000
2.8302000000
2.3939000000
1.5610000000
0.4974600000
0.2163000000
-0.3214300000
-1.1049000000
-0.4607900000
-0.5130200000
-0.3659700000
-0.1320700000
2.3951000000
1.2251000000
0.4221000000
-0.4718500000
0.6130000000
0.3400600000
-0.3796500000
0.7379100000
0.0480920000
0.6635800000
-0.3047600000
2.3103000000
-0.1256000000
0.2548400000
0.6982700000
0.0835530000
0.9156300000
2.1054000000
-0.3287900000
5.3635000000
1.0311000000
0.4769400000
0.7558600000
-0.0153470000
0.7411300000
0.1980000000
-0.0627220000
1.2362000000
0.9640800000
0.4655100000
-0.3336100000
-0.0217900000
-0.4965500000
-0.5363800000
-0.2485000000
-0.2521100000
0.6138900000
1.0326000000
-0.2424000000
2.4931000000
2.3495000000
1.4318000000
0.5446000000
1.3129000000
1.5170000000
2.9732000000
-1.0116000000
0.4350200000
3.2512000000
-1.3570000000
0.0597650000
1.8300000000
0.2843100000
0.3310700000
1.5366000000
-0.3059100000
-0.6553500000
0.0017792000
1.4115000000
3.3426000000
-0.3758100000
0.3538100000
0.5713800000
1.7239000000
1.0979000000
-0.4830200000
0.9120700000
-1.3437000000
2.3274000000
0.7364100000
1.7290000000
-0.0328500000
-0.9270400000
-0.2060700000
0.3089200000
-1.1541000000
-0.0314800000
-0.8009900000
0.0551620000
-0.7754900000
1.1734000000
1.5454000000
3.2836000000
0.8290900000
-0.8710500000
0.3810600000
0.7841300000
0.0977680000
0.4885100000
0.4362000000
2.4995000000
-0.7287600000
-0.2829500000
-0.6082100000
1.0178000000
0.0176410000
-0.1439700000
2.3658000000
-0.1571800000
3.4967000000
0.0365620000
-1.1162000000
-0.1286300000
-0.4745200000
-1.1092000000
-0.8911000000
5.1723000000
0.0894860000
-0.0048426000
1.9078000000
0.5509200000
1.7318000000
2.5009000000
0.0885720000
0.4733400000
-0.6673700000
1.0752000000
-0.4876400000
1.7119000000
-0.8512400000
1.1579000000
-1.1486000000
1.3084000000
0.0986630000
-0.2696900000
0.3608800000
-0.5573500000
-1.0096000000
2.3556000000
0.8596600000
-0.3566700000
1.4580000000
0.1962000000
0.2976400000
-0.0891120000
2.3509000000
1.4216000000
0.2931800000
1.6103000000
-0.6046100000
1.3560000000
-0.3905100000
0.3657500000
1.2574000000
2.5054000000
0.7108700000
2.0311000000
1.8028000000
0.1693600000
0.7588300000
-0.8255900000
-0.2601100000
0.2739000000
0.1835000000
2.6394000000
1.2374000000
0.2494700000
0.9238300000
0.7814800000
0.3818000000
-0.3957900000
-0.0579940000
0.0473070000
1.2211000000
1.3532000000
2.1539000000
0.9034700000
-0.9971500000
2.4741000000
-0.7781000000
-0.8505900000
0.8607000000
1.3410000000
1.7045000000
4.0846000000
-0.8515000000
0.0598570000
1.1290000000
-0.1503600000
0.3489900000
0.1786600000
-0.7217400000
-0.8618100000
-1.0610000000
-0.1903100000
1.0266000000
-0.1075000000
-0.1536800000
-1.0959000000
1.3070000000
0.6161200000
0.9480000000
2.0787000000
1.6754000000
-0.1789200000
1.1358000000
0.1305100000
0.1883500000
0.9468900000
-0.1557500000
0.1698600000
2.6813000000
0.6313800000
0.6223200000
0.1801300000
-1.0670000000
-0.6003600000
2.1124000000
1.7651000000
1.0020000000
-0.2094300000
1.2700000000
1.0877000000
0.4283800000
0.6879900000
0.6310600000
0.6232200000
-1.3038000000
1.2344000000
-0.0021059000
5.3534000000
0.3314200000
-0.6255200000
0.2065300000
2.1082000000
-0.7050600000
-0.0069692000
0.4324900000
0.8432800000
0.1147600000
-0.1777900000
2.7077000000
1.1882000000
0.0719620000
-0.1647600000
1.4434000000
0.0837270000
1.8816000000
0.7119600000
-0.4873400000
3.3955000000
1.5607000000
-0.1583900000
-0.2104600000
-0.7949100000
0.1293300000
-0.0393780000
-1.0027000000
-0.7119200000
1.2122000000
0.7055100000
-0.8506600000
3.2265000000
-1.2896000000
0.7793700000
1.4001000000
-0.5857200000
1.9127000000
-0.9124900000
-0.4140900000
0.6834800000
1.4288000000
-0.1141900000
1.5107000000
-0.0887970000
0.0989880000
2.2205000000
-0.1925900000
-0.1264800000
-0.2073600000
1.7249000000
1.7059000000
0.8657500000
0.0094321000
0.4408700000
-1.1270000000
0.8756100000
-0.1208800000
1.3468000000
2.0382000000
1.1808000000
-0.3389400000
-1.7238000000
1.7634000000
0.7624200000
0.6332200000
-1.6457000000
0.2776500000
2.1335000000
-0.3612400000
-0.1559100000
-1.6010000000
-1.1133000000
-0.0736200000
0.5812500000
1.1946000000
-0.3984500000
-0.5338600000
1.9475000000
0.2998800000
-0.0578750000
0.5595600000
0.7758700000
2.3424000000
1.9731000000
0.9127400000
-0.0347830000
-0.1821500000
-0.0984650000
1.1527000000
2.7984000000
0.2346500000
0.1060900000
-0.0414670000
-0.5988400000
-0.0846630000
0.9069500000
-1.0585000000
0.0695170000
1.2899000000
-0.1362300000
-0.2796400000
-0.8695600000
-1.4244000000
0.0537830000
-0.1933300000
1.6976000000
4.5813000000
-0.0667990000
-0.0832870000
1.0290000000
1.1455000000
0.4808200000
3.8150000000
-0.2211000000
-0.6040200000
0.5597600000
-0.1939100000
2.1296000000
-0.7932500000
-1.2313000000
1.7888000000
1.4688000000
-0.1276700000
1.8118000000
0.6791500000
-0.9440500000
0.7119900000
0.6964600000
0.8634400000
-0.4499300000
1.6019000000
0.3169500000
-0.6106500000
2.7638000000
3.3713000000
-0.3793600000
0.0669350000
3.5487000000
5.8405000000
0.8227800000
-0.6391800000
2.3210000000
1.8963000000
2.6205000000
0.3668000000
-0.1001800000
2.4307000000
0.2791400000
3.4308000000
-0.3831600000
-0.4620400000
0.9816400000
2.1161000000
1.2903000000
5.1208000000
0.8908100000
1.0887000000
0.3916800000
0.7894900000
-0.9388600000
-0.3602700000
0.0169160000
0.1467800000
1.4000000000
1.2332000000
-1.0545000000
-0.3772200000
-1.3811000000
0.5217800000
-0.0856760000
0.3822300000
-0.4636100000
-0.5424900000
0.2573800000
0.2064000000
1.4345000000
-0.3170500000
0.0938800000
0.1021400000
0.6973800000
1.2402000000
-0.3590400000
1.1663000000
-0.8730200000
0.7564800000
-1.5538000000
1.5945000000
0.5566100000
-0.2428900000
1.0623000000
1.8714000000
-0.3458000000
0.2581400000
1.1636000000
0.8465600000
-0.3068500000
1.1796000000
0.4794000000
-0.5798500000
3.4623000000
1.5856000000
2.1781000000
1.3147000000
-0.1477400000
0.6688100000
-0.7371200000
0.7335200000
0.0963850000
1.5865000000
-0.2977800000
0.5741700000
-1.3828000000
-0.0903030000
2.1019000000
-1.3014000000
1.7932000000
0.4531400000
0.9352400000
-0.4319700000
1.2792000000
0.8016100000
0.3366500000
0.3511300000
-0.5133500000
0.3407400000
-0.5993600000
-0.7217400000
-0.5963100000
0.9188000000
0.5893600000
0.2248900000
0.7801000000
0.7539000000
-0.0182890000
0.5141000000
1.9767000000
0.3790500000
-0.3162600000
0.6914800000
0.7409400000
0.2840700000
0.1477000000
-0.4286500000
2.6525000000
1.1130000000
0.5957700000
-1.1224000000
0.6085600000
-0.9144900000
1.4422000000
1.9338000000
0.5253200000
1.8135000000
0.5922600000
-0.5212700000
1.9952000000
-1.7193000000
-0.5869100000
-0.5240700000
0.5175000000
0.1316000000
0.1418800000
-1.2305000000
3.2454000000
-0.7151000000
-1.2918000000
-0.1254400000
-1.0727000000
8.4476000000
-1.4447000000
0.5697100000
-0.5859100000
1.8798000000
1.0851000000
1.3879000000
0.8886800000
0.1106600000
1.2057000000
2.7978000000
0.1822100000
-0.2223100000
1.8787000000
0.2656900000
1.5334000000
-1.2386000000
-1.1102000000
-0.4030000000
-1.6153000000
1.8872000000
0.7273400000
2.4549000000
0.3988400000
2.0410000000
-0.1414300000
0.6356200000
0.7967900000
4.5140000000
0.0555960000
2.2920000000
-1.0161000000
-0.0675380000
-0.9732500000
0.0688580000
0.5923200000
1.9652000000
-0.9912800000
2.4153000000
2.2423000000
1.1405000000
-1.2558000000
4.0401000000
1.5957000000
-0.9140000000
-0.6711800000
-0.4688800000
-1.2500000000
2.6883000000
0.0227050000
2.2594000000
2.0682000000
2.6648000000
0.9665500000
1.7872000000
0.3336900000
0.7669400000
0.7567200000
1.6493000000
-0.8737800000
1.3706000000
-0.4378300000
0.9931000000
0.1626100000
-0.0624600000
-0.3157400000
-1.0766000000
-0.3595000000
0.1280700000
1.8417000000
0.6395400000
0.9737200000
0.3099500000
1.9465000000
-0.7367800000
0.7436600000
-0.0750950000
0.3045500000
-1.0977000000
1.7698000000
1.0529000000
1.4657000000
3.5480000000
1.3787000000
-0.1138700000
-0.3821800000
0.8271200000
1.3121000000
0.6459900000
2.7280000000
-0.9474800000
-1.0967000000
-0.9326100000
0.9175200000
2.5610000000
0.1787000000
1.1193000000
7.9831000000
3.0285000000
0.4328600000
-0.6758800000
0.5658700000
0.0251560000
1.1484000000
-0.2952300000
0.0039937000
0.1333800000
1.5016000000
0.5748900000
1.5148000000
1.4114000000
1.0720000000
-0.1257800000
0.0621170000
-1.0044000000
-1.3907000000
2.7063000000
0.4772800000
-0.3550300000
2.4990000000
-0.2693500000
-0.1487700000
0.4336300000
3.0172000000
0.6820200000
1.8509000000
0.6420300000
1.4372000000
1.8537000000
1.6371000000
0.4426400000
0.6649100000
-0.7228400000
0.6975700000
-0.6759000000
-1.3163000000
2.4674000000
1.1487000000
0.7120500000
1.5755000000
-0.6911600000
0.1740300000
3.1742000000
-0.5324100000
0.0434030000
0.6376200000
3.3112000000
0.5504400000
5.3146000000
-1.6385000000
-0.4964500000
0.9576500000
0.2385600000
3.0107000000
-0.6797000000
1.6708000000
-1.2180000000
1.6691000000
0.3527900000
1.7273000000
0.7484300000
-0.3428600000
0.0216870000
0.8674100000
1.3040000000
0.9661900000
-0.1968900000
-1.0685000000
2.4858000000
2.1750000000
-0.8364500000
-0.4001200000
-0.5621100000
0.6313500000
3.4627000000
-0.4699000000
3.6089000000
0.4361100000
0.1509800000
-1.2070000000
1.3408000000
-0.8480300000
-0.2667400000
-0.0319980000
-0.7431400000
2.6660000000
1.6670000000
3.6748000000
-0.5785700000
-1.4685000000
-0.1656200000
0.8473300000
-0.2772500000
2.4305000000
0.7511500000
1.6049000000
0.1521500000
3.1535000000
-0.2418800000
1.5722000000
-0.1169900000
5.1928000000
0.2121800000
1.5043000000
-0.7962100000
0.5877500000
-0.4365800000
0.2786600000
-0.0924870000
0.0223880000
-0.8225300000
2.0639000000
1.5658000000
-0.5900500000
1.4270000000
1.8300000000
1.7323000000
-0.3688200000
2.8952000000
-1.1462000000
1.0148000000
-0.8689600000
0.0532430000
2.2730000000
0.7745600000
0.3404800000
1.1463000000
1.5402000000
-0.6930700000
-1.1105000000
0.8965500000
0.2384200000
-0.7726000000
0.7474400000
0.1617200000
1.0474000000
0.9963800000
-0.1353400000
1.9878000000
0.3042800000
0.1728400000
1.0684000000
0.0419340000
-0.5142000000
0.3834100000
0.8499500000
1.1367000000
4.8419000000
0.3623200000
0.1184100000
-1.3154000000
3.8064000000
-0.3305300000
4.0132000000
0.6228300000
-0.2183500000
0.1378900000
0.8607800000
-1.3209000000
-0.1254900000
0.6516600000
0.8368900000
-0.8861000000
3.3027000000
0.8635600000
-0.8810600000
3.9262000000
1.0808000000
-0.1311000000
0.1469700000
1.4618000000
3.5986000000
1.2530000000
-1.0518000000
1.5927000000
1.3533000000
0.6759100000
-0.4846500000
0.7713900000
2.1429000000
1.5491000000
1.0211000000
-0.1262900000
-0.3643000000
0.2325000000
2.3338000000
-0.5731000000
0.5852300000
0.8153600000
0.6294300000
1.6955000000
5.2518000000
1.1714000000
-0.4780300000
1.9145000000
-1.9623000000
-0.5029400000
0.4917800000
-0.5734200000
-0.8471800000
2.1630000000
1.0803000000
2.7691000000
3.1015000000
0.4767000000
-1.0079000000
0.1930700000
0.4385900000
-0.1247600000
-0.6292700000
1.4940000000
-0.7562400000
-0.8157700000
0.6735800000
0.5864100000
-0.1519700000
0.9075900000
0.4585500000
0.0095903000
-0.7979900000
-0.2584400000
1.4570000000
2.0459000000
-0.3107000000
1.5561000000
0.3875600000
2.8144000000
-1.3823000000
1.4703000000
0.5065000000
-1.1561000000
1.7837000000
0.7143200000
-0.5269700000
1.2929000000
0.1549100000
0.9729300000
-0.1084700000
1.0346000000
1.8496000000
-0.6065000000
0.1011100000
0.7424200000
-0.7271800000
0.9835600000
-0.3744300000
1.5932000000
1.6882000000
-0.1100100000
2.7055000000
1.2180000000
-0.7877400000
0.1330500000
-0.4624700000
-0.5163800000
0.6771900000
-0.0315350000
-0.3304800000
2.0778000000
3.9695000000
-0.1500900000
0.7219900000
0.6508900000
0.0600440000
1.1914000000
0.4892700000
-0.6093400000
-0.1685800000
1.6542000000
2.2110000000
-0.4569800000
2.2303000000
0.3506900000
3.3780000000
-0.7376200000
0.3101900000
0.7257500000
1.8120000000
-1.3458000000
1.0184000000
0.5358700000
-0.2950800000
2.8971000000
0.7498400000
-1.2335000000
-0.5378100000
1.0714000000
-0.5303600000
0.9863600000
0.8745500000
3.0259000000
0.0439910000
0.9846200000
4.0103000000
-0.8138100000
-1.1100000000
1.3221000000
-0.0830150000
3.6005000000
0.1175800000
1.0047000000
4.6301000000
0.9249500000
-0.1649100000
0.5209600000
1.5174000000
-0.0093187000
-0.3580800000
0.0122640000
0.3087500000
-1.0901000000
-0.0205340000
-0.8302200000
-0.6097000000
-0.5853000000
0.7634600000
0.4582200000
-0.4508300000
0.7497100000
0.4191600000
0.9517300000
2.7852000000
0.5219000000
1.5241000000
1.3253000000
3.2593000000
3.5426000000
3.9752000000
0.4827900000
2.4364000000
0.7534100000
0.5301600000
-0.7871100000
1.5278000000
1.6001000000
-0.0897260000
2.0301000000
-0.5430300000
0.3796100000
0.1857600000
0.6235100000
-0.2073600000
0.8526600000
-1.1644000000
0.3697800000
1.6462000000
0.0316110000
1.8458000000
-0.2943500000
0.1181600000
-0.6678300000
1.0506000000
1.0596000000
0.9713500000
1.2083000000
0.5724400000
2.3144000000
-1.1931000000
3.7145000000
2.6122000000
0.5176400000
-0.2527700000
1.2909000000
0.6145900000
-1.1665000000
-0.0806390000
-0.7341200000
2.9462000000
0.3032200000
1.4627000000
0.7920200000
1.6706000000
2.5677000000
1.4880000000
0.3890800000
0.2463100000
-0.7303700000
1.4095000000
-0.3048500000
-0.4201900000
0.4828900000
2.1602000000
0.6327800000
1.8429000000
3.2050000000
2.7483000000
4.9902000000
-0.7451400000
1.4152000000
5.6262000000
1.1891000000
0.3992400000
-0.2560600000
-0.6240700000
-0.2810300000
-0.9815400000
2.0378000000
4.3799000000
-1.1034000000
0.1502200000
-0.7004400000
-0.5971500000
-1.1030000000
1.2199000000
-0.3471800000
1.9061000000
-0.2016300000
2.6406000000
-0.5003700000
0.7282100000
4.4966000000
-1.0296000000
2.3397000000
-0.6442600000
0.3385900000
0.6352100000
0.5362800000
-0.1745700000
0.1806000000
-0.3162200000
-0.1526400000
2.9363000000
1.2012000000
0.1901300000
2.2524000000
1.1957000000
-1.0853000000
-1.3647000000
-0.3393600000
-0.0333700000
0.6667900000
0.1704100000
0.9106400000
3.0852000000
1.5861000000
0.8403800000
-0.5795000000
0.8807800000
0.7969200000
-1.3116000000
1.1926000000
1.0338000000
1.7574000000
1.4367000000
-0.9999000000
1.3367000000
-0.4778900000
0.4159400000
-0.6852000000
1.0155000000
0.4405800000
0.4719700000
0.9781000000
-0.0684500000
0.9005200000
-0.6896000000
-1.0353000000
-0.7106700000
0.7758900000
-0.6333300000
0.6350400000
0.3293000000
-0.5625300000
0.4408500000
0.2654500000
-0.6913000000
3.0794000000
1.4885000000
-0.0530270000
-0.3062000000
0.1986700000
-0.0202670000
1.2712000000
-0.7215200000
0.1291800000
0.1124100000
0.3618700000
2.6721000000
0.8201500000
2.2459000000
1.1771000000
2.0391000000
1.0370000000
4.2142000000
-0.5909300000
0.3769800000
-0.8602500000
0.8501700000
0.9468200000
0.6321300000
0.0976990000
1.3063000000
0.0819790000
0.7590000000
0.1214500000
1.4100000000
1.0431000000
0.0361210000
-0.1154600000
-0.8683600000
0.4481200000
2.1292000000
0.6794600000
0.7049700000
-0.7299400000
1.2944000000
2.5765000000
1.2077000000
3.3047000000
0.0422500000
-1.0173000000
0.4915300000
-2.0565000000
1.6134000000
0.0910470000
-0.2088400000
0.6951700000
2.6187000000
0.5399800000
0.8108300000
1.9285000000
0.5686300000
5.0123000000
0.1543100000
0.0483440000
-0.8572700000
0.0616950000
-0.4938100000
-0.1773900000
-0.3782800000
0.3474600000
2.4106000000
-0.7536100000
0.2842600000
-0.2921400000
0.5493700000
0.6985700000
0.0128820000
0.0598210000
-0.5791300000
1.6662000000
0.7775700000
-0.6181200000
-0.6657200000
1.3093000000
1.2753000000
3.0947000000
0.8942200000
-0.2448100000
1.7277000000
0.2354700000
0.1315700000
0.4868600000
-0.0171850000
0.7789000000
-1.2981000000
0.1577700000
-0.4632200000
3.1007000000
-1.9551000000
0.0413260000
0.0186170000
-0.4801500000
-0.1398500000
1.7848000000
1.5696000000
5.5904000000
0.6076900000
-0.1606700000
1.5896000000
-1.2248000000
-0.3390600000
0.2984800000
0.9271300000
0.1727800000
3.3073000000
0.4967100000
1.2305000000
-0.4526700000
-0.6740700000
-0.2884700000
4.5840000000
1.4993000000
-0.5837200000
1.3402000000
0.1631000000
-1.0500000000
2.0424000000
0.3711400000
0.0873800000
4.0124000000
1.4838000000
1.5047000000
3.1003000000
-1.6742000000
2.1854000000
-0.2552900000
1.0758000000
-0.1440000000
0.2686300000
4.9340000000
-0.0889200000
-0.2078900000
0.0097628000
0.2891400000
-0.1787600000
0.0433540000
2.0591000000
0.2750400000
0.2260400000
-1.2649000000
-0.5585000000
2.3086000000
-1.1576000000
0.7391500000
1.7104000000
0.5686200000
-0.5175700000
0.2400700000
0.1140400000
0.4273200000
0.0841420000
1.0179000000
0.3885200000
-0.1125500000
-0.0333840000
0.4628200000
-0.4384800000
0.8964000000
-0.1895500000
1.3362000000
-0.2208200000
0.8453300000
-0.8894300000
0.0030655000
0.8686700000
2.6365000000
-0.6104200000
0.1536500000
1.1324000000
1.4222000000
-0.6166000000
3.1247000000
-0.0737820000
1.0667000000
1.0659000000
1.6438000000
-0.5282400000
-1.2215000000
-0.3174900000
-0.6870600000
2.4297000000
0.1981100000
1.4757000000
0.5994200000
-0.0251820000
-0.8232900000
0.3188600000
0.2681500000
1.3761000000
3.1861000000
-0.7419100000
1.7978000000
-0.4053800000
2.0181000000
-0.3622100000
-1.8755000000
0.4078600000
3.3761000000
-0.8122400000
0.2901800000
-0.5589400000
0.1164600000
-0.7818600000
-0.2460000000
0.4196100000
0.5286500000
0.7251400000
-0.4334700000
-0.5030300000
2.0942000000
0.7843000000
-0.9796900000
0.2896500000
0.1399700000
