0.0449390000
0.0194940000
0.1334500000
0.1018300000
0.0467960000
0.1454200000
0.0030609000
0.0584870000
0.1380500000
0.1505500000
0.1548500000
0.0051088000
0.1087800000
0.0160390000
0.0468730000
0.0394430000
0.1970000000
0.1703500000
0.0306090000
0.1503000000
0.0264410000
0.0475450000
0.2100800000
0.0465160000
0.2073000000
0.0028437000
0.1789600000
0.0086862000
0.1109800000
0.0075882000
0.0295750000
0.0821230000
0.0306740000
0.0166850000
0.0615800000
0.2020200000
0.0089148000
0.0222200000
0.0109570000
0.0664950000
0.3397100000
0.0602240000
0.0149610000
0.1635100000
0.1435400000
0.0256100000
0.1079500000
0.0157720000
0.0253470000
0.0957580000
0.0318060000
0.1066200000
0.1843700000
0.0221960000
0.0709200000
0.0386670000
0.0228900000
0.0340950000
0.0205290000
0.0158790000
0.0706700000
0.1338000000
0.0199660000
0.0560120000
0.0387300000
0.0178580000
0.2767300000
0.0186400000
0.2282400000
0.0595880000
0.1319800000
0.0976300000
0.0139300000
0.1644200000
0.2953300000
0.0347880000
0.0878630000
0.1274500000
0.0460790000
0.1210900000
0.0373270000
0.0788480000
0.0072578000
0.0599300000
0.0540820000
0.1062000000
0.0216350000
0.1490900000
0.1811400000
0.1124500000
0.0147790000
0.0152450000
0.0151770000
0.0734190000
0.1627500000
0.1380200000
0.1071000000
0.1008400000
0.0842760000
0.0243670000
0.1753200000
0.0930230000
0.1569800000
0.0473530000
0.0475670000
0.1197300000
0.0482130000
0.0192640000
0.0357240000
0.1106600000
0.1054000000
0.0533220000
0.0012612000
0.2371200000
0.0879650000
0.2572100000
0.0754150000
0.0442450000
0.0226160000
0.1434200000
0.0107350000
0.0255340000
0.0419150000
0.0709570000
0.0348020000
0.0978400000
0.1201100000
0.0656280000
0.0057673000
0.1405300000
0.1643700000
0.1979600000
0.0376280000
0.2781700000
0.0006864400
0.0324300000
0.0090438000
0.0345730000
0.0577350000
0.0954750000
0.0360650000
0.0441620000
0.0675440000
0.0837230000
0.1583600000
0.3407000000
0.0116690000
0.3353400000
0.1066400000
0.0181730000
0.1311800000
0.0437090000
0.2155300000
0.1864200000
0.0015578000
0.0366570000
0.0267680000
0.0029272000
0.1139400000
0.2047900000
0.0661140000
0.2170200000
0.0727920000
0.0371300000
0.1612500000
0.0573590000
0.0800360000
0.1298400000
0.0264840000
0.0110480000
0.1373000000
0.0914990000
0.0273230000
0.1044300000
0.1498100000
0.1291100000
0.0142770000
0.0898070000
0.0574340000
0.0909580000
0.0324490000
0.1905600000
0.1677900000
0.0590750000
0.0101990000
0.0976810000
0.0642830000
0.1613800000
0.0966120000
0.0529290000
0.0627230000
0.1404100000
0.2393300000
0.0193520000
0.1148500000
0.1783300000
0.0706860000
0.0818820000
0.2733100000
0.1211400000
0.0157220000
0.0612100000
0.0122750000
0.0190850000
0.0016032000
0.0682900000
0.1768800000
0.0096932000
0.0034888000
0.0229820000
0.1466000000
0.0187720000
0.0638330000
0.0380710000
0.0729700000
0.0843800000
0.0487540000
0.0268790000
0.0640310000
0.0004487300
0.0776800000
0.0776000000
0.0822180000
0.0008256300
0.0118460000
0.0187470000
0.1635700000
0.1370700000
0.0528520000
0.0376790000
0.0948180000
0.2256800000
0.3645800000
0.0383080000
0.1192000000
0.0307950000
0.4415300000
0.0316220000
0.0585080000
0.3990100000
0.0202760000
0.0755650000
0.1687200000
0.1637000000
0.0230280000
0.0023836000
0.0809100000
0.2393300000
0.0596610000
0.0178620000
0.1316300000
0.0837590000
0.1245000000
0.0584360000
0.1484400000
0.1913200000
0.0562310000
0.0556170000
0.0040205000
0.1189000000
0.2148000000
0.0318700000
0.0478550000
0.0633760000
0.0934150000
0.0305960000
0.1884700000
0.0877740000
0.0036017000
0.0361310000
0.1849600000
0.2356500000
0.2684200000
0.1361300000
0.0101140000
0.0495660000
0.0711130000
0.0410680000
0.0107350000
0.0371030000
0.0142360000
0.0614830000
0.1211600000
0.0064667000
0.0914840000
0.1603600000
0.0329120000
0.0325110000
0.0326590000
0.0021236000
0.1065800000
0.0020332000
0.2653100000
0.0534470000
0.1653600000
0.3964300000
0.0505300000
0.1009600000
0.1171500000
0.0246680000
0.1171700000
0.0132000000
0.1025700000
0.1177300000
0.0727250000
0.0043926000
0.2131500000
0.0520280000
0.2258300000
0.0722720000
0.0356360000
0.2041500000
0.1189300000
0.0145200000
0.1884100000
0.0663350000
0.0571280000
0.1444300000
0.0202980000
0.1382900000
0.0547130000
0.0824760000
0.1072800000
0.2847200000
0.1480400000
0.0202950000
0.4197500000
0.1336000000
0.0431800000
0.0112940000
0.0826170000
0.0691650000
0.1033500000
0.0130550000
0.0142730000
0.2185600000
0.0204680000
0.0554880000
0.2603600000
0.0909230000
0.0453570000
0.0648630000
0.0909140000
0.0110440000
0.0251660000
0.1772000000
0.4021400000
0.0363030000
0.0165400000
0.0499610000
0.2412800000
0.0075722000
0.1617000000
0.0199120000
0.0443890000
0.0263650000
0.1527200000
0.0979770000
0.1054700000
0.1043600000
0.0460610000
0.1819100000
0.0441020000
0.2232200000
0.0113970000
0.1863500000
0.0117670000
0.0478400000
0.0492300000
0.0373170000
0.0617540000
0.1170200000
0.1125800000
0.0031453000
0.0580040000
0.4045200000
0.0569650000
0.0173430000
0.0312060000
0.1482600000
0.0373870000
0.0506030000
0.0259470000
0.2925200000
0.0033538000
0.0259740000
0.0179950000
0.1326100000
0.0365460000
0.1168600000
0.1469300000
0.1910600000
0.1016900000
0.1117700000
0.0207600000
0.1084200000
0.0620890000
0.1088000000
0.1596500000
0.0750840000
0.0909980000
0.1077200000
0.1554700000
0.0129210000
0.1615900000
0.0563590000
0.0701610000
0.0064972000
0.0031885000
0.1048700000
0.1282500000
0.0082519000
0.0119890000
0.1445300000
0.0638150000
0.0167170000
0.0009677500
0.1546200000
0.1957400000
0.0085659000
0.1152800000
0.0284290000
0.0211490000
0.0167860000
0.1555100000
0.0072433000
0.0168520000
0.1935500000
0.0495810000
0.2425100000
0.1470500000
0.0849410000
0.0165990000
0.0105980000
0.0738840000
0.1031500000
0.3541700000
0.1243300000
0.1248500000
0.0035728000
0.0325660000
0.0795440000
0.0469890000
0.2398200000
0.0161460000
0.1525900000
0.0954500000
0.0952510000
0.0475570000
0.0812170000
0.1358600000
0.2022600000
0.0196580000
0.0207500000
0.0022104000
0.1056000000
0.0556820000
0.0742190000
0.1566400000
0.0857530000
0.2168100000
0.0396990000
0.0796300000
0.0303670000
0.4462500000
0.2596800000
0.1414900000
0.0373010000
0.0784710000
0.0956440000
0.1039600000
0.0965360000
0.0456360000
0.0207350000
0.1903800000
0.0216460000
0.3682900000
0.0616390000
0.1119900000
0.0867590000
0.0588660000
0.1603300000
0.1142600000
0.0016065000
0.1517700000
0.1510800000
0.1194500000
0.1141700000
0.1573800000
0.0090287000
0.0054994000
0.0075398000
0.0558180000
0.0009113500
0.0292500000
0.0351290000
0.0521490000
0.1104200000
0.1311900000
0.1576300000
0.0141770000
0.0667750000
0.1701400000
0.0349140000
0.1456800000
0.1890000000
0.0556640000
0.1215400000
0.1215800000
0.1127100000
0.0155220000
0.0006019700
0.0171380000
0.2708800000
0.0452320000
0.0366920000
0.0904490000
0.3048000000
0.0166400000
0.1279700000
0.0088301000
0.0588910000
0.0419840000
0.2002800000
0.1095400000
0.0111540000
0.1131800000
0.2292100000
0.0043396000
0.0791730000
0.1122400000
0.1387400000
0.0739540000
0.0579610000
0.1484500000
0.0592800000
0.0327740000
0.0415580000
0.0286180000
0.0630960000
0.0812350000
0.0033123000
0.0132370000
0.0312130000
0.1602300000
0.0011182000
0.1540100000
0.2132100000
0.0329950000
0.0035431000
0.0529960000
0.0366800000
0.0184680000
0.3158300000
0.0719270000
0.0620220000
0.1518000000
0.1378100000
0.0241320000
0.1977300000
0.0964070000
0.0803220000
0.0102160000
0.1671500000
0.0087561000
0.0508620000
0.0201330000
0.0342180000
0.1444100000
0.0033697000
0.0622340000
0.0056087000
0.2447800000
0.1117600000
0.0156460000
0.0308230000
0.0202610000
0.1007900000
0.0001040200
0.0588130000
0.0717760000
0.0731290000
0.1289900000
0.0857450000
0.0375260000
0.0299190000
0.0700400000
0.0079097000
0.1787100000
0.1357500000
0.0016615000
0.0600920000
0.0267620000
0.2666900000
0.1863900000
0.1462200000
0.0416970000
0.3990300000
0.0248860000
0.0009368500
0.1034400000
0.0446570000
0.0887530000
0.0104960000
0.0051375000
0.1931400000
0.0529150000
0.0331860000
0.0044368000
0.1731500000
0.0699910000
0.4785400000
0.0422470000
0.1409500000
0.1096500000
0.0171820000
0.0798820000
0.1533900000
0.0242690000
0.0208050000
0.2195300000
0.1649100000
0.0229860000
0.0247410000
0.0140680000
0.1433500000
0.1782400000
0.0105480000
0.0847780000
0.0578610000
0.0523970000
0.0201600000
0.0347640000
0.0019602000
0.1313100000
0.0554390000
0.0009405100
0.0149070000
0.1117900000
0.0524690000
0.2608400000
0.2471300000
0.0027209000
0.0036492000
0.1574300000
0.1952800000
0.0470270000
0.1515300000
0.0620430000
0.1951200000
0.0047340000
0.2128400000
0.2066300000
0.1808700000
0.0072510000
0.0759240000
0.1589100000
0.1076100000
0.0105110000
0.0196300000
0.0567930000
0.0001064400
0.1234800000
0.1136900000
0.0601350000
0.0550050000
0.1172300000
0.1038400000
0.2752000000
0.0410020000
0.1012900000
0.0188980000
0.2500300000
0.0692060000
0.1135800000
0.0849300000
0.0551710000
0.0643260000
0.0054021000
0.1462900000
0.1635400000
0.0025584000
0.2903400000
0.0658480000
0.0150810000
0.0454840000
0.0785300000
0.0850900000
0.2137300000
0.0042708000
0.0159510000
0.1327200000
0.0677680000
0.0652020000
0.3017100000
0.2365200000
0.3389400000
0.0773070000
0.0676940000
0.0663930000
0.0092693000
0.0773300000
0.0857570000
0.1214600000
0.0945260000
0.0433390000
0.0048579000
0.1108400000
0.0023167000
0.1562900000
0.0634180000
0.0601590000
0.0801860000
0.0304490000
0.0356260000
0.0132610000
0.0006179000
0.0682180000
0.3084900000
0.1746800000
0.1806600000
0.1108000000
0.1152200000
0.0619580000
0.1034000000
0.0928540000
0.0255380000
0.0876300000
0.0317570000
0.0270270000
0.2846400000
0.0280130000
0.1039300000
0.0992390000
0.0024805000
0.0034083000
0.0730350000
0.1920600000
0.1554300000
0.1485900000
0.0837830000
0.0131230000
0.3233400000
0.1034400000
0.0522810000
0.1488900000
0.0396580000
0.0095227000
0.0322300000
0.0659410000
0.2423400000
0.0750470000
0.1361900000
0.0563720000
0.1421200000
0.1952300000
0.0207660000
0.1353700000
0.0567820000
0.0039520000
0.1892600000
0.0990780000
0.1018100000
0.1819700000
0.0554530000
0.0238750000
0.0472870000
0.1633900000
0.0016451000
0.1500400000
0.0970830000
0.0284920000
0.0114830000
0.0015095000
0.0085013000
0.1127700000
0.0146750000
0.0184500000
0.0673710000
0.2187500000
0.0845380000
0.0691830000
0.0503170000
0.0206030000
0.2164000000
0.2201500000
0.1392300000
0.0054139000
0.0097491000
0.0363310000
0.2285700000
0.0690530000
0.0411760000
0.0584970000
0.2377600000
0.1498100000
0.2644600000
0.1975100000
0.0877280000
0.0030636000
0.0613190000
0.0328090000
0.0791550000
0.0046391000
0.0107730000
0.0118120000
0.0353440000
0.0776650000
0.0257650000
0.0006780800
0.3274800000
0.0221290000
0.0897260000
0.0014032000
0.1844000000
0.0597420000
0.1713800000
0.3205900000
0.2201800000
0.0063068000
0.0148690000
0.0092520000
0.0371480000
0.1442800000
0.0236660000
0.0247790000
0.0142500000
0.0528080000
0.0910060000
0.1394600000
0.0720270000
0.2827900000
0.0276020000
0.0353230000
0.2964100000
0.3880500000
0.0395140000
0.0421380000
0.1513000000
0.1724500000
0.1041600000
0.1074600000
0.1511700000
0.1242200000
0.1968600000
0.1193600000
0.1012400000
0.0094328000
0.0814740000
0.0508530000
0.0211790000
0.0060171000
0.0405770000
0.1894400000
0.0111100000
0.0125150000
0.1019600000
0.0503380000
0.2215400000
0.1161300000
0.0997560000
0.1141800000
0.0129130000
0.0234080000
0.1117200000
0.0347900000
0.0442300000
0.1022800000
0.0188490000
0.0484220000
0.0853030000
0.0132470000
0.0995620000
0.3007400000
0.0661330000
0.1166700000
0.3270900000
0.1001800000
0.0552670000
0.0032250000
0.0554660000
0.0351160000
0.1705700000
0.1582900000
0.1008900000
0.0337860000
0.0124380000
0.0655010000
0.1398200000
0.0142460000
0.2386900000
0.0467780000
0.0496550000
0.0567530000
0.0019574000
0.0303590000
0.0061537000
0.0032165000
0.0472400000
0.0691840000
0.1527900000
0.0555760000
0.0035555000
0.0549050000
0.0333220000
0.1022500000
0.1007300000
0.0319380000
0.0915220000
0.0457380000
0.0324290000
0.0229800000
0.1725500000
0.0822540000
0.0809980000
0.0438680000
0.0407430000
0.0460360000
0.0721650000
0.0015496000
0.0630160000
0.0753720000
0.0516200000
0.0716390000
0.0483610000
0.0093483000
0.1174600000
0.0233730000
0.0240060000
0.1920500000
0.0180840000
0.0960220000
0.2107900000
0.0009872300
0.3150500000
0.0036196000
0.1126200000
0.0909870000
0.0487820000
0.1506200000
0.0052286000
0.5826100000
0.0653240000
0.1209800000
0.0046340000
0.1176800000
0.0181350000
0.0927440000
0.3405500000
0.0051177000
0.0038855000
0.0394120000
0.0273190000
0.0768460000
0.2357300000
0.0930850000
0.1343800000
0.0124650000
0.0470870000
0.0591760000
0.0743350000
0.0043014000
0.0566290000
0.0025579000
0.0434280000
0.0307230000
0.0211310000
0.0574910000
0.0617290000
0.0205980000
0.0715600000
0.0333660000
0.1598800000
0.0031218000
0.1636900000
0.1912600000
0.0915820000
0.1791900000
0.0095622000
0.1800500000
0.0023367000
0.1678500000
0.2118600000
0.2283700000
0.0454430000
0.1100200000
0.0824930000
0.1308500000
0.2740600000
0.2487200000
0.0269720000
0.0810260000
0.1626400000
0.0500550000
0.1155500000
0.2864900000
0.0427450000
0.2139900000
0.1233000000
0.0809370000
0.2242000000
0.1030300000
0.0632460000
0.0319550000
0.0786930000
0.0899020000
0.0016411000
0.1719000000
0.0208150000
0.1008200000
0.0145500000
0.0060985000
0.0863420000
0.0090180000
0.1324300000
0.0000994720
0.0008769900
0.1093300000
0.1206300000
0.2053100000
0.1698200000
0.1018100000
0.1524900000
0.0518360000
0.0455620000
0.2881600000
0.1200900000
0.0232270000
0.1217200000
0.1335500000
0.0547080000
0.0219510000
0.0618590000
0.1934700000
0.0306990000
0.0324610000
0.0987210000
0.0603420000
0.0243800000
0.0175920000
0.0277700000
0.0027110000
0.2745400000
0.1638300000
0.4284700000
0.1802800000
0.0854760000
0.1955900000
0.0535570000
0.0154660000
0.0322370000
0.0832200000
0.0278810000
0.2769400000
0.4322200000
0.0238110000
0.2130200000
0.0539170000
0.2650400000
0.0084816000
0.0695960000
0.0548880000
0.2777900000
0.1704200000
0.0868700000
0.0439850000
0.1213600000
0.4448200000
0.0107240000
0.3075700000
0.0671640000
0.1487200000
0.0108370000
0.0830380000
0.0081189000
0.0481290000
0.0789150000
0.2646500000
0.0802550000
0.1877400000
0.0159830000
0.2374400000
0.0498610000
0.0960410000
0.0150500000
0.0531090000
0.2239000000
0.1173200000
0.0128210000
0.0132850000
0.0471970000
0.1143800000
0.0015231000
0.0797940000
0.0393880000
0.0073655000
0.0250980000
0.0102000000
0.1488200000
0.0873630000
0.1235500000
0.1567900000
0.0459420000
0.0108880000
0.0309590000
0.0221000000
0.0183550000
0.1004700000
0.0156480000
0.0676170000
0.0156710000
0.2300900000
0.0040923000
0.0073872000
0.0000504170
0.1559200000
0.0559980000
0.0912470000
0.2968300000
0.0208660000
0.0110540000
0.1258500000
0.0407030000
0.1233700000
0.0047032000
0.0111100000
0.0771910000
0.3281200000
0.1320000000
0.0391520000
0.0286490000
0.0563550000
0.0304770000
0.0312620000
0.1185600000
0.0108770000
0.2142500000
0.0535860000
0.0094327000
0.0368490000
0.0080868000
0.1145200000
0.0736300000
0.0595600000
0.0336750000
0.0160670000
0.0253560000
0.0004720100
0.0131270000
0.0434780000
0.1127000000
0.0946550000
0.0433230000
0.2381100000
0.0214020000
0.0559050000
0.0646150000
0.3144700000
0.1925900000
0.1319500000
0.0405650000
0.0736880000
0.0500440000
0.0257730000
0.0824340000
0.0001774300
0.0550580000
0.1715500000
0.0142190000
0.1284600000
0.0732740000
0.0126700000
0.3701800000
0.0611830000
0.0430500000
0.0667970000
0.0009035800
0.1463200000
0.0069757000
0.0177290000
0.0945800000
0.1180200000
0.0126290000
0.0042896000
0.0609810000
0.0841140000
0.0736690000
0.1174000000
0.1605500000
0.1931000000
0.2871300000
0.0263680000
0.1089900000
0.0401170000
0.2309700000
0.1119500000
0.1277000000
0.0076316000
0.0329930000
0.1325500000
0.0717820000
0.0604480000
0.0281690000
0.0512910000
0.1649800000
0.0238450000
0.0732580000
0.0880600000
0.0450620000
0.1741600000
0.0144040000
0.0304790000
0.1247000000
0.0604930000
0.1320400000
0.1051900000
0.0275820000
0.0590590000
0.2148700000
0.0404270000
0.0622240000
0.2102000000
0.0290160000
0.1327400000
0.0148040000
0.0362080000
0.0092093000
0.1263200000
0.1235800000
0.1251200000
0.0577050000
0.0390320000
0.1151700000
0.1844300000
0.1354000000
0.0430310000
0.0296360000
0.1336900000
0.0636610000
0.0108460000
0.2159100000
0.0161640000
0.0744690000
0.0964440000
0.0081343000
0.1001800000
0.0632030000
0.1248500000
0.0408640000
0.0600500000
0.0428360000
0.0618360000
0.0395870000
0.0118580000
0.1254600000
0.0557590000
0.1519400000
0.0305270000
0.0409840000
0.0149970000
0.1790400000
0.0969480000
0.1345100000
0.0909100000
0.0601800000
0.0716690000
0.1301400000
0.0413320000
0.1437500000
0.1132900000
0.0255580000
0.1528300000
0.0611000000
0.1739100000
0.0156920000
0.1951400000
0.0177800000
0.0596130000
0.2583700000
0.0070683000
0.1079000000
0.1126000000
0.1905500000
0.0740140000
0.0365330000
0.0836770000
0.0720270000
0.1154200000
0.1425300000
0.0431300000
0.1735700000
0.0211800000
0.2859800000
0.1333800000
0.1373600000
0.0611790000
0.0199910000
0.0941060000
0.1365200000
0.1320300000
0.0866900000
0.1223900000
0.1393100000
0.0281620000
0.0747050000
0.1566700000
0.0073750000
0.0618260000
0.0237590000
0.0128670000
0.0102810000
0.0389380000
0.0635880000
0.1464100000
0.0419840000
0.0158640000
0.1310800000
0.0762830000
0.0546230000
0.0327260000
0.1440600000
0.0291170000
0.3628100000
0.1463300000
0.0470310000
0.0342040000
0.2237800000
0.0407740000
0.0600270000
0.0545230000
0.0276660000
0.1259200000
0.1700000000
0.0223990000
0.0777300000
0.1220300000
0.0846100000
0.1792000000
0.0212510000
0.0667160000
0.0771340000
0.0684950000
0.1861200000
0.1686600000
0.1049700000
0.0782200000
0.0627440000
0.1032000000
0.0590130000
0.1643100000
0.0088350000
0.0170380000
0.1749200000
0.1413600000
0.2296500000
0.1274800000
0.0249180000
0.1518900000
0.2910700000
0.0102340000
0.0799790000
0.2381700000
0.1375400000
0.0564070000
0.0692430000
0.0633430000
0.0635420000
0.0277310000
0.0157040000
0.0650520000
0.0510490000
0.1746500000
0.0636870000
0.0089794000
0.1239200000
0.1148000000
0.0618300000
0.1171400000
0.0133830000
0.0381770000
0.2143900000
0.0829130000
0.2637900000
0.0143940000
0.1411200000
0.0120000000
0.0438000000
0.0072410000
0.0484430000
0.0482550000
0.0454530000
0.1473200000
0.0573260000
0.1181100000
0.3024500000
0.1389500000
0.5354400000
0.1387700000
0.1098800000
0.1447100000
0.0293900000
0.0366690000
0.0036572000
0.0702990000
0.1953000000
0.1523400000
0.1332800000
0.1029300000
0.0708860000
0.0873130000
0.0667140000
0.0433930000
0.0787050000
0.0627690000
0.0222400000
0.0105800000
0.0894180000
0.1566800000
0.0080643000
0.1060000000
0.0551280000
0.1889400000
0.0416840000
0.1077800000
0.0459260000
0.0630950000
0.1117900000
0.0992630000
0.0120180000
0.1401300000
0.0196220000
0.0266530000
0.1070000000
0.0874080000
0.0428310000
0.0478220000
0.0851270000
0.0224890000
0.2502700000
0.0262450000
0.0248270000
0.0266050000
0.0803250000
0.0029272000
0.0667930000
0.0959470000
0.0073802000
0.0566190000
0.1132500000
0.0459890000
0.0214250000
0.0426540000
0.1285300000
0.0047869000
0.0305910000
0.0723430000
0.1604500000
0.0011671000
0.0072592000
0.1163500000
0.0164870000
0.2366800000
0.0706220000
0.0216360000
0.0022865000
0.0843880000
0.0113800000
0.0110020000
0.0480580000
0.0868320000
0.0121260000
0.0625750000
0.0100870000
0.0418700000
0.2372300000
0.3218400000
0.1613200000
0.0076651000
0.0220800000
0.0188040000
0.4270200000
0.0519970000
0.0287450000
0.1278300000
0.0168950000
0.1070300000
0.4563900000
0.0187060000
0.1227000000
0.1342500000
0.2428500000
0.0173470000
0.0611020000
0.0216980000
0.3125300000
0.0373760000
0.0096820000
0.2164500000
0.2649700000
0.0353800000
0.1252000000
0.0421500000
0.0068431000
0.1543600000
0.0226290000
0.2890500000
0.0817310000
0.1955300000
0.0364340000
0.2111500000
0.1721200000
0.0370160000
0.1380300000
0.1365500000
0.0303900000
0.0197480000
0.1207800000
0.0482160000
0.2784300000
0.0218390000
0.0573110000
0.0281680000
0.0756590000
0.0385230000
0.2994600000
0.2384600000
0.2490300000
0.0261030000
0.1310300000
0.0804930000
0.0125880000
0.1448900000
0.0262560000
0.1125400000
0.2269800000
0.0971010000
0.1661500000
0.2473500000
0.0725170000
0.0397290000
0.0519920000
0.0645740000
0.0906030000
0.1527000000
0.0936240000
0.0014579000
0.0213210000
0.1741300000
0.0076729000
0.4762000000
0.0307680000
0.0683460000
0.1695800000
0.0570040000
0.1507200000
0.0927730000
0.0634630000
0.0155480000
0.0765150000
0.0037607000
0.2045300000
0.0249650000
0.0506090000
0.0912560000
0.0398200000
0.0612880000
0.2094500000
0.0343370000
0.4431300000
0.0288420000
0.0231430000
0.0819910000
0.0110150000
0.0099632000
0.1781100000
0.0359580000
0.1794900000
0.1222000000
0.0154280000
0.0413940000
0.0580980000
0.0158930000
0.0082586000
0.0249550000
0.0250040000
0.1380100000
0.0264940000
0.1745100000
0.0520110000
0.1389300000
0.1427600000
0.0335810000
0.1404100000
0.0231690000
0.0617360000
0.1901100000
0.1344500000
0.0262810000
0.0421200000
0.0509060000
0.0280660000
0.0737350000
0.1638600000
0.1679700000
0.0276540000
0.0107140000
0.2269600000
0.1295200000
0.3559000000
0.0190240000
0.2757400000
0.0970680000
0.0032669000
0.1831000000
0.0370820000
0.0608200000
0.0649190000
0.1161100000
0.0784470000
0.0236240000
0.1032200000
0.0496970000
0.0317390000
0.0113560000
0.0945620000
0.2236000000
0.1363300000
0.0031735000
0.0479880000
0.0422000000
0.0176970000
0.2316000000
0.1080600000
0.0674500000
0.0126540000
0.0532200000
0.1392300000
0.2390800000
0.0139530000
0.0009780400
0.0511290000
0.0545460000
0.0700110000
0.1028900000
0.0167560000
0.0169830000
0.0055842000
0.0875220000
0.0028310000
0.0654550000
0.3979300000
0.0274090000
0.0148890000
0.0187560000
0.0605520000
0.1506900000
0.1175600000
0.1905000000
0.1654400000
0.0488400000
0.0901660000
0.0152180000
0.0831530000
0.0235280000
0.0370550000
0.0049461000
0.1003400000
0.1075300000
0.0236880000
0.0061149000
0.0290540000
0.1251400000
0.2124200000
0.2755600000
0.0151980000
0.0890210000
0.1124500000
0.0748090000
0.0468050000
0.0198690000
0.0502950000
0.2558200000
0.0172120000
0.0341090000
0.0171990000
0.0591070000
0.0193010000
0.0018515000
0.0178550000
0.0790530000
0.0524270000
0.0051672000
0.1928400000
0.0543820000
0.0549390000
0.2213800000
0.0664340000
0.2830000000
0.0633380000
0.2300300000
0.0004989600
0.0602210000
0.1659700000
0.1215900000
0.2017300000
0.0877420000
0.0816020000
0.0157590000
0.0726230000
0.1793900000
0.0124150000
0.1771700000
0.0219140000
0.2044900000
0.1417500000
0.1417700000
0.0426500000
0.0339140000
0.0201100000
0.1379800000
0.0874550000
0.1718800000
0.3450500000
0.0967640000
0.0726440000
0.0112090000
0.0561420000
0.0163370000
0.0447730000
0.0041810000
0.0133200000
0.2079700000
0.1940200000
0.0654570000
0.0367260000
0.0158790000
0.0641900000
0.0595330000
0.0489890000
0.0247650000
0.0363680000
0.1049800000
0.2479600000
0.0071627000
0.2030500000
0.0536180000
0.0495660000
0.1277500000
0.0265090000
0.3042500000
0.0715330000
0.1839300000
0.0000956110
0.0019845000
0.1445300000
0.0605280000
0.0524060000
0.0246210000
0.0006055000
0.0874560000
0.0343230000
0.1946600000
0.1442500000
0.1552400000
0.0060789000
0.0467710000
0.0229700000
0.2466900000
0.0963940000
0.1386600000
0.0270970000
0.1408700000
0.0467430000
0.0123890000
0.0952070000
0.0008999400
0.0603170000
0.0062703000
0.0802270000
0.0907730000
0.0283530000
0.0791280000
0.0465210000
0.0118470000
0.0236160000
0.1098000000
0.1324000000
0.1578200000
0.1444800000
0.0927760000
0.1468100000
0.1511400000
0.0755950000
0.1535900000
0.0564590000
0.0447590000
0.0578800000
0.0215680000
0.1208200000
0.0226170000
0.0421900000
0.0461220000
0.0312720000
0.0545330000
0.0040148000
0.0998820000
0.0113280000
0.0289810000
0.1315500000
0.3500500000
0.1165900000
0.0511280000
0.1859300000
0.0163960000
0.0972770000
0.1423800000
0.0635180000
0.1464600000
0.0546140000
0.2015300000
0.1399600000
0.1086200000
0.1980500000
0.0672080000
0.0740220000
0.0567050000
0.1078400000
0.0971010000
0.1631800000
0.0542420000
0.0142690000
0.0817760000
0.0779620000
0.0183330000
0.0655250000
0.0470770000
0.0202880000
0.0186760000
0.0104590000
0.0351140000
0.0481470000
0.1442500000
0.0065544000
0.0670480000
0.0226520000
0.0988680000
0.1864000000
0.1110900000
0.0692550000
0.3095000000
0.0039004000
0.0124550000
0.2114700000
0.2741700000
0.0877910000
0.0300900000
0.0032499000
0.1690500000
0.1370800000
0.3113300000
0.2584900000
0.0350920000
0.0052555000
0.0272490000
0.0595600000
0.1489000000
0.0313300000
0.1049100000
0.0619910000
0.0259120000
0.0818400000
0.0043089000
0.1869700000
0.1409900000
0.0336290000
0.2226200000
0.0004440400
0.0008786000
0.1272900000
0.0420940000
0.1505600000
0.0766080000
0.0111610000
0.0143270000
0.0607680000
0.0297740000
0.0746740000
0.0166490000
0.2478600000
0.0856010000
0.0639210000
0.0033636000
0.2194000000
0.0983470000
0.0194630000
0.0675480000
0.1970300000
0.1067200000
0.0132040000
0.1607000000
0.2626000000
0.1720700000
0.0528880000
0.0206210000
0.1272500000
0.3472800000
0.0354320000
0.3485600000
0.1673800000
0.2032400000
0.0357700000
0.1013800000
0.0012442000
0.0755930000
0.0172260000
0.1389000000
0.1034700000
0.1178300000
0.0141580000
0.0892200000
0.0868050000
0.0072526000
0.2731500000
0.0363550000
0.0022724000
0.1893100000
0.1459800000
0.0031081000
0.0749220000
0.0755240000
0.0001444100
0.1993600000
0.0973480000
0.1353800000
0.1209500000
0.1379500000
0.1917400000
0.0595420000
0.2247900000
0.0330020000
0.1441700000
0.2740700000
0.1409700000
0.0666190000
0.3058800000
0.0359260000
0.0296500000
0.0832720000
0.0668540000
0.0834670000
0.0654300000
0.0376540000
0.1611700000
0.0028758000
0.0470890000
0.0383460000
0.0153910000
0.0171030000
0.0616150000
0.0272350000
0.2011000000
0.0268060000
0.0093176000
0.0652640000
0.0729220000
0.0193330000
0.1532200000
0.1875400000
0.1084300000
0.1321100000
0.0208870000
0.1817200000
0.0046244000
0.2388800000
0.0465100000
0.0072449000
0.1367800000
0.0140090000
0.2657100000
0.0686560000
0.2255100000
0.0482080000
0.3649600000
0.0168040000
0.1811900000
0.0901110000
0.0424530000
0.0793080000
0.0989900000
0.1193000000
0.1375000000
0.0921570000
0.0597480000
0.0779530000
0.0281490000
0.0383620000
0.0618740000
0.1104400000
0.0713890000
0.0541010000
0.0680620000
0.0279580000
0.4138600000
0.0881820000
0.3602600000
0.0308000000
0.1185700000
0.0338160000
0.0006417000
0.5722100000
0.0617670000
0.1793000000
0.0058336000
0.0219420000
0.0455350000
0.0696850000
0.0147890000
0.0117140000
0.2218100000
0.1394800000
0.1265700000
0.0243810000
0.0693090000
0.3069300000
0.0166530000
0.2542400000
0.0679880000
0.0257000000
0.0197680000
0.0296290000
0.0497540000
0.0185610000
0.0138400000
0.0087357000
0.0312290000
0.0851880000
0.0218600000
0.0357180000
0.0162260000
0.0139950000
0.0422440000
0.0808570000
0.0382000000
0.0210360000
0.0624030000
0.0438030000
0.0025154000
0.1714300000
0.2329300000
0.0200680000
0.1643500000
0.0025322000
0.2519800000
0.0406510000
0.0552570000
0.1074100000
0.1375600000
0.0183330000
0.1478000000
0.2288300000
0.0730310000
0.0685810000
0.2256700000
0.3845300000
0.0859320000
0.0161440000
0.0204450000
0.0081267000
0.1189900000
0.1486600000
0.0726990000
0.0573200000
0.0081924000
0.0160640000
0.1236500000
0.0453460000
0.3937700000
0.0935630000
0.2402700000
0.0437250000
0.1525600000
0.0539500000
0.0145570000
0.0467090000
0.1303100000
0.0726210000
0.0079971000
0.0087509000
0.2858800000
0.1354200000
0.0993930000
0.2579500000
0.0330210000
0.0739660000
0.0784380000
0.0096063000
0.0274310000
0.2169900000
0.0333780000
0.0519390000
0.0573100000
0.0358190000
0.0259920000
0.3310800000
0.0295530000
0.1456600000
0.1818200000
0.0838760000
0.0823970000
0.0085789000
0.0130330000
0.1130200000
0.0760460000
0.1217200000
0.0481730000
0.2372000000
0.3183200000
0.1257200000
0.0331990000
0.3080000000
0.0687240000
0.2004500000
0.3022800000
0.2526200000
0.0340160000
0.1486900000
0.3187000000
0.0120210000
0.0210540000
0.0400130000
0.0081403000
0.0336570000
0.1269600000
0.0041945000
0.0548970000
0.0121500000
0.0592930000
0.1823900000
0.2168600000
0.0730800000
0.1905300000
0.0705120000
0.0012053000
0.0377420000
0.1097600000
0.0731410000
0.0920010000
0.0186480000
0.2262800000
0.0478390000
0.3619600000
0.0145760000
0.0245780000
0.0147240000
0.0449610000
0.0290880000
0.3039800000
0.0088001000
0.0632710000
0.1404800000
0.0973030000
0.1318300000
0.0418190000
0.0245520000
0.2049700000
0.0684190000
0.0550480000
0.2143300000
0.0394410000
0.0147010000
0.0977150000
0.0294210000
0.1147200000
0.1195400000
0.0614820000
0.0213600000
0.0505430000
0.0274050000
0.0592000000
0.0318530000
0.0116320000
0.1689400000
0.0247800000
0.0330550000
0.0743030000
0.1018900000
0.0176590000
0.0508410000
0.0619290000
0.0150380000
0.0691260000
0.0103380000
0.0136350000
0.0609680000
0.0449530000
0.3115900000
0.0422490000
0.1662300000
0.1861800000
0.2426600000
0.1763100000
0.0151620000
0.0733770000
0.0907280000
0.0397510000
0.1197400000
0.0839780000
0.0227900000
0.0137400000
0.1477400000
0.0758000000
0.0290340000
0.0669700000
0.2142200000
0.0348930000
0.2015200000
0.1872700000
0.2309700000
0.0638930000
0.0812390000
0.0050273000
0.1231900000
0.0364530000
0.1004100000
0.1881500000
0.0578400000
0.0431520000
0.0257400000
0.0695410000
0.0005985500
0.0294990000
0.0571210000
0.1180700000
0.0015348000
0.2190900000
0.1182700000
0.0046792000
0.0497670000
0.0134970000
0.1105500000
0.0756880000
0.1966600000
0.0672480000
0.0045445000
0.0376220000
0.0281590000
0.0101170000
0.3254300000
0.0851690000
0.1599200000
0.1167800000
0.1505800000
0.0386510000
0.2043200000
0.0050029000
0.0223350000
0.0293260000
0.0415690000
0.1313600000
0.0272180000
0.1196900000
0.1603700000
0.0015754000
0.0538390000
0.1670900000
0.0264580000
0.0134550000
0.2069900000
0.0761080000
0.1683700000
0.0237820000
0.1135500000
0.2288000000
0.1097000000
0.1325200000
0.0096506000
0.1564200000
0.0942140000
0.1376200000
0.0352270000
0.0184810000
0.0467450000
0.0475850000
0.0292990000
0.0882870000
0.0549150000
0.2230000000
0.0055928000
0.1221500000
0.2274800000
0.0293280000
0.1618900000
0.1116000000
0.0520120000
0.1343700000
0.0292160000
0.0064222000
0.1039100000
0.2224100000
0.1096700000
0.0252400000
0.0139910000
0.0312460000
0.1421500000
0.1115500000
0.0819970000
0.2193300000
0.2834000000
0.0670790000
0.0114130000
0.0863120000
0.0900930000
0.0017589000
0.0729350000
0.0564540000
0.0988710000
0.0028654000
0.0306270000
0.1171500000
0.1856400000
0.1904700000
0.0613560000
0.0813050000
0.0049751000
0.0188790000
0.0791540000
0.2118000000
0.0241830000
0.0382750000
0.0608930000
0.2512400000
0.1370600000
0.0133070000
0.0774060000
0.1387900000
0.0450120000
0.0300300000
0.1449900000
0.0838450000
0.1751700000
0.0272750000
0.2943400000
0.1613000000
0.0989250000
0.0898350000
0.1750900000
0.1120800000
0.1464800000
0.1734000000
0.1305500000
0.0454290000
0.1346800000
0.0160070000
0.0017498000
0.2217000000
0.2555300000
0.0805220000
0.0359540000
0.4348600000
0.1068000000
0.1891600000
0.1550300000
0.1309100000
0.1850000000
0.0198350000
0.0861650000
0.0464900000
0.0742700000
0.0540430000
0.1133200000
0.0047636000
0.0450190000
0.0291280000
0.0042648000
0.1431200000
0.0633320000
0.0346300000
0.0153880000
0.0231180000
0.0949100000
0.0673000000
0.2833700000
0.0333310000
0.0005127400
0.0175900000
0.0642880000
0.0980500000
0.2055800000
0.2557600000
0.0053779000
0.1047300000
0.2546800000
0.0579030000
0.1245800000
0.0205750000
0.1092800000
0.0282100000
0.0817990000
0.0522660000
0.0747990000
0.1416800000
0.1021800000
0.0980730000
0.2674200000
0.0084863000
0.1632200000
0.1446000000
0.0101840000
0.0625590000
0.0212120000
0.0135510000
0.2000100000
0.2060800000
0.1088500000
0.1106600000
0.1013700000
0.0146040000
0.0334890000
0.0969360000
0.2326800000
0.0385820000
0.1286600000
0.1715700000
0.0451750000
0.1554000000
0.0104680000
0.2170900000
0.0784660000
0.0624180000
0.1384200000
0.0690510000
0.0444410000
0.2168300000
0.0795360000
0.0343130000
0.0138350000
0.0262750000
0.0148530000
0.0092510000
0.0687000000
0.2062300000
0.0410560000
0.1191100000
0.0018459000
0.0933860000
0.0352790000
0.2243400000
0.2130700000
0.0007271200
0.0273430000
0.0818130000
0.0631000000
0.1647500000
0.0164460000
0.0710400000
0.0558870000
0.0869690000
0.1259000000
0.0518520000
0.1356700000
0.1848300000
0.0229310000
0.0459430000
0.0867840000
0.0008215000
0.1324300000
0.0361900000
0.0143980000
0.0716310000
0.1854600000
0.1357100000
0.0799920000
0.0100870000
0.0657200000
0.0407640000
0.0721780000
0.1027000000
0.1191000000
0.0113780000
0.0688910000
0.0233570000
0.1396400000
0.0845630000
0.0026962000
0.0015362000
0.1246100000
0.1504100000
0.3040300000
0.0456530000
0.1233300000
0.0456890000
0.0730970000
0.0128320000
0.0241170000
0.0007897100
0.0037801000
0.0915540000
0.0998630000
0.0039289000
0.1994400000
0.1517700000
0.1324300000
0.1227700000
0.0282650000
0.0558240000
0.0373800000
0.0163720000
0.0208560000
0.0655380000
0.1420100000
0.1457100000
0.1673200000
0.2106700000
0.0634300000
0.1439100000
0.0668600000
0.0395970000
0.0840820000
0.1362000000
0.0336460000
0.0685940000
0.0740780000
0.0936860000
0.0320990000
0.0491410000
0.1378900000
0.2605600000
0.0835150000
0.0682240000
0.1734900000
0.0444350000
0.1404400000
0.0320280000
0.1380600000
0.1655400000
0.0197880000
0.0978210000
0.0520070000
0.1460700000
0.1050600000
0.2666600000
0.0555160000
0.0153020000
0.0420350000
0.0600230000
0.0109720000
0.1642800000
0.0049679000
0.2098400000
0.1288700000
0.1639700000
0.0366270000
0.1311600000
0.0426670000
0.1906500000
0.0004828700
0.1043400000
0.0008470700
0.0796660000
0.4366300000
0.1536000000
0.1105600000
0.0265640000
0.0390780000
0.0440720000
0.1414700000
0.1852000000
0.0749630000
0.0036121000
0.0134130000
0.1806900000
0.0023622000
0.0610390000
0.1301900000
0.0444260000
0.0512710000
0.0667460000
0.1335900000
0.0256040000
0.1105500000
0.0873360000
0.1533100000
0.0029344000
0.0910020000
0.1036400000
0.1037100000
0.0409100000
0.0112270000
0.1291600000
0.0054636000
0.2359300000
0.1084300000
0.2170400000
0.0486980000
0.0463480000
0.0822100000
0.0111760000
0.0035387000
0.1878100000
0.0120190000
0.1110600000
0.1073400000
0.0032413000
0.1607700000
0.1192100000
0.1888900000
0.0988590000
0.1296300000
0.0790990000
0.0631770000
0.1434000000
0.0142010000
0.0704110000
0.1302600000
0.0373330000
0.0050051000
0.1369100000
0.2329400000
0.0094279000
0.1552800000
0.0970160000
0.0650340000
0.1241300000
0.1374800000
0.0588580000
0.1674600000
0.0897970000
0.0034580000
0.0327730000
0.0055391000
0.1196000000
0.3291100000
0.1462000000
0.0962350000
0.1193900000
0.0357500000
0.0814720000
0.0242520000
0.0472690000
0.1037800000
0.0668900000
0.1500300000
0.0021098000
0.1070400000
0.0882190000
0.0753780000
0.1228000000
0.1607700000
0.0720810000
0.0203230000
0.0292530000
0.0947010000
0.0008431600
0.0153430000
0.0516730000
0.0817160000
0.0114760000
0.1593900000
0.0044583000
0.0659850000
0.1433100000
0.1717000000
0.4499200000
0.0494950000
0.1133500000
0.0992730000
0.0156240000
0.3294600000
0.2313200000
0.0770850000
0.5709300000
0.0598060000
0.0213210000
0.0362250000
0.0059190000
0.1157700000
0.0263080000
0.1031600000
0.0391290000
0.0303110000
0.0172610000
0.0479460000
0.0011634000
0.0855970000
0.2421000000
0.2304600000
0.0520990000
0.0929960000
0.1227500000
0.0214100000
0.1600700000
0.0605820000
0.0389310000
0.0035685000
0.0342230000
0.0754350000
0.0034382000
0.0679000000
0.0531260000
0.0744620000
0.0757540000
0.0360530000
0.0273520000
0.0192480000
0.0182520000
0.0226200000
0.0454830000
0.0144190000
0.0952700000
0.0169480000
0.0895270000
0.0311310000
0.0345510000
0.1370200000
0.0930780000
0.0560550000
0.0757480000
0.0102460000
0.0798370000
0.0926150000
0.1510900000
0.0464980000
0.1435200000
0.0525220000
0.1674000000
0.0442030000
0.0449530000
0.0104740000
0.0468550000
0.1224200000
0.1208300000
0.0466110000
0.1147500000
0.1410800000
0.0296060000
0.0656110000
0.1274200000
0.1601300000
0.0374660000
0.0013690000
0.0430610000
0.1893400000
0.0247560000
0.0620050000
0.1564400000
0.0777820000
0.1242000000
0.0045423000
0.0099670000
0.0563980000
0.0046545000
0.1275000000
0.1248200000
0.2030300000
0.0229540000
0.0516910000
0.0732060000
0.1174600000
0.0384090000
0.1565500000
0.0403580000
0.1907000000
0.0538050000
0.1969800000
0.1196300000
0.0174350000
0.0086288000
0.1033400000
0.0059736000
0.0190960000
0.2919900000
0.0790690000
0.1187700000
0.0406560000
0.0433730000
0.0698360000
0.1896400000
0.0382900000
0.0547330000
0.1089600000
0.1044300000
0.1133600000
0.2052200000
0.0311860000
0.0000935090
0.0237690000
0.0817160000
0.1053700000
0.0732480000
0.0979960000
0.1263100000
0.1454100000
0.0580120000
0.0021392000
0.0285140000
0.2786700000
0.0769020000
0.0359620000
0.2791900000
0.0771920000
0.2848600000
0.0665960000
0.0130890000
0.3513400000
0.0115940000
0.3619000000
0.2214600000
0.1911200000
0.0152290000
0.0208730000
0.0035986000
0.0917510000
0.0217170000
0.2039000000
0.0047143000
0.0019598000
0.0359560000
0.0452480000
0.0077800000
0.3724200000
0.1494900000
0.0545330000
0.0534300000
0.0511760000
0.3117200000
0.0111410000
0.0329220000
0.0284560000
0.0748700000
0.1582000000
0.0650090000
0.0240990000
0.0012857000
0.0161130000
0.0480530000
0.2710100000
0.2270900000
0.0793070000
0.0962210000
0.0810440000
0.1752400000
0.0140790000
0.0388700000
0.0599790000
0.2604000000
0.2092600000
0.0815720000
0.0221470000
0.1910600000
0.0707700000
0.1103200000
0.0151200000
0.0132730000
0.1354600000
0.0077323000
0.0016444000
0.0817330000
0.1232700000
0.0197010000
0.0740550000
0.0060790000
0.0325870000
0.1771300000
0.2693400000
0.0914410000
0.0983220000
0.0164550000
0.0261000000
0.0210810000
0.0026095000
0.0408220000
0.0467560000
0.1997700000
0.0138110000
0.1155500000
0.0203580000
0.1603500000
0.1190700000
0.0239180000
0.0435940000
0.0669540000
0.1940700000
0.0497900000
0.0602740000
0.1637200000
0.0124120000
0.0097742000
0.0273320000
0.2106400000
0.0922090000
0.0544440000
0.1012400000
0.0158760000
0.1109500000
0.0298780000
0.0328390000
0.1613600000
0.0407540000
0.3274300000
0.0977430000
0.0276530000
0.0548770000
0.1080800000
0.0848180000
0.1890000000
0.0011430000
0.0514990000
0.0067773000
0.0048647000
0.0435950000
0.0850080000
0.2105300000
0.0752610000
0.0011867000
0.0883500000
0.0166410000
0.0525430000
0.1901600000
0.1815800000
0.0205870000
0.0712930000
0.0665270000
0.0468380000
0.1042500000
0.1592800000
0.0010621000
0.0164420000
0.0257880000
0.0100900000
0.0411460000
0.0390910000
0.1974100000
0.1143600000
0.0549980000
0.1675900000
0.2313700000
0.3047900000
0.2889500000
0.0289020000
0.0379010000
0.1071700000
0.0072438000
0.0244780000
0.0935330000
0.0311980000
0.0137590000
0.0557830000
0.2257600000
0.2158500000
0.4116800000
0.2149400000
0.3466300000
0.2206100000
0.0164280000
0.0962560000
0.0116180000
0.1053100000
0.0979940000
0.1833300000
0.0908700000
0.0586270000
0.1838800000
0.2019900000
0.0947400000
0.1026400000
0.1177600000
0.1420400000
0.0578380000
0.0217590000
0.0518750000
0.1297600000
0.2018900000
0.0331570000
0.1542200000
0.2175600000
0.0004726400
0.1584400000
0.1004200000
0.2400500000
0.0589810000
0.0566850000
0.0267920000
0.2297100000
0.0129210000
0.1078500000
0.0070497000
0.1464100000
0.0300070000
0.0840770000
0.0199860000
0.0937290000
0.1342100000
0.0754070000
0.0673120000
0.0798910000
0.0836070000
0.0921790000
0.0044347000
0.0087252000
0.1599800000
0.0817320000
0.0412810000
0.0502810000
0.0559540000
0.1932600000
0.0399720000
0.0514550000
0.0067993000
0.0214400000
0.1274200000
0.0709430000
0.0479460000
0.0155850000
0.0057239000
0.0507980000
0.1273700000
0.1203500000
0.0436490000
0.0350220000
0.0408310000
0.1929100000
0.1107600000
0.0542700000
0.0095865000
0.1490400000
0.0133360000
0.3043200000
0.0187570000
0.0088214000
0.0312710000
0.3267200000
0.0124310000
0.1240600000
0.1018800000
0.0394680000
0.0274300000
0.1672200000
0.0385750000
0.2321300000
0.0917620000
0.0063035000
0.1630800000
0.2270000000
0.0208320000
0.0301090000
0.0052430000
0.0181720000
0.0193020000
0.0609200000
0.0360300000
0.3464900000
0.0823100000
0.0846680000
0.2922300000
0.0028805000
0.0388810000
0.0369400000
0.1669000000
0.0230080000
0.1284500000
0.0106520000
0.0035281000
0.0408370000
0.1498800000
0.0611170000
0.0139910000
0.0258970000
0.2196100000
0.0269910000
0.2580600000
0.0873110000
0.0137020000
0.1756800000
0.0072211000
0.2267800000
0.2618800000
0.0096881000
0.0424320000
0.0555800000
0.0768240000
0.0276930000
0.3117300000
0.0358890000
0.2099500000
0.0286800000
0.0299580000
0.0704550000
0.0523350000
0.0885680000
0.3013000000
0.1427300000
0.0282660000
0.0707760000
0.0488090000
0.0045452000
0.1296000000
0.1467400000
0.0143650000
0.0293530000
0.0343970000
0.0412650000
0.0140040000
0.1705800000
0.0553440000
0.1380200000
0.0019873000
0.0129070000
0.0473000000
0.0487020000
0.0389800000
0.0562160000
0.0363290000
0.0804880000
0.1424900000
0.0173410000
0.0339000000
0.2398400000
0.0982010000
0.0268350000
0.1382100000
0.1412600000
0.0171280000
0.0238080000
0.2590100000
0.0812650000
0.0750850000
0.0289560000
0.4721900000
0.1288800000
0.4253500000
0.0195420000
0.0475690000
0.0842190000
0.1739100000
0.0061607000
0.0407780000
0.0691310000
0.0932930000
0.1275500000
0.2407500000
0.1679800000
0.0959040000
0.1661000000
0.0383380000
0.0771490000
0.2787400000
0.1141100000
0.0505750000
0.0494650000
0.0905490000
0.0032374000
0.1495300000
0.0292320000
0.2413500000
0.0152430000
0.1627000000
0.0529030000
0.0522030000
0.1133000000
0.1059500000
0.0055824000
0.0095592000
0.1733700000
0.1442500000
0.0223150000
0.0259390000
0.0402080000
0.0808160000
0.0024764000
0.2192800000
0.0614360000
0.0148960000
0.0399160000
0.0441920000
0.1795900000
0.0833240000
0.0280510000
0.2285400000
0.0163980000
0.0188170000
0.1366300000
0.0024955000
0.1796600000
0.2470800000
0.0130220000
0.0818330000
0.1071000000
0.0242040000
0.1201100000
0.0871340000
0.0906910000
0.1033100000
0.0256700000
0.0539240000
0.0423090000
0.0880270000
0.0138990000
0.2052900000
0.0459150000
0.0475440000
0.0388020000
0.0059130000
0.2811100000
0.0054848000
0.0449950000
0.0169910000
0.0549100000
0.0082799000
0.0129800000
0.0759210000
0.0240280000
0.0358220000
0.0710010000
0.2320600000
0.0612150000
0.1112600000
0.1901700000
0.0154770000
0.1614600000
0.0475020000
0.0128690000
0.0519420000
0.1838500000
0.0171470000
0.1867500000
0.0328100000
0.0022088000
0.0126780000
0.0874910000
0.0420040000
0.0116860000
0.0272210000
0.1557300000
0.2801300000
0.1156200000
0.1180700000
0.1514600000
0.1030000000
0.0850730000
0.0891180000
0.0718350000
0.1102200000
0.1000300000
0.0701370000
0.3234900000
0.0238270000
0.1090200000
0.0780780000
0.0128440000
0.0339220000
0.0349380000
0.0154600000
0.0845010000
0.0616440000
0.1325300000
0.0646590000
0.1559600000
0.2273300000
0.0009569300
0.0157510000
0.1074600000
0.0245460000
0.1348100000
0.0814880000
0.0150590000
0.1268800000
0.2295100000
0.0189920000
0.3284300000
0.0371360000
0.0745490000
0.1104500000
0.0823850000
0.0355990000
0.2394900000
0.0812590000
0.0310150000
0.2098000000
0.1351000000
0.1082100000
0.0516540000
0.0312650000
0.0998310000
0.0039295000
0.0097423000
0.0136800000
0.0257670000
0.0478810000
0.3050900000
0.0982870000
0.0510120000
0.0128300000
0.0200580000
0.0770200000
0.0479960000
0.0162770000
0.0398560000
0.0734750000
0.1751500000
0.4178000000
0.0382090000
0.1544000000
0.0543830000
0.0566720000
0.0477360000
0.0603720000
0.0022257000
0.0717460000
0.0474800000
0.0398280000
0.0485000000
0.1155800000
0.2403900000
0.0903130000
0.1115500000
0.0454110000
0.1393400000
0.0474120000
0.0779360000
0.1799900000
0.0071684000
0.0215890000
0.1982400000
0.0316270000
0.4780900000
0.0471600000
0.0254370000
0.0040493000
0.0340930000
0.1863800000
0.0009223600
0.0026576000
0.0231920000
0.0701720000
0.0008119500
0.3039500000
0.1298600000
0.0593650000
0.0167280000
0.1710200000
0.0085350000
0.0468390000
0.0204170000
0.0394280000
0.0348320000
0.0342270000
0.0844400000
0.1152000000
0.1193000000
0.0450000000
0.0018300000
0.0339700000
0.0006492800
0.0196950000
0.0187940000
0.0895460000
0.0634840000
0.0031044000
0.0140310000
0.0101840000
0.1494400000
0.0843670000
0.0952400000
0.0480530000
0.0877440000
0.1484000000
0.0026055000
0.0004076700
0.0819100000
0.0477780000
0.0728260000
0.0021048000
0.0389480000
0.0114410000
0.0664090000
0.0348170000
0.0043654000
0.0076010000
0.0587170000
0.1978300000
0.1133400000
0.0417310000
0.0707260000
0.1322000000
0.0247640000
0.1328500000
0.0436790000
0.0081591000
0.0179690000
0.0338560000
0.0397990000
0.0297810000
0.0071390000
0.0887520000
0.1190200000
0.0052786000
0.1874800000
0.0026207000
0.0728360000
0.0039631000
0.0409930000
0.0322400000
0.1657800000
0.1232500000
0.0250750000
0.0370800000
0.0048710000
0.0195250000
0.1572600000
0.0636690000
0.0365290000
0.0012786000
0.0636500000
0.2129700000
0.0101350000
0.0362950000
0.0621730000
0.0562550000
0.3299100000
0.1089700000
0.0325180000
0.0652570000
0.0531490000
0.0118910000
0.1986000000
0.1925900000
0.1404900000
0.0277610000
0.0194780000
0.0913420000
0.0635630000
0.0101410000
0.1299600000
0.0143910000
0.0024983000
0.0353080000
0.3466600000
0.0219370000
0.1036100000
0.2827100000
0.0633950000
0.0040216000
0.0546550000
0.4642200000
0.0379950000
0.3037600000
0.1084900000
0.0427010000
0.0033853000
0.0833560000
0.1102900000
0.0073551000
0.0366580000
0.1366700000
0.0143610000
0.0953120000
0.0126990000
0.0350250000
0.0444020000
0.0045741000
0.0151000000
0.0044176000
0.1014500000
0.0010681000
0.0492630000
0.0778360000
0.0623320000
0.1053600000
0.0364470000
0.2374600000
0.0779600000
0.0022253000
0.0103070000
0.0627210000
0.1982700000
0.0025103000
0.0121840000
0.0906580000
0.0808070000
0.0159100000
0.0221640000
0.1678900000
0.0296180000
0.0178210000
0.0045049000
0.0771350000
0.0888010000
0.1304600000
0.0512880000
0.0630270000
0.0199030000
0.0278830000
0.0730450000
0.0716770000
0.0033799000
0.0781200000
0.1075200000
0.0325440000
0.0540820000
0.0152700000
0.0056633000
0.0610850000
0.2407400000
0.0359040000
0.0003801100
0.1217300000
0.0312680000
0.3035000000
0.0128210000
0.2922300000
0.0890000000
0.0117230000
0.2672100000
0.0299710000
0.2430600000
0.4000000000
0.1701300000
0.0724270000
0.1143900000
0.1099700000
0.0687940000
0.0043957000
0.0494100000
0.0436540000
0.0730340000
0.1904400000
0.0440500000
0.0122880000
0.2551100000
0.2957700000
0.0437370000
0.0065017000
0.0916120000
0.1099200000
0.0059992000
0.0197480000
0.1847300000
0.1672700000
0.0374850000
0.3153200000
0.0403350000
0.0134090000
0.0749010000
0.1662700000
0.1239900000
0.0513480000
0.0509460000
0.1743100000
0.0782300000
0.0779560000
0.1014100000
0.1438800000
0.1074700000
0.1291300000
0.0115840000
0.0810040000
0.0980790000
0.1121800000
0.0106640000
0.0604710000
0.2264600000
0.0534890000
0.0318370000
0.1827700000
0.0608010000
0.0150900000
0.0158080000
0.1696000000
0.0157020000
0.0099044000
0.1057200000
0.0542930000
0.1067800000
0.3345000000
0.0534530000
0.0188210000
0.0340760000
0.0216930000
0.0310460000
0.0143390000
0.0134360000
0.2012300000
0.2725200000
0.0679540000
0.0141450000
0.0182670000
0.0289050000
0.0178600000
0.0007824400
0.0078124000
0.2758600000
0.2576300000
0.0166370000
0.0651500000
0.0680570000
0.0440130000
0.2264500000
0.1370000000
0.1300400000
0.0221720000
0.0345340000
0.0313460000
0.0965550000
0.1256600000
0.0467090000
0.0416490000
0.2224800000
0.1406100000
0.0714360000
0.1595600000
0.0351480000
0.0022804000
0.1483100000
0.0594860000
0.0448230000
0.0269750000
0.0263340000
0.0407690000
0.3482600000
0.0585990000
0.1705900000
0.0082958000
0.0709650000
0.0226590000
0.0952800000
0.0328530000
0.0457640000
0.0528100000
0.0071390000
0.0498080000
0.0423090000
0.1820400000
0.0735990000
0.0223490000
0.0936960000
0.0766620000
0.0325440000
0.3251000000
0.2399900000
0.0109510000
0.0179210000
0.0594050000
0.0408930000
0.1459100000
0.0055616000
0.0125360000
0.0539960000
0.0477230000
0.0212920000
0.0113590000
0.0417660000
0.1099300000
0.0231130000
0.0860640000
0.0384070000
0.0154030000
0.0211770000
0.1834900000
0.2129800000
0.0337160000
0.1697800000
0.1453200000
0.1515300000
0.1756700000
0.0825520000
0.1852000000
0.0425890000
0.0639050000
0.1843400000
0.1749300000
0.0524140000
0.1939800000
0.0132680000
0.1709900000
0.0229230000
0.2035400000
0.2538200000
0.0563600000
0.0389450000
0.0104360000
0.1559800000
0.0516110000
0.0079605000
0.1292900000
0.0089080000
0.0244890000
0.0943050000
0.0002704400
0.0442480000
0.0230810000
0.1844600000
0.0888930000
0.0933300000
0.0325290000
0.0530510000
0.0827390000
0.2801700000
0.0241220000
0.0217310000
0.0373640000
0.2305500000
0.0174310000
0.0968100000
0.0081169000
0.0816870000
0.0232180000
0.0782070000
0.0757320000
0.0770470000
0.1019600000
0.2018500000
0.1182800000
0.0524700000
0.2223100000
0.1275500000
0.0715630000
0.0918340000
0.1629900000
0.0356900000
0.1949200000
0.0475880000
0.1589800000
0.0765380000
0.0278890000
0.0877550000
0.2196400000
0.0059233000
0.1148400000
0.1032100000
0.0190250000
0.0340530000
0.0975070000
0.0310240000
0.0083954000
0.0119600000
0.1408700000
0.0144930000
0.1092800000
0.0987330000
0.1369500000
0.1204100000
0.0663110000
0.0420290000
0.1623400000
0.0516540000
0.1277600000
0.1403100000
0.0119490000
0.1056000000
0.2254300000
0.0024322000
0.0333960000
0.0564610000
0.3268300000
0.1700900000
0.1215900000
0.0025630000
0.0650590000
0.0473910000
0.0256900000
0.0107030000
0.0108410000
0.0571400000
0.0404820000
0.0681160000
0.0875320000
0.0278220000
0.0499580000
0.0750440000
0.1568400000
0.0250640000
0.1303100000
0.1685800000
0.1273300000
0.0123300000
0.0133900000
0.0829730000
0.0103940000
0.0491460000
0.0793350000
0.0474250000
0.0971620000
0.0918150000
0.0912950000
0.1024000000
0.0667680000
0.2888200000
0.1396600000
0.0314130000
0.1230900000
0.0130990000
0.1138200000
0.0421440000
0.1070000000
0.0154030000
0.0213590000
0.0482780000
0.2245000000
0.1016300000
0.0398950000
0.0747350000
0.0386470000
0.0328390000
0.2584800000
0.1621400000
0.0183640000
0.0297620000
0.0878090000
0.1243800000
0.0481040000
0.0076827000
0.1314000000
0.0293160000
0.0359930000
0.0033271000
0.0859120000
0.1408600000
0.0488100000
0.0421860000
0.1012900000
0.0509300000
0.0523330000
0.1622200000
0.0765290000
0.0465930000
0.1114100000
0.0804460000
0.2355200000
0.0352560000
0.0162330000
0.0554620000
0.0863350000
0.0911080000
0.0639850000
0.0289980000
0.0847310000
0.0415570000
0.0757650000
0.0643120000
0.0336240000
0.0764100000
0.0376600000
0.3208300000
0.0674040000
0.0564800000
0.0963410000
0.1941000000
0.0037638000
0.0904570000
0.1156900000
0.0271350000
0.0119700000
0.0194900000
0.0156470000
0.1118100000
0.0542720000
0.2867200000
0.1447100000
0.0189810000
0.0286400000
0.1939000000
0.0870490000
0.0450020000
0.0771520000
0.2281600000
0.1388000000
0.0693530000
0.1278700000
0.0072626000
0.3741400000
0.1117000000
0.0461240000
0.0170650000
0.0602120000
0.0818430000
0.0927980000
0.2462500000
0.2005600000
0.1852000000
0.0817790000
0.0328240000
0.0196470000
0.1123100000
0.0564510000
0.0375290000
0.1757900000
0.1253900000
0.0450020000
0.1450500000
0.0201680000
0.0753770000
0.1278700000
0.0038853000
0.1066600000
0.1454500000
0.0061816000
0.0512270000
0.0734570000
0.0036015000
0.1752200000
0.0247040000
0.1609900000
0.0100190000
0.0886650000
0.0003084100
0.0557410000
0.0053326000
0.0922620000
0.1388600000
0.1787100000
0.1593600000
0.0890650000
0.0227840000
0.0641090000
0.0721230000
0.0291250000
0.2175100000
0.0955750000
0.0120960000
0.0373870000
0.1298200000
0.1227800000
0.1017100000
0.0389030000
0.0408840000
0.1054100000
0.0629930000
0.2100700000
0.0648480000
0.0504390000
0.0811240000
0.1184100000
0.0326880000
0.2210200000
0.0510570000
0.0765550000
0.0208550000
0.0103890000
0.2108500000
0.0271780000
0.0294090000
0.0951260000
0.0163050000
0.0493920000
0.4652500000
0.0533000000
0.0762110000
0.0030846000
0.0625650000
0.0634620000
0.0527710000
0.1345000000
0.0132310000
0.0712590000
0.0365380000
0.2684400000
0.0177310000
0.1422400000
0.0064052000
0.0090095000
0.2100700000
0.0617710000
0.1263500000
0.1134400000
0.0243640000
0.1381100000
0.1117100000
0.0212650000
0.0602180000
0.0050399000
0.0259530000
0.0021589000
0.0125940000
0.1732800000
0.0772860000
0.0732090000
0.0475330000
0.1999100000
0.0868410000
0.0785210000
0.0123480000
0.0279160000
0.0467830000
0.1545000000
0.1827100000
0.0961410000
0.0520340000
0.0491530000
0.1261300000
0.0871900000
0.1017500000
0.2746400000
0.0309460000
0.0088991000
0.0395120000
0.1169000000
0.1782800000
0.2133800000
0.0067186000
0.0117840000
0.0542440000
0.1057900000
0.0469110000
0.0361450000
0.1079400000
0.0098132000
0.1020900000
0.0049308000
0.0263000000
0.0073336000
0.1417400000
0.0051865000
0.0382350000
0.1149200000
0.0277010000
0.0829140000
0.1144400000
0.0081108000
0.0658730000
0.0975100000
0.1248300000
0.0740760000
0.1607000000
0.0661030000
0.0083148000
0.0356430000
0.1345200000
0.1877200000
0.0125720000
0.0035110000
0.0598180000
0.0350250000
0.0693570000
0.0595470000
0.0615840000
0.0196330000
0.0852460000
0.1123800000
0.0692540000
0.2976200000
0.0955770000
0.1512900000
0.0487370000
0.0026059000
0.1125100000
0.0484990000
0.0968320000
0.1971100000
0.0083962000
0.0835150000
0.0234930000
0.4089100000
0.0635610000
0.0078502000
0.2616400000
0.0462260000
0.1044800000
0.2531900000
0.0607380000
0.1258700000
0.0547200000
0.0566250000
0.1649800000
0.2243100000
0.0727840000
0.2062800000
0.0533740000
0.0117530000
0.0301380000
0.1533600000
0.2116900000
0.0340050000
0.0757980000
0.1834900000
0.1178700000
0.1006100000
0.0195480000
0.1921000000
0.1291000000
0.0280160000
0.0652320000
0.0183200000
0.0527320000
0.0172840000
0.0210680000
0.1332400000
0.1368800000
0.0582930000
0.2727800000
0.0142550000
0.0003299400
0.1083200000
0.0022487000
0.1054400000
0.0841500000
0.0557370000
0.0263410000
0.0614000000
0.0250210000
0.0020066000
0.0129650000
0.0489510000
0.0018249000
0.0158190000
0.0257810000
0.1350700000
0.0323300000
0.0342520000
0.2172700000
0.0766820000
0.0485770000
0.1896200000
0.0922760000
0.0842580000
0.1613900000
0.0531220000
0.1246200000
0.0131390000
0.0824790000
0.0034676000
0.1359800000
0.0169650000
0.0388030000
0.0561550000
0.0591250000
0.1848000000
0.1240600000
0.0455970000
0.0401090000
0.0316480000
0.0309140000
0.0989870000
0.0335460000
0.1174100000
0.0702890000
0.0556080000
0.1473900000
0.0936660000
0.0684570000
0.3609700000
0.0472640000
0.2315800000
0.0324440000
0.0174400000
0.1425900000
0.0653630000
0.0741480000
0.0469900000
0.0467980000
0.0312280000
0.0140700000
0.0216450000
0.0118290000
0.0739000000
0.0483240000
0.0056287000
0.0647740000
0.0489020000
0.0562210000
0.1039300000
0.1744400000
0.0734450000
0.0593330000
0.0298080000
0.0349610000
0.0163360000
0.0485460000
0.0565900000
0.2531100000
0.0389280000
0.0557770000
0.0157120000
0.0428800000
0.0404610000
0.1244100000
0.0356430000
0.0917560000
0.2530600000
0.0617320000
0.1970700000
0.0007453500
0.0196500000
0.1370300000
0.2615700000
0.1069900000
0.1685500000
0.0441160000
0.1505200000
0.0420590000
0.1045900000
0.0272810000
0.0877130000
0.0238490000
0.0537830000
0.1806500000
0.1366500000
0.0083899000
0.0020067000
0.0326510000
0.0980210000
0.3285700000
0.1049700000
0.0170390000
0.0215890000
0.0763220000
0.2733100000
0.0279510000
0.0308040000
0.0952100000
0.0044828000
0.0628080000
0.1474400000
0.0354550000
0.1280500000
0.0499990000
0.0871110000
0.0352390000
0.0358590000
0.0351650000
0.0432080000
0.1288500000
0.2563600000
0.0172120000
0.0024901000
0.0171640000
0.0580730000
0.0532640000
0.0462740000
0.1828300000
0.1815800000
0.0853430000
0.0836360000
0.1020700000
0.2481900000
0.0336280000
0.0661360000
0.1151600000
0.0703810000
0.1303800000
0.2009500000
0.1267800000
0.3390600000
0.1996800000
0.0359310000
0.0418990000
0.0152360000
0.0486580000
0.0971540000
0.0665420000
0.0910110000
0.1373300000
0.1320600000
0.0605480000
0.0325770000
0.1605400000
0.0590910000
0.0198200000
0.0409030000
0.2293900000
0.0424300000
0.0136340000
0.0956660000
0.0788730000
0.1046100000
0.1202500000
0.0871280000
0.0844810000
0.1040300000
0.1566700000
0.3455700000
0.1959200000
0.2628500000
0.0867090000
0.1365800000
0.0463000000
0.1786400000
0.1542500000
0.0068405000
0.1163100000
0.0587970000
0.0895690000
0.2197900000
0.0118040000
0.0427010000
0.0276020000
0.0747100000
0.0201380000
0.1874900000
0.1006200000
0.0776500000
0.0098019000
0.0074134000
0.2844200000
0.0242820000
0.1233200000
0.2254100000
0.1177900000
0.0093653000
0.1334000000
0.0881040000
0.1473300000
0.1182000000
0.1374800000
0.0868510000
0.0278150000
0.0725480000
0.0525820000
0.0611210000
0.0763620000
0.1091700000
0.1741400000
0.0379040000
0.2031900000
0.0176050000
0.2492000000
0.0956830000
0.0220750000
0.0247740000
0.0337320000
0.0742330000
0.1372900000
0.1011300000
0.0207990000
0.0569620000
0.0827980000
0.0437370000
0.0449020000
0.2233100000
0.0406470000
0.0446850000
0.0312900000
0.0221050000
0.0156160000
0.0034481000
0.1961400000
0.0156250000
0.0760170000
0.1425700000
0.0101790000
0.0181840000
0.0929990000
0.2326600000
0.0342460000
0.2058500000
0.0090866000
0.0186590000
0.0106750000
0.1921800000
0.0516980000
0.0786340000
0.0177450000
0.1462900000
0.2125000000
0.0033555000
0.0590950000
0.1650100000
0.1605100000
0.0093315000
0.2570700000
0.1971600000
0.0616120000
0.0701490000
0.1872100000
0.0469270000
0.1877100000
0.0396490000
0.0302910000
0.0575880000
0.0769320000
0.0864440000
0.1400100000
0.0866680000
0.0134830000
0.0101520000
0.0214280000
0.0608600000
0.0082936000
0.1080900000
0.0502720000
0.0030580000
0.0368590000
0.2303700000
0.1060600000
0.1085200000
0.0351420000
0.1606400000
0.0555940000
0.0905690000
0.1214300000
0.0278980000
0.0699240000
0.0678580000
0.1353000000
0.2124600000
0.2146300000
0.0239470000
0.0868190000
0.0661160000
0.4808900000
0.1031600000
0.1771700000
0.0216010000
0.0647590000
0.1896200000
0.1376700000
0.0650680000
0.0691720000
0.2189200000
0.0246260000
0.0851660000
0.0996520000
0.0036233000
0.2249500000
0.2170000000
0.1974500000
0.0641610000
0.0452030000
0.0550980000
0.3390200000
0.0043209000
0.0552720000
0.0922220000
0.0014101000
0.0461100000
0.0755070000
0.0516120000
0.0491080000
0.0297480000
0.0101020000
0.1088100000
0.1489700000
0.0341520000
0.1138100000
0.0947380000
0.0092084000
0.0959400000
0.0088000000
0.1087100000
0.0241620000
0.0963700000
0.1710100000
0.0050601000
0.1077600000
0.0452560000
0.0923300000
0.1483300000
0.1176500000
0.0387270000
0.0021819000
0.0386240000
0.0449610000
0.1556200000
0.0718440000
0.0791940000
0.1046800000
0.0747780000
0.0423120000
0.1103900000
0.2810400000
0.0213750000
0.0526470000
0.0696330000
0.0722970000
0.0380030000
0.0915870000
0.1276000000
0.0771450000
0.0356860000
0.0169240000
0.0808870000
0.0399560000
0.0122550000
0.0104880000
0.0089310000
0.2440200000
0.1316900000
0.3103900000
0.0804530000
0.0362300000
0.0233380000
0.0263070000
0.2800600000
0.1913100000
0.0881210000
0.0369750000
0.1434700000
0.0585170000
0.0359980000
0.0341730000
0.0185770000
0.0692140000
0.1398700000
0.0494330000
0.0325980000
0.0509720000
0.1285500000
0.2001400000
0.0573010000
0.0227670000
0.1175300000
0.0187010000
0.0037540000
0.0852690000
0.2847800000
0.2207400000
0.0385050000
0.0288950000
0.2914900000
0.0049829000
0.0025592000
0.0060390000
0.2222900000
0.1150200000
0.1304900000
0.0425760000
0.1990300000
0.0561260000
0.0347890000
0.1954500000
0.1195800000
0.0043654000
0.0239850000
0.0577220000
0.0826680000
0.0257020000
0.0330350000
0.1731700000
0.3125100000
0.1410400000
0.1555800000
0.2128400000
0.0088543000
0.0286620000
0.3693800000
0.1815700000
0.0031054000
0.0071056000
0.3375500000
0.0117400000
0.0018448000
0.0372270000
0.0638270000
0.0822740000
0.1048400000
0.2997600000
0.0005243700
0.0623380000
0.1056600000
0.0870870000
0.0589100000
0.0149200000
0.1859500000
0.0210480000
0.0874820000
0.1618200000
0.1507000000
0.0970740000
0.1791500000
0.0080229000
0.0777630000
0.0970790000
0.0838720000
0.0474370000
0.0828090000
0.0080682000
0.1259600000
0.0427490000
0.0731510000
0.0076672000
0.1300300000
0.1043500000
0.0157870000
0.4494600000
0.0596640000
0.1401400000
0.1055700000
0.0655020000
0.0569150000
0.0989860000
0.2550200000
0.0045565000
0.1594400000
0.1562800000
0.1027200000
0.0076347000
0.0046894000
0.0095124000
0.0534700000
0.0017484000
0.1975200000
0.0486740000
0.0332180000
0.0450510000
0.1017400000
0.0438570000
0.0557150000
0.1075600000
0.0302370000
0.0803860000
0.0634200000
0.0543830000
0.0731520000
0.0121970000
0.0909240000
0.0971520000
0.0265260000
0.1823700000
0.1566900000
0.1512600000
0.0118510000
0.1640700000
0.0923680000
0.0825430000
0.2205800000
0.0466280000
0.1874000000
0.0084030000
0.0190440000
0.0149710000
0.3229200000
0.1114000000
0.0232710000
0.0678830000
0.0646230000
0.0171240000
0.0455340000
0.0836310000
0.2651200000
0.0309330000
0.0132210000
0.0584070000
0.0864800000
0.0009061300
0.2622200000
0.2435500000
0.2545100000
0.4341000000
0.0507940000
0.0474520000
0.1060700000
0.2214400000
0.0553940000
0.0367340000
0.0657240000
0.1812400000
0.0084026000
0.0544120000
0.0958630000
0.3126200000
0.1647300000
0.1209900000
0.1635200000
0.0878700000
0.0021586000
0.0182910000
0.1455700000
0.0181750000
0.0913660000
0.0031865000
0.0020451000
0.0151250000
0.0580230000
0.1275100000
0.0001042700
0.0455160000
0.2104700000
0.1741400000
0.1422700000
0.0814480000
0.1296600000
0.0507400000
0.0230920000
0.1264700000
0.0188670000
0.3121400000
0.0196120000
0.0368740000
0.1662600000
0.0905220000
0.0275330000
0.0963910000
0.1964600000
0.1409000000
0.0566010000
0.0068124000
0.1554500000
0.1334300000
0.1197100000
0.0445940000
0.2093100000
0.0072257000
0.1090400000
0.1760500000
0.0184030000
0.0020852000
0.0685500000
0.0807800000
0.0479890000
0.0270540000
0.0034107000
0.0977530000
0.1028700000
0.2500300000
0.0687320000
0.0043825000
0.0595580000
0.1175300000
0.0088512000
0.1162300000
0.0166810000
0.1455600000
0.0536060000
0.1241600000
0.0701790000
0.2665000000
0.4933300000
0.0482340000
0.0600050000
0.0112720000
0.0910300000
0.0407250000
0.1811300000
0.0760350000
0.0926910000
0.3284800000
0.0115920000
0.1607600000
0.0303350000
0.0571130000
0.2073900000
0.0079793000
0.0893260000
0.0735100000
0.0621630000
0.0481640000
0.0640250000
0.0638350000
0.0179270000
0.0038352000
0.0467250000
0.0792370000
0.3153800000
0.0123060000
0.1072200000
0.0021802000
0.0181280000
0.0856640000
0.1094200000
0.0971740000
0.0471980000
0.1260700000
0.0450840000
0.0539310000
0.0140210000
0.0865470000
0.2076100000
0.0439330000
0.0523440000
0.0027311000
0.0720740000
0.3436000000
0.0658980000
0.0720170000
0.0218100000
0.1029700000
0.1005100000
0.1452100000
0.0581890000
0.0556500000
0.2897000000
0.0994520000
0.2432300000
0.0362300000
0.1708400000
0.0646690000
0.0193350000
0.0135530000
0.0330050000
0.0616530000
0.1315300000
0.1845400000
0.1529200000
0.0960660000
0.1905400000
0.1155000000
0.0812340000
0.1821100000
0.0248800000
0.2146800000
0.2456500000
0.1410200000
0.0462500000
0.0095165000
0.1056200000
0.0273370000
0.1763900000
0.1614800000
0.0030433000
0.0388330000
0.0176840000
0.0334810000
0.0023469000
0.3337500000
0.0253790000
0.0839570000
0.0053350000
0.1943000000
0.0452540000
0.1007800000
0.0405890000
0.0529220000
0.0717310000
0.0639790000
0.0437840000
0.0333840000
0.4286700000
0.0750120000
0.0470760000
0.1083600000
0.1266900000
0.1672800000
0.0324140000
0.0282070000
0.0011935000
0.1832100000
0.0294870000
0.0905120000
0.1411900000
0.0616440000
0.0197750000
0.3651200000
0.0586820000
0.0360760000
0.1057400000
0.0597350000
0.0028460000
0.3845800000
0.0736370000
0.1967100000
0.0437770000
0.3853600000
0.0268610000
0.0140420000
0.0454000000
0.0333660000
0.0130490000
0.0665340000
0.0131230000
0.0806340000
0.1371200000
0.0052794000
0.0813990000
0.0074388000
0.0693990000
0.0677910000
0.0549930000
0.0467850000
0.3658000000
0.0142420000
0.1324800000
0.0425870000
0.0283320000
0.1305000000
0.0806870000
0.1307400000
0.0448190000
0.0826670000
0.1376900000
0.0543210000
0.0449910000
0.1075400000
0.0823550000
0.1126500000
0.1571500000
0.0080175000
0.0301620000
0.0078806000
0.0672570000
0.0749540000
0.0159960000
0.0014258000
0.1768300000
0.0471750000
0.2239100000
0.0023400000
0.0030393000
0.0178570000
0.0511550000
0.1461100000
0.0223400000
0.0314570000
0.0488560000
0.0990580000
0.1349100000
0.0162550000
0.0649290000
0.0337120000
0.0863160000
0.0115280000
0.2287500000
0.0935030000
0.0263190000
0.0953340000
0.0340010000
0.0633530000
0.0214220000
0.0454350000
0.1138300000
0.1213200000
0.4019700000
0.0060684000
0.0362000000
0.0503930000
0.1157100000
0.0273390000
0.0235490000
0.0826490000
0.0196280000
0.0796830000
0.0975610000
0.1058700000
0.0107320000
0.1040600000
0.1140500000
0.0202500000
0.1077600000
0.0642580000
0.0500580000
0.1465800000
0.0807280000
0.0715660000
0.0048248000
0.1593300000
0.0732880000
0.0389470000
0.0078218000
0.1742900000
0.0424520000
0.0076187000
0.0498500000
0.0791880000
0.0397990000
0.1014300000
0.1947700000
0.0768660000
0.0084867000
0.1505800000
0.0162200000
0.1154400000
0.0079606000
0.0142260000
0.0958510000
0.2157800000
0.0584330000
0.0051994000
0.0156710000
0.0197040000
0.1120700000
0.0196410000
0.0084558000
0.1801500000
0.0594590000
0.1175400000
0.1065900000
0.0182940000
0.1812400000
0.1618900000
0.0379950000
0.0420660000
0.0097782000
0.0179180000
0.0076665000
0.0710790000
0.0790700000
0.0121310000
0.0779110000
0.0482110000
0.2001200000
0.0525200000
0.0672610000
0.0145550000
0.0471450000
0.2839600000
0.1654300000
0.0734140000
0.0554260000
0.0700320000
0.1162300000
0.0271860000
0.1156900000
0.0371640000
0.0014775000
0.0774110000
0.1092000000
0.2312300000
0.0359790000
0.0311970000
0.1490800000
0.0309390000
0.0816360000
