-0.2459900000
0.3156800000
0.8253300000
1.2582000000
1.5958000000
1.8251000000
1.9386000000
1.9364000000
1.8260000000
1.6199000000
1.3361000000
0.9974200000
0.6289200000
0.2571100000
-0.0923680000
-0.3958900000
-0.6325000000
-0.7864900000
-0.8483300000
-0.8137700000
-0.6852100000
-0.4719400000
-0.1885400000
0.1457400000
0.5075800000
0.8715200000
1.2109000000
1.5007000000
1.7184000000
1.8446000000
1.8651000000
1.7726000000
1.5660000000
1.2503000000
0.8377200000
0.3469500000
-0.1988600000
-0.7727000000
-1.3451000000
-1.8858000000
-2.3648000000
-2.7558000000
-3.0369000000
-3.1900000000
-3.2037000000
-3.0753000000
-2.8089000000
-2.4143000000
-1.9088000000
-1.3168000000
-0.6656700000
0.0135160000
0.6886400000
1.3280000000
1.9006000000
2.3802000000
2.7461000000
2.9830000000
3.0813000000
3.0403000000
2.8670000000
2.5734000000
2.1782000000
1.7057000000
1.1831000000
0.6397300000
0.1049100000
-0.3935600000
-0.8296200000
-1.1824000000
-1.4374000000
-1.5850000000
-1.6222000000
-1.5537000000
-1.3901000000
-1.1469000000
-0.8447900000
-0.5078900000
-0.1617900000
0.1678000000
0.4568800000
0.6840600000
0.8318300000
0.8888700000
0.8496000000
0.7142800000
0.4902700000
0.1909100000
-0.1655500000
-0.5567100000
-0.9569400000
-1.3394000000
-1.6774000000
-1.9468000000
-2.1267000000
-2.1997000000
-2.1554000000
-1.9906000000
-1.7075000000
-1.3152000000
-0.8304400000
-0.2750400000
0.3248300000
0.9399800000
1.5396000000
2.0926000000
2.5698000000
2.9463000000
3.2020000000
3.3211000000
3.2960000000
3.1276000000
2.8224000000
2.3937000000
1.8623000000
1.2541000000
0.5984500000
-0.0732850000
-0.7290600000
-1.3378000000
-1.8704000000
-2.3035000000
-2.6196000000
-2.8058000000
-2.8569000000
-2.7762000000
-2.5730000000
-2.2622000000
-1.8649000000
-1.4067000000
-0.9151000000
-0.4187900000
0.0545330000
0.4788900000
0.8316100000
1.0961000000
1.2615000000
1.3223000000
1.2805000000
1.1444000000
0.9280200000
0.6497800000
0.3326600000
0.0014901000
-0.3179400000
-0.6012500000
-0.8264200000
-0.9744700000
-1.0321000000
-0.9921300000
-0.8529800000
-0.6198000000
-0.3045400000
0.0757420000
0.4994000000
0.9410900000
1.3737000000
1.7692000000
2.1015000000
2.3478000000
2.4886000000
2.5096000000
2.4043000000
2.1728000000
1.8209000000
1.3620000000
0.8166200000
0.2092600000
-0.4314300000
-1.0746000000
-1.6887000000
-2.2426000000
-2.7082000000
-3.0630000000
-3.2883000000
-3.3716000000
-3.3091000000
-3.1047000000
-2.7678000000
-2.3149000000
-1.7695000000
-1.1588000000
-0.5131300000
0.1360400000
0.7576500000
1.3215000000
1.8017000000
2.1780000000
2.4357000000
2.5656000000
2.5669000000
2.4461000000
2.2152000000
1.8918000000
1.4992000000
1.0633000000
0.6118000000
0.1719900000
-0.2303900000
-0.5716800000
-0.8334400000
-1.0033000000
-1.0741000000
-1.0452000000
-0.9229200000
-0.7194600000
-0.4517800000
-0.1414000000
0.1874400000
0.5090000000
0.7983300000
1.0325000000
1.1914000000
1.2596000000
1.2279000000
1.0930000000
0.8575900000
0.5318600000
0.1316000000
-0.3224600000
-0.8056300000
-1.2904000000
-1.7481000000
-2.1505000000
-2.4728000000
-2.6934000000
-2.7944000000
-2.7654000000
-2.6037000000
-2.3124000000
-1.9009000000
-1.3868000000
-0.7934900000
-0.1480500000
0.5192100000
1.1763000000
1.7916000000
2.3344000000
2.7787000000
3.1041000000
3.2943000000
3.3402000000
3.2419000000
3.0058000000
2.6445000000
2.1773000000
1.6297000000
1.0299000000
0.4083500000
-0.2038700000
-0.7770100000
-1.2830000000
-1.6993000000
-2.0091000000
-2.2009000000
-2.2698000000
-2.2192000000
-2.0584000000
-1.8023000000
-1.4710000000
-1.0891000000
-0.6828700000
-0.2791600000
0.0962870000
0.4198400000
0.6713600000
0.8367600000
0.9076200000
0.8810800000
0.7613800000
0.5591100000
0.2898500000
-0.0262970000
-0.3654700000
-0.7022800000
-1.0108000000
-1.2672000000
-1.4504000000
-1.5424000000
-1.5317000000
-1.4133000000
-1.1876000000
-0.8620000000
-0.4510000000
0.0259170000
0.5447200000
1.0781000000
1.5970000000
2.0718000000
2.4748000000
2.7822000000
2.9742000000
3.0356000000
2.9595000000
2.7467000000
2.4033000000
1.9426000000
1.3857000000
0.7582200000
0.0893420000
-0.5894400000
-1.2459000000
-1.8486000000
-2.3683000000
-2.7815000000
-3.0701000000
-3.2206000000
-3.2279000000
-3.0954000000
-2.8322000000
-2.4538000000
-1.9821000000
-1.4437000000
-0.8674100000
-0.2835200000
0.2783200000
0.7899000000
1.2263000000
1.5685000000
1.8034000000
1.9232000000
1.9276000000
1.8235000000
1.6233000000
1.3446000000
1.0099000000
0.6441900000
0.2738100000
-0.0756080000
-0.3803500000
-0.6193700000
-0.7766700000
-0.8424300000
-0.8121800000
-0.6878900000
-0.4785400000
-0.1984200000
0.1334700000
0.4940800000
0.8580400000
1.1988000000
1.4912000000
1.7126000000
1.8436000000
1.8696000000
1.7828000000
1.5822000000
1.2720000000
0.8642200000
0.3772600000
-0.1660400000
-0.7388600000
-1.3119000000
-1.8549000000
-2.3380000000
-2.7345000000
-3.0222000000
-3.1832000000
-3.2054000000
-3.0855000000
-2.8275000000
-2.4407000000
-1.9421000000
-1.3555000000
-0.7082700000
-0.0311200000
0.6438700000
1.2850000000
1.8613000000
2.3462000000
2.7187000000
2.9633000000
3.0700000000
3.0377000000
2.8728000000
2.5871000000
2.1988000000
1.7319000000
1.2135000000
0.6727500000
0.1388100000
-0.3604500000
-0.7989000000
-1.1554000000
-1.4150000000
-1.5681000000
-1.6112000000
-1.5486000000
-1.3904000000
-1.1521000000
-0.8539200000
-0.5197900000
-0.1751700000
0.1542200000
0.4443700000
0.6738000000
0.8247600000
0.8856300000
0.8506100000
0.7196000000
0.4995900000
0.2036200000
-0.1503200000
-0.5400700000
-0.9401800000
-1.3239000000
-1.6645000000
-1.9377000000
-2.1226000000
-2.2015000000
-2.1635000000
-2.0051000000
-1.7284000000
-1.3419000000
-0.8619000000
-0.3100700000
0.2877000000
0.9024300000
1.5033000000
2.0595000000
2.5415000000
2.9242000000
3.1874000000
3.3149000000
3.2986000000
3.1389000000
2.8423000000
2.4214000000
1.8965000000
1.2935000000
0.6412400000
-0.0289260000
-0.6850200000
-1.2960000000
-1.8326000000
-2.2713000000
-2.5941000000
-2.7880000000
-2.8473000000
-2.7747000000
-2.5793000000
-2.2757000000
-1.8845000000
-1.4311000000
-0.9427800000
-0.4481700000
0.0250070000
0.4508100000
0.8063300000
1.0747000000
1.2448000000
1.3108000000
1.2743000000
1.1433000000
0.9314600000
0.6569600000
0.3425000000
0.0127700000
-0.3064900000
-0.5908600000
-0.8182400000
-0.9695300000
-1.0311000000
-0.9954700000
-0.8608400000
-0.6319200000
-0.3203500000
0.0570900000
0.4790000000
0.9202600000
1.3539000000
1.7518000000
2.0879000000
2.3392000000
2.4861000000
2.5138000000
2.4156000000
2.1911000000
1.8460000000
1.3930000000
0.8522300000
0.2481600000
-0.3908800000
-1.0342000000
-1.6503000000
-2.2079000000
-2.6791000000
-3.0406000000
-3.2739000000
-3.3659000000
-3.3124000000
-3.1169000000
-2.7884000000
-2.3430000000
-1.8039000000
-1.1979000000
-0.5550900000
0.0930330000
0.7154600000
1.2820000000
1.7665000000
2.1484000000
2.4128000000
2.5501000000
2.5591000000
2.4459000000
2.2221000000
1.9050000000
1.5175000000
1.0854000000
0.6361700000
0.1971700000
-0.2058900000
-0.5492500000
-0.8142000000
-0.9880900000
-1.0635000000
-1.0394000000
-0.9218700000
-0.7226600000
-0.4585100000
-0.1506300000
0.1768500000
0.4983100000
0.7887900000
1.0253000000
1.1876000000
1.2599000000
1.2328000000
1.1027000000
0.8720600000
0.5504900000
0.1535900000
-0.2982000000
-0.7804200000
-1.2657000000
-1.7254000000
-2.1314000000
-2.4585000000
-2.6852000000
-2.7933000000
-2.7718000000
-2.6178000000
-2.3339000000
-1.9293000000
-1.4211000000
-0.8323500000
-0.1898500000
0.4762000000
1.1340000000
1.7519000000
2.2990000000
2.7493000000
3.0820000000
3.2804000000
3.3352000000
3.2459000000
3.0186000000
2.6654000000
2.2053000000
1.6634000000
1.0676000000
0.4484700000
-0.1632300000
-0.7377000000
-1.2467000000
-1.6675000000
-1.9830000000
-2.1813000000
-2.2573000000
-2.2137000000
-2.0597000000
-1.8098000000
-1.4837000000
-1.1059000000
-0.7022800000
-0.2998200000
0.0757720000
0.4008500000
0.6550400000
0.8239800000
0.8990200000
0.8769600000
0.7616700000
0.5634200000
0.2975200000
-0.0162030000
-0.3540900000
-0.6908900000
-1.0007000000
-1.2595000000
-1.4462000000
-1.5427000000
-1.5370000000
-1.4239000000
-1.2034000000
-0.8826700000
-0.4757000000
-0.0017652000
0.5153400000
1.0485000000
1.5689000000
2.0467000000
2.4542000000
2.7675000000
2.9665000000
3.0357000000
2.9677000000
2.7630000000
2.4274000000
1.9737000000
1.4226000000
0.7993400000
0.1330300000
-0.5450300000
-1.2027000000
-1.8084000000
-2.3330000000
-2.7525000000
-3.0486000000
-3.2076000000
-3.2237000000
-3.1000000000
-2.8452000000
-2.4745000000
-2.0093000000
-1.4759000000
-0.9030800000
-0.3208700000
0.2410200000
0.7544300000
1.1941000000
1.5409000000
1.7814000000
1.9075000000
1.9183000000
1.8206000000
1.6263000000
1.3528000000
1.0221000000
0.6592300000
0.2903200000
-0.0589560000
-0.3648400000
-0.6062100000
-0.7667700000
-0.8364200000
-0.8104400000
-0.6904300000
-0.4850000000
-0.2081800000
0.1212800000
0.4806100000
0.8445200000
1.1866000000
1.4815000000
1.7066000000
1.8424000000
1.8737000000
1.7928000000
1.5980000000
1.2934000000
0.8905300000
0.4074300000
-0.1332800000
-0.7049900000
-1.2785000000
-1.8239000000
-2.3109000000
-2.7127000000
-3.0072000000
-3.1759000000
-3.2065000000
-3.0952000000
-2.8456000000
-2.4667000000
-1.9750000000
-1.3939000000
-0.7506200000
-0.0756290000
0.5991200000
1.2419000000
1.8218000000
2.3118000000
2.6909000000
2.9431000000
3.0582000000
3.0344000000
2.8780000000
2.6002000000
2.2189000000
1.7578000000
1.2437000000
0.7055200000
0.1725500000
-0.3273900000
-0.7681200000
-1.1282000000
-1.3925000000
-1.5510000000
-1.5999000000
-1.5431000000
-1.3904000000
-1.1570000000
-0.8627900000
-0.5314800000
-0.1884000000
0.1407400000
0.4318800000
0.6635000000
0.8176100000
0.8822900000
0.8514900000
0.7247900000
0.5087800000
0.2162300000
-0.1351400000
-0.5234400000
-0.9233600000
-1.3083000000
-1.6515000000
-1.9284000000
-2.1182000000
-2.2029000000
-2.1712000000
-2.0193000000
-1.7489000000
-1.3683000000
-0.8931400000
-0.3449600000
0.2506300000
0.8648300000
1.4669000000
2.0262000000
2.5128000000
2.9017000000
3.1722000000
3.3081000000
3.3006000000
3.1497000000
2.8616000000
2.4486000000
1.9303000000
1.3325000000
0.6837900000
0.0153140000
-0.6409800000
-1.2541000000
-1.7947000000
-2.2387000000
-2.5681000000
-2.7697000000
-2.8371000000
-2.7726000000
-2.5851000000
-2.2887000000
-1.9036000000
-1.4551000000
-0.9701600000
-0.4773500000
-0.0044064000
0.4227500000
0.7810000000
1.0531000000
1.2278000000
1.2991000000
1.2678000000
1.1420000000
0.9346600000
0.6639200000
0.3521600000
0.0239270000
-0.2951000000
-0.5804800000
-0.8100200000
-0.9644900000
-1.0299000000
-0.9986700000
-0.8685400000
-0.6439100000
-0.3360500000
0.0385050000
0.4586100000
0.8993800000
1.3339000000
1.7342000000
2.0740000000
2.3303000000
2.4832000000
2.5177000000
2.4264000000
2.2091000000
1.8706000000
1.4236000000
0.8876200000
0.2869200000
-0.3503700000
-0.9937100000
-1.6117000000
-2.1730000000
-2.6495000000
-3.0177000000
-3.2590000000
-3.3597000000
-3.3152000000
-3.1286000000
-2.8085000000
-2.3707000000
-1.8378000000
-1.2366000000
-0.5968200000
0.0501400000
0.6732500000
1.2424000000
1.7310000000
2.1184000000
2.3895000000
2.5342000000
2.5508000000
2.4452000000
2.2285000000
1.9177000000
1.5354000000
1.1071000000
0.6603100000
0.2221800000
-0.1814600000
-0.5268200000
-0.7948800000
-0.9727400000
-1.0528000000
-1.0335000000
-0.9206000000
-0.7256600000
-0.4650600000
-0.1597200000
0.1663400000
0.4876600000
0.7792200000
1.0180000000
1.1836000000
1.2600000000
1.2375000000
1.1123000000
0.8863600000
0.5689800000
0.1754800000
-0.2739800000
-0.7551700000
-1.2409000000
-1.7026000000
-2.1121000000
-2.4440000000
-2.6766000000
-2.7917000000
-2.7777000000
-2.6313000000
-2.3550000000
-1.9574000000
-1.4551000000
-0.8709600000
-0.2315200000
0.4332300000
1.0916000000
1.7119000000
2.2633000000
2.7195000000
3.0593000000
3.2660000000
3.3297000000
3.2493000000
3.0308000000
2.6858000000
2.2328000000
1.6967000000
1.1051000000
0.4883900000
-0.1226800000
-0.6983700000
-1.2103000000
-1.6354000000
-1.9565000000
-2.1613000000
-2.2443000000
-2.2078000000
-2.0606000000
-1.8168000000
-1.4960000000
-1.1223000000
-0.7214400000
-0.3203000000
0.0553580000
0.3818900000
0.6387000000
0.8111200000
0.8902800000
0.8726900000
0.7617900000
0.5675700000
0.3050500000
-0.0062057000
-0.3427600000
-0.6794900000
-0.9904900000
-1.2517000000
-1.4419000000
-1.5428000000
-1.5421000000
-1.4342000000
-1.2191000000
-0.9031600000
-0.5002600000
-0.0293670000
0.4859800000
1.0189000000
1.5406000000
2.0213000000
2.4333000000
2.7523000000
2.9583000000
3.0353000000
2.9754000000
2.7788000000
2.4510000000
2.0044000000
1.4591000000
0.8402100000
0.1765800000
-0.5006300000
-1.1593000000
-1.7681000000
-2.2974000000
-2.7232000000
-3.0267000000
-3.1940000000
-3.2190000000
-3.1040000000
-2.8577000000
-2.4947000000
-2.0361000000
-1.5078000000
-0.9384700000
-0.3580500000
0.2038000000
0.7189200000
1.1619000000
1.5132000000
1.7592000000
1.8914000000
1.9087000000
1.8173000000
1.6290000000
1.3606000000
1.0341000000
0.6740300000
0.3066600000
-0.0424120000
-0.3493800000
-0.5930400000
-0.7568000000
-0.8303000000
-0.8085600000
-0.6928200000
-0.4913300000
-0.2178400000
0.1091600000
0.4671600000
0.8309600000
1.1743000000
1.4717000000
1.7004000000
1.8409000000
1.8777000000
1.8025000000
1.6135000000
1.3146000000
0.9166300000
0.4374600000
-0.1005900000
-0.6711100000
-1.2451000000
-1.7926000000
-2.2834000000
-2.6906000000
-2.9916000000
-3.1681000000
-3.2071000000
-3.1043000000
-2.8631000000
-2.4922000000
-2.0075000000
-1.4320000000
-0.7927300000
-0.1200000000
0.5543800000
1.1987000000
1.7820000000
2.2772000000
2.6627000000
2.9225000000
3.0459000000
3.0307000000
2.8826000000
2.6128000000
2.2386000000
1.7832000000
1.2734000000
0.7380400000
0.2061400000
-0.2943800000
-0.7373000000
-1.1009000000
-1.3697000000
-1.5336000000
-1.5883000000
-1.5373000000
-1.3901000000
-1.1617000000
-0.8714000000
-0.5429500000
-0.2014700000
0.1273500000
0.4194400000
0.6531800000
0.8103900000
0.8788300000
0.8522300000
0.7298400000
0.5178400000
0.2287400000
-0.1200300000
-0.5068100000
-0.9064900000
-1.2926000000
-1.6382000000
-1.9189000000
-2.1135000000
-2.2040000000
-2.1786000000
-2.0332000000
-1.7692000000
-1.3944000000
-0.9241600000
-0.3797100000
0.2136200000
0.8271900000
1.4304000000
1.9926000000
2.4838000000
2.8787000000
3.1566000000
3.3007000000
3.3020000000
3.1600000000
2.8804000000
2.4752000000
1.9637000000
1.3712000000
0.7261000000
0.0594290000
-0.5969500000
-1.2121000000
-1.7565000000
-2.2059000000
-2.5418000000
-2.7509000000
-2.8264000000
-2.7700000000
-2.5904000000
-2.3012000000
-1.9223000000
-1.4787000000
-0.9972400000
-0.5063300000
-0.0337000000
0.3947200000
0.7556000000
1.0315000000
1.2107000000
1.2871000000
1.2611000000
1.1403000000
0.9376000000
0.6706600000
0.3616400000
0.0349600000
-0.2837800000
-0.5701100000
-0.8017500000
-0.9593600000
-1.0287000000
-1.0017000000
-0.8761000000
-0.6557500000
-0.3516400000
0.0199890000
0.4382400000
0.8784500000
1.3138000000
1.7164000000
2.0599000000
2.3211000000
2.4799000000
2.5211000000
2.4369000000
2.2266000000
1.8950000000
1.4539000000
0.9227700000
0.3255300000
-0.3099100000
-0.9531900000
-1.5729000000
-2.1379000000
-2.6196000000
-2.9944000000
-3.2435000000
-3.3529000000
-3.3173000000
-3.1396000000
-2.8281000000
-2.3979000000
-1.8714000000
-1.2749000000
-0.6383300000
0.0073598000
0.6310400000
1.2026000000
1.6954000000
2.0882000000
2.3658000000
2.5179000000
2.5421000000
2.4440000000
2.2344000000
1.9300000000
1.5529000000
1.1286000000
0.6841900000
0.2470300000
-0.1571000000
-0.5043800000
-0.7754900000
-0.9572600000
-1.0418000000
-1.0273000000
-0.9191300000
-0.7284500000
-0.4714300000
-0.1686800000
0.1559100000
0.4770500000
0.7696300000
1.0106000000
1.1795000000
1.2600000000
1.2421000000
1.1217000000
0.9004900000
0.5873300000
0.1972700000
-0.2498000000
-0.7298900000
-1.2159000000
-1.6796000000
-2.0924000000
-2.4291000000
-2.6677000000
-2.7897000000
-2.7832000000
-2.6445000000
-2.3757000000
-1.9851000000
-1.4888000000
-0.9093300000
-0.2730300000
0.3903000000
1.0491000000
1.6718000000
2.2274000000
2.6893000000
3.0361000000
3.2510000000
3.3235000000
3.2521000000
3.0424000000
2.7056000000
2.2599000000
1.7296000000
1.1423000000
0.5280900000
-0.0822370000
-0.6590200000
-1.1738000000
-1.6032000000
-1.9297000000
-2.1410000000
-2.2309000000
-2.2014000000
-2.0610000000
-1.8235000000
-1.5080000000
-1.1384000000
-0.7403400000
-0.3406100000
0.0350520000
0.3629500000
0.6223100000
0.7981600000
0.8814100000
0.8682600000
0.7617400000
0.5715700000
0.3124500000
0.0036922000
-0.3314900000
-0.6680900000
-0.9802300000
-1.2438000000
-1.4374000000
-1.5427000000
-1.5469000000
-1.4443000000
-1.2344000000
-0.9234500000
-0.5246800000
-0.0568850000
0.4566300000
0.9891900000
1.5121000000
1.9957000000
2.4121000000
2.7368000000
2.9496000000
3.0344000000
2.9826000000
2.7941000000
2.4741000000
2.0347000000
1.4952000000
0.8808400000
0.2199900000
-0.4562700000
-1.1159000000
-1.7275000000
-2.2615000000
-2.6934000000
-3.0042000000
-3.1799000000
-3.2136000000
-3.1075000000
-2.8697000000
-2.5144000000
-2.0623000000
-1.5393000000
-0.9735600000
-0.3950300000
0.1666600000
0.6833900000
1.1295000000
1.4852000000
1.7366000000
1.8750000000
1.8987000000
1.8137000000
1.6313000000
1.3681000000
1.0457000000
0.6885900000
0.3228300000
-0.0259770000
-0.3339600000
-0.5798400000
-0.7467600000
-0.8240700000
-0.8065500000
-0.6950800000
-0.4975300000
-0.2273900000
0.0971150000
0.4537300000
0.8173600000
1.1619000000
1.4617000000
1.6940000000
1.8391000000
1.8813000000
1.8119000000
1.6288000000
1.3355000000
0.9425300000
0.4673500000
-0.0679650000
-0.6372100000
-1.2115000000
-1.7611000000
-2.2557000000
-2.6681000000
-2.9757000000
-3.1598000000
-3.2071000000
-3.1129000000
-2.8801000000
-2.5172000000
-2.0395000000
-1.4697000000
-0.8345900000
-0.1642400000
0.5096700000
1.1553000000
1.7420000000
2.2422000000
2.6340000000
2.9013000000
3.0330000000
3.0263000000
2.8867000000
2.6248000000
2.2577000000
1.8082000000
1.3029000000
0.7703000000
0.2395600000
-0.2614200000
-0.7064400000
-1.0735000000
-1.3468000000
-1.5159000000
-1.5764000000
-1.5312000000
-1.3895000000
-1.1660000000
-0.8797400000
-0.5542200000
-0.2143900000
0.1140700000
0.4070300000
0.6428400000
0.8031000000
0.8752800000
0.8528500000
0.7347500000
0.5267800000
0.2411500000
-0.1049800000
-0.4902000000
-0.8895800000
-1.2768000000
-1.6248000000
-1.9092000000
-2.1086000000
-2.2048000000
-2.1857000000
-2.0467000000
-1.7891000000
-1.4202000000
-0.9549500000
-0.4143200000
0.1766700000
0.7895100000
1.3937000000
1.9587000000
2.4545000000
2.8554000000
3.1404000000
3.2928000000
3.3029000000
3.1696000000
2.8986000000
2.5014000000
1.9967000000
1.4096000000
0.7681700000
0.1034100000
-0.5529400000
-1.1700000000
-1.7181000000
-2.1727000000
-2.5151000000
-2.7316000000
-2.8151000000
-2.7669000000
-2.5951000000
-2.3132000000
-1.9406000000
-1.5020000000
-1.0240000000
-0.5350800000
-0.0628680000
0.3667100000
0.7301500000
1.0097000000
1.1935000000
1.2749000000
1.2541000000
1.1384000000
0.9403000000
0.6771900000
0.3709500000
0.0458680000
-0.2725300000
-0.5597500000
-0.7934400000
-0.9541500000
-1.0273000000
-1.0046000000
-0.8835000000
-0.6674600000
-0.3671200000
0.0015440000
0.4178800000
0.8574700000
1.2936000000
1.6985000000
2.0456000000
2.3115000000
2.4763000000
2.5242000000
2.4470000000
2.2438000000
1.9189000000
1.4839000000
0.9576800000
0.3639900000
-0.2695000000
-0.9126000000
-1.5339000000
-2.1024000000
-2.5893000000
-2.9706000000
-3.2275000000
-3.3455000000
-3.3189000000
-3.1501000000
-2.8471000000
-2.4246000000
-1.9045000000
-1.3130000000
-0.6795900000
-0.0353000000
0.5888300000
1.1628000000
1.6595000000
2.0576000000
2.3417000000
2.5011000000
2.5329000000
2.4423000000
2.2399000000
1.9418000000
1.5700000000
1.1497000000
0.7078400000
0.2717200000
-0.1328300000
-0.4819400000
-0.7560400000
-0.9416500000
-1.0307000000
-1.0210000000
-0.9174600000
-0.7310500000
-0.4776200000
-0.1775000000
0.1455800000
0.4664700000
0.7600200000
1.0031000000
1.1752000000
1.2598000000
1.2465000000
1.1309000000
0.9144400000
0.6055400000
0.2189700000
-0.2256600000
-0.7045800000
-1.1909000000
-1.6564000000
-2.0726000000
-2.4139000000
-2.6583000000
-2.7872000000
-2.7883000000
-2.6571000000
-2.3959000000
-2.0124000000
-1.5221000000
-0.9474500000
-0.3143900000
0.3474200000
1.0065000000
1.6314000000
2.1911000000
2.6587000000
3.0125000000
3.2355000000
3.3168000000
3.2543000000
3.0534000000
2.7249000000
2.2864000000
1.7620000000
1.1791000000
0.5675800000
-0.0419060000
-0.6196600000
-1.1372000000
-1.5708000000
-1.9026000000
-2.1203000000
-2.2171000000
-2.1946000000
-2.0610000000
-1.8298000000
-1.5196000000
-1.1542000000
-0.7589900000
-0.3607200000
0.0148580000
0.3440500000
0.6059000000
0.7851300000
0.8724200000
0.8636700000
0.7615400000
0.5754000000
0.3197100000
0.0134890000
-0.3202700000
-0.6566900000
-0.9699100000
-1.2358000000
-1.4327000000
-1.5423000000
-1.5516000000
-1.4542000000
-1.2496000000
-0.9435500000
-0.5489400000
-0.0843160000
0.4272900000
0.9594200000
1.4834000000
1.9699000000
2.3905000000
2.7208000000
2.9405000000
3.0330000000
2.9893000000
2.8089000000
2.4968000000
2.0645000000
1.5310000000
0.9212100000
0.2632400000
-0.4119400000
-1.0724000000
-1.6868000000
-2.2253000000
-2.6632000000
-2.9813000000
-3.1653000000
-3.2077000000
-3.1103000000
-2.8810000000
-2.5335000000
-2.0881000000
-1.5704000000
-1.0084000000
-0.4318100000
0.1296000000
0.6478300000
1.0970000000
1.4570000000
1.7138000000
1.8583000000
1.8884000000
1.8096000000
1.6332000000
1.3752000000
1.0570000000
0.7029000000
0.3388100000
-0.0096578000
-0.3185800000
-0.5666300000
-0.7366600000
-0.8177400000
-0.8044100000
-0.6971900000
-0.5035900000
-0.2368300000
0.0851450000
0.4403200000
0.8037400000
1.1494000000
1.4516000000
1.6874000000
1.8371000000
1.8847000000
1.8210000000
1.6438000000
1.3562000000
0.9682200000
0.4970800000
-0.0354220000
-0.6033000000
-1.1779000000
-1.7294000000
-2.2277000000
-2.6453000000
-2.9592000000
-3.1509000000
-3.2066000000
-3.1209000000
-2.8966000000
-2.5417000000
-2.0711000000
-1.5071000000
-0.8761900000
-0.2083200000
0.4649800000
1.1119000000
1.7019000000
2.2069000000
2.6050000000
2.8797000000
3.0196000000
3.0215000000
2.8902000000
2.6363000000
2.2763000000
1.8328000000
1.3319000000
0.8022900000
0.2728100000
-0.2285300000
-0.6755500000
-1.0459000000
-1.3236000000
-1.4980000000
-1.5642000000
-1.5247000000
-1.3886000000
-1.1700000000
-0.8878300000
-0.5652600000
-0.2271400000
0.1008900000
0.3946700000
0.6324800000
0.7957500000
0.8716200000
0.8533300000
0.7395200000
0.5355900000
0.2534600000
-0.0899990000
-0.4736000000
-0.8726100000
-1.2608000000
-1.6112000000
-1.8992000000
-2.1033000000
-2.2052000000
-2.1924000000
-2.0599000000
-1.8087000000
-1.4458000000
-0.9855200000
-0.4487600000
0.1397900000
0.7518000000
1.3570000000
1.9247000000
2.4249000000
2.8316000000
3.1238000000
3.2844000000
3.3032000000
3.1787000000
2.9163000000
2.5270000000
2.0292000000
1.4476000000
0.8099800000
0.1472500000
-0.5089500000
-1.1278000000
-1.6795000000
-2.1392000000
-2.4879000000
-2.7119000000
-2.8034000000
-2.7633000000
-2.5993000000
-2.3247000000
-1.9584000000
-1.5248000000
-1.0505000000
-0.5636200000
-0.0919040000
0.3387400000
0.7046500000
0.9877500000
1.1760000000
1.2625000000
1.2469000000
1.1363000000
0.9427500000
0.6834900000
0.3800700000
0.0566470000
-0.2613600000
-0.5494100000
-0.7850900000
-0.9488500000
-1.0258000000
-1.0074000000
-0.8907500000
-0.6790300000
-0.3824900000
-0.0168270000
0.3975500000
0.8364600000
1.2733000000
1.6803000000
2.0310000000
2.3016000000
2.4723000000
2.5269000000
2.4567000000
2.2605000000
1.9425000000
1.5136000000
0.9923400000
0.4022900000
-0.2291600000
-0.8719700000
-1.4948000000
-2.0667000000
-2.5586000000
-2.9464000000
-3.2110000000
-3.3376000000
-3.3199000000
-3.1600000000
-2.8655000000
-2.4508000000
-1.9371000000
-1.3507000000
-0.7206200000
-0.0778310000
0.5466300000
1.1228000000
1.6234000000
2.0268000000
2.3172000000
2.4838000000
2.5232000000
2.4401000000
2.2448000000
1.9532000000
1.5868000000
1.1704000000
0.7312200000
0.2962300000
-0.1086400000
-0.4595100000
-0.7365200000
-0.9259200000
-1.0194000000
-1.0144000000
-0.9155700000
-0.7334500000
-0.4836400000
-0.1861900000
0.1353300000
0.4559200000
0.7504000000
0.9955600000
1.1709000000
1.2595000000
1.2507000000
1.1399000000
0.9282200000
0.6235900000
0.2405600000
-0.2015700000
-0.6792500000
-1.1657000000
-1.6330000000
-2.0524000000
-2.3983000000
-2.6486000000
-2.7844000000
-2.7929000000
-2.6693000000
-2.4157000000
-2.0393000000
-1.5551000000
-0.9853100000
-0.3555900000
0.3045900000
0.9639300000
1.5909000000
2.1546000000
2.6277000000
2.9884000000
3.2194000000
3.3095000000
3.2559000000
3.0638000000
2.7436000000
2.3124000000
1.7941000000
1.2156000000
0.6068300000
-0.0016987000
-0.5803000000
-1.1005000000
-1.5381000000
-1.8753000000
-2.0992000000
-2.2029000000
-2.1873000000
-2.0606000000
-1.8356000000
-1.5308000000
-1.1696000000
-0.7773700000
-0.3806500000
-0.0052174000
0.3251900000
0.5894500000
0.7720100000
0.8632900000
0.8589200000
0.7611600000
0.5790700000
0.3268200000
0.0231840000
-0.3091100000
-0.6452900000
-0.9595500000
-1.2276000000
-1.4279000000
-1.5418000000
-1.5560000000
-1.4638000000
-1.2646000000
-0.9634500000
-0.5730600000
-0.1116500000
0.3979800000
0.9295900000
1.4546000000
1.9438000000
2.3687000000
2.7045000000
2.9309000000
3.0311000000
2.9955000000
2.8232000000
2.5189000000
2.0939000000
1.5664000000
0.9613100000
0.3063300000
-0.3676600000
-1.0288000000
-1.6458000000
-2.1888000000
-2.6326000000
-2.9579000000
-3.1501000000
-3.2013000000
-3.1126000000
-2.8918000000
-2.5521000000
-2.1135000000
-1.6011000000
-1.0428000000
-0.4683900000
0.0926530000
0.6122600000
1.0644000000
1.4287000000
1.6907000000
1.8412000000
1.8777000000
1.8052000000
1.6347000000
1.3820000000
1.0680000000
0.7169700000
0.3546000000
0.0065424000
-0.3032600000
-0.5534000000
-0.7264900000
-0.8113000000
-0.8021300000
-0.6991600000
-0.5095200000
-0.2461500000
0.0732530000
0.4269400000
0.7900900000
1.1368000000
1.4413000000
1.6806000000
1.8349000000
1.8878000000
1.8298000000
1.6585000000
1.3766000000
0.9936900000
0.5266600000
-0.0029625000
-0.5694000000
-1.1442000000
-1.6975000000
-2.1994000000
-2.6220000000
-2.9424000000
-3.1416000000
-3.2056000000
-3.1284000000
-2.9126000000
-2.5656000000
-2.1023000000
-1.5441000000
-0.9175300000
-0.2522500000
0.4203400000
1.0685000000
1.6615000000
2.1713000000
2.5755000000
2.8576000000
3.0057000000
3.0160000000
2.8932000000
2.6473000000
2.2945000000
1.8569000000
1.3607000000
0.8340200000
0.3059000000
-0.1957100000
-0.6446300000
-1.0183000000
-1.3003000000
-1.4799000000
-1.5518000000
-1.5180000000
-1.3874000000
-1.1737000000
-0.8956500000
-0.5760800000
-0.2397300000
0.0878070000
0.3823500000
0.6221000000
0.7883300000
0.8678600000
0.8536900000
0.7441600000
0.5442800000
0.2656700000
-0.0750830000
-0.4570100000
-0.8556100000
-1.2447000000
-1.5975000000
-1.8890000000
-2.0978000000
-2.2054000000
-2.1988000000
-2.0727000000
-1.8279000000
-1.4710000000
-1.0159000000
-0.4830500000
0.1029800000
0.7140700000
1.3200000000
1.8904000000
2.3949000000
2.8074000000
3.1066000000
3.2754000000
3.3029000000
3.1872000000
2.9334000000
2.5522000000
2.0613000000
1.4852000000
0.8515300000
0.1909400000
-0.4650100000
-1.0855000000
-1.6407000000
-2.1054000000
-2.4604000000
-2.6917000000
-2.7912000000
-2.7591000000
-2.6030000000
-2.3357000000
-1.9758000000
-1.5473000000
-1.0766000000
-0.5919200000
-0.1208000000
0.3108100000
0.6791100000
0.9657200000
1.1583000000
1.2498000000
1.2395000000
1.1339000000
0.9449500000
0.6895700000
0.3890000000
0.0672950000
-0.2502700000
-0.5390900000
-0.7767100000
-0.9434600000
-1.0242000000
-1.0100000000
-0.8978400000
-0.6904600000
-0.3977400000
-0.0351220000
0.3772400000
0.8154000000
1.2529000000
1.6620000000
2.0161000000
2.2915000000
2.4680000000
2.5291000000
2.4660000000
2.2769000000
1.9657000000
1.5429000000
1.0267000000
0.4404200000
-0.1888900000
-0.8313000000
-1.4556000000
-2.0307000000
-2.5276000000
-2.9218000000
-3.1939000000
-3.3290000000
-3.3203000000
-3.1693000000
-2.8834000000
-2.4764000000
-1.9693000000
-1.3880000000
-0.7613900000
-0.1202200000
0.5044600000
1.0827000000
1.5871000000
1.9957000000
2.2924000000
2.4661000000
2.5131000000
2.4375000000
2.2493000000
1.9642000000
1.6031000000
1.1909000000
0.7543500000
0.3205700000
-0.0845430000
-0.4370800000
-0.7169400000
-0.9100700000
-1.0080000000
-1.0077000000
-0.9134900000
-0.7356500000
-0.4894800000
-0.1947400000
0.1251800000
0.4454200000
0.7407700000
0.9879600000
1.1664000000
1.2590000000
1.2547000000
1.1488000000
0.9418200000
0.6415100000
0.2620500000
-0.1775300000
-0.6539000000
-1.1405000000
-1.6094000000
-2.0320000000
-2.3825000000
-2.6384000000
-2.7811000000
-2.7970000000
-2.6811000000
-2.4350000000
-2.0657000000
-1.5878000000
-1.0229000000
-0.3966200000
0.2618300000
0.9212800000
1.5502000000
2.1178000000
2.5963000000
2.9638000000
3.2029000000
3.3016000000
3.2570000000
3.0737000000
2.7618000000
2.3380000000
1.8257000000
1.2518000000
0.6458500000
0.0383760000
-0.5409500000
-1.0636000000
-1.5053000000
-1.8476000000
-2.0777000000
-2.1882000000
-2.1797000000
-2.0597000000
-1.8410000000
-1.5417000000
-1.1848000000
-0.7955000000
-0.4003800000
-0.0251700000
0.3063700000
0.5729900000
0.7588200000
0.8540400000
0.8540200000
0.7606300000
0.5825900000
0.3338000000
0.0327740000
-0.2980100000
-0.6338900000
-0.9491300000
-1.2194000000
-1.4229000000
-1.5411000000
-1.5602000000
-1.4733000000
-1.2793000000
-0.9831600000
-0.5970100000
-0.1389000000
0.3687000000
0.8997000000
1.4257000000
1.9175000000
2.3465000000
2.6878000000
2.9209000000
3.0287000000
3.0012000000
2.8370000000
2.5406000000
2.1228000000
1.6016000000
1.0011000000
0.3492500000
-0.3234400000
-0.9851700000
-1.6047000000
-2.1520000000
-2.6016000000
-2.9340000000
-3.1343000000
-3.1942000000
-3.1143000000
-2.9020000000
-2.5702000000
-2.1383000000
-1.6314000000
-1.0770000000
-0.5047600000
0.0558100000
0.5766800000
1.0317000000
1.4001000000
1.6673000000
1.8239000000
1.8667000000
1.8005000000
1.6359000000
1.3884000000
1.0787000000
0.7307900000
0.3702100000
0.0226190000
-0.2880000000
-0.5401700000
-0.7162600000
-0.8047500000
-0.7997300000
-0.7009900000
-0.5153200000
-0.2553600000
0.0614410000
0.4135900000
0.7764100000
1.1241000000
1.4309000000
1.6737000000
1.8324000000
1.8906000000
1.8384000000
1.6729000000
1.3967000000
1.0189000000
0.5560700000
0.0294080000
-0.5355000000
-1.1104000000
-1.6654000000
-2.1708000000
-2.5985000000
-2.9251000000
-3.1318000000
-3.2040000000
-3.1354000000
-2.9280000000
-2.5891000000
-2.1329000000
-1.5807000000
-0.9586000000
-0.2960100000
0.3757400000
1.0249000000
1.6209000000
2.1354000000
2.5457000000
2.8350000000
2.9913000000
3.0100000000
2.8956000000
2.6577000000
2.3121000000
1.8806000000
1.3890000000
0.8654600000
0.3388000000
-0.1629800000
-0.6136900000
-0.9905200000
-1.2768000000
-1.4615000000
-1.5390000000
-1.5109000000
-1.3858000000
-1.1771000000
-0.9032000000
-0.5866800000
-0.2521500000
0.0748380000
0.3700900000
0.6117100000
0.7808400000
0.8640000000
0.8539200000
0.7486500000
0.5528400000
0.2777700000
-0.0602380000
-0.4404500000
-0.8385700000
-1.2286000000
-1.5836000000
-1.8786000000
-2.0920000000
-2.2052000000
-2.2049000000
-2.0852000000
-1.8468000000
-1.4959000000
-1.0460000000
-0.5171600000
0.0662620000
0.6763400000
1.2830000000
1.8558000000
2.3646000000
2.7828000000
3.0890000000
3.2659000000
3.3021000000
3.1952000000
2.9500000000
2.5768000000
2.0929000000
1.5225000000
0.8928100000
0.2344600000
-0.4211200000
-1.0431000000
-1.6016000000
-2.0713000000
-2.4325000000
-2.6711000000
-2.7784000000
-2.7544000000
-2.6062000000
-2.3462000000
-1.9927000000
-1.5694000000
-1.1025000000
-0.6199900000
-0.1495500000
0.2829300000
0.6535300000
0.9435900000
1.1405000000
1.2369000000
1.2318000000
1.1312000000
0.9469000000
0.6954200000
0.3977500000
0.0778100000
-0.2392500000
-0.5288000000
-0.7682900000
-0.9379900000
-1.0224000000
-1.0125000000
-0.9047800000
-0.7017400000
-0.4128700000
-0.0533380000
0.3569500000
0.7943100000
1.2323000000
1.6435000000
2.0010000000
2.2810000000
2.4632000000
2.5310000000
2.4749000000
2.2928000000
1.9885000000
1.5720000000
1.0609000000
0.4783800000
-0.1486900000
-0.7906000000
-1.4162000000
-1.9945000000
-2.4962000000
-2.8967000000
-3.1764000000
-3.3200000000
-3.3201000000
-3.1780000000
-2.9006000000
-2.5015000000
-2.0011000000
-1.4250000000
-0.8019000000
-0.1624700000
0.4623100000
1.0426000000
1.5506000000
1.9643000000
2.2672000000
2.4480000000
2.5025000000
2.4343000000
2.2534000000
1.9747000000
1.6190000000
1.2110000000
0.7772200000
0.3447200000
-0.0605440000
-0.4146800000
-0.6973100000
-0.8941100000
-0.9963600000
-1.0008000000
-0.9112000000
-0.7376500000
-0.4951400000
-0.2031500000
0.1151300000
0.4349500000
0.7311200000
0.9803000000
1.1618000000
1.2583000000
1.2586000000
1.1574000000
0.9552500000
0.6592800000
0.2834300000
-0.1535400000
-0.6285300000
-1.1152000000
-1.5857000000
-2.0114000000
-2.3663000000
-2.6279000000
-2.7773000000
-2.8007000000
-2.6924000000
-2.4539000000
-2.0918000000
-1.6201000000
-1.0602000000
-0.4374800000
0.2191300000
0.8786000000
1.5094000000
2.0807000000
2.5646000000
2.9388000000
3.1857000000
3.2932000000
3.2574000000
3.0829000000
2.7793000000
2.3630000000
1.8569000000
1.2876000000
0.6846300000
0.0783140000
-0.5016200000
-1.0267000000
-1.4723000000
-1.8197000000
-2.0560000000
-2.1732000000
-2.1716000000
-2.0584000000
-1.8460000000
-1.5522000000
-1.1996000000
-0.8133500000
-0.4199100000
-0.0449940000
0.2875900000
0.5565000000
0.7455600000
0.8446700000
0.8489700000
0.7599400000
0.5859500000
0.3406400000
0.0422570000
-0.2869800000
-0.6224900000
-0.9386600000
-1.2110000000
-1.4178000000
-1.5402000000
-1.5642000000
-1.4825000000
-1.2938000000
-1.0027000000
-0.6208100000
-0.1660400000
0.3394400000
0.8697500000
1.3966000000
1.8910000000
2.3241000000
2.6708000000
2.9104000000
3.0258000000
3.0064000000
2.8503000000
2.5619000000
2.1514000000
1.6363000000
1.0407000000
0.3920000000
-0.2792900000
-0.9414900000
-1.5634000000
-2.1149000000
-2.5703000000
-2.9097000000
-3.1181000000
-3.1866000000
-3.1154000000
-2.9116000000
-2.5877000000
-2.1627000000
-1.6613000000
-1.1109000000
-0.5409200000
0.0190830000
0.5411100000
0.9988900000
1.3714000000
1.6437000000
1.8062000000
1.8553000000
1.7953000000
1.6367000000
1.3945000000
1.0891000000
0.7443500000
0.3856200000
0.0385690000
-0.2727900000
-0.5269300000
-0.7059800000
-0.7981100000
-0.7971900000
-0.7026800000
-0.5209700000
-0.2644500000
0.0497100000
0.4002700000
0.7627100000
1.1113000000
1.4204000000
1.6665000000
1.8297000000
1.8931000000
1.8467000000
1.6870000000
1.4165000000
1.0440000000
0.5853100000
0.0616860000
-0.5016100000
-1.0765000000
-1.6332000000
-2.1419000000
-2.5745000000
-2.9073000000
-3.1214000000
-3.2019000000
-3.1418000000
-2.9428000000
-2.6121000000
-2.1632000000
-1.6170000000
-0.9993900000
-0.3396000000
0.3311900000
0.9813000000
1.5801000000
2.0992000000
2.5155000000
2.8120000000
2.9763000000
3.0035000000
2.8974000000
2.6675000000
2.3292000000
1.9038000000
1.4170000000
0.8966300000
0.3715200000
-0.1303200000
-0.5827400000
-0.9626600000
-1.2531000000
-1.4428000000
-1.5259000000
-1.5036000000
-1.3840000000
-1.1803000000
-0.9104900000
-0.5970600000
-0.2644100000
0.0619800000
0.3578700000
0.6013100000
0.7733000000
0.8600500000
0.8540200000
0.7530100000
0.5612700000
0.2897600000
-0.0454640000
-0.4239100000
-0.8215000000
-1.2123000000
-1.5695000000
-1.8680000000
-2.0859000000
-2.2047000000
-2.2106000000
-2.0974000000
-1.8654000000
-1.5206000000
-1.0758000000
-0.5511100000
0.0296280000
0.6385900000
1.2459000000
1.8211000000
2.3340000000
2.7579000000
3.0709000000
3.2558000000
3.3007000000
3.2025000000
2.9660000000
2.6009000000
2.1241000000
1.5593000000
0.9338200000
0.2778200000
-0.3772800000
-1.0006000000
-1.5624000000
-2.0369000000
-2.4042000000
-2.6500000000
-2.7652000000
-2.7491000000
-2.6088000000
-2.3562000000
-2.0091000000
-1.5911000000
-1.1280000000
-0.6478300000
-0.1781400000
0.2551000000
0.6279300000
0.9213500000
1.1225000000
1.2238000000
1.2238000000
1.1283000000
0.9486000000
0.7010500000
0.4063100000
0.0881910000
-0.2283100000
-0.5185300000
-0.7598400000
-0.9324400000
-1.0206000000
-1.0148000000
-0.9115700000
-0.7128800000
-0.4278800000
-0.0714720000
0.3367000000
0.7731700000
1.2117000000
1.6248000000
1.9857000000
2.2702000000
2.4582000000
2.5325000000
2.4834000000
2.3084000000
2.0109000000
1.6007000000
1.0948000000
0.5161700000
-0.1085800000
-0.7498700000
-1.3766000000
-1.9580000000
-2.4645000000
-2.8712000000
-3.1583000000
-3.3103000000
-3.3193000000
-3.1861000000
-2.9174000000
-2.5261000000
-2.0324000000
-1.4616000000
-0.8421400000
-0.2045600000
0.4202100000
1.0024000000
1.5139000000
1.9326000000
2.2416000000
2.4295000000
2.4914000000
2.4307000000
2.2569000000
1.9848000000
1.6345000000
1.2308000000
0.7998200000
0.3687000000
-0.0366500000
-0.3922900000
-0.6776300000
-0.8780400000
-0.9845900000
-0.9936800000
-0.9087100000
-0.7394600000
-0.5006300000
-0.2114200000
0.1051700000
0.4245300000
0.7214600000
0.9725700000
1.1571000000
1.2576000000
1.2623000000
1.1659000000
0.9684900000
0.6768900000
0.3047000000
-0.1296100000
-0.6031600000
-1.0898000000
-1.5618000000
-1.9905000000
-2.3498000000
-2.6171000000
-2.7731000000
-2.8039000000
-2.7033000000
-2.4723000000
-2.1174000000
-1.6521000000
-1.0973000000
-0.4781600000
0.1765200000
0.8358700000
1.4684000000
2.0433000000
2.5325000000
2.9133000000
3.1681000000
3.2842000000
3.2573000000
3.0916000000
2.7964000000
2.3875000000
1.8876000000
1.3231000000
0.7231600000
0.1181100000
-0.4623100000
-0.9896700000
-1.4391000000
-1.7916000000
-2.0338000000
-2.1578000000
-2.1631000000
-2.0567000000
-1.8506000000
-1.5622000000
-1.2141000000
-0.8309400000
-0.4392400000
-0.0646850000
0.2688700000
0.5400000000
0.7322200000
0.8351800000
0.8437700000
0.7590800000
0.5891500000
0.3473400000
0.0516330000
-0.2760100000
-0.6111000000
-0.9281400000
-1.2026000000
-1.4125000000
-1.5391000000
-1.5680000000
-1.4914000000
-1.3080000000
-1.0220000000
-0.6444500000
-0.1930900000
0.3102200000
0.8397600000
1.3674000000
1.8642000000
2.3013000000
2.6534000000
2.8995000000
3.0224000000
3.0111000000
2.8631000000
2.5826000000
2.1794000000
1.6707000000
1.0800000000
0.4345600000
-0.2352000000
-0.8977700000
-1.5219000000
-2.0775000000
-2.5386000000
-2.8849000000
-3.1013000000
-3.1785000000
-3.1159000000
-2.9206000000
-2.6047000000
-2.1866000000
-1.6908000000
-1.1444000000
-0.5768500000
-0.0175190000
0.5055500000
0.9659900000
1.3425000000
1.6199000000
1.7881000000
1.8435000000
1.7898000000
1.6371000000
1.4003000000
1.0992000000
0.7576600000
0.4008400000
0.0543890000
-0.2576500000
-0.5136900000
-0.6956400000
-0.7913800000
-0.7945300000
-0.7042300000
-0.5265000000
-0.2734300000
0.0380620000
0.3869900000
0.7489900000
1.0985000000
1.4097000000
1.6592000000
1.8267000000
1.8954000000
1.8547000000
1.7009000000
1.4361000000
1.0688000000
0.6143800000
0.0938650000
-0.4677400000
-1.0425000000
-1.6007000000
-2.1128000000
-2.5502000000
-2.8892000000
-3.1106000000
-3.1992000000
-3.1477000000
-2.9572000000
-2.6345000000
-2.1930000000
-1.6528000000
-1.0399000000
-0.3830000000
0.2867100000
0.9376300000
1.5392000000
2.0627000000
2.4849000000
2.7885000000
2.9608000000
2.9964000000
2.8987000000
2.6768000000
2.3459000000
1.9266000000
1.4446000000
0.9275100000
0.4040500000
-0.0977660000
-0.5517800000
-0.9347000000
-1.2292000000
-1.4239000000
-1.5126000000
-1.4959000000
-1.3818000000
-1.1831000000
-0.9175000000
-0.6072100000
-0.2764900000
0.0492360000
0.3457100000
0.5909100000
0.7657000000
0.8560000000
0.8540000000
0.7572400000
0.5695700000
0.3016400000
-0.0307640000
-0.4073900000
-0.8044000000
-1.1959000000
-1.5552000000
-1.8571000000
-2.0796000000
-2.2039000000
-2.2160000000
-2.1092000000
-1.8837000000
-1.5449000000
-1.1054000000
-0.5848700000
-0.0069108000
0.6008400000
1.2087000000
1.7861000000
2.3031000000
2.7325000000
3.0524000000
3.2452000000
3.2987000000
3.2093000000
2.9814000000
2.6244000000
2.1548000000
1.5958000000
0.9745400000
0.3210100000
-0.3335100000
-0.9581000000
-1.5231000000
-2.0023000000
-2.3756000000
-2.6284000000
-2.7515000000
-2.7434000000
-2.6109000000
-2.3657000000
-2.0251000000
-1.6123000000
-1.1532000000
-0.6754200000
-0.2065700000
0.2273400000
0.6023000000
0.8990200000
1.1044000000
1.2105000000
1.2156000000
1.1251000000
0.9500500000
0.7064500000
0.4146900000
0.0984340000
-0.2174600000
-0.5082900000
-0.7513700000
-0.9268100000
-1.0186000000
-1.0170000000
-0.9182100000
-0.7238700000
-0.4427700000
-0.0895230000
0.3164800000
0.7520100000
1.1909000000
1.6060000000
1.9701000000
2.2591000000
2.4527000000
2.5336000000
2.4914000000
2.3235000000
2.0330000000
1.6290000000
1.1284000000
0.5537700000
-0.0685630000
-0.7091400000
-1.3370000000
-1.9213000000
-2.4324000000
-2.8452000000
-3.1397000000
-3.3001000000
-3.3180000000
-3.1936000000
-2.9335000000
-2.5502000000
-2.0632000000
-1.4978000000
-0.8821100000
-0.2464900000
0.3781500000
0.9620500000
1.4771000000
1.9006000000
2.2157000000
2.4105000000
2.4798000000
2.4266000000
2.2600000000
1.9944000000
1.6496000000
1.2502000000
0.8221500000
0.3924700000
-0.0128620000
-0.3699300000
-0.6579000000
-0.8618700000
-0.9726600000
-0.9863800000
-0.9060200000
-0.7410600000
-0.5059300000
-0.2195400000
0.0953050000
0.4141600000
0.7118000000
0.9648000000
1.1523000000
1.2566000000
1.2658000000
1.1742000000
0.9815500000
0.6943600000
0.3258500000
-0.1057400000
-0.5777800000
-1.0643000000
-1.5377000000
-1.9694000000
-2.3330000000
-2.6058000000
-2.7685000000
-2.8067000000
-2.7136000000
-2.4903000000
-2.1426000000
-1.6837000000
-1.1341000000
-0.5186400000
0.1339900000
0.7931200000
1.4273000000
2.0057000000
2.5001000000
2.8874000000
3.1499000000
3.2746000000
3.2566000000
3.0997000000
2.8128000000
2.4115000000
1.9179000000
1.3582000000
0.7614300000
0.1577700000
-0.4230300000
-0.9525700000
-1.4057000000
-1.7631000000
-2.0114000000
-2.1420000000
-2.1542000000
-2.0545000000
-1.8547000000
-1.5719000000
-1.2282000000
-0.8482500000
-0.4583700000
-0.0842430000
0.2502000000
0.5234800000
0.7188100000
0.8255800000
0.8384200000
0.7580700000
0.5922000000
0.3538900000
0.0609000000
-0.2651000000
-0.5997100000
-0.9175700000
-1.1940000000
-1.4071000000
-1.5378000000
-1.5715000000
-1.5002000000
-1.3220000000
-1.0410000000
-0.6679300000
-0.2200200000
0.2810400000
0.8097300000
1.3380000000
1.8372000000
2.2782000000
2.6356000000
2.8881000000
3.0185000000
3.0153000000
2.8754000000
2.6028000000
2.2071000000
1.7047000000
1.1190000000
0.4769400000
-0.1912000000
-0.8540300000
-1.4803000000
-2.0399000000
-2.5065000000
-2.8596000000
-3.0839000000
-3.1697000000
-3.1159000000
-2.9291000000
-2.6211000000
-2.2100000000
-1.7199000000
-1.1776000000
-0.6125400000
-0.0539910000
0.4700000000
0.9330100000
1.3134000000
1.5957000000
1.7698000000
1.8314000000
1.7839000000
1.6371000000
1.4057000000
1.1090000000
0.7707100000
0.4158700000
0.0700780000
-0.2425800000
-0.5004500000
-0.6852500000
-0.7845500000
-0.7917400000
-0.7056400000
-0.5318900000
-0.2823000000
0.0264980000
0.3737400000
0.7352600000
1.0856000000
1.3989000000
1.6516000000
1.8235000000
1.8974000000
1.8624000000
1.7145000000
1.4555000000
1.0933000000
0.6432800000
0.1259400000
-0.4338900000
-1.0084000000
-1.5681000000
-2.0833000000
-2.5256000000
-2.8706000000
-3.0992000000
-3.1960000000
-3.1531000000
-2.9710000000
-2.6564000000
-2.2223000000
-1.6883000000
-1.0801000000
-0.4262200000
0.2423100000
0.8939200000
1.4981000000
2.0260000000
2.4540000000
2.7646000000
2.9448000000
2.9888000000
2.8994000000
2.6856000000
2.3619000000
1.9489000000
1.4718000000
0.9580900000
0.4363800000
-0.0653080000
-0.5208200000
-0.9066600000
-1.2052000000
-1.4048000000
-1.4990000000
-1.4880000000
-1.3793000000
-1.1856000000
-0.9242500000
-0.6171300000
-0.2884000000
0.0366060000
0.3336100000
0.5804900000
0.7580400000
0.8518600000
0.8538600000
0.7613200000
0.5777500000
0.3134200000
-0.0161390000
-0.3909000000
-0.7872700000
-1.1795000000
-1.5408000000
-1.8460000000
-2.0729000000
-2.2027000000
-2.2210000000
-2.1207000000
-1.9016000000
-1.5689000000
-1.1348000000
-0.6184500000
-0.0433510000
0.5631000000
1.1713000000
1.7510000000
2.2719000000
2.7067000000
3.0334000000
3.2340000000
3.2962000000
3.2156000000
2.9963000000
2.6474000000
2.1851000000
1.6319000000
1.0150000000
0.3640100000
-0.2897900000
-0.9155200000
-1.4835000000
-1.9673000000
-2.3466000000
-2.6065000000
-2.7372000000
-2.7372000000
-2.6125000000
-2.3746000000
-2.0406000000
-1.6332000000
-1.1780000000
-0.7027500000
-0.2348400000
0.1996400000
0.5766500000
0.8765900000
1.0861000000
1.1970000000
1.2072000000
1.1217000000
0.9512700000
0.7116400000
0.4228900000
0.1085400000
-0.2066900000
-0.4980700000
-0.7428700000
-0.9211000000
-1.0165000000
-1.0191000000
-0.9246900000
-0.7347200000
-0.4575300000
-0.1074900000
0.2963000000
0.7308200000
1.1701000000
1.5869000000
1.9542000000
2.2478000000
2.4469000000
2.5343000000
2.4991000000
2.3383000000
2.0547000000
1.6571000000
1.1618000000
0.5911800000
-0.0286390000
-0.6683900000
-1.2972000000
-1.8844000000
-2.4001000000
-2.8189000000
-3.1207000000
-3.2894000000
-3.3160000000
-3.2005000000
-2.9490000000
-2.5737000000
-2.0936000000
-1.5337000000
-0.9217900000
-0.2882400000
0.3361500000
0.9216700000
1.4401000000
1.8684000000
2.1894000000
2.3911000000
2.4679000000
2.4220000000
2.2626000000
2.0035000000
1.6644000000
1.2693000000
0.8442100000
0.4160600000
0.0108130000
-0.3476000000
-0.6381300000
-0.8455900000
-0.9605800000
-0.9789000000
-0.9031300000
-0.7424700000
-0.5110500000
-0.2275200000
0.0855450000
0.4038300000
0.7021400000
0.9569600000
1.1474000000
1.2555000000
1.2691000000
1.1823000000
0.9944300000
0.7116700000
0.3468900000
-0.0819410000
-0.5524000000
-1.0387000000
-1.5134000000
-1.9480000000
-2.3159000000
-2.5942000000
-2.7635000000
-2.8090000000
-2.7236000000
-2.5078000000
-2.1674000000
-1.7150000000
-1.1706000000
-0.5589400000
0.0915560000
0.7503400000
1.3860000000
1.9678000000
2.4673000000
2.8611000000
3.1312000000
3.2644000000
3.2553000000
3.1071000000
2.8287000000
2.4350000000
1.9477000000
1.3929000000
0.7994400000
0.1972700000
-0.3837900000
-0.9153900000
-1.3721000000
-1.7344000000
-1.9886000000
-2.1258000000
-2.1449000000
-2.0519000000
-1.8585000000
-1.5813000000
-1.2420000000
-0.8652900000
-0.4772900000
-0.1036700000
0.2316000000
0.5069500000
0.7053400000
0.8158600000
0.8329200000
0.7569000000
0.5950800000
0.3603100000
0.0700580000
-0.2542500000
-0.5883400000
-0.9069600000
-1.1854000000
-1.4015000000
-1.5364000000
-1.5748000000
-1.5087000000
-1.3358000000
-1.0599000000
-0.6912500000
-0.2468500000
0.2519000000
0.7796700000
1.3086000000
1.8100000000
2.2548000000
2.6174000000
2.8763000000
3.0142000000
3.0190000000
2.8872000000
2.6226000000
2.2343000000
1.7383000000
1.1577000000
0.5191300000
-0.1472800000
-0.8102500000
-1.4385000000
-2.0020000000
-2.4740000000
-2.8339000000
-3.0661000000
-3.1604000000
-3.1153000000
-2.9370000000
-2.6370000000
-2.2329000000
-1.7485000000
-1.2105000000
-0.6480100000
-0.0903230000
0.4344800000
0.8999500000
1.2842000000
1.5714000000
1.7512000000
1.8190000000
1.7777000000
1.6368000000
1.4107000000
1.1185000000
0.7835000000
0.4306900000
0.0856310000
-0.2275700000
-0.4872200000
-0.6748100000
-0.7776300000
-0.7888200000
-0.7069100000
-0.5371400000
-0.2910500000
0.0150190000
0.3605300000
0.7215100000
1.0726000000
1.3879000000
1.6439000000
1.8201000000
1.8992000000
1.8698000000
1.7277000000
1.4745000000
1.1177000000
0.6719900000
0.1579100000
-0.4000700000
-0.9743000000
-1.5354000000
-2.0537000000
-2.5006000000
-2.8516000000
-3.0874000000
-3.1923000000
-3.1579000000
-2.9842000000
-2.6779000000
-2.2511000000
-1.7234000000
-1.1200000000
-0.4692400000
0.1979800000
0.8501700000
1.4568000000
1.9890000000
2.4227000000
2.7402000000
2.9282000000
2.9806000000
2.8995000000
2.6938000000
2.3775000000
1.9708000000
1.4987000000
0.9883800000
0.4685100000
-0.0329550000
-0.4898600000
-0.8785300000
-1.1810000000
-1.3855000000
-1.4851000000
-1.4797000000
-1.3765000000
-1.1878000000
-0.9307200000
-0.6268200000
-0.3001400000
0.0240930000
0.3215600000
0.5700800000
0.7503200000
0.8476300000
0.8535900000
0.7652700000
0.5857900000
0.3250800000
-0.0015896000
-0.3744500000
-0.7701200000
-1.1629000000
-1.5263000000
-1.8347000000
-2.0660000000
-2.2013000000
-2.2257000000
-2.1318000000
-1.9191000000
-1.5926000000
-1.1639000000
-0.6518400000
-0.0796860000
0.5253800000
1.1339000000
1.7156000000
2.2403000000
2.6806000000
3.0139000000
3.2224000000
3.2930000000
3.2212000000
3.0106000000
2.6699000000
2.2148000000
1.6677000000
1.0551000000
0.4068300000
-0.2461500000
-0.8728900000
-1.4438000000
-1.9321000000
-2.3172000000
-2.5840000000
-2.7225000000
-2.7304000000
-2.6136000000
-2.3831000000
-2.0557000000
-1.6537000000
-1.2026000000
-0.7298400000
-0.2629500000
0.1720100000
0.5509800000
0.8540800000
1.0676000000
1.1833000000
1.1986000000
1.1180000000
0.9522300000
0.7165900000
0.4309000000
0.1185100000
-0.1960100000
-0.4878900000
-0.7343500000
-0.9153200000
-1.0143000000
-1.0210000000
-0.9310200000
-0.7454200000
-0.4721700000
-0.1253700000
0.2761600000
0.7096000000
1.1491000000
1.5677000000
1.9382000000
2.2361000000
2.4408000000
2.5346000000
2.5064000000
2.3526000000
2.0759000000
1.6848000000
1.1948000000
0.6283900000
0.0111830000
-0.6276400000
-1.2573000000
-1.8472000000
-2.3674000000
-2.7921000000
-3.1011000000
-3.2781000000
-3.3135000000
-3.2068000000
-2.9640000000
-2.5967000000
-2.1235000000
-1.5692000000
-0.9611900000
-0.3298200000
0.2942200000
0.8812400000
1.4029000000
1.8359000000
2.1628000000
2.3714000000
2.4554000000
2.4170000000
2.2647000000
2.0122000000
1.6787000000
1.2880000000
0.8659800000
0.4394400000
0.0343690000
-0.3253000000
-0.6183300000
-0.8292200000
-0.9483500000
-0.9712300000
-0.9000500000
-0.7436900000
-0.5159900000
-0.2353600000
0.0758880000
0.3935500000
0.6924700000
0.9490700000
1.1423000000
1.2543000000
1.2723000000
1.1902000000
1.0071000000
0.7288200000
0.3678100000
-0.0582070000
-0.5270300000
-1.0131000000
-1.4891000000
-1.9264000000
-2.2985000000
-2.5822000000
-2.7580000000
-2.8109000000
-2.7331000000
-2.5249000000
-2.1917000000
-1.7459000000
-1.2067000000
-0.5990300000
0.0492230000
0.7075500000
1.3446000000
1.9297000000
2.4341000000
2.8343000000
3.1120000000
3.2537000000
3.2534000000
3.1140000000
2.8440000000
2.4580000000
1.9771000000
1.4273000000
0.8371800000
0.2366200000
-0.3445900000
-0.8781500000
-1.3384000000
-1.7055000000
-1.9654000000
-2.1093000000
-2.1352000000
-2.0489000000
-1.8618000000
-1.5902000000
-1.2554000000
-0.8820600000
-0.4960000000
-0.1229500000
0.2130500000
0.4904200000
0.6918100000
0.8060300000
0.8272800000
0.7555600000
0.5978100000
0.3665900000
0.0791050000
-0.2434700000
-0.5769800000
-0.8963000000
-1.1767000000
-1.3958000000
-1.5347000000
-1.5780000000
-1.5169000000
-1.3494000000
-1.0786000000
-0.7144000000
-0.2735600000
0.2228100000
0.7495700000
1.2790000000
1.7825000000
2.2311000000
2.5989000000
2.8641000000
3.0093000000
3.0222000000
2.8985000000
2.6418000000
2.2610000000
1.7715000000
1.1960000000
0.5611100000
-0.1034600000
-0.7664400000
-1.3966000000
-1.9638000000
-2.4412000000
-2.8078000000
-3.0477000000
-3.1505000000
-3.1141000000
-2.9443000000
-2.6523000000
-2.2554000000
-1.7767000000
-1.2430000000
-0.6832200000
-0.1265100000
0.3989800000
0.8668200000
1.2548000000
1.5468000000
1.7322000000
1.8062000000
1.7711000000
1.6362000000
1.4154000000
1.1276000000
0.7960300000
0.4453200000
0.1010500000
-0.2126400000
-0.4739900000
-0.6643200000
-0.7706100000
-0.7857800000
-0.7080500000
-0.5422600000
-0.2996800000
0.0036280000
0.3473600000
0.7077500000
1.0596000000
1.3769000000
1.6360000000
1.8164000000
1.9006000000
1.8770000000
1.7407000000
1.4933000000
1.1418000000
0.7005100000
0.1897600000
-0.3662800000
-0.9401200000
-1.5024000000
-2.0238000000
-2.4752000000
-2.8322000000
-3.0751000000
-3.1881000000
-3.1621000000
-2.9969000000
-2.6987000000
-2.2795000000
-1.7581000000
-1.1596000000
-0.5120600000
0.1537400000
0.8064000000
1.4154000000
1.9517000000
2.3910000000
2.7153000000
2.9112000000
2.9719000000
2.8991000000
2.7015000000
2.3926000000
1.9922000000
1.5251000000
1.0184000000
0.5004200000
-0.0007148100
-0.4589100000
-0.8503200000
-1.1567000000
-1.3660000000
-1.4709000000
-1.4712000000
-1.3734000000
-1.1897000000
-0.9369300000
-0.6362700000
-0.3117000000
0.0117000000
0.3095700000
0.5596600000
0.7425600000
0.8433000000
0.8532000000
0.7690800000
0.5937000000
0.3366400000
0.0128820000
-0.3580200000
-0.7529400000
-1.1463000000
-1.5115000000
-1.8232000000
-2.0589000000
-2.1995000000
-2.2300000000
-2.1426000000
-1.9364000000
-1.6160000000
-1.1928000000
-0.6850400000
-0.1159100000
0.4876700000
1.0964000000
1.6800000000
2.2085000000
2.6541000000
2.9939000000
3.2102000000
3.2894000000
3.2263000000
3.0243000000
2.6918000000
2.2441000000
1.7030000000
1.0949000000
0.4494400000
-0.2025800000
-0.8302200000
-1.4039000000
-1.8967000000
-2.2875000000
-2.5612000000
-2.7073000000
-2.7231000000
-2.6141000000
-2.3910000000
-2.0703000000
-1.6737000000
-1.2268000000
-0.7566700000
-0.2908900000
0.1444600000
0.5253000000
0.8314800000
1.0490000000
1.1694000000
1.1897000000
1.1141000000
0.9529500000
0.7213200000
0.4387300000
0.1283300000
-0.1854100000
-0.4777400000
-0.7258000000
-0.9094600000
-1.0120000000
-1.0228000000
-0.9371900000
-0.7559700000
-0.4866800000
-0.1431600000
0.2560500000
0.6883600000
1.1281000000
1.5484000000
1.9219000000
2.2242000000
2.4343000000
2.5345000000
2.5133000000
2.3666000000
2.0968000000
1.7121000000
1.2276000000
0.6654100000
0.0508970000
-0.5868900000
-1.2174000000
-1.8098000000
-2.3344000000
-2.7650000000
-3.0810000000
-3.2662000000
-3.3105000000
-3.2126000000
-2.9784000000
-2.6192000000
-2.1530000000
-1.6042000000
-1.0003000000
-0.3712100000
0.2523600000
0.8407500000
1.3655000000
1.8031000000
2.1358000000
2.3511000000
2.4425000000
2.4115000000
2.2663000000
2.0204000000
1.6926000000
1.3064000000
0.8874800000
0.4626300000
0.0578030000
-0.3030300000
-0.5984900000
-0.8127600000
-0.9359700000
-0.9633800000
-0.8967800000
-0.7447100000
-0.5207600000
-0.2430500000
0.0663340000
0.3833200000
0.6827900000
0.9411200000
1.1372000000
1.2529000000
1.2753000000
1.1979000000
1.0196000000
0.7458100000
0.3886000000
-0.0345430000
-0.5016600000
-0.9874500000
-1.4645000000
-1.9046000000
-2.2808000000
-2.5698000000
-2.7521000000
-2.8123000000
-2.7421000000
-2.5415000000
-2.2157000000
-1.7764000000
-1.2426000000
-0.6389200000
0.0069952000
0.6647500000
1.3031000000
1.8913000000
2.4006000000
2.8071000000
3.0923000000
3.2424000000
3.2510000000
3.1203000000
2.8587000000
2.4804000000
2.0060000000
1.4613000000
0.8746400000
0.2757900000
-0.3054600000
-0.8408500000
-1.3045000000
-1.6763000000
-1.9420000000
-2.0923000000
-2.1250000000
-2.0455000000
-1.8647000000
-1.5987000000
-1.2685000000
-0.8985400000
-0.5145000000
-0.1421000000
0.1945800000
0.4738800000
0.6782200000
0.7961000000
0.8215000000
0.7540800000
0.6003900000
0.3727200000
0.0880420000
-0.2327400000
-0.5656300000
-0.8856100000
-1.1678000000
-1.3899000000
-1.5328000000
-1.5808000000
-1.5250000000
-1.3627000000
-1.0970000000
-0.7373800000
-0.3001500000
0.1937800000
0.7194500000
1.2493000000
1.7549000000
2.2072000000
2.5800000000
2.8515000000
3.0040000000
3.0248000000
2.9093000000
2.6606000000
2.2872000000
1.8044000000
1.2341000000
0.6028800000
-0.0597330000
-0.7226200000
-1.3545000000
-1.9254000000
-2.4081000000
-2.7812000000
-3.0289000000
-3.1401000000
-3.1123000000
-2.9511000000
-2.6671000000
-2.2773000000
-1.8045000000
-1.2752000000
-0.7181900000
-0.1625600000
0.3635300000
0.8336200000
1.2252000000
1.5219000000
1.7130000000
1.7930000000
1.7641000000
1.6351000000
1.4197000000
1.1365000000
0.8083000000
0.4597400000
0.1163200000
-0.1977900000
-0.4607700000
-0.6537900000
-0.7635200000
-0.7826200000
-0.7090400000
-0.5472500000
-0.3081900000
-0.0076769000
0.3342300000
0.6939700000
1.0464000000
1.3657000000
1.6279000000
1.8125000000
1.9018000000
1.8838000000
1.7534000000
1.5118000000
1.1656000000
0.7288600000
0.2215000000
-0.3325300000
-0.9058900000
-1.4694000000
-1.9936000000
-2.4496000000
-2.8124000000
-3.0623000000
-3.1833000000
-3.1658000000
-3.0091000000
-2.7191000000
-2.3074000000
-1.7924000000
-1.1989000000
-0.5546800000
0.1096000000
0.7626100000
1.3739000000
1.9142000000
2.3590000000
2.6900000000
2.8937000000
2.9626000000
2.8982000000
2.7086000000
2.4071000000
2.0132000000
1.5512000000
1.0480000000
0.5321300000
0.0314060000
-0.4279800000
-0.8220400000
-1.1323000000
-1.3462000000
-1.4565000000
-1.4624000000
-1.3700000000
-1.1914000000
-0.9428600000
-0.6455000000
-0.3230900000
-0.0005738000
0.2976400000
0.5492400000
0.7347400000
0.8388800000
0.8526900000
0.7727600000
0.6014900000
0.3480800000
0.0272750000
-0.3416300000
-0.7357200000
-1.1295000000
-1.4967000000
-1.8115000000
-2.0514000000
-2.1974000000
-2.2340000000
-2.1530000000
-1.9532000000
-1.6391000000
-1.2214000000
-0.7180400000
-0.1520200000
0.4499800000
1.0588000000
1.6443000000
2.1764000000
2.6272000000
2.9735000000
3.1974000000
3.2851000000
3.2309000000
3.0374000000
2.7132000000
2.2729000000
1.7379000000
1.1345000000
0.4918600000
-0.1591000000
-0.7875200000
-1.3639000000
-1.8610000000
-2.2575000000
-2.5379000000
-2.6916000000
-2.7154000000
-2.6141000000
-2.3985000000
-2.0844000000
-1.6933000000
-1.2506000000
-0.7832400000
-0.3186600000
0.1169900000
0.4996100000
0.8087900000
1.0302000000
1.1552000000
1.1806000000
1.1100000000
0.9534300000
0.7258300000
0.4463700000
0.1380200000
-0.1749100000
-0.4676200000
-0.7172400000
-0.9035300000
-1.0096000000
-1.0245000000
-0.9432100000
-0.7663600000
-0.5010700000
-0.1608500000
0.2359900000
0.6671000000
1.1070000000
1.5288000000
1.9054000000
2.2119000000
2.4274000000
2.5341000000
2.5197000000
2.3801000000
2.1173000000
1.7391000000
1.2602000000
0.7022100000
0.0904970000
-0.5461600000
-1.1773000000
-1.7722000000
-2.3010000000
-2.7374000000
-3.0605000000
-3.2538000000
-3.3068000000
-3.2178000000
-2.9922000000
-2.6411000000
-2.1820000000
-1.6389000000
-1.0391000000
-0.4124100000
0.2105800000
0.8002200000
1.3280000000
1.7701000000
2.1085000000
2.3305000000
2.4292000000
2.4055000000
2.2675000000
2.0282000000
1.7061000000
1.3244000000
0.9087000000
0.4856000000
0.0811070000
-0.2808100000
-0.5786200000
-0.7962000000
-0.9234500000
-0.9553500000
-0.8933100000
-0.7455400000
-0.5253500000
-0.2506000000
0.0568870000
0.3731300000
0.6731200000
0.9331200000
1.1319000000
1.2514000000
1.2781000000
1.2054000000
1.0320000000
0.7626400000
0.4092700000
-0.0109530000
-0.4763000000
-0.9616900000
-1.4398000000
-1.8826000000
-2.2628000000
-2.5571000000
-2.7458000000
-2.8132000000
-2.7507000000
-2.5576000000
-2.2392000000
-1.8065000000
-1.2782000000
-0.6785900000
-0.0351190000
0.6219500000
1.2614000000
1.8527000000
2.3668000000
2.7795000000
3.0721000000
3.2306000000
3.2479000000
3.1260000000
2.8729000000
2.5023000000
2.0345000000
1.4950000000
0.9118200000
0.3148000000
-0.2663800000
-0.8035000000
-1.2705000000
-1.6469000000
-1.9182000000
-2.0750000000
-2.1145000000
-2.0417000000
-1.8672000000
-1.6069000000
-1.2813000000
-0.9147400000
-0.5327800000
-0.1611000000
0.1761700000
0.4573500000
0.6645700000
0.7860600000
0.8155800000
0.7524300000
0.6028100000
0.3787200000
0.0968680000
-0.2220900000
-0.5543000000
-0.8748700000
-1.1589000000
-1.3839000000
-1.5307000000
-1.5835000000
-1.5328000000
-1.3758000000
-1.1152000000
-0.7601800000
-0.3266100000
0.1647900000
0.6893100000
1.2196000000
1.7271000000
2.1829000000
2.5607000000
2.8384000000
2.9982000000
3.0270000000
2.9196000000
2.6789000000
2.3130000000
1.8368000000
1.2719000000
0.6444400000
-0.0161190000
-0.6787900000
-1.3123000000
-1.8867000000
-2.3746000000
-2.7542000000
-3.0095000000
-3.1291000000
-3.1100000000
-2.9572000000
-2.6813000000
-2.2987000000
-1.8318000000
-1.3071000000
-0.7529100000
-0.1984500000
0.3281100000
0.8003700000
1.1955000000
1.4969000000
1.6935000000
1.7796000000
1.7568000000
1.6337000000
1.4237000000
1.1451000000
0.8203000000
0.4739500000
0.1314500000
-0.1830200000
-0.4475600000
-0.6432100000
-0.7563300000
-0.7793400000
-0.7099100000
-0.5521100000
-0.3165900000
-0.0188950000
0.3211500000
0.6801900000
1.0332000000
1.3543000000
1.6197000000
1.8083000000
1.9028000000
1.8904000000
1.7658000000
1.5300000000
1.1892000000
0.7570200000
0.2531100000
-0.2988200000
-0.8716100000
-1.4362000000
-1.9631000000
-2.4235000000
-2.7922000000
-3.0491000000
-3.1780000000
-3.1690000000
-3.0207000000
-2.7389000000
-2.3348000000
-1.8263000000
-1.2379000000
-0.5970700000
0.0655670000
0.7188100000
1.3321000000
1.8764000000
2.3267000000
2.6643000000
2.8756000000
2.9528000000
2.8967000000
2.7151000000
2.4212000000
2.0337000000
1.5769000000
1.0774000000
0.5636100000
0.0633990000
-0.3970700000
-0.7936900000
-1.1076000000
-1.3262000000
-1.4418000000
-1.4532000000
-1.3663000000
-1.1927000000
-0.9485200000
-0.6544900000
-0.3342900000
-0.0127250000
0.2857700000
0.5388300000
0.7268700000
0.8343800000
0.8520700000
0.7763000000
0.6091400000
0.3594100000
0.0415880000
-0.3252700000
-0.7184900000
-1.1127000000
-1.4816000000
-1.7996000000
-2.0437000000
-2.1950000000
-2.2377000000
-2.1631000000
-1.9698000000
-1.6618000000
-1.2497000000
-0.7508300000
-0.1880100000
0.4123300000
1.0212000000
1.6084000000
2.1440000000
2.5999000000
2.9527000000
3.1842000000
3.2803000000
3.2348000000
3.0500000000
2.7341000000
2.3012000000
1.7724000000
1.1737000000
0.5340600000
-0.1157200000
-0.7447900000
-1.3237000000
-1.8250000000
-2.2271000000
-2.5142000000
-2.6754000000
-2.7071000000
-2.6136000000
-2.4054000000
-2.0980000000
-1.7125000000
-1.2741000000
-0.8095400000
-0.3462500000
0.0896070000
0.4739200000
0.7860300000
1.0113000000
1.1409000000
1.1712000000
1.1056000000
0.9536700000
0.7301100000
0.4538300000
0.1475600000
-0.1644900000
-0.4575500000
-0.7086600000
-0.8975200000
-1.0071000000
-1.0260000000
-0.9490800000
-0.7766100000
-0.5153300000
-0.1784600000
0.2159800000
0.6458200000
1.0858000000
1.5091000000
1.8886000000
2.1994000000
2.4202000000
2.5332000000
2.5258000000
2.3932000000
2.1374000000
1.7657000000
1.2924000000
0.7388100000
0.1299800000
-0.5054500000
-1.1371000000
-1.7344000000
-2.2674000000
-2.7095000000
-3.0395000000
-3.2408000000
-3.3026000000
-3.2223000000
-3.0055000000
-2.6624000000
-2.2105000000
-1.6732000000
-1.0776000000
-0.4534100000
0.1689000000
0.7596500000
1.2904000000
1.7369000000
2.0809000000
2.3095000000
2.4154000000
2.3990000000
2.2682000000
2.0356000000
1.7192000000
1.3421000000
0.9296300000
0.5083600000
0.1042800000
-0.2586400000
-0.5587200000
-0.7795600000
-0.9107900000
-0.9471500000
-0.8896600000
-0.7461800000
-0.5297600000
-0.2580000000
0.0475500000
0.3630000000
0.6634400000
0.9250600000
1.1266000000
1.2497000000
1.2808000000
1.2127000000
1.0441000000
0.7793100000
0.4298100000
0.0125600000
-0.4509600000
-0.9358800000
-1.4150000000
-1.8603000000
-2.2445000000
-2.5440000000
-2.7391000000
-2.8137000000
-2.7588000000
-2.5733000000
-2.2622000000
-1.8363000000
-1.3135000000
-0.7180600000
-0.0771240000
0.5791600000
1.2197000000
1.8139000000
2.3327000000
2.7514000000
3.0514000000
3.2182000000
3.2443000000
3.1311000000
2.8865000000
2.5237000000
2.0625000000
1.5283000000
0.9487300000
0.3536300000
-0.2273800000
-0.7661000000
-1.2363000000
-1.6172000000
-1.8942000000
-2.0573000000
-2.1035000000
-2.0374000000
-1.8693000000
-1.6146000000
-1.2937000000
-0.9306600000
-0.5508400000
-0.1799600000
0.1578400000
0.4408100000
0.6508700000
0.7759200000
0.8095200000
0.7506400000
0.6050800000
0.3845800000
0.1055900000
-0.2114900000
-0.5429800000
-0.8640900000
-1.1499000000
-1.3778000000
-1.5285000000
-1.5860000000
-1.5404000000
-1.3887000000
-1.1332000000
-0.7828000000
-0.3529500000
0.1358700000
0.6591400000
1.1897000000
1.6990000000
2.1584000000
2.5411000000
2.8249000000
2.9919000000
3.0286000000
2.9294000000
2.6966000000
2.3384000000
1.8689000000
1.3093000000
0.6857800000
0.0273850000
-0.6349500000
-1.2700000000
-1.8478000000
-2.3407000000
-2.7268000000
-2.9896000000
-3.1176000000
-3.1071000000
-2.9628000000
-2.6950000000
-2.3196000000
-1.8587000000
-1.3386000000
-0.7873700000
-0.2342000000
0.2927500000
0.7670500000
1.1657000000
1.4716000000
1.6737000000
1.7658000000
1.7491000000
1.6320000000
1.4274000000
1.1533000000
0.8320500000
0.4879700000
0.1464400000
-0.1683300000
-0.4343700000
-0.6325900000
-0.7490700000
-0.7759500000
-0.7106300000
-0.5568400000
-0.3248800000
-0.0300280000
0.3081000000
0.6664100000
1.0199000000
1.3429000000
1.6112000000
1.8040000000
1.9034000000
1.8967000000
1.7780000000
1.5479000000
1.2126000000
0.7849900000
0.2846100000
-0.2651500000
-0.8372800000
-1.4028000000
-1.9325000000
-2.3972000000
-2.7716000000
-3.0353000000
-3.1721000000
-3.1716000000
-3.0318000000
-2.7582000000
-2.3617000000
-1.8599000000
-1.2765000000
-0.6392600000
0.0216360000
0.6750100000
1.2903000000
1.8383000000
2.2940000000
2.6382000000
2.8571000000
2.9425000000
2.8946000000
2.7212000000
2.4347000000
2.0537000000
1.6021000000
1.1065000000
0.5948700000
0.0952610000
-0.3661900000
-0.7652800000
-1.0829000000
-1.3060000000
-1.4269000000
-1.4438000000
-1.3623000000
-1.1937000000
-0.9539200000
-0.6632600000
-0.3453300000
-0.0247560000
0.2739700000
0.5284200000
0.7189500000
0.8297800000
0.8513300000
0.7797100000
0.6166600000
0.3706300000
0.0558240000
-0.3089500000
-0.7012200000
-1.0958000000
-1.4665000000
-1.7874000000
-2.0358000000
-2.1922000000
-2.2410000000
-2.1728000000
-1.9859000000
-1.6842000000
-1.2777000000
-0.7834100000
-0.2238800000
0.3747100000
0.9834700000
1.5723000000
2.1114000000
2.5723000000
2.9314000000
3.1704000000
3.2750000000
3.2382000000
3.0621000000
2.7544000000
2.3290000000
1.8065000000
1.2126000000
0.5760500000
-0.0724300000
-0.7020500000
-1.2834000000
-1.7888000000
-2.1963000000
-2.4900000000
-2.6588000000
-2.6983000000
-2.6126000000
-2.4118000000
-2.1112000000
-1.7313000000
-1.2973000000
-0.8355800000
-0.3736500000
0.0623160000
0.4482400000
0.7632000000
0.9923100000
1.1264000000
1.1616000000
1.1009000000
0.9536700000
0.7341800000
0.4611000000
0.1569700000
-0.1541600000
-0.4475000000
-0.7000600000
-0.8914400000
-1.0044000000
-1.0274000000
-0.9548000000
-0.7867100000
-0.5294600000
-0.1959700000
0.1960100000
0.6245300000
1.0645000000
1.4893000000
1.8717000000
2.1866000000
2.4127000000
2.5320000000
2.5315000000
2.4059000000
2.1571000000
1.7920000000
1.3244000000
0.7751800000
0.1693300000
-0.4647600000
-1.0969000000
-1.6964000000
-2.2334000000
-2.6811000000
-3.0180000000
-3.2273000000
-3.2977000000
-3.2263000000
-3.0181000000
-2.6833000000
-2.2385000000
-1.7071000000
-1.1158000000
-0.4942000000
0.1273200000
0.7190500000
1.2526000000
1.7034000000
2.0529000000
2.2881000000
2.4011000000
2.3921000000
2.2684000000
2.0424000000
1.7319000000
1.3594000000
0.9502700000
0.5309200000
0.1273100000
-0.2365100000
-0.5388000000
-0.7628400000
-0.8979900000
-0.9387800000
-0.8858200000
-0.7466300000
-0.5339900000
-0.2652600000
0.0383220000
0.3529100000
0.6537600000
0.9169500000
1.1211000000
1.2479000000
1.2833000000
1.2199000000
1.0560000000
0.7958100000
0.4502100000
0.0359980000
-0.4256400000
-0.9100000000
-1.3900000000
-1.8378000000
-2.2260000000
-2.5306000000
-2.7319000000
-2.8137000000
-2.7664000000
-2.5885000000
-2.2848000000
-1.8656000000
-1.3485000000
-0.7573000000
-0.1190100000
0.5363800000
1.1778000000
1.7749000000
2.2982000000
2.7230000000
3.0302000000
3.2052000000
3.2401000000
3.1357000000
2.8995000000
2.5445000000
2.0900000000
1.5611000000
0.9853400000
0.3922700000
-0.1884500000
-0.7286700000
-1.2020000000
-1.5874000000
-1.8698000000
-2.0392000000
-2.0922000000
-2.0327000000
-1.8710000000
-1.6220000000
-1.3058000000
-0.9462900000
-0.5686900000
-0.1986700000
0.1395800000
0.4242900000
0.6371100000
0.7656900000
0.8033300000
0.7486900000
0.6071900000
0.3903100000
0.1141900000
-0.2009600000
-0.5316800000
-0.8532700000
-1.1407000000
-1.3715000000
-1.5260000000
-1.5882000000
-1.5477000000
-1.4013000000
-1.1510000000
-0.8052400000
-0.3791600000
0.1070000000
0.6289600000
1.1597000000
1.6705000000
2.1330000000
