-70.0000000000
-807.0000000000
-548.0000000000
-460.0000000000
-1021.0000000000
-1012.0000000000
91.0000000000
1015.0000000000
509.0000000000
-663.0000000000
-914.0000000000
-339.0000000000
-53.0000000000
-365.0000000000
-792.0000000000
-875.0000000000
-223.0000000000
639.0000000000
557.0000000000
-215.0000000000
-689.0000000000
-802.0000000000
-1104.0000000000
-1529.0000000000
-1306.0000000000
-460.0000000000
-40.0000000000
-189.0000000000
-344.0000000000
-334.0000000000
427.0000000000
1997.0000000000
2676.0000000000
1413.0000000000
-433.0000000000
-845.0000000000
-16.0000000000
247.0000000000
-472.0000000000
-587.0000000000
706.0000000000
1119.0000000000
-565.0000000000
-1643.0000000000
-218.0000000000
1599.0000000000
1696.0000000000
584.0000000000
-669.0000000000
-1348.0000000000
-752.0000000000
553.0000000000
914.0000000000
257.0000000000
-132.0000000000
-372.0000000000
-1063.0000000000
-1044.0000000000
-528.0000000000
-537.0000000000
-551.0000000000
-554.0000000000
-797.0000000000
-890.0000000000
-654.0000000000
-104.0000000000
1476.0000000000
2468.0000000000
688.0000000000
-1245.0000000000
-758.0000000000
542.0000000000
637.0000000000
68.0000000000
222.0000000000
728.0000000000
-54.0000000000
-1452.0000000000
-1600.0000000000
-846.0000000000
-195.0000000000
360.0000000000
1110.0000000000
1277.0000000000
862.0000000000
884.0000000000
537.0000000000
-708.0000000000
-1040.0000000000
251.0000000000
1052.0000000000
-137.0000000000
-2203.0000000000
-3012.0000000000
-1658.0000000000
587.0000000000
1608.0000000000
699.0000000000
-925.0000000000
-1470.0000000000
-275.0000000000
1312.0000000000
1741.0000000000
1435.0000000000
398.0000000000
-1407.0000000000
-2005.0000000000
282.0000000000
2612.0000000000
2055.0000000000
-451.0000000000
-2322.0000000000
-2095.0000000000
-935.0000000000
-77.0000000000
564.0000000000
1198.0000000000
1146.0000000000
-110.0000000000
-1613.0000000000
-1665.0000000000
156.0000000000
2358.0000000000
3024.0000000000
1534.0000000000
161.0000000000
28.0000000000
-906.0000000000
-1936.0000000000
-894.0000000000
576.0000000000
616.0000000000
414.0000000000
975.0000000000
1328.0000000000
-66.0000000000
-1778.0000000000
-1147.0000000000
666.0000000000
623.0000000000
-679.0000000000
-633.0000000000
956.0000000000
1579.0000000000
235.0000000000
-418.0000000000
680.0000000000
779.0000000000
-1110.0000000000
-1892.0000000000
-726.0000000000
13.0000000000
-476.0000000000
-317.0000000000
612.0000000000
-54.0000000000
-1700.0000000000
-1343.0000000000
407.0000000000
1411.0000000000
1539.0000000000
1331.0000000000
150.0000000000
-2091.0000000000
-3161.0000000000
-1843.0000000000
237.0000000000
1340.0000000000
1240.0000000000
408.0000000000
-1048.0000000000
-2007.0000000000
-1053.0000000000
436.0000000000
55.0000000000
-1233.0000000000
-523.0000000000
1147.0000000000
930.0000000000
-337.0000000000
-744.0000000000
26.0000000000
1233.0000000000
787.0000000000
-756.0000000000
-272.0000000000
1185.0000000000
254.0000000000
-1934.0000000000
-2527.0000000000
-740.0000000000
1616.0000000000
2265.0000000000
1883.0000000000
1620.0000000000
610.0000000000
-1371.0000000000
-1959.0000000000
-347.0000000000
840.0000000000
809.0000000000
1009.0000000000
1114.0000000000
277.0000000000
-551.0000000000
-772.0000000000
-920.0000000000
-493.0000000000
1284.0000000000
2392.0000000000
871.0000000000
-1516.0000000000
-2002.0000000000
-458.0000000000
861.0000000000
510.0000000000
-177.0000000000
685.0000000000
1999.0000000000
1004.0000000000
-1076.0000000000
-1626.0000000000
-962.0000000000
-123.0000000000
684.0000000000
737.0000000000
-460.0000000000
-1060.0000000000
-150.0000000000
555.0000000000
-193.0000000000
-1152.0000000000
-673.0000000000
947.0000000000
1405.0000000000
-131.0000000000
-1295.0000000000
-639.0000000000
521.0000000000
1150.0000000000
1559.0000000000
904.0000000000
-604.0000000000
-1046.0000000000
-472.0000000000
112.0000000000
591.0000000000
103.0000000000
-1498.0000000000
-1902.0000000000
-472.0000000000
304.0000000000
-542.0000000000
-791.0000000000
504.0000000000
1063.0000000000
-581.0000000000
-959.0000000000
779.0000000000
1376.0000000000
180.0000000000
-795.0000000000
-848.0000000000
-204.0000000000
380.0000000000
306.0000000000
643.0000000000
1304.0000000000
526.0000000000
-611.0000000000
-305.0000000000
-216.0000000000
-698.0000000000
-434.0000000000
137.0000000000
349.0000000000
428.0000000000
491.0000000000
502.0000000000
426.0000000000
705.0000000000
1220.0000000000
760.0000000000
-191.0000000000
-692.0000000000
-1195.0000000000
-1834.0000000000
-1598.0000000000
-306.0000000000
911.0000000000
1375.0000000000
774.0000000000
-429.0000000000
-620.0000000000
-68.0000000000
-254.0000000000
-410.0000000000
324.0000000000
943.0000000000
259.0000000000
-1070.0000000000
-1308.0000000000
-156.0000000000
695.0000000000
58.0000000000
-1008.0000000000
-959.0000000000
-18.0000000000
661.0000000000
679.0000000000
150.0000000000
179.0000000000
730.0000000000
499.0000000000
-562.0000000000
-1565.0000000000
-1196.0000000000
228.0000000000
1131.0000000000
500.0000000000
-827.0000000000
-1345.0000000000
-1073.0000000000
-646.0000000000
341.0000000000
1180.0000000000
809.0000000000
-137.0000000000
-386.0000000000
-112.0000000000
189.0000000000
598.0000000000
35.0000000000
-716.0000000000
49.0000000000
1175.0000000000
804.0000000000
-695.0000000000
-1948.0000000000
-1830.0000000000
-768.0000000000
-28.0000000000
228.0000000000
1029.0000000000
1670.0000000000
979.0000000000
-221.0000000000
-355.0000000000
925.0000000000
1560.0000000000
424.0000000000
-532.0000000000
-1018.0000000000
-1459.0000000000
-1087.0000000000
-420.0000000000
310.0000000000
1500.0000000000
1537.0000000000
-121.0000000000
-1354.0000000000
-400.0000000000
1534.0000000000
1680.0000000000
-350.0000000000
-1838.0000000000
-1160.0000000000
-4.0000000000
761.0000000000
1214.0000000000
479.0000000000
-543.0000000000
-1022.0000000000
-1500.0000000000
-1410.0000000000
-636.0000000000
344.0000000000
1318.0000000000
1024.0000000000
-85.0000000000
-422.0000000000
140.0000000000
990.0000000000
907.0000000000
-200.0000000000
-793.0000000000
-957.0000000000
-1251.0000000000
-441.0000000000
1433.0000000000
2033.0000000000
296.0000000000
-2382.0000000000
-3107.0000000000
-1243.0000000000
872.0000000000
1928.0000000000
1907.0000000000
1036.0000000000
576.0000000000
1396.0000000000
1784.0000000000
351.0000000000
-1455.0000000000
-1852.0000000000
-1347.0000000000
-170.0000000000
359.0000000000
-395.0000000000
-795.0000000000
-454.0000000000
-138.0000000000
-258.0000000000
-284.0000000000
256.0000000000
714.0000000000
932.0000000000
1284.0000000000
632.0000000000
-962.0000000000
-1022.0000000000
746.0000000000
972.0000000000
-1027.0000000000
-2546.0000000000
-2170.0000000000
-540.0000000000
370.0000000000
-288.0000000000
-819.0000000000
-272.0000000000
541.0000000000
797.0000000000
716.0000000000
619.0000000000
-127.0000000000
-1356.0000000000
-1520.0000000000
-278.0000000000
743.0000000000
971.0000000000
604.0000000000
-227.0000000000
-203.0000000000
558.0000000000
1145.0000000000
1690.0000000000
1495.0000000000
296.0000000000
-1318.0000000000
-1749.0000000000
-221.0000000000
1081.0000000000
1199.0000000000
899.0000000000
16.0000000000
-834.0000000000
-1014.0000000000
302.0000000000
2298.0000000000
1448.0000000000
-1475.0000000000
-1953.0000000000
-637.0000000000
-852.0000000000
-1357.0000000000
72.0000000000
2147.0000000000
2335.0000000000
1067.0000000000
-358.0000000000
-1285.0000000000
-443.0000000000
906.0000000000
789.0000000000
-321.0000000000
-483.0000000000
183.0000000000
-22.0000000000
-413.0000000000
-450.0000000000
-834.0000000000
-1013.0000000000
-650.0000000000
-125.0000000000
258.0000000000
48.0000000000
-432.0000000000
-76.0000000000
134.0000000000
-586.0000000000
-296.0000000000
969.0000000000
1302.0000000000
1041.0000000000
219.0000000000
-723.0000000000
-1034.0000000000
-1042.0000000000
-188.0000000000
1244.0000000000
958.0000000000
-629.0000000000
-524.0000000000
828.0000000000
649.0000000000
-651.0000000000
-708.0000000000
526.0000000000
891.0000000000
367.0000000000
402.0000000000
732.0000000000
26.0000000000
-997.0000000000
-1053.0000000000
-425.0000000000
112.0000000000
444.0000000000
618.0000000000
498.0000000000
-185.0000000000
-600.0000000000
-375.0000000000
-160.0000000000
-116.0000000000
-134.0000000000
-366.0000000000
-554.0000000000
-836.0000000000
-858.0000000000
-752.0000000000
-183.0000000000
1012.0000000000
959.0000000000
-761.0000000000
-1630.0000000000
-868.0000000000
434.0000000000
750.0000000000
-471.0000000000
-1587.0000000000
-267.0000000000
1758.0000000000
980.0000000000
-1357.0000000000
-1822.0000000000
-328.0000000000
687.0000000000
737.0000000000
259.0000000000
-488.0000000000
-406.0000000000
514.0000000000
695.0000000000
-330.0000000000
-1069.0000000000
-430.0000000000
1041.0000000000
1542.0000000000
992.0000000000
56.0000000000
-597.0000000000
-293.0000000000
-231.0000000000
-1392.0000000000
-1564.0000000000
-310.0000000000
480.0000000000
1214.0000000000
2079.0000000000
1114.0000000000
-492.0000000000
-727.0000000000
-661.0000000000
-779.0000000000
647.0000000000
2109.0000000000
983.0000000000
-1135.0000000000
-1125.0000000000
520.0000000000
1049.0000000000
84.0000000000
-364.0000000000
449.0000000000
1126.0000000000
310.0000000000
-737.0000000000
-277.0000000000
-51.0000000000
-1473.0000000000
-1342.0000000000
982.0000000000
1411.0000000000
-306.0000000000
-711.0000000000
330.0000000000
672.0000000000
-115.0000000000
-735.0000000000
-201.0000000000
797.0000000000
1272.0000000000
776.0000000000
-18.0000000000
-466.0000000000
-746.0000000000
-780.0000000000
-861.0000000000
-188.0000000000
1140.0000000000
1067.0000000000
-894.0000000000
-1942.0000000000
-888.0000000000
42.0000000000
139.0000000000
556.0000000000
554.0000000000
-252.0000000000
-472.0000000000
-202.0000000000
-115.0000000000
-704.0000000000
-999.0000000000
-176.0000000000
741.0000000000
1022.0000000000
63.0000000000
-790.0000000000
223.0000000000
716.0000000000
-1067.0000000000
-1768.0000000000
384.0000000000
2003.0000000000
1005.0000000000
-933.0000000000
-1456.0000000000
-560.0000000000
140.0000000000
272.0000000000
326.0000000000
489.0000000000
-148.0000000000
-1126.0000000000
-1009.0000000000
21.0000000000
532.0000000000
497.0000000000
642.0000000000
120.0000000000
-241.0000000000
972.0000000000
1908.0000000000
532.0000000000
-1622.0000000000
-1636.0000000000
-233.0000000000
322.0000000000
352.0000000000
194.0000000000
-24.0000000000
72.0000000000
-332.0000000000
-1179.0000000000
-624.0000000000
694.0000000000
538.0000000000
-599.0000000000
-1060.0000000000
-302.0000000000
1230.0000000000
1669.0000000000
508.0000000000
-586.0000000000
-695.0000000000
-28.0000000000
817.0000000000
170.0000000000
-1362.0000000000
-1149.0000000000
-282.0000000000
-803.0000000000
-1192.0000000000
-437.0000000000
724.0000000000
1339.0000000000
1168.0000000000
724.0000000000
335.0000000000
-560.0000000000
-1158.0000000000
-719.0000000000
218.0000000000
1089.0000000000
1404.0000000000
888.0000000000
308.0000000000
597.0000000000
838.0000000000
508.0000000000
261.0000000000
98.0000000000
-490.0000000000
-1421.0000000000
-1226.0000000000
-180.0000000000
98.0000000000
-233.0000000000
-488.0000000000
-513.0000000000
-99.0000000000
362.0000000000
600.0000000000
550.0000000000
240.0000000000
530.0000000000
1482.0000000000
1110.0000000000
-523.0000000000
-532.0000000000
31.0000000000
-788.0000000000
-1181.0000000000
-324.0000000000
432.0000000000
663.0000000000
236.0000000000
-494.0000000000
-781.0000000000
-738.0000000000
-629.0000000000
152.0000000000
1074.0000000000
782.0000000000
-325.0000000000
-511.0000000000
731.0000000000
1560.0000000000
471.0000000000
-1198.0000000000
-1296.0000000000
220.0000000000
951.0000000000
-130.0000000000
-1269.0000000000
-1346.0000000000
-1007.0000000000
-351.0000000000
411.0000000000
-42.0000000000
-1322.0000000000
-1531.0000000000
31.0000000000
985.0000000000
585.0000000000
514.0000000000
968.0000000000
335.0000000000
-250.0000000000
625.0000000000
1246.0000000000
211.0000000000
-979.0000000000
-952.0000000000
-1012.0000000000
-1212.0000000000
317.0000000000
2127.0000000000
2088.0000000000
425.0000000000
-916.0000000000
-1613.0000000000
-1774.0000000000
-521.0000000000
957.0000000000
1718.0000000000
1637.0000000000
182.0000000000
-1023.0000000000
-493.0000000000
391.0000000000
641.0000000000
423.0000000000
4.0000000000
-487.0000000000
-1002.0000000000
-783.0000000000
-442.0000000000
-685.0000000000
-1149.0000000000
-1542.0000000000
-1191.0000000000
7.0000000000
282.0000000000
-257.0000000000
289.0000000000
1077.0000000000
1364.0000000000
1743.0000000000
1414.0000000000
350.0000000000
-392.0000000000
165.0000000000
1000.0000000000
73.0000000000
-1426.0000000000
-1722.0000000000
-1472.0000000000
-728.0000000000
351.0000000000
791.0000000000
-11.0000000000
-1209.0000000000
-1032.0000000000
72.0000000000
382.0000000000
-169.0000000000
-852.0000000000
-473.0000000000
545.0000000000
1237.0000000000
1074.0000000000
45.0000000000
-421.0000000000
-356.0000000000
-592.0000000000
-740.0000000000
-431.0000000000
352.0000000000
388.0000000000
-367.0000000000
-843.0000000000
-351.0000000000
347.0000000000
648.0000000000
1164.0000000000
1412.0000000000
575.0000000000
91.0000000000
338.0000000000
640.0000000000
1173.0000000000
1004.0000000000
-333.0000000000
-1345.0000000000
-1393.0000000000
-1164.0000000000
-733.0000000000
-319.0000000000
-665.0000000000
-1032.0000000000
-545.0000000000
-63.0000000000
822.0000000000
2479.0000000000
2588.0000000000
1088.0000000000
-523.0000000000
-1131.0000000000
-145.0000000000
589.0000000000
-103.0000000000
-1141.0000000000
-1184.0000000000
-1046.0000000000
-1148.0000000000
18.0000000000
1635.0000000000
2129.0000000000
954.0000000000
-696.0000000000
-976.0000000000
439.0000000000
1961.0000000000
1691.0000000000
350.0000000000
-614.0000000000
-1578.0000000000
-2635.0000000000
-2425.0000000000
-1112.0000000000
568.0000000000
1836.0000000000
1912.0000000000
1160.0000000000
460.0000000000
-379.0000000000
-1565.0000000000
-2540.0000000000
-1762.0000000000
196.0000000000
742.0000000000
-66.0000000000
-46.0000000000
128.0000000000
-905.0000000000
-1362.0000000000
-676.0000000000
-435.0000000000
-812.0000000000
-361.0000000000
602.0000000000
1342.0000000000
2143.0000000000
2060.0000000000
865.0000000000
143.0000000000
1000.0000000000
1548.0000000000
-339.0000000000
-1402.0000000000
-81.0000000000
48.0000000000
-1527.0000000000
-1415.0000000000
172.0000000000
785.0000000000
333.0000000000
190.0000000000
-386.0000000000
-1614.0000000000
-1037.0000000000
322.0000000000
-304.0000000000
-1688.0000000000
-1452.0000000000
797.0000000000
3055.0000000000
3326.0000000000
2579.0000000000
2120.0000000000
1236.0000000000
-161.0000000000
-1095.0000000000
-1653.0000000000
-1998.0000000000
-1909.0000000000
-1219.0000000000
-180.0000000000
183.0000000000
8.0000000000
-345.0000000000
-911.0000000000
-383.0000000000
952.0000000000
1580.0000000000
1075.0000000000
-191.0000000000
-1468.0000000000
-1121.0000000000
498.0000000000
617.0000000000
-716.0000000000
-737.0000000000
577.0000000000
725.0000000000
-700.0000000000
-1350.0000000000
-197.0000000000
1270.0000000000
1672.0000000000
262.0000000000
-1252.0000000000
-1139.0000000000
-312.0000000000
354.0000000000
754.0000000000
1213.0000000000
1145.0000000000
36.0000000000
-1137.0000000000
-1302.0000000000
-471.0000000000
159.0000000000
-439.0000000000
-1193.0000000000
-215.0000000000
1408.0000000000
1231.0000000000
55.0000000000
-343.0000000000
-231.0000000000
37.0000000000
892.0000000000
1802.0000000000
994.0000000000
-714.0000000000
-855.0000000000
-212.0000000000
-376.0000000000
-520.0000000000
-130.0000000000
268.0000000000
496.0000000000
-387.0000000000
-1533.0000000000
-658.0000000000
933.0000000000
941.0000000000
-451.0000000000
-1050.0000000000
-83.0000000000
776.0000000000
486.0000000000
-285.0000000000
-1238.0000000000
-1889.0000000000
-1016.0000000000
113.0000000000
228.0000000000
-38.0000000000
-1135.0000000000
-2195.0000000000
-872.0000000000
1145.0000000000
1193.0000000000
184.0000000000
156.0000000000
795.0000000000
467.0000000000
-780.0000000000
