-0.7248600000
0.6151400000
-0.5207600000
0.6103100000
-0.8568300000
0.0626280000
0.0494290000
-0.4259100000
0.3038700000
-1.2119000000
-1.2781000000
0.0268040000
-0.1068800000
-0.0443820000
0.1246300000
-0.9028300000
0.3912900000
0.1357900000
0.2493500000
0.2924300000
0.0460470000
0.3421000000
-0.8244600000
0.4525400000
0.0588920000
0.4069400000
-0.3727600000
0.4071800000
-1.1486000000
-1.0839000000
0.5774700000
-0.2194500000
0.4864000000
-0.9319900000
-0.0716170000
-0.0756290000
-0.4465300000
0.2857900000
-1.2252000000
-1.3260000000
-0.1419900000
-0.2353900000
-0.4016100000
0.1521200000
-1.2269000000
-1.1194000000
0.5292100000
-0.1177500000
0.4697400000
-0.7836100000
0.4552400000
0.0521630000
0.4124700000
-0.4486100000
0.4975600000
-1.1235000000
-1.1022000000
0.5236000000
-0.1022200000
0.4648200000
-0.7681600000
0.4932100000
-0.0407940000
0.4236800000
-0.8160600000
0.4117200000
0.1253100000
0.3168100000
0.1239000000
0.3761600000
-0.5090800000
0.5562900000
-1.0970000000
-1.0597000000
0.6084300000
-0.3022600000
0.5172500000
-0.9608000000
-0.2492800000
-0.1650900000
-0.8185700000
0.6773000000
-0.7069000000
0.4144700000
0.1254500000
0.3418000000
0.0082165000
0.3416800000
-0.8828300000
0.2827700000
0.1783700000
-0.1231400000
0.1855000000
-1.0382000000
-0.1855100000
-0.1687900000
-0.6054800000
0.5457800000
-1.1600000000
-1.4431000000
-0.6698700000
0.4479000000
-1.2279000000
-1.7914000000
-1.9392000000
-1.8458000000
-1.3945000000
0.0905100000
-0.1622500000
0.1339100000
0.2610900000
-0.6927000000
0.6615500000
-0.8220900000
0.1101500000
0.0959760000
-0.4333400000
0.3354300000
-1.2048000000
-1.2917000000
-0.0284850000
-0.1523900000
-0.1189700000
0.0650290000
-0.9439400000
0.3057400000
0.1628300000
-0.0217750000
0.2372700000
-0.9461400000
0.1527300000
0.1000900000
-0.2983800000
0.1767300000
-1.1676000000
-0.8298100000
0.7466400000
-1.0893000000
-1.5051000000
-0.9970100000
0.8073300000
-0.9030500000
-0.5888200000
0.3193800000
-1.2640000000
-1.6515000000
-1.4027000000
-0.0850580000
-0.2490700000
-0.2440200000
0.0159030000
-1.0568000000
-0.0908680000
-0.1178000000
-0.3834700000
0.1723300000
-1.2161000000
-1.0893000000
0.5936900000
-0.2598900000
0.5026700000
-0.9430300000
-0.1441800000
-0.1271400000
-0.5547300000
0.4660300000
-1.1903000000
-1.4637000000
-0.7258200000
0.5746300000
-1.1768000000
-1.7785000000
-1.9487000000
-1.8869000000
-1.5202000000
-0.3010600000
-0.2656600000
-1.1125000000
-0.0698100000
-0.1167600000
-0.3103600000
0.0952040000
-1.1624000000
-0.6930100000
0.5185500000
-1.2006000000
-1.7333000000
-1.7694000000
-1.3494000000
0.1799400000
-0.0856900000
0.2123900000
0.3137800000
-0.4205700000
0.4159400000
-1.1656000000
-1.2018000000
0.2594800000
0.0518660000
0.1195700000
0.3073300000
-0.7155400000
0.6418600000
-0.6655200000
0.5282300000
-0.1905700000
0.4046400000
-1.0363000000
-0.4575900000
0.0014357000
-1.2761000000
-1.1705000000
0.4191700000
0.0170290000
0.3838400000
-0.0696260000
0.3196400000
-0.9873800000
-0.1074700000
-0.1134400000
-0.4582100000
0.2911000000
-1.2283000000
-1.3538000000
-0.2474700000
-0.2618100000
-0.7936700000
0.7060600000
-0.8881100000
-0.2478800000
-0.1487000000
-0.8388300000
0.6528200000
-0.5784200000
0.5940800000
-0.5782900000
0.6190600000
-0.7522300000
0.3865100000
0.1617300000
0.2368900000
0.3047000000
-0.0049020000
0.3141100000
-0.9180700000
0.1846300000
0.1283900000
-0.2913600000
0.1847500000
-1.1638000000
-0.8201800000
0.7367600000
-1.0973000000
-1.5376000000
-1.1231000000
0.6516500000
-0.4060600000
0.5725100000
-0.8183400000
0.2535800000
0.1876500000
-0.2371600000
0.1854700000
-1.1289000000
-0.6358700000
0.3891600000
-1.2480000000
-1.7266000000
-1.6966000000
-1.0966000000
0.7513700000
-0.6705000000
0.3257900000
0.2177400000
-0.0206140000
0.2618200000
-0.9475900000
0.1233700000
0.0783770000
-0.3179000000
0.1827200000
-1.1795000000
-0.9024400000
0.7860000000
-1.0025000000
-1.0472000000
0.5969100000
-0.2729700000
0.5004700000
-0.9691100000
-0.2637400000
-0.1663900000
-0.8589400000
0.6319200000
-0.4765100000
0.5957100000
-0.8918600000
-0.0579540000
-0.0570620000
-0.4623100000
0.3203400000
-1.2208000000
-1.3618000000
-0.2850800000
-0.2519700000
-0.9321800000
0.5290000000
-0.1077000000
0.4408400000
-0.8875500000
0.1661300000
0.1238000000
-0.3375500000
0.2223200000
-1.1885000000
-1.0107000000
0.7209400000
-0.6646300000
0.4188300000
0.1165300000
0.3620600000
-0.1036600000
0.2898200000
-1.0279000000
-0.2602500000
-0.1800600000
-0.8331600000
0.6675000000
-0.6466000000
0.5266400000
-0.1945200000
0.4025100000
-1.0414000000
-0.4809400000
0.0447490000
-1.2920000000
-1.3196000000
-0.0652070000
-0.1907500000
-0.1837500000
0.0326550000
-0.9970000000
0.1412000000
0.0787430000
-0.2580700000
0.1432300000
-1.1362000000
-0.6185900000
0.3457000000
-1.2624000000
-1.7180000000
-1.6507000000
-0.9374200000
0.8463100000
-1.0269000000
-1.3991000000
-0.6121400000
0.3056200000
-1.2802000000
-1.7665000000
-1.8028000000
-1.4306000000
-0.0618920000
-0.2593400000
-0.1949300000
0.0104680000
-0.9864600000
0.1994500000
0.1184600000
-0.2109500000
0.1472900000
-1.1015000000
-0.4464600000
-0.0318240000
-1.2689000000
-1.0871000000
0.6195100000
-0.3274600000
0.5347700000
-0.9348300000
-0.1541100000
-0.1309000000
-0.5802900000
0.5116700000
-1.1731000000
-1.4515000000
-0.6918100000
0.4994100000
-1.2074000000
-1.7892000000
-1.9530000000
-1.8892000000
-1.5230000000
-0.3086700000
-0.2587100000
-1.1346000000
-0.1714400000
-0.1865600000
-0.5272800000
0.3939800000
-1.2154000000
-1.4740000000
-0.7436200000
0.6114100000
-1.1616000000
-1.7702000000
-1.9367000000
-1.8591000000
-1.4415000000
-0.0539640000
-0.2654000000
-0.1828800000
0.0105120000
-0.9686100000
0.2632500000
0.1502900000
-0.1149700000
0.1762000000
-1.0270000000
-0.1238900000
-0.1333600000
-0.4633400000
0.2925200000
-1.2298000000
-1.3658000000
-0.2933700000
-0.2487100000
-0.9621700000
0.4520800000
0.0505540000
0.4020400000
-0.2713000000
0.3213600000
-1.1347000000
-0.8617600000
0.7704100000
-1.0524000000
-1.3115000000
-0.2271200000
-0.2512500000
-0.7023500000
0.6671300000
-1.0779000000
-1.1907000000
0.2399900000
0.0544210000
0.0758340000
0.2759100000
-0.8104100000
0.5263700000
-0.1260000000
0.4221300000
-0.9518200000
-0.0743750000
-0.0818330000
-0.4351200000
0.2642400000
-1.2262000000
-1.2943000000
-0.0218910000
-0.1491600000
-0.1056200000
0.0726890000
-0.9335900000
0.3337700000
0.1616100000
0.0607790000
0.3007400000
-0.8302200000
0.4668500000
0.0303720000
0.4218900000
-0.5301500000
0.5911300000
-1.0532000000
-0.8715300000
0.7705400000
-1.0234000000
-1.1268000000
0.4069800000
0.0517300000
0.3447600000
0.0803450000
0.3790600000
-0.6753500000
0.6455900000
-0.7488800000
0.3612300000
0.1857200000
0.1332100000
0.3493300000
-0.6142000000
0.6439700000
-0.9668400000
-0.5025300000
0.1059500000
-1.2943000000
-1.4281000000
-0.4843000000
0.0045184000
-1.3317000000
-1.4783000000
-0.6502700000
0.4026700000
-1.2453000000
-1.7977000000
-1.9424000000
-1.8491000000
-1.4022000000
0.0682280000
-0.1788300000
0.1016600000
0.2303300000
-0.7470800000
0.6387500000
-0.6107300000
0.5860900000
-0.4932400000
0.5978700000
-0.9552400000
-0.3558600000
-0.1188900000
-1.1132000000
-0.2098400000
-0.1949000000
-0.6513000000
0.6124200000
-1.1236000000
-1.3556000000
-0.3438600000
-0.2098800000
-1.1106000000
-0.1118600000
-0.1462400000
-0.3886200000
0.1680200000
-1.2191000000
-1.0995000000
0.5725100000
-0.2081200000
0.4859900000
-0.9146300000
0.0037576000
-0.0115460000
-0.4006900000
0.2400200000
-1.2165000000
-1.1972000000
0.3055700000
0.0558930000
0.1932100000
0.3334700000
-0.4307100000
0.4387200000
-1.1573000000
-1.1943000000
0.2783500000
0.0582880000
0.1413700000
0.3214200000
-0.6490900000
0.6558500000
-0.9044300000
-0.2194400000
-0.1492300000
-0.7549600000
0.6982200000
-0.9366800000
-0.4630900000
0.0345680000
-1.2760000000
-1.2170000000
0.2794500000
0.0438450000
0.1709900000
0.3292700000
-0.5437900000
0.5829100000
-1.0840000000
-1.0365000000
0.6484200000
-0.4250500000
0.5783300000
-0.8748400000
0.0395680000
0.0264290000
-0.4191200000
0.2835700000
-1.2148000000
-1.2598000000
0.0946310000
-0.0519300000
0.0100740000
0.1854300000
-0.8777200000
0.4211700000
0.1063800000
0.3391400000
0.0481770000
0.3637300000
-0.7904000000
0.5152000000
-0.0980750000
0.4205300000
-0.9192200000
0.0661010000
0.0393750000
-0.3708000000
0.2217800000
-1.2053000000
-1.1041000000
0.5558200000
-0.1703200000
0.4772200000
-0.8777000000
0.1612200000
0.1227200000
-0.3505400000
0.2356500000
-1.1935000000
-1.0593000000
0.6454600000
-0.4069800000
0.5716000000
-0.8837200000
0.0133760000
0.0026624000
-0.4220600000
0.2780500000
-1.2174000000
-1.2659000000
0.0748920000
-0.0678520000
-0.0023211000
0.1699500000
-0.8838800000
0.4145500000
0.1140800000
0.3208000000
0.1190000000
0.3772700000
-0.5292000000
0.5791500000
-1.0776000000
-0.9901800000
0.7173100000
-0.6725900000
0.4132000000
0.1268800000
0.3451700000
-0.0132000000
0.3298700000
-0.9197900000
0.1625400000
0.1134700000
-0.3135100000
0.1949600000
-1.1770000000
-0.9064700000
0.7859700000
-0.9947600000
-1.0023000000
0.6765300000
-0.5319600000
0.5890500000
-0.6157600000
0.6098800000
-0.6216800000
0.5963500000
-0.5363200000
0.6155600000
-0.8616600000
0.0353370000
0.0254740000
-0.4316700000
0.3027500000
-1.2146000000
-1.2918000000
-0.0215690000
-0.1476700000
-0.1065600000
0.0726350000
-0.9349600000
0.3294200000
0.1623300000
0.0471390000
0.2906100000
-0.8548800000
0.4099800000
0.1234900000
0.3085400000
0.1557800000
0.3643800000
-0.3204100000
0.3319000000
-1.1567000000
-1.0030000000
0.7221900000
-0.6755800000
0.3979600000
0.1510700000
0.2949700000
0.1793900000
0.3464000000
-0.1721800000
0.2630900000
-1.0856000000
-0.5137600000
0.1045300000
-1.3041000000
-1.4828000000
-0.6947100000
0.5075900000
-1.2036000000
-1.7937000000
-1.9713000000
-1.9383000000
-1.6603000000
-0.7494800000
0.6497100000
-1.1392000000
-1.7931000000
-2.0353000000
-2.1138000000
-2.0988000000
-1.9844000000
-1.6681000000
-0.7300500000
0.6158500000
-1.1522000000
-1.8033000000
-2.0548000000
-2.1539000000
-2.1803000000
-2.1571000000
-2.0744000000
-1.8726000000
-1.3376000000
0.2841200000
-0.0751810000
0.3283700000
0.2004100000
0.2940000000
0.1332300000
0.3715300000
-0.4954500000
0.5385000000
-1.1099000000
-1.1014000000
0.5190700000
-0.0932160000
0.4631700000
-0.7476400000
0.5338400000
-0.1724800000
0.4146700000
-1.0104000000
-0.3406900000
-0.1441200000
-1.0711000000
-0.0028272000
-0.0527950000
-0.2669900000
0.0930190000
-1.1275000000
-0.5108600000
0.0902550000
-1.3071000000
-1.4762000000
-0.6653100000
0.4386900000
-1.2313000000
-1.7976000000
-1.9560000000
-1.8898000000
-1.5220000000
-0.3046000000
-0.2625000000
-1.1235000000
-0.1195300000
-0.1547500000
-0.3980200000
0.1778400000
-1.2234000000
-1.1386000000
0.4788700000
-0.0377380000
0.4468100000
-0.5026700000
0.5709400000
-1.0681000000
-0.9174400000
0.7718600000
-0.9351900000
-0.6397200000
0.4333200000
-1.2294000000
-1.6911000000
-1.5870000000
-0.7273900000
0.5904500000
-1.1668000000
-1.7962000000
-2.0168000000
-2.0627000000
-1.9805000000
-1.6946000000
-0.8277500000
0.7774800000
-1.0874000000
-1.7359000000
-1.8970000000
-1.7711000000
-1.1846000000
0.6212300000
-0.3371600000
0.5498900000
-0.8176200000
0.2832600000
0.1945200000
-0.1536600000
0.1843100000
-1.0651000000
-0.3117400000
-0.1744100000
-0.9854600000
0.3381700000
0.1452200000
0.0989700000
0.3217400000
-0.7472900000
0.6068100000
-0.4618500000
0.5847900000
-0.9612000000
-0.3623600000
-0.1142700000
-1.1274000000
-0.2798700000
-0.2000000000
-0.8796100000
0.6115200000
-0.3852000000
0.5434400000
-0.9990400000
-0.4839400000
0.0600920000
-1.2908000000
-1.3362000000
-0.1285500000
-0.2337800000
-0.3593400000
0.0979380000
-1.1983000000
-0.8860900000
0.7842500000
-1.0317000000
-1.2194000000
0.1093000000
-0.0215770000
-0.0256770000
0.1658700000
-0.9153500000
0.3227300000
0.1690300000
0.0165260000
0.2692400000
-0.9011000000
0.2856600000
0.1739000000
-0.1046300000
0.1911000000
-1.0224000000
-0.1192300000
-0.1292600000
-0.4570100000
0.2828600000
-1.2301000000
-1.3504000000
-0.2324100000
-0.2626000000
-0.7359600000
0.6937400000
-1.0298000000
-0.9614200000
0.7374300000
-0.7668200000
0.1450800000
0.1355000000
-0.4491100000
0.3771400000
-1.1951000000
-1.3095000000
-0.1029600000
-0.2086300000
-0.2830600000
0.0437880000
-1.1184000000
-0.4078200000
-0.0955350000
-1.2164000000
-0.7344700000
0.6003900000
-1.1678000000
-1.7205000000
-1.7581000000
-1.3231000000
0.2537200000
-0.0501610000
0.2715800000
0.2890300000
-0.0368080000
0.2847900000
-0.9640300000
0.0332650000
0.0025176000
-0.3435200000
0.1742600000
-1.1941000000
-0.9702400000
0.7643900000
-0.8371800000
-0.1728700000
-0.1196400000
-0.6745600000
0.6520200000
-1.0790000000
-1.1606000000
0.3373700000
0.0719870000
0.2194600000
0.3274800000
-0.2606600000
0.2698700000
-1.1412000000
-0.8195800000
0.7364700000
-1.0960000000
-1.5244000000
-1.0699000000
0.7366600000
-0.6568600000
0.3920600000
0.1597500000
0.2776600000
0.2245100000
0.2798200000
0.1604100000
0.3621700000
-0.3514600000
0.3595800000
-1.1612000000
-1.0749000000
0.6021400000
-0.2829200000
0.5103200000
-0.9538100000
-0.2055400000
-0.1566600000
-0.6965900000
0.6696300000
-1.0591000000
-1.0795000000
0.5490100000
-0.1520200000
0.4691800000
-0.8739100000
0.1844600000
0.1392800000
-0.3278000000
0.2199900000
-1.1836000000
-0.9800100000
0.7538900000
-0.7950400000
0.0118540000
0.0183130000
-0.4936400000
0.4047000000
-1.1994000000
-1.3913000000
-0.4213900000
-0.1131700000
-1.2768000000
-1.0219000000
0.7306300000
-0.6829600000
0.3658000000
0.1891400000
0.1611000000
0.3535800000
-0.4806900000
0.5133700000
-1.1268000000
-1.1540000000
0.3846300000
0.0539520000
0.3135900000
0.1853200000
0.3332100000
-0.0634700000
0.2923900000
-0.9901700000
-0.0881260000
-0.1003200000
-0.4257500000
0.2416200000
-1.2273000000
-1.2624000000
0.0943180000
-0.0535920000
0.0128260000
0.1872700000
-0.8748700000
0.4277300000
0.0976400000
0.3558900000
-0.0275470000
0.3268700000
-0.9388000000
0.0916310000
0.0557670000
-0.3425100000
0.1964300000
-1.1930000000
-0.9968300000
0.7389100000
-0.7321800000
0.2382400000
0.2017200000
-0.3182500000
0.2416400000
-1.1764000000
-0.9723400000
0.7590800000
-0.8194200000
-0.0896500000
-0.0668370000
-0.5480300000
0.4727100000
-1.1844000000
-1.4384000000
-0.6271000000
0.3435400000
-1.2675000000
-1.7839000000
-1.8744000000
-1.6508000000
-0.7801500000
0.7000800000
-1.1199000000
-1.7729000000
-1.9891000000
-2.0085000000
-1.8543000000
-1.3487000000
0.2393400000
-0.0817300000
0.2849200000
0.2763600000
0.0230140000
0.3197800000
-0.8780300000
0.3177900000
0.1794300000
-0.0155580000
0.2488500000
-0.9406300000
0.1627400000
0.1083700000
-0.2946300000
0.1777800000
-1.1654000000
-0.8192400000
0.7357200000
-1.0982000000
-1.5419000000
-1.1397000000
0.6200900000
-0.3257100000
0.5412000000
-0.8890400000
0.0352010000
0.0199110000
-0.4087300000
0.2651600000
-1.2149000000
-1.2293000000
0.2001800000
0.0195720000
0.0755350000
0.2646100000
-0.8104900000
0.5325100000
-0.1449300000
0.4224100000
-0.9729400000
-0.1707300000
-0.1475200000
-0.5978400000
0.5380100000
-1.1625000000
-1.4408000000
-0.6581100000
0.4196300000
-1.2390000000
-1.7911000000
-1.9272000000
-1.8095000000
-1.2849000000
0.3954700000
-0.0655190000
0.4159100000
-0.1453000000
0.3125200000
-1.0558000000
-0.4274000000
-0.0537180000
-1.2438000000
-0.9268300000
0.7922800000
-0.9746300000
-0.9077000000
0.7623800000
-0.9214600000
-0.5446800000
0.2106600000
-1.2872000000
-1.5717000000
-1.0678000000
0.7536000000
-0.7011900000
0.2677900000
0.2175700000
-0.2449200000
0.2031000000
-1.1356000000
-0.6946300000
0.5254300000
-1.1977000000
-1.7267000000
-1.7489000000
-1.2842000000
0.3622600000
-0.0394810000
0.3744800000
0.0351900000
0.3737800000
-0.7964900000
0.4959400000
-0.0425310000
0.4265100000
-0.8098800000
0.4255600000
0.1057900000
0.3560000000
-0.0416500000
0.3183200000
-0.9589800000
0.0179940000
-0.0090139000
-0.3552000000
0.1821800000
-1.2004000000
-1.0169000000
0.7160500000
-0.6443700000
0.4582500000
0.0263700000
0.4166000000
-0.6554100000
0.6441100000
-0.7772300000
0.2853600000
0.2038900000
-0.1626300000
0.1872200000
-1.0734000000
-0.3555600000
-0.1459100000
-1.1052000000
-0.1478800000
-0.1669700000
-0.4752300000
0.3013800000
-1.2316000000
-1.3931000000
-0.4003600000
-0.1458000000
-1.2463000000
-0.8259400000
0.7423200000
-1.0983000000
-1.5709000000
-1.2578000000
0.3333000000
0.0027696000
0.3068200000
0.2237500000
0.2538200000
0.2458800000
0.2439000000
0.2556200000
0.2241800000
0.2940200000
0.0964440000
0.3673500000
-0.6693900000
0.6497500000
-0.7883100000
0.2433400000
0.1910500000
-0.2785000000
0.2064900000
-1.1565000000
-0.8116800000
0.7273100000
-1.1039000000
-1.5607000000
-1.2107000000
0.4600400000
-0.0558240000
0.4470100000
-0.4145900000
0.4746800000
-1.1244000000
-1.0640000000
0.6103000000
-0.3065700000
0.5202200000
-0.9573600000
-0.2374100000
-0.1636900000
-0.7850000000
0.6962000000
-0.8503100000
-0.0638770000
-0.0535980000
-0.4988400000
0.3872200000
-1.2088000000
-1.4162000000
-0.5138600000
0.0685420000
-1.3325000000
-1.5892000000
-1.0911000000
0.7254500000
-0.6119300000
0.4697700000
-0.0140550000
0.4118600000
-0.7985100000
0.4648100000
0.0328480000
0.4206900000
-0.5408700000
0.6006400000
-1.0409000000
-0.8196800000
0.7382500000
-1.0857000000
-1.4461000000
-0.7539000000
0.6304100000
-1.1544000000
-1.7578000000
-1.9024000000
-1.7664000000
-1.1622000000
0.6646000000
-0.4347300000
0.5729600000
-0.6849400000
0.5576800000
-0.2963700000
0.4533700000
-1.0696000000
-0.7116700000
0.5700800000
-1.1792000000
-1.7001000000
-1.6722000000
-1.0349000000
0.8160300000
-0.8684400000
-0.4652400000
0.0557780000
-1.2748000000
-1.2412000000
0.1996600000
0.0119180000
0.0913500000
0.2751500000
-0.7825600000
0.5774100000
-0.3145500000
0.4801100000
-1.0516000000
-0.6575300000
0.4534400000
-1.2242000000
-1.7165000000
-1.6851000000
-1.0652000000
0.7888500000
-0.7821900000
-0.0556330000
-0.0344620000
-0.5412200000
0.4708800000
-1.1830000000
-1.4247000000
-0.5724200000
0.2074600000
-1.3102000000
-1.7315000000
-1.6499000000
-0.9209800000
0.8422100000
-1.0404000000
-1.4832000000
-0.9544800000
0.8206200000
-0.9847600000
-1.0522000000
0.5790600000
-0.2247300000
0.4818200000
-0.9530300000
-0.1602600000
-0.1380300000
-0.5837500000
0.5158500000
-1.1717000000
-1.4521000000
-0.6957400000
0.5083900000
-1.2038000000
-1.7883000000
-1.9536000000
-1.8918000000
-1.5309000000
-0.3342400000
-0.2317000000
-1.1996000000
-0.4986500000
0.0519170000
-1.3107000000
-1.4347000000
-0.4954900000
0.0285640000
-1.3345000000
-1.5326000000
-0.8648300000
0.7930200000
-1.0786000000
-1.6139000000
-1.4506000000
-0.2891700000
-0.2673300000
-1.0051000000
0.3359200000
0.1395200000
0.1027600000
0.3223200000
-0.7388500000
0.6163400000
-0.5127900000
0.6080600000
-0.8698800000
0.0141430000
0.0060186000
-0.4331700000
0.2970000000
-1.2168000000
-1.2952000000
-0.0324310000
-0.1568600000
-0.1242700000
0.0612370000
-0.9470300000
0.2983100000
0.1619400000
-0.0413810000
0.2228200000
-0.9655400000
0.0906390000
0.0487710000
-0.3178400000
0.1694900000
-1.1790000000
-0.8811700000
0.7813300000
-1.0350000000
-1.2310000000
0.0696080000
-0.0534370000
-0.0461450000
0.1400100000
-0.9217300000
0.3219100000
0.1674600000
0.0167380000
0.2687800000
-0.9008200000
0.2869900000
0.1741200000
-0.1010100000
0.1928800000
-1.0194000000
-0.1078400000
-0.1209200000
-0.4377300000
0.2530200000
-1.2299000000
-1.2971000000
-0.0295330000
-0.1558500000
-0.1178000000
0.0645440000
-0.9415700000
0.3139000000
0.1630000000
0.0013996000
0.2549700000
-0.9202500000
0.2320300000
0.1532600000
-0.2172200000
0.1640600000
-1.1109000000
-0.5149900000
0.1023600000
-1.3061000000
-1.4910000000
-0.7254200000
0.5752100000
-1.1760000000
-1.7832000000
-1.9651000000
-1.9305000000
-1.6423000000
-0.6933500000
0.5329500000
-1.1880000000
-1.8158000000
-2.0578000000
-2.1508000000
-2.1703000000
-2.1353000000
-2.0270000000
-1.7576000000
-0.9990500000
0.8587800000
-0.9637300000
-1.0673000000
0.5353400000
-0.1204300000
0.4625600000
-0.8346300000
0.3234600000
0.1884900000
-0.0100400000
0.2568200000
-0.9347300000
0.1774500000
0.1195700000
-0.2850600000
0.1764000000
-1.1594000000
-0.7849000000
0.6917600000
-1.1254000000
-1.6308000000
-1.4671000000
-0.3354100000
-0.2305000000
-1.1478000000
-0.2574100000
-0.2081500000
-0.8025600000
0.6958400000
-0.8174000000
0.0642420000
0.0586240000
-0.4573900000
0.3584400000
-1.2056000000
-1.3391000000
-0.2088000000
-0.2586900000
-0.6427700000
0.5874800000
-1.1437000000
-1.4333000000
-0.6446700000
0.3867000000
-1.2516000000
-1.7881000000
-1.9044000000
-1.7422000000
-1.0753000000
0.7930100000
-0.7787700000
-0.0615360000
-0.0383780000
-0.5484800000
0.4825300000
-1.1790000000
-1.4239000000
-0.5729800000
0.2088200000
-1.3098000000
-1.7321000000
-1.6523000000
-0.9292300000
0.8449500000
-1.0340000000
-1.4449000000
-0.7991900000
0.7082100000
-1.1216000000
-1.7110000000
-1.7722000000
-1.3823000000
0.0761780000
-0.1544600000
0.1062100000
0.2406500000
-0.7441900000
0.6382700000
-0.6116700000
0.5857800000
-0.4905500000
0.5963500000
-0.9593700000
-0.3737300000
-0.1023600000
-1.1520000000
-0.4084800000
-0.1011400000
-1.2195000000
-0.7433100000
0.6172900000
-1.1607000000
-1.7132000000
-1.7392000000
-1.2639000000
0.4133200000
-0.0558010000
0.4225000000
-0.2016300000
0.3135900000
-1.0953000000
-0.6352400000
0.3930300000
-1.2461000000
-1.7202000000
-1.6755000000
-1.0263000000
0.8237900000
-0.8916100000
-0.5925500000
0.3309500000
-1.2605000000
-1.6542000000
-1.4166000000
-0.1321700000
-0.2747300000
-0.4074900000
0.1461600000
-1.2305000000
-1.1302000000
0.5039000000
-0.0745250000
0.4612300000
-0.6598200000
0.6320100000
-0.6900500000
0.5008500000
-0.0847750000
0.4084200000
-0.9229400000
0.0651510000
0.0377920000
-0.3678400000
0.2174200000
-1.2044000000
-1.0921000000
0.5827200000
-0.2324400000
0.4924800000
-0.9330000000
-0.0844720000
-0.0854520000
-0.4615500000
0.3078800000
-1.2245000000
-1.3614000000
-0.2805100000
-0.2539100000
-0.9162600000
0.5646100000
-0.2114000000
0.4516900000
-0.9984900000
-0.3350300000
-0.1455100000
-1.0575000000
0.0540520000
-0.0033971000
-0.2438900000
0.1034500000
-1.1124000000
-0.4479400000
-0.0314090000
-1.2712000000
-1.0993000000
0.5946700000
-0.2620900000
0.5055500000
-0.9365600000
-0.1188600000
-0.1101900000
-0.5109900000
0.3892500000
-1.2120000000
-1.4416000000
-0.6145200000
0.3124800000
-1.2784000000
-1.7784000000
-1.8448000000
-1.5598000000
-0.4805500000
0.0161790000
-1.3503000000
-1.6036000000
-1.1294000000
0.6647300000
-0.4384300000
0.5787600000
-0.7407300000
0.4565700000
0.0457580000
0.4155400000
-0.5147200000
0.5742200000
-1.0733000000
-0.9544400000
0.7526500000
-0.8229900000
-0.0858570000
-0.0647930000
-0.5411900000
0.4609600000
-1.1884000000
-1.4389000000
-0.6254300000
0.3394300000
-1.2689000000
-1.7833000000
-1.8709000000
-1.6402000000
-0.7454400000
0.6369500000
-1.1455000000
-1.7932000000
-2.0293000000
-2.0983000000
-2.0641000000
-1.9038000000
-1.4510000000
-0.0499100000
-0.2724500000
-0.1827000000
0.0085223000
-0.9656600000
0.2749300000
0.1538000000
-0.0900540000
0.1894300000
-1.0071000000
-0.0496420000
-0.0747520000
-0.3645100000
0.1656800000
-1.2059000000
-1.0230000000
0.7091900000
-0.6185700000
0.5009800000
-0.1131900000
0.3950200000
-0.9743600000
-0.1413700000
-0.1322800000
-0.5305700000
0.4187200000
-1.2056000000
-1.4617000000
-0.7027600000
0.5245600000
-1.1971000000
-1.7877000000
-1.9585000000
-1.9069000000
-1.5742000000
-0.4733100000
0.0059056000
-1.3525000000
-1.5994000000
-1.1108000000
0.6967300000
-0.5268200000
0.5617000000
-0.4529600000
0.5644500000
-1.0284000000
-0.6795600000
0.5074400000
-1.2036000000
-1.7078000000
-1.6749000000
-1.0370000000
0.8148800000
-0.8638900000
-0.4423200000
0.0161430000
-1.2572000000
-1.0898000000
0.6092100000
-0.2998500000
0.5212100000
-0.9421500000
-0.1674000000
-0.1392300000
-0.6059500000
0.5538200000
-1.1543000000
-1.4225000000
-0.5900000000
0.2508200000
-1.2980000000
-1.7531000000
-1.7384000000
-1.2196000000
0.5269400000
-0.1653300000
0.4930600000
-0.7221300000
0.5567600000
-0.2696300000
0.4430700000
-1.0606000000
-0.6453200000
0.4231100000
-1.2352000000
-1.7169000000
-1.6749000000
-1.0276000000
0.8226400000
-0.8882000000
-0.5734000000
0.2861300000
-1.2717000000
-1.6280000000
-1.3042000000
0.2273200000
-0.0307250000
0.2124500000
0.3211500000
-0.3895800000
0.3800700000
-1.1696000000
-1.1603000000
0.3901200000
0.0466900000
0.3280000000
0.1455700000
0.3697900000
-0.3450500000
0.3575500000
-1.1590000000
-1.0587000000
0.6338600000
-0.3738500000
0.5556200000
-0.9226800000
-0.1307100000
-0.1148300000
-0.5408800000
0.4440400000
-1.1969000000
-1.4591000000
-0.7006400000
0.5197200000
-1.1991000000
-1.7880000000
-1.9574000000
-1.9032000000
-1.5638000000
-0.4398100000
-0.0638170000
-1.3444000000
-1.4444000000
-0.5033900000
0.0463050000
-1.3359000000
-1.5705000000
-1.0141000000
0.8092300000
-0.8838100000
-0.5076400000
0.1372000000
-1.2893000000
-1.4505000000
-0.5787500000
0.2242700000
-1.3065000000
-1.7489000000
-1.7152000000
-1.1411000000
0.6847100000
-0.4859300000
0.5704700000
-0.5616600000
0.6230000000
-0.8473700000
0.0793500000
0.0653450000
-0.4274100000
0.3130200000
-1.2098000000
-1.2814000000
0.0131530000
-0.1181100000
-0.0597840000
0.1101800000
-0.9098600000
0.3804800000
0.1434700000
0.2138400000
0.3311000000
-0.2085400000
0.2553600000
-1.1112000000
-0.6371200000
0.3950000000
-1.2457000000
-1.7238000000
-1.6891000000
-1.0721000000
0.7817200000
-0.7601200000
0.0335670000
0.0433390000
-0.5121900000
0.4462900000
-1.1859000000
-1.3898000000
-0.4276000000
-0.1028200000
-1.2842000000
-1.0734000000
0.6518400000
-0.4200300000
0.5771300000
-0.8507700000
0.1344300000
0.1090800000
-0.3950300000
0.2848300000
-1.2044000000
-1.2005000000
0.2875500000
0.0546910000
0.1647400000
0.3297500000
-0.5643300000
0.6046100000
-1.0603000000
-0.9408800000
0.7598000000
-0.8630400000
-0.2672200000
-0.1418000000
-0.9002000000
0.5484500000
-0.1674600000
0.4393400000
-0.9714100000
-0.1865800000
-0.1540400000
-0.6384000000
0.6013800000
-1.1279000000
-1.3576000000
-0.3484400000
-0.2057600000
-1.1235000000
-0.1721100000
-0.1839600000
-0.5332800000
0.4065700000
-1.2119000000
-1.4778000000
-0.7626400000
0.6479200000
-1.1467000000
-1.7573000000
-1.9088000000
-1.7865000000
-1.2254000000
0.5363300000
-0.1874400000
0.5004400000
-0.7393800000
0.5235200000
-0.1408400000
0.4112300000
-0.9836900000
-0.2062000000
-0.1635100000
-0.6858600000
0.6589500000
-1.0763000000
-1.1604000000
0.3363700000
0.0723760000
0.2171900000
0.3286400000
-0.2750000000
0.2782200000
-1.1477000000
-0.8680700000
0.7741700000
-1.0467000000
-1.2851000000
-0.1269600000
-0.2117500000
-0.3553400000
0.1016200000
-1.1961000000
-0.8792400000
0.7816400000
-1.0405000000
-1.2675000000
-0.0633760000
-0.1652400000
-0.2001000000
0.0391420000
-1.0249000000
0.0233890000
-0.0197340000
-0.2921200000
0.1204900000
-1.1555000000
-0.6892700000
0.5110400000
-1.2035000000
-1.7331000000
-1.7657000000
-1.3369000000
0.2165300000
-0.0664310000
0.2419500000
0.3104000000
-0.2466000000
0.2537300000
-1.1351000000
-0.7632300000
0.6593800000
-1.1411000000
-1.6607000000
-1.5654000000
-0.6759900000
0.4748300000
-1.2151000000
-1.8110000000
-2.0153000000
-2.0451000000
-1.9331000000
-1.5656000000
-0.4184500000
-0.1020300000
-1.3341000000
-1.3351000000
-0.0902750000
-0.2135300000
-0.2454400000
0.0277390000
-1.0684000000
-0.1545500000
-0.1613900000
-0.5098500000
0.3689100000
-1.2199000000
-1.4511000000
-0.6458600000
0.3902800000
-1.2502000000
-1.7919000000
-1.9182000000
-1.7813000000
-1.1975000000
0.5980000000
-0.2911200000
0.5336200000
-0.8262300000
0.2746100000
0.1911800000
-0.1758100000
0.1796900000
-1.0824000000
-0.3906000000
-0.1106700000
-1.1835000000
-0.5523800000
0.1762700000
-1.3057000000
-1.6247000000
-1.2567000000
0.3681800000
-0.0129650000
0.3590000000
0.0766740000
0.3830400000
-0.6705900000
0.6464200000
-0.7630700000
0.3224500000
0.2033900000
-0.0293150000
0.2492100000
-0.9568600000
0.0992340000
0.0575890000
-0.3220900000
0.1771800000
-1.1818000000
-0.9072500000
0.7864700000
-0.9946200000
-1.0030000000
0.6754400000
-0.5280100000
0.5902700000
-0.6310500000
0.6004300000
-0.5475500000
0.6172200000
-0.8269900000
0.1632500000
0.1358600000
-0.3881500000
0.2877800000
-1.2007000000
-1.1838000000
0.3374000000
0.0580520000
0.2406100000
0.3129200000
-0.1323300000
0.2506200000
-1.0560000000
-0.3480000000
-0.1485900000
-1.0868000000
-0.0650160000
-0.1061600000
-0.3220100000
0.1089200000
-1.1742000000
-0.7726000000
0.6720000000
-1.1358000000
-1.6601000000
-1.5690000000
-0.6899300000
0.5070800000
-1.2017000000
-1.8080000000
-2.0194000000
-2.0588000000
-1.9674000000
-1.6584000000
-0.7132900000
0.5796800000
-1.1676000000
-1.8098000000
-2.0595000000
-2.1600000000
-2.1908000000
-2.1769000000
-2.1148000000
-1.9652000000
-1.5913000000
-0.4780500000
0.0225540000
-1.3544000000
-1.6393000000
-1.2630000000
0.3585600000
-0.0137880000
0.3503900000
0.1088500000
0.3835200000
-0.5288500000
0.5803900000
-1.0750000000
-0.9771300000
0.7318400000
-0.7315800000
0.2567000000
0.2084100000
-0.2687100000
0.2095000000
-1.1507000000
-0.7841400000
0.6911200000
-1.1255000000
-1.6284000000
-1.4578000000
-0.3031800000
-0.2585200000
-1.0538000000
0.1597100000
0.0745540000
-0.1836700000
0.1275100000
-1.0704000000
-0.2710000000
-0.1886100000
-0.8583400000
0.6399400000
-0.5086700000
0.6046800000
-0.8185500000
0.2104300000
0.1681800000
-0.3290200000
0.2350400000
-1.1828000000
-0.9978400000
0.7352000000
-0.7200800000
0.2769800000
0.2151500000
-0.2088800000
0.1924900000
-1.1100000000
-0.5466800000
0.1750100000
-1.3019000000
-1.5970000000
-1.1528000000
0.6152700000
-0.3154100000
0.5382900000
-0.8798300000
0.0762190000
0.0560580000
-0.4013900000
0.2701400000
-1.2106000000
-1.2126000000
0.2527700000
0.0441650000
0.1231500000
0.3074700000
-0.7075100000
0.6468800000
-0.7043300000
0.4591700000
0.0350360000
0.4179300000
-0.5889800000
0.6341800000
-0.9650200000
-0.4735900000
0.0476120000
-1.2838000000
-1.2788000000
0.0764850000
-0.0742530000
0.0135290000
0.1814900000
-0.8689200000
0.4473900000
0.0672670000
0.3965800000
-0.2704400000
0.3173600000
-1.1355000000
-0.8599500000
0.7694400000
-1.0547000000
-1.3240000000
-0.2755700000
-0.2471400000
-0.8835000000
0.6220300000
-0.4215000000
0.5680000000
-0.9642000000
-0.3482000000
-0.1275700000
-1.0942000000
-0.1169400000
-0.1452900000
-0.4088900000
0.1975400000
-1.2269000000
-1.1886000000
0.3383800000
0.0547430000
0.2469200000
0.3072600000
-0.0913290000
0.2632900000
-1.0204000000
-0.1924100000
-0.1673100000
-0.6321600000
0.5894500000
-1.1365000000
-1.3871000000
-0.4609700000
-0.0424790000
-1.3146000000
-1.3152000000
-0.0317300000
-0.1668500000
-0.1127200000
0.0637710000
-0.9328100000
0.3426600000
0.1590300000
0.0900180000
0.3204400000
-0.7663800000
0.5813600000
-0.3401000000
0.4960500000
-1.0503000000
-0.6772600000
0.4988800000
-1.2072000000
-1.7136000000
-1.6921000000
-1.0936000000
0.7542300000
-0.6795100000
0.3027600000
0.2228200000
-0.1200200000
0.2075200000
-1.0413000000
-0.2251900000
-0.1811200000
-0.7205700000
0.6863400000
-1.0282000000
-0.9341500000
0.7583200000
-0.8679400000
-0.2843900000
-0.1394300000
-0.9453500000
0.4363600000
0.0762530000
0.3736100000
-0.1009900000
0.2981800000
-1.0237000000
-0.2502700000
-0.1793800000
-0.8032100000
0.6907100000
-0.7910000000
0.1658700000
0.1457900000
-0.4111900000
0.3242800000
-1.1998000000
-1.2412000000
0.1492700000
-0.0101260000
0.0379400000
0.2228900000
-0.8588000000
0.4467200000
0.0688890000
0.3960300000
-0.2702600000
0.3169000000
-1.1355000000
-0.8594700000
0.7691700000
-1.0553000000
-1.3272000000
-0.2876600000
-0.2431700000
-0.9267000000
0.5373000000
-0.1304500000
0.4405700000
-0.9225900000
0.0281750000
0.0071714000
-0.3826300000
0.2230000000
-1.2109000000
-1.1376000000
0.4751700000
-0.0318540000
0.4436500000
-0.4762200000
0.5420900000
-1.0923000000
-1.0026000000
0.7050100000
-0.6225600000
0.5043100000
-0.1232700000
0.3946500000
-0.9851300000
-0.1908800000
-0.1587400000
-0.6433900000
0.6076800000
-1.1240000000
-1.3464000000
-0.3066800000
-0.2372100000
-0.9972300000
0.3416100000
0.1404400000
0.1154600000
0.3299000000
-0.7018300000
0.6445900000
-0.6998500000
0.4702500000
0.0064906000
0.4205600000
-0.7049600000
0.6136200000
-0.5336500000
0.6132300000
-0.8322000000
0.1505600000
0.1254200000
-0.3965700000
0.2943800000
-1.2025000000
-1.2060000000
0.2689700000
0.0503950000
0.1401000000
0.3188300000
-0.6558200000
0.6569200000
-0.8874100000
-0.1447100000
-0.1158200000
-0.5887300000
0.5305900000
-1.1640000000
-1.4332000000
-0.6250100000
0.3381800000
-1.2693000000
-1.7818000000
-1.8656000000
-1.6244000000
-0.6936400000
0.5280400000
-1.1909000000
-1.8138000000
-2.0486000000
-2.1297000000
-2.1267000000
-2.0438000000
-1.8160000000
-1.1816000000
0.6462000000
-0.3939300000
0.5658500000
-0.7389400000
0.4723600000
0.0081898000
0.4229900000
-0.6811700000
0.6314400000
-0.6553200000
0.5505600000
-0.2861800000
0.4424400000
-1.0733000000
-0.7140900000
0.5745500000
-1.1774000000
-1.6992000000
-1.6708000000
-1.0304000000
0.8194000000
-0.8795500000
-0.5242600000
0.1746200000
-1.2883000000
-1.5105000000
-0.8212700000
0.7429800000
-1.1058000000
-1.6981000000
-1.7419000000
-1.2892000000
0.3440100000
-0.0349720000
0.3545000000
0.1080100000
0.3843500000
-0.5247800000
0.5762800000
-1.0787000000
-0.9909900000
0.7166000000
-0.6695500000
0.4197300000
0.1151400000
0.3633800000
-0.1102300000
0.2880200000
-1.0339000000
-0.2869800000
-0.1768600000
-0.9147900000
0.5329100000
-0.1205900000
0.4383400000
-0.9136000000
0.0677530000
0.0419400000
-0.3751800000
0.2284300000
-1.2065000000
-1.1215000000
0.5144400000
-0.0902670000
0.4645600000
-0.7173100000
0.5796400000
-0.3668100000
0.5104200000
-1.0511000000
-0.7068200000
0.5625700000
-1.1820000000
-1.6987000000
-1.6642000000
-1.0068000000
0.8343100000
-0.9316100000
-0.8167000000
0.7372000000
-1.0739000000
-1.3564000000
-0.3907700000
-0.1562400000
-1.2186000000
-0.6743100000
0.4693700000
-1.2199000000
-1.7493000000
-1.8053000000
-1.4569000000
-0.1501300000
-0.3003500000
-0.5174800000
0.3357400000
-1.2349000000
-1.4811000000
-0.7542100000
0.6323100000
-1.1530000000
-1.7644000000
-1.9261000000
-1.8327000000
-1.3647000000
0.1758000000
-0.1046400000
0.2242900000
0.3110900000
-0.3707400000
0.3525000000
-1.1728000000
-1.1305000000
0.4748400000
-0.0282460000
0.4422500000
-0.4721700000
0.5371100000
-1.0960000000
-1.0145000000
0.6889300000
-0.5627600000
0.5691700000
-0.4543400000
0.5682200000
-1.0195000000
-0.6372700000
0.4112500000
-1.2386000000
-1.7069000000
-1.6352000000
-0.8912400000
0.8256000000
-1.0604000000
-1.5886000000
-1.3688000000
-0.0150840000
-0.1898400000
-0.0599680000
0.0893430000
-0.8823500000
0.4697100000
0.0256170000
0.4238900000
-0.5122100000
0.5739800000
-1.0714000000
-0.9427800000
0.7605700000
-0.8627200000
-0.2678900000
-0.1416400000
-0.9021400000
0.5442300000
-0.1546900000
0.4381700000
-0.9586500000
-0.1259900000
-0.1194700000
-0.5096900000
0.3834900000
-1.2140000000
-1.4425000000
-0.6162300000
0.3167700000
-1.2770000000
-1.7796000000
-1.8504000000
-1.5768000000
-0.5365900000
0.1461600000
-1.3324000000
-1.7510000000
-1.6959000000
-1.0690000000
0.7873300000
-0.7748400000
-0.0283680000
-0.0114230000
-0.5280000000
0.4549700000
-1.1870000000
-1.4158000000
-0.5324100000
0.1111100000
-1.3288000000
-1.6458000000
-1.3139000000
0.2087400000
-0.0428340000
0.2022200000
0.3195100000
-0.4479300000
0.4554800000
-1.1547000000
-1.2107000000
0.2229500000
0.0382790000
0.0785960000
0.2730100000
-0.8056500000
0.5374800000
-0.1623500000
0.4228600000
-0.9906000000
-0.2550700000
-0.1718000000
-0.8269900000
0.6714500000
-0.6707400000
0.4882100000
-0.0516700000
0.4114700000
-0.8692100000
0.2622500000
0.1776600000
-0.1862200000
0.1728600000
-1.0890000000
-0.4154100000
-0.0787860000
-1.2276000000
-0.8115700000
0.7255900000
-1.1085000000
-1.6013000000
-1.3690000000
-0.0062972000
-0.1850100000
-0.0418620000
0.1039200000
-0.8719500000
0.4869400000
-0.0111770000
0.4328300000
-0.6794700000
0.6295000000
-0.6467800000
0.5617300000
-0.3410500000
0.4805200000
-1.0719000000
-0.7705900000
0.6759200000
-1.1313000000
-1.6206000000
-1.4215000000
-0.1771900000
-0.2861800000
-0.5753800000
0.4576800000
-1.2011000000
-1.5213000000
-0.9513600000
0.8267600000
-0.9969100000
-1.1422000000
0.3460300000
0.0793810000
0.2227300000
0.3257700000
-0.2306000000
0.2571200000
-1.1250000000
-0.7135700000
0.5671900000
-1.1809000000
-1.7134000000
-1.7188000000
-1.1904000000
0.5858500000
-0.2610500000
0.5213500000
-0.8424800000
0.2350700000
0.1746800000
-0.2659900000
0.1913400000
-1.1484000000
-0.7467700000
0.6295700000
-1.1548000000
-1.6884000000
-1.6548000000
-0.9825700000
0.8432700000
-0.9729200000
-1.0619000000
0.5520700000
-0.1578500000
0.4670000000
-0.8928200000
0.1158400000
0.0852900000
-0.3717200000
0.2434000000
-1.2026000000
-1.1227000000
0.5096100000
-0.0818860000
0.4627200000
-0.6924800000
0.6084200000
-0.5209800000
0.6107900000
-0.8704700000
0.0074122000
0.0002628000
-0.4356400000
0.2985800000
-1.2173000000
-1.3011000000
-0.0541380000
-0.1744300000
-0.1650700000
0.0414730000
-0.9815300000
0.1923000000
0.1158700000
-0.2246900000
0.1485500000
-1.1127000000
-0.5043900000
0.0789480000
-1.3050000000
-1.4457000000
-0.5445900000
0.1410900000
-1.3261000000
-1.6898000000
-1.4822000000
-0.3394900000
-0.2268400000
-1.1686000000
-0.3571200000
-0.1643900000
-1.1105000000
-0.1535300000
-0.1714100000
-0.4874300000
0.3225100000
-1.2292000000
-1.4181000000
-0.5031200000
0.0446750000
-1.3331000000
-1.5513000000
-0.9406100000
0.8313100000
-1.0155000000
-1.2700000000
-0.0929410000
-0.1858500000
-0.2665300000
0.0439480000
-1.1023000000
-0.3298500000
-0.1721900000
-1.0357000000
0.1611700000
0.0810690000
-0.2020300000
0.1302600000
-1.0879000000
-0.3588300000
-0.1460700000
-1.1130000000
-0.1825000000
-0.1857300000
-0.5674200000
0.4720000000
-1.1913000000
-1.4852000000
-0.8131800000
0.7303800000
-1.1116000000
-1.7028000000
-1.7532000000
-1.3242000000
0.2472300000
-0.0510860000
0.2645700000
0.2958400000
-0.0859520000
0.2597100000
-1.0156000000
-0.1658400000
-0.1547500000
-0.5642500000
0.4753600000
-1.1885000000
-1.4731000000
-0.7661500000
0.6541000000
-1.1442000000
-1.7535000000
-1.8983000000
-1.7576000000
-1.1360000000
0.7093000000
-0.5471500000
0.5294400000
-0.2701100000
0.4166700000
-1.0848000000
-0.7352700000
0.6145400000
-1.1606000000
-1.6817000000
-1.6239000000
-0.8744200000
0.8118500000
-1.0705000000
-1.6314000000
-1.5275000000
-0.5610600000
0.1908600000
-1.3184000000
-1.7573000000
-1.7321000000
-1.1928000000
0.5864700000
-0.2636100000
0.5226400000
-0.8388800000
0.2457100000
0.1798900000
-0.2445800000
0.1842800000
-1.1338000000
-0.6599800000
0.4463700000
-1.2278000000
-1.7330000000
-1.7403000000
-1.2472000000
0.4584900000
-0.0876310000
0.4581500000
-0.4380500000
0.5060500000
-1.1092000000
-1.0327000000
0.6636700000
-0.4730900000
0.5914300000
-0.7780400000
0.3516300000
0.1879200000
0.0923800000
0.3313600000
-0.7505800000
0.5986900000
-0.4235100000
0.5588100000
-1.0053000000
-0.5440900000
0.1900300000
-1.2943000000
-1.5772000000
-1.0823000000
0.7350000000
-0.6426500000
0.4143600000
0.1234300000
0.3549500000
-0.0683700000
0.3023900000
-0.9923700000
-0.1096400000
-0.1160300000
-0.4586400000
0.2908500000
-1.2285000000
-1.3548000000
-0.2511300000
-0.2614000000
-0.8076500000
0.7017500000
-0.8384400000
-0.0277230000
-0.0226980000
-0.4797100000
0.3644300000
-1.2114000000
-1.3868000000
-0.3929700000
-0.1559200000
-1.2317000000
-0.7400500000
0.6101200000
-1.1638000000
-1.7196000000
-1.7589000000
-1.3268000000
0.2429100000
-0.0540300000
0.2623900000
0.2978100000
-0.1037000000
0.2525200000
-1.0318000000
-0.2330400000
-0.1800900000
-0.7476300000
0.6984700000
-0.9717300000
-0.6459300000
0.4406600000
-1.2275000000
-1.6995000000
-1.6197000000
-0.8410000000
0.7788900000
-1.0887000000
-1.6994000000
-1.7648000000
-1.3685000000
0.1159900000
-0.1244800000
0.1521900000
0.2832300000
-0.6503200000
0.6577700000
-0.9330800000
-0.3595200000
-0.1102900000
-1.1235000000
-0.2656800000
-0.2016300000
-0.8330600000
0.6729300000
-0.6702400000
0.4871500000
-0.0485890000
0.4119500000
-0.8631000000
0.2821900000
0.1833400000
-0.1353600000
0.1836900000
-1.0489000000
-0.2333200000
-0.1840900000
-0.7434500000
0.6973400000
-0.9833200000
-0.7060900000
0.5706200000
-1.1778000000
-1.6799000000
-1.5992000000
-0.7840100000
0.6967800000
-1.1236000000
-1.7622000000
-1.9493000000
-1.9043000000
-1.5758000000
-0.4817100000
0.0240340000
-1.3521000000
-1.6286000000
-1.2241000000
0.4600400000
-0.0670750000
0.4512700000
-0.4264600000
0.4899700000
-1.1179000000
-1.0536000000
0.6284600000
-0.3599700000
0.5476600000
-0.9378900000
-0.1881200000
-0.1472800000
-0.6582700000
0.6295800000
-1.1058000000
-1.2787000000
-0.0557240000
-0.1649600000
-0.1786500000
0.0415520000
-0.9999900000
0.1219000000
0.0640770000
-0.2677500000
0.1414600000
-1.1428000000
-0.6503300000
0.4220700000
-1.2367000000
-1.7336000000
-1.7331000000
-1.2210000000
0.5211000000
-0.1562600000
0.4902600000
-0.7043800000
0.5825600000
-0.3893800000
0.5273300000
-1.0423000000
-0.6884800000
0.5249100000
-1.1970000000
-1.7075000000
-1.6807000000
-1.0583000000
0.7953800000
-0.8028500000
-0.1448700000
-0.0988050000
-0.6395700000
0.6131700000
-1.1146000000
-1.2971000000
-0.1194800000
-0.2125500000
-0.3317500000
0.0774670000
-1.1739000000
-0.7300800000
0.5954600000
-1.1696000000
-1.7131000000
-1.7297000000
-1.2298000000
0.4976000000
-0.1255300000
0.4795900000
-0.6177600000
0.6385100000
-0.8231500000
0.1443200000
0.1227200000
-0.4089300000
0.3105900000
-1.2031000000
-1.2371000000
0.1657700000
0.0004255700
0.0487130000
0.2356600000
-0.8475000000
0.4670500000
0.0305840000
0.4218800000
-0.5156300000
0.5769100000
-1.0690000000
-0.9348200000
0.7647900000
-0.8868800000
-0.3865300000
-0.0703520000
-1.1811000000
-0.5867000000
0.2601000000
-1.2883000000
-1.6915000000
-1.5273000000
-0.5044000000
0.0592500000
-1.3439000000
-1.6420000000
-1.2842000000
0.2977300000
-0.0131220000
0.2829000000
0.2710200000
0.0829430000
0.3543400000
-0.7357400000
0.6074200000
-0.4746700000
0.5917400000
-0.9456900000
-0.2980700000
-0.1530800000
-0.9644900000
0.3894100000
0.1235900000
0.2518400000
0.2914800000
0.0447980000
0.3409200000
-0.8278200000
0.4449700000
0.0728550000
0.3951600000
-0.2754100000
0.3191500000
-1.1376000000
-0.8747900000
0.7765300000
-1.0361000000
-1.2235000000
0.0978440000
-0.0308830000
-0.0303910000
0.1591500000
-0.9164800000
0.3242600000
0.1684500000
0.0220440000
0.2733400000
-0.8934900000
0.3073100000
0.1766100000
-0.0434280000
0.2276700000
-0.9691200000
0.0713800000
0.0325490000
-0.3227700000
0.1668000000
-1.1818000000
-0.8926700000
0.7847800000
-1.0189000000
-1.1415000000
0.3611000000
0.0737970000
0.2555600000
0.2954200000
-0.0024720000
0.3111500000
-0.9163500000
0.1938500000
0.1344500000
-0.2811800000
0.1808600000
-1.1573000000
-0.7797800000
0.6842400000
-1.1293000000
-1.6402000000
-1.4995000000
-0.4475900000
-0.0631650000
-1.3300000000
-1.3681000000
-0.2178200000
-0.2685600000
-0.6898100000
0.6516400000
-1.0976000000
-1.2803000000
-0.0680760000
-0.1740100000
-0.2042900000
0.0361720000
-1.0272000000
0.0165610000
-0.0258730000
-0.2939300000
0.1191900000
-1.1564000000
-0.6927900000
0.5187700000
-1.2005000000
-1.7321000000
-1.7652000000
-1.3360000000
0.2189600000
-0.0652080000
0.2438300000
0.3096200000
-0.2341300000
0.2488300000
-1.1280000000
-0.7178400000
0.5756200000
-1.1775000000
-1.7110000000
-1.7137000000
-1.1747000000
0.6178200000
-0.3260600000
0.5451000000
-0.8436000000
0.2025100000
0.1576800000
-0.3250500000
0.2261900000
-1.1816000000
-0.9781800000
0.7551200000
-0.8008200000
-0.0114810000
-0.0023270000
-0.4995000000
0.4073500000
-1.2003000000
-1.4023000000
-0.4651100000
-0.0347180000
-1.3197000000
-1.3540000000
-0.1725200000
-0.2573600000
-0.5144600000
0.3443800000
-1.2307000000
-1.4717000000
-0.7195400000
0.5616900000
-1.1819000000
-1.7828000000
-1.9578000000
-1.9094000000
-1.5832000000
-0.5031800000
0.0730450000
-1.3478000000
-1.6940000000
-1.4754000000
-0.3106900000
-0.2544100000
-1.0905000000
0.0122050000
-0.0459830000
-0.2373400000
0.0849770000
-1.0979000000
-0.3550700000
-0.1516300000
-1.1036000000
-0.1352100000
-0.1592200000
-0.4448300000
0.2501100000
-1.2336000000
-1.3137000000
-0.0886500000
-0.2022100000
-0.2436800000
0.0310590000
-1.0691000000
-0.1609400000
-0.1649000000
-0.5258400000
0.3985600000
-1.2129000000
-1.4676000000
-0.7199500000
0.5623700000
-1.1817000000
-1.7819000000
-1.9551000000
-1.9025000000
-1.5638000000
-0.4407500000
-0.0620230000
-1.3448000000
-1.4491000000
-0.5217400000
0.0878840000
-1.3340000000
-1.6340000000
-1.2634000000
0.3542400000
-0.0119080000
0.3444000000
0.1280300000
0.3783400000
-0.4246200000
0.4523000000
-1.1460000000
-1.1514000000
0.4029900000
0.0421820000
0.3478200000
0.0763240000
0.3789800000
-0.6874300000
0.6401000000
-0.6956900000
0.4827400000
-0.0285330000
0.4177100000
-0.8102200000
0.4317300000
0.0959620000
0.3706400000
-0.1204000000
0.2889300000
-1.0422000000
-0.3287300000
-0.1596300000
-1.0363000000
0.1488900000
0.0728740000
-0.2115000000
0.1276600000
-1.0950000000
-0.3903500000
-0.1136200000
-1.1832000000
-0.5478700000
0.1655600000
-1.3073000000
-1.6130000000
-1.2096000000
0.4895700000
-0.0959030000
0.4689100000
-0.5814400000
0.6323500000
-0.9338300000
-0.3139000000
-0.1433200000
-1.0104000000
0.2318100000
0.1266300000
-0.1398200000
0.1571900000
-1.0431000000
-0.1763600000
-0.1660500000
-0.5784400000
0.4983700000
-1.1804000000
-1.4713000000
-0.7663100000
0.6543200000
-1.1442000000
-1.7530000000
-1.8965000000
-1.7527000000
-1.1206000000
0.7330900000
-0.6109200000
0.4440600000
0.0557220000
0.4104900000
-0.5407400000
0.5984400000
-1.0471000000
-0.8511300000
0.7616900000
-1.0512000000
-1.2765000000
-0.0897340000
-0.1864600000
-0.2563900000
0.0399680000
-1.0894000000
-0.2640300000
-0.1938800000
-0.8326000000
0.6714900000
-0.6645100000
0.4976700000
-0.0835410000
0.4052800000
-0.9264200000
0.0546380000
0.0283690000
-0.3687600000
0.2144200000
-1.2052000000
-1.0920000000
0.5834000000
-0.2341000000
0.4930500000
-0.9338000000
-0.0888150000
-0.0887970000
-0.4667400000
0.3157600000
-1.2239000000
-1.3725000000
-0.3249200000
-0.2289600000
-1.0644000000
0.0960510000
0.0271280000
-0.2149100000
0.1092700000
-1.0899000000
-0.3438600000
-0.1593300000
-1.0747000000
-0.0042603000
-0.0549010000
-0.2649200000
0.0912510000
-1.1250000000
-0.4964300000
0.0597270000
-1.3040000000
-1.4094000000
-0.4010000000
-0.1457200000
-1.2525000000
-0.8573500000
0.7715400000
-1.0718000000
-1.4548000000
-0.8038900000
0.7156000000
-1.1183000000
-1.7073000000
-1.7625000000
-1.3522000000
0.1665100000
-0.0916520000
0.1991900000
0.3111500000
-0.4832900000
0.5005500000
-1.1392000000
-1.2044000000
0.2339300000
0.0450620000
0.0850700000
0.2803200000
-0.7937700000
0.5558700000
-0.2291400000
0.4362700000
-1.0357000000
-0.5019900000
0.0893060000
-1.2989000000
-1.4276000000
-0.4779600000
-0.0086603000
-1.3297000000
-1.4470000000
-0.5273300000
0.1006300000
-1.3324000000
-1.6485000000
-1.3207000000
0.1889500000
-0.0536110000
0.1873400000
0.3151000000
-0.5188500000
0.5491000000
-1.1127000000
-1.1404000000
0.4165000000
0.0364880000
0.3676700000
-0.0078746000
0.3457700000
-0.9011500000
0.2154800000
0.1504500000
-0.2613300000
0.1773800000
-1.1442000000
-0.7055100000
0.5479800000
-1.1888000000
-1.7233000000
-1.7460000000
-1.2775000000
0.3796100000
-0.0432260000
0.3914000000
-0.0383510000
0.3418700000
-0.9417900000
0.0633550000
0.0322050000
-0.3514600000
0.1957500000
-1.1978000000
-1.0226000000
0.7073900000
-0.6134300000
0.5091300000
-0.1452100000
0.3924400000
-1.0084000000
-0.2996400000
-0.1668700000
-0.9572100000
0.4190700000
0.0961130000
0.3343000000
0.0815350000
0.3758200000
-0.6837500000
0.6427700000
-0.7171400000
0.4383800000
0.0822340000
0.3948100000
-0.3129200000
0.3442000000
-1.1486000000
-0.9764700000
0.7494500000
-0.7862200000
0.0532690000
0.0553130000
-0.4856300000
0.4048900000
-1.1965000000
-1.3728000000
-0.3497000000
-0.2065800000
-1.1324000000
-0.2112900000
-0.2000700000
-0.6509600000
0.6110200000
-1.1249000000
-1.3616000000
-0.3670800000
-0.1864100000
-1.1705000000
-0.4074600000
-0.1060000000
-1.2191000000
-0.7355100000
0.6022300000
-1.1670000000
-1.7203000000
-1.7582000000
-1.3235000000
0.2525800000
-0.0505380000
0.2706000000
0.2900600000
-0.0439910000
0.2807000000
-0.9723800000
0.0025109000
-0.0247370000
-0.3516900000
0.1715600000
-1.1987000000
-0.9916700000
0.7458600000
-0.7582200000
0.1496500000
0.1408700000
-0.4506500000
0.3818500000
-1.1937000000
-1.3098000000
-0.1055000000
-0.2102400000
-0.2901200000
0.0471440000
-1.1269000000
-0.4534800000
-0.0244170000
-1.2776000000
-1.1431000000
0.4937200000
-0.0628250000
0.4577200000
-0.5994500000
0.6383900000
-0.9030700000
-0.1805200000
-0.1367500000
-0.6570100000
0.6295900000
-1.1047000000
-1.2716000000
-0.0294150000
-0.1433200000
-0.1329700000
0.0616360000
-0.9602200000
0.2528400000
0.1498000000
-0.1442100000
0.1660400000
-1.0509000000
-0.2224000000
-0.1828200000
-0.7090000000
0.6781400000
-1.0483000000
-1.0342000000
0.6399000000
-0.4004200000
0.5671300000
-0.9112700000
-0.0975280000
-0.0904390000
-0.4945500000
0.3657100000
-1.2160000000
-1.4192000000
-0.5193800000
0.0811120000
-1.3321000000
-1.6092000000
-1.1696000000
0.5839600000
-0.2479900000
0.5131200000
-0.8688700000
0.1508900000
0.1173600000
-0.3672500000
0.2525700000
-1.1989000000
-1.1163000000
0.5238400000
-0.1064000000
0.4672600000
-0.7628100000
0.5024000000
-0.0678290000
0.4200100000
-0.8757300000
0.2311900000
0.1646200000
-0.2517200000
0.1797700000
-1.1381000000
-0.6764400000
0.4841600000
-1.2137000000
-1.7328000000
-1.7539000000
-1.2957000000
0.3324100000
-0.0371950000
0.3452400000
0.1395100000
0.3726300000
-0.3409200000
0.3552100000
-1.1580000000
-1.0489000000
0.6519300000
-0.4300200000
0.5804200000
-0.8561200000
0.1097300000
0.0884490000
-0.4061600000
0.2912700000
-1.2074000000
-1.2293000000
0.1951200000
0.0176560000
0.0697080000
0.2591400000
-0.8197300000
0.5165500000
-0.0945230000
0.4249100000
-0.9055300000
0.1155400000
0.0821990000
-0.3607500000
0.2286900000
-1.1995000000
-1.0821000000
0.6024000000
-0.2828400000
0.5116000000
-0.9493200000
-0.1863500000
-0.1490900000
-0.6483100000
0.6162200000
-1.1169000000
-1.3198000000
-0.2062100000
-0.2521000000
-0.6269700000
0.5628000000
-1.1565000000
-1.4611000000
-0.7474300000
0.6183700000
-1.1590000000
-1.7653000000
-1.9231000000
-1.8226000000
-1.3338000000
0.2634200000
-0.0646860000
0.2974300000
0.2572300000
0.1247700000
0.3642300000
-0.5875200000
0.6292400000
-1.0073000000
-0.6891900000
0.5318100000
-1.1938000000
-1.6984000000
-1.6507000000
-0.9572500000
0.8473000000
-1.0065000000
-1.2703000000
-0.1012400000
-0.1911500000
-0.2873900000
0.0522880000
-1.1270000000
-0.4598200000
-0.0129300000
-1.2833000000
-1.1894000000
0.3683500000
0.0416550000
0.3055100000
0.2123600000
0.2864700000
0.1491700000
0.3671100000
-0.4129200000
0.4322500000
-1.1531000000
-1.1566000000
0.3918400000
0.0476430000
0.3292600000
0.1407900000
0.3723400000
-0.3759700000
0.3913800000
-1.1583000000
-1.1129000000
0.5130500000
-0.0850280000
0.4626800000
-0.7134400000
0.5855600000
-0.3954800000
0.5333000000
-1.0366000000
-0.6676500000
0.4793000000
-1.2144000000
-1.7127000000
-1.6813000000
-1.0553000000
0.7987600000
-0.8128000000
-0.1908500000
-0.1215800000
-0.7266900000
0.6902100000
-0.9916800000
-0.7355400000
0.6255200000
-1.1540000000
-1.6486000000
-1.5060000000
-0.4644000000
-0.0293990000
-1.3389000000
-1.4662000000
-0.5954600000
0.2667000000
-1.2941000000
-1.7713000000
-1.8052000000
-1.4336000000
-0.0702570000
-0.2648200000
-0.2221700000
0.0080334000
-1.0215000000
0.0657910000
0.0153690000
-0.2742900000
0.1241800000
-1.1434000000
-0.6311800000
0.3755300000
-1.2528000000
-1.7271000000
-1.6932000000
-1.0840000000
0.7677900000
-0.7184700000
0.1841000000
0.1745300000
-0.4329400000
0.3692300000
-1.1921000000
-1.2762000000
0.0191680000
-0.1111800000
-0.0559950000
0.1149200000
-0.9096300000
0.3778900000
0.1454900000
0.2049600000
0.3369300000
-0.2674800000
0.2789000000
-1.1434000000
-0.8453600000
0.7600000000
-1.0719000000
-1.4153000000
-0.6378300000
0.3695100000
-1.2579000000
-1.7827000000
-1.8803000000
-1.6709000000
-0.8465800000
0.7936200000
-1.0813000000
-1.7048000000
-1.7926000000
-1.4593000000
-0.1691000000
-0.3029300000
-0.5900300000
0.4818500000
-1.1933000000
-1.5244000000
-0.9716400000
0.8230700000
-0.9642300000
-0.9469600000
0.7365900000
-0.7812300000
0.1017800000
0.0974790000
-0.4691400000
0.3937600000
-1.1955000000
-1.3441000000
-0.2365900000
-0.2604400000
-0.7488700000
0.7005200000
-1.0044000000
-0.8311000000
0.7480700000
-1.0685000000
-1.3527000000
-0.3802200000
-0.1695800000
-1.1965000000
-0.5506100000
0.1701200000
-1.3074000000
-1.6228000000
-1.2478000000
0.3922900000
-0.0206800000
0.3864200000
-0.0375040000
0.3392100000
-0.9426600000
0.0627260000
0.0314990000
-0.3509200000
0.1948400000
-1.1976000000
-1.0199000000
0.7111300000
-0.6269600000
0.4887000000
-0.0680520000
0.4032600000
-0.9092700000
0.1253600000
0.0889270000
-0.3516400000
0.2212900000
-1.1958000000
-1.0501000000
0.6629600000
-0.4620800000
0.5887700000
-0.7878900000
0.3270500000
0.1972600000
-0.0069230000
0.2629100000
-0.9312000000
0.1849000000
0.1251700000
-0.2796600000
0.1756000000
-1.1559000000
-0.7651900000
0.6611100000
-1.1406000000
-1.6653000000
-1.5836000000
-0.7396200000
0.6142900000
-1.1573000000
-1.7896000000
-2.0054000000
-2.0378000000
-1.9223000000
-1.5391000000
-0.3351300000
-0.2299300000
-1.2096000000
-0.5482600000
0.1626900000
-1.3091000000
-1.6195000000
-1.2332000000
0.4310000000
-0.0416570000
0.4263200000
-0.2549000000
0.3298800000
-1.1226000000
-0.8077900000
0.7236900000
-1.1045000000
-1.5518000000
-1.1737000000
0.5484000000
-0.1754500000
0.4906900000
-0.8127400000
0.3609500000
0.1761900000
0.1319600000
0.3466500000
-0.6257800000
0.6488000000
-0.9429800000
-0.3906600000
-0.0791080000
-1.1857000000
-0.5993200000
0.2906400000
-1.2802000000
-1.7088000000
-1.5991000000
-0.7551600000
0.6464900000
-1.1437000000
-1.7828000000
-1.9971000000
-2.0214000000
-1.8836000000
-1.4317000000
-0.0019195000
-0.2371500000
-0.0409090000
0.0906390000
-0.8497400000
0.5435600000
-0.1669900000
0.4306700000
-0.9844900000
-0.2365600000
-0.1697200000
-0.7733200000
0.6995300000
-0.8945700000
-0.2630700000
-0.1495000000
-0.8789300000
0.5934600000
-0.3208300000
0.4988200000
-1.0280000000
-0.5612300000
0.2256300000
-1.2900000000
-1.6214000000
-1.2599000000
0.3571200000
-0.0098471000
0.3454300000
0.1233800000
0.3799800000
-0.4525100000
0.4881100000
-1.1336000000
-1.1451000000
0.4142200000
0.0360560000
0.3654800000
0.0034977000
0.3514500000
-0.8802300000
0.2825100000
0.1790100000
-0.1252900000
0.1850200000
-1.0401000000
-0.1935400000
-0.1722700000
-0.6272100000
0.5807300000
-1.1420000000
-1.4036000000
-0.5234100000
0.0900660000
-1.3301000000
-1.6134000000
-1.1880000000
0.5433600000
-0.1730700000
0.4921100000
-0.7896400000
0.4217400000
0.1125900000
0.3485700000
-0.0093489000
0.3341800000
-0.9121000000
0.1869700000
0.1313700000
-0.2935700000
0.1877000000
-1.1652000000
-0.8321300000
0.7488800000
-1.0870000000
-1.4941000000
-0.9533100000
0.8224500000
-0.9888900000
-1.0816000000
0.5117200000
-0.0744660000
0.4578100000
-0.7186600000
0.5813700000
-0.3732400000
0.5157900000
-1.0479000000
-0.6987900000
0.5462200000
-1.1886000000
-1.7033000000
-1.6742000000
-1.0388000000
0.8130400000
-0.8584700000
-0.4136300000
-0.0274250000
-1.2247000000
-0.8607100000
0.7730000000
-1.0656000000
-1.4129000000
-0.6337200000
0.3593400000
-1.2616000000
-1.7809000000
-1.8703000000
-1.6408000000
-0.7483000000
0.6424200000
-1.1432000000
-1.7918000000
-2.0269000000
-2.0932000000
-2.0530000000
-1.8774000000
-1.3770000000
0.1686400000
-0.1216500000
0.2274300000
0.3087400000
-0.3633300000
0.3428600000
-1.1731000000
-1.1156000000
0.5133600000
-0.0864150000
0.4632100000
-0.7140500000
0.5845200000
-0.3904400000
0.5292600000
-1.0396000000
-0.6770400000
0.5000400000
-1.2066000000
-1.7112000000
-1.6842000000
-1.0673000000
0.7861400000
-0.7744300000
-0.0227290000
-0.0067434000
-0.5251400000
0.4514900000
-1.1878000000
-1.4137000000
-0.5229700000
0.0891890000
-1.3310000000
-1.6174000000
-1.2025000000
0.5098100000
-0.1225300000
0.4787800000
-0.6729400000
0.6183800000
-0.5943200000
0.6063000000
-0.6311900000
0.5916600000
-0.5004400000
0.6023000000
-0.9363600000
-0.2714900000
-0.1579600000
-0.8906200000
0.5750800000
-0.2533200000
0.4627900000
-1.0224000000
-0.4737600000
0.0348000000
-1.2870000000
-1.2772000000
0.0846740000
-0.0681410000
0.0201900000
0.1891500000
-0.8646100000
0.4536500000
0.0564170000
0.4064200000
-0.3492500000
0.3830900000
-1.1497000000
-1.0482000000
0.6503200000
-0.4255800000
0.5787900000
-0.8643700000
0.0803360000
0.0626750000
-0.4128800000
0.2897700000
-1.2106000000
-1.2456000000
0.1416000000
-0.0166520000
0.0363410000
0.2194100000
-0.8594800000
0.4472600000
0.0679180000
0.3969000000
-0.2764000000
0.3208300000
-1.1377000000
-0.8774700000
0.7774900000
-1.0323000000
-1.2027000000
0.1691000000
0.0208710000
0.0060299000
0.2058400000
-0.8977400000
0.3477800000
0.1659100000
0.0962020000
0.3265600000
-0.7481100000
0.6038500000
-0.4480500000
0.5760200000
-0.9793100000
-0.4386200000
-0.0185670000
-1.2554000000
-1.0335000000
0.7087200000
-0.6088000000
0.5108000000
-0.1537900000
0.3918800000
-1.0166000000
-0.3395600000
-0.1463700000
-1.0676000000
0.0135210000
-0.0386530000
-0.2580400000
0.0946310000
-1.1206000000
-0.4785200000
0.0239860000
-1.2960000000
-1.3109000000
-0.0300020000
-0.1633700000
-0.1114300000
0.0654500000
-0.9330500000
0.3406900000
0.1596500000
0.0835120000
0.3163300000
-0.7820700000
0.5579300000
-0.2420100000
0.4394000000
-1.0428000000
-0.5443200000
0.1826000000
-1.2973000000
-1.5818000000
-1.0974000000
0.7131800000
-0.5764400000
0.5204300000
-0.2104800000
0.3956800000
-1.0593000000
-0.5647400000
0.2276600000
-1.2910000000
-1.6328000000
-1.3033000000
0.2334800000
-0.0291420000
0.2190700000
0.3204400000
-0.3527000000
0.3376600000
-1.1701000000
-1.0895000000
0.5740700000
-0.2112900000
0.4849500000
-0.9235500000
-0.0328410000
-0.0434190000
-0.4162400000
0.2498500000
-1.2215000000
-1.2421000000
0.1610400000
-0.0047865000
0.0506870000
0.2357000000
-0.8443100000
0.4748100000
0.0140780000
0.4271100000
-0.5967000000
0.6379200000
-0.9405000000
-0.3571300000
-0.1142600000
-1.1174000000
-0.2338000000
-0.2003600000
-0.7280200000
0.6903600000
-1.0217000000
-0.9061000000
0.7688900000
-0.9452400000
-0.6831400000
0.5289200000
-1.1941000000
-1.6854000000
-1.6027000000
-0.7916500000
0.7095400000
-1.1183000000
-1.7562000000
-1.9342000000
-1.8655000000
-1.4654000000
-0.1295600000
-0.3027300000
-0.4576200000
0.2190600000
-1.2458000000
-1.3333000000
-0.1533500000
-0.2429600000
-0.4408400000
0.2114800000
-1.2398000000
-1.2852000000
0.0214580000
-0.1144000000
-0.0452440000
0.1217200000
-0.9008100000
0.3991600000
0.1286100000
0.2746300000
0.2477400000
0.2159600000
0.3118700000
0.0079684000
0.3263500000
-0.8947200000
0.2565500000
0.1693400000
-0.1839900000
0.1690100000
-1.0862000000
-0.3966700000
-0.1038600000
-1.1952000000
-0.6183800000
0.3365800000
-1.2665000000
-1.7285000000
-1.6843000000
-1.0501000000
0.8049400000
-0.8304100000
-0.2760400000
-0.1326900000
-0.9338100000
0.4637400000
0.0345390000
0.4177300000
-0.4117600000
0.4564800000
-1.1369000000
-1.1041000000
0.5251000000
-0.1056500000
0.4656400000
-0.7738800000
0.4804100000
-0.0063492000
0.4258400000
-0.7155300000
0.6004300000
-0.4607600000
0.5824900000
-0.9727500000
-0.4165300000
-0.0514380000
-1.2272000000
-0.8437000000
0.7598600000
-1.0821000000
-1.4944000000
-0.9596400000
0.8213700000
-0.9785500000
-1.0198000000
0.6416500000
-0.4119900000
0.5718800000
-0.9063100000
-0.0830500000
-0.0789800000
-0.4789100000
0.3413900000
-1.2196000000
-1.3943000000
-0.4157200000
-0.1224300000
-1.2700000000
-0.9751700000
0.7757400000
-0.8614300000
-0.3051100000
-0.1304500000
-1.0019000000
0.2525200000
0.1368200000
-0.1097200000
0.1726500000
-1.0203000000
-0.0899540000
-0.1084600000
-0.4072700000
0.2097500000
-1.2245000000
-1.1941000000
0.3198300000
0.0557640000
0.2166100000
0.3281200000
-0.2959400000
0.2915200000
-1.1561000000
-0.9348900000
0.7783100000
-0.9257900000
-0.6106000000
0.3663900000
-1.2512000000
-1.6762000000
-1.5089000000
-0.4500500000
-0.0570860000
-1.3337000000
-1.3968000000
-0.3256600000
-0.2320800000
-1.0782000000
0.0435620000
-0.0174360000
-0.2288000000
0.0939860000
-1.0948000000
-0.3502500000
-0.1551700000
-1.0913000000
-0.0785190000
-0.1175200000
-0.3392900000
0.1206800000
-1.1880000000
-0.8617300000
0.7723600000
-1.0601000000
-1.3707000000
-0.4624800000
-0.0389780000
-1.3129000000
-1.3110000000
-0.0176860000
-0.1552100000
-0.0883560000
0.0806520000
-0.9172100000
0.3788700000
0.1430800000
0.2094800000
0.3341500000
-0.2397600000
0.2650100000
-1.1297000000
-0.7497500000
0.6366000000
-1.1515000000
-1.6785000000
-1.6214000000
-0.8685100000
0.8065800000
-1.0739000000
-1.6450000000
-1.5768000000
-0.7337900000
0.6016600000
-1.1627000000
-1.7917000000
-2.0068000000
-2.0396000000
-1.9259000000
-1.5489000000
-0.3661400000
-0.1888100000
-1.2704000000
-0.8958200000
0.7925400000
-1.0313000000
-1.2423000000
0.0251590000
-0.0902880000
-0.0792380000
0.1059100000
-0.9342200000
0.3070400000
0.1655700000
-0.0233990000
0.2372100000
-0.9480800000
0.1453800000
0.0944130000
-0.3024600000
0.1772300000
-1.1701000000
-0.8440400000
0.7593500000
-1.0763000000
-1.4461000000
-0.7628100000
0.6470800000
-1.1475000000
-1.7507000000
-1.8852000000
-1.7190000000
-1.0136000000
0.8424700000
-0.9318000000
-0.8464300000
0.7557200000
-1.0347000000
-1.1535000000
0.3334200000
0.0770510000
0.2047000000
0.3337700000
-0.3478700000
0.3399900000
-1.1670000000
-1.0757000000
0.6028400000
-0.2846800000
0.5113100000
-0.9532700000
-0.2044600000
-0.1562300000
-0.6939100000
0.6672900000
-1.0629000000
-1.0973000000
0.5072800000
-0.0699600000
0.4581300000
-0.6881300000
0.6141900000
-0.5546300000
0.6150800000
-0.7772300000
0.3249100000
0.1999800000
-0.0172130000
0.2564400000
-0.9433600000
0.1450600000
0.0953680000
-0.3070900000
0.1813100000
-1.1731000000
-0.8657400000
0.7741000000
-1.0535000000
-1.3304000000
-0.3024200000
-0.2365100000
-0.9773800000
0.4020200000
0.1093100000
0.2909800000
0.2176200000
0.2859000000
0.1446000000
0.3684000000
-0.4424300000
0.4701400000
-1.1423000000
-1.1628000000
0.3673000000
0.0588850000
0.2839600000
0.2533200000
0.1795400000
0.3512800000
-0.2692300000
0.2884200000
-1.1424000000
-0.8542400000
0.7662000000
-1.0623000000
-1.3662000000
-0.4416800000
-0.0773010000
-1.2947000000
-1.1615000000
0.4536400000
-0.0150740000
0.4272900000
-0.3274200000
0.3763100000
-1.1422000000
-0.9928800000
0.7307100000
-0.7115800000
0.3072300000
0.2163700000
-0.0980970000
0.2136900000
-1.0224000000
-0.1443500000
-0.1447900000
-0.5096400000
0.3743900000
-1.2177000000
-1.4477000000
-0.6341800000
0.3614400000
-1.2610000000
-1.7885000000
-1.8961000000
-1.7156000000
-0.9901100000
0.8530600000
-0.9711400000
-1.0865000000
0.4907800000
-0.0378170000
0.4484900000
-0.5873900000
0.6344400000
-0.9410000000
-0.3529400000
-0.1181000000
-1.1078000000
-0.1862500000
-0.1858900000
-0.5803500000
0.4962600000
-1.1823000000
-1.4795000000
-0.7986000000
0.7087300000
-1.1212000000
-1.7214000000
-1.8099000000
-1.5014000000
-0.3030500000
-0.2630500000
-1.0958000000
-0.0022645000
-0.0590990000
-0.2439800000
0.0818280000
-1.1024000000
-0.3730100000
-0.1350100000
-1.1465000000
-0.3478100000
-0.1681400000
-1.0852000000
-0.0404820000
-0.0866780000
-0.2914600000
0.0934050000
-1.1473000000
-0.6126400000
0.3293000000
-1.2678000000
-1.7152000000
-1.6352000000
-0.8828300000
0.8199100000
-1.0653000000
-1.6138000000
-1.4642000000
-0.3397200000
-0.2258500000
-1.1561000000
-0.3002300000
-0.1998900000
-0.9444200000
0.4726800000
0.0175540000
0.4268500000
-0.4957300000
0.5574800000
-1.0851000000
-0.9904600000
0.7189300000
-0.6774100000
0.4015400000
0.1457500000
0.3071400000
0.1413800000
0.3711900000
-0.4223500000
0.4460000000
-1.1490000000
-1.1577000000
0.3861400000
0.0508540000
0.3187700000
0.1719600000
0.3488100000
-0.1629800000
0.2654300000
-1.0787000000
-0.4813900000
0.0378740000
-1.2946000000
-1.3238000000
-0.0787710000
-0.2011700000
-0.2162400000
0.0275890000
-1.0337000000
-0.0027316000
-0.0432160000
-0.3006400000
0.1168700000
-1.1607000000
-0.7121700000
0.5602300000
-1.1840000000
-1.7232000000
-1.7509000000
-1.2948000000
0.3330400000
-0.0364480000
0.3452100000
0.1392100000
0.3728200000
-0.3432500000
0.3575600000
-1.1582000000
-1.0538000000
0.6429400000
-0.4017200000
0.5689800000
-0.8952700000
-0.0309730000
-0.0362600000
-0.4374400000
0.2865000000
-1.2214000000
-1.3044000000
-0.0633840000
-0.1820900000
-0.1842500000
0.0352760000
-1.0006000000
0.1250200000
0.0662010000
-0.2652400000
0.1411200000
-1.1409000000
-0.6402100000
0.3979000000
-1.2452000000
-1.7305000000
-1.7133000000
-1.1532000000
0.6612500000
-0.4267800000
0.5743300000
-0.7256800000
0.4911500000
-0.0448980000
0.4186600000
-0.8396000000
0.3497100000
0.1777800000
0.0906310000
0.3269800000
-0.7589600000
0.5892000000
-0.3770700000
0.5236300000
-1.0373000000
-0.6539500000
0.4474900000
-1.2261000000
-1.7135000000
-1.6721000000
-1.0206000000
0.8271800000
-0.9039300000
-0.6601400000
0.4861100000
-1.2098000000
-1.6838000000
-1.5805000000
-0.7101500000
0.5533700000
-1.1823000000
-1.8027000000
-2.0222000000
-2.0710000000
-1.9980000000
-1.7389000000
-0.9650700000
0.8638500000
-1.0042000000
-1.3165000000
-0.2883300000
-0.2405300000
-0.9254500000
0.5388700000
-0.1349300000
0.4405900000
-0.9287500000
0.0023071000
-0.0156370000
-0.3894800000
0.2225200000
-1.2142000000
-1.1558000000
0.4272500000
0.0177870000
0.3908100000
-0.1122000000
0.3049600000
-1.0314000000
-0.2963700000
-0.1733200000
-0.9437600000
0.4599100000
0.0402030000
0.4130700000
-0.3650900000
0.4027100000
-1.1473000000
-1.0685000000
0.6098600000
-0.3045400000
0.5199400000
-0.9550500000
-0.2259600000
-0.1616600000
-0.7529000000
0.6987300000
-0.9491000000
-0.5275000000
0.1648200000
-1.2933000000
-1.5234000000
-0.8682900000
0.7951600000
-1.0764000000
-1.5992000000
-1.3947000000
-0.0981520000
-0.2498500000
-0.2800400000
0.0282130000
-1.1062000000
-0.3309300000
-0.1723000000
-1.0386000000
0.1501100000
0.0729940000
-0.2080700000
0.1273400000
-1.0919000000
-0.3749200000
-0.1307700000
-1.1507000000
-0.3719700000
-0.1459900000
-1.1457000000
-0.3323800000
-0.1797900000
-1.0424000000
0.1416700000
0.0662180000
-0.2104100000
0.1247400000
-1.0928000000
-0.3764600000
-0.1292800000
-1.1541000000
-0.3898100000
-0.1261600000
-1.1846000000
-0.5407900000
0.1486700000
-1.3094000000
-1.5934000000
-1.1311000000
0.6576300000
-0.4200700000
0.5757500000
-0.7801400000
0.3638400000
0.1793400000
0.1430600000
0.3503300000
-0.5773100000
0.6197900000
-1.0319000000
-0.8079300000
0.7267000000
-1.0960000000
-1.4883000000
-0.9201100000
0.8200100000
-1.0319000000
-1.3373000000
-0.3496000000
-0.2016700000
-1.1196000000
-0.1589900000
-0.1766500000
-0.4980300000
0.3407500000
-1.2265000000
-1.4369000000
-0.5818600000
0.2311800000
-1.3041000000
-1.7482000000
-1.7151000000
-1.1414000000
0.6841200000
-0.4844000000
0.5709000000
-0.5670700000
0.6236600000
-0.8322800000
0.1345800000
0.1132500000
-0.4095900000
0.3072900000
-1.2043000000
-1.2388000000
0.1608500000
-0.0029086000
0.0460240000
0.2322500000
-0.8503800000
0.4620700000
0.0406510000
0.4172100000
-0.4589000000
0.5118600000
-1.1159000000
-1.0842000000
0.5628700000
-0.1843500000
0.4766000000
-0.9063200000
0.0503290000
0.0290330000
-0.3881600000
0.2398900000
-1.2108000000
-1.1642000000
0.4014300000
0.0360250000
0.3511900000
0.0679220000
0.3774900000
-0.7151400000
0.6201500000
-0.5549900000
0.6135400000
-0.7612700000
0.3701800000
0.1768200000
0.1700900000
0.3511000000
-0.4450800000
0.4657500000
-1.1466000000
-1.1809000000
0.3143800000
0.0649460000
0.1923800000
0.3347000000
-0.4280800000
0.4358300000
-1.1579000000
-1.1921000000
0.2859100000
0.0599340000
0.1518400000
0.3264600000
-0.6119400000
0.6417900000
-0.9876300000
-0.6080500000
0.3471500000
-1.2586000000
-1.6842000000
-1.5313000000
-0.5260200000
0.1090200000
-1.3375000000
-1.6996000000
-1.5067000000
-0.4206700000
-0.1109100000
-1.3122000000
-1.2085000000
0.3279700000
0.0442780000
0.2466000000
0.3082200000
-0.1066100000
0.2570300000
-1.0343000000
-0.2503400000
-0.1818100000
-0.8006500000
0.6924800000
-0.8037600000
0.1193600000
0.1072800000
-0.4420100000
0.3539000000
-1.2015000000
-1.3056000000
-0.0830520000
-0.1950500000
-0.2310600000
0.0310090000
-1.0546000000
-0.0961770000
-0.1210800000
-0.3939700000
0.1854100000
-1.2207000000
-1.1348000000
0.4872500000
