396700.0000000000
454500.0000000000
460400.0000000000
471100.0000000000
811900.0000000000
281100.0000000000
368300.0000000000
408500.0000000000
320600.0000000000
585200.0000000000
774200.0000000000
993300.0000000000
774900.0000000000
234900.0000000000
878800.0000000000
548400.0000000000
587500.0000000000
637600.0000000000
574400.0000000000
438100.0000000000
924600.0000000000
896900.0000000000
370700.0000000000
106800.0000000000
194400.0000000000
241200.0000000000
283600.0000000000
300900.0000000000
286000.0000000000
490900.0000000000
708700.0000000000
356800.0000000000
392200.0000000000
236400.0000000000
410300.0000000000
1008700.0000000000
1136500.0000000000
413000.0000000000
476700.0000000000
684500.0000000000
461300.0000000000
616800.0000000000
462800.0000000000
749800.0000000000
341200.0000000000
420500.0000000000
773400.0000000000
600000.0000000000
279400.0000000000
266600.0000000000
710000.0000000000
500100.0000000000
262400.0000000000
326900.0000000000
453900.0000000000
658400.0000000000
633800.0000000000
1197500.0000000000
663400.0000000000
727000.0000000000
176900.0000000000
291800.0000000000
296200.0000000000
46300.0000000000
385500.0000000000
741000.0000000000
1948300.0000000000
555400.0000000000
905600.0000000000
547700.0000000000
513900.0000000000
1392500.0000000000
922600.0000000000
1307100.0000000000
2309800.0000000000
567900.0000000000
592300.0000000000
504400.0000000000
1038700.0000000000
1133300.0000000000
1037400.0000000000
1232100.0000000000
1240900.0000000000
828400.0000000000
1475400.0000000000
1604300.0000000000
913600.0000000000
1084100.0000000000
1575900.0000000000
694800.0000000000
892500.0000000000
976600.0000000000
1189300.0000000000
1251800.0000000000
1984200.0000000000
867200.0000000000
1075200.0000000000
1011100.0000000000
1081800.0000000000
2080100.0000000000
4665300.0000000000
1626000.0000000000
2912000.0000000000
3042900.0000000000
10376000.0000000000
1688700.0000000000
1162000.0000000000
927900.0000000000
735900.0000000000
4257000.0000000000
2529100.0000000000
12329000.0000000000
952500.0000000000
518900.0000000000
959400.0000000000
39295000.0000000000
628400.0000000000
763100.0000000000
998300.0000000000
933200.0000000000
765400.0000000000
1270000.0000000000
1705600.0000000000
800800.0000000000
39902000.0000000000
1550800.0000000000
2414700.0000000000
530800.0000000000
517100.0000000000
1016300.0000000000
1451400.0000000000
2581200.0000000000
1033700.0000000000
970000.0000000000
2521700.0000000000
808600.0000000000
425000.0000000000
626900.0000000000
4961700.0000000000
1250600.0000000000
587000.0000000000
1219100.0000000000
2110400.0000000000
1390300.0000000000
805500.0000000000
479400.0000000000
726700.0000000000
924400.0000000000
1484000.0000000000
1124800.0000000000
514100.0000000000
653800.0000000000
1361400.0000000000
423300.0000000000
622600.0000000000
1297000.0000000000
2150400.0000000000
1380700.0000000000
716800.0000000000
893100.0000000000
519400.0000000000
585100.0000000000
913900.0000000000
2916200.0000000000
1072500.0000000000
906900.0000000000
1510800.0000000000
861400.0000000000
2133400.0000000000
933500.0000000000
1422100.0000000000
1243900.0000000000
946400.0000000000
923000.0000000000
1592800.0000000000
890200.0000000000
3628800.0000000000
900100.0000000000
1148300.0000000000
619900.0000000000
1022200.0000000000
624500.0000000000
513200.0000000000
3223800.0000000000
854100.0000000000
768900.0000000000
1626800.0000000000
1294200.0000000000
959900.0000000000
1395100.0000000000
565100.0000000000
1597300.0000000000
729900.0000000000
813200.0000000000
339400.0000000000
3857100.0000000000
735300.0000000000
3314400.0000000000
1431600.0000000000
939800.0000000000
1203100.0000000000
1085100.0000000000
2002200.0000000000
1318000.0000000000
526900.0000000000
786100.0000000000
607700.0000000000
1207300.0000000000
1892600.0000000000
1175000.0000000000
1610200.0000000000
1055100.0000000000
1749400.0000000000
1634400.0000000000
2305700.0000000000
3195100.0000000000
2141200.0000000000
1523300.0000000000
1937500.0000000000
691700.0000000000
1146000.0000000000
1077900.0000000000
667100.0000000000
434700.0000000000
676800.0000000000
713500.0000000000
412000.0000000000
465600.0000000000
214300.0000000000
911800.0000000000
374300.0000000000
214400.0000000000
688200.0000000000
1051500.0000000000
1218800.0000000000
397800.0000000000
902800.0000000000
1052900.0000000000
762000.0000000000
401900.0000000000
259000.0000000000
349900.0000000000
443000.0000000000
506000.0000000000
997300.0000000000
477300.0000000000
631500.0000000000
665600.0000000000
555900.0000000000
1103900.0000000000
908700.0000000000
1590700.0000000000
856200.0000000000
585400.0000000000
334100.0000000000
1047900.0000000000
0.0000000000
0.0000000000
1405700.0000000000
1122400.0000000000
413900.0000000000
1316800.0000000000
315900.0000000000
313000.0000000000
247700.0000000000
397000.0000000000
683800.0000000000
475800.0000000000
402100.0000000000
2044800.0000000000
784700.0000000000
776200.0000000000
927500.0000000000
430700.0000000000
453600.0000000000
749600.0000000000
354100.0000000000
471500.0000000000
649700.0000000000
1814800.0000000000
743800.0000000000
630300.0000000000
1007600.0000000000
637300.0000000000
1304100.0000000000
573400.0000000000
509600.0000000000
443100.0000000000
783400.0000000000
872200.0000000000
1320200.0000000000
965200.0000000000
816400.0000000000
1027000.0000000000
848700.0000000000
1310200.0000000000
679800.0000000000
1278900.0000000000
779300.0000000000
941000.0000000000
1208600.0000000000
1064200.0000000000
883500.0000000000
1152700.0000000000
1267000.0000000000
1325800.0000000000
1519900.0000000000
1101600.0000000000
1010400.0000000000
609700.0000000000
1360800.0000000000
1216800.0000000000
1338700.0000000000
380500.0000000000
595800.0000000000
0.0000000000
620100.0000000000
349900.0000000000
448700.0000000000
0.0000000000
0.0000000000
1529900.0000000000
888600.0000000000
289900.0000000000
354800.0000000000
316400.0000000000
582200.0000000000
595900.0000000000
431400.0000000000
224200.0000000000
2394000.0000000000
1357100.0000000000
293700.0000000000
669900.0000000000
525600.0000000000
837600.0000000000
255200.0000000000
537300.0000000000
426100.0000000000
546000.0000000000
519400.0000000000
343800.0000000000
499100.0000000000
931600.0000000000
2289100.0000000000
681600.0000000000
1581400.0000000000
650300.0000000000
357200.0000000000
738200.0000000000
670000.0000000000
872600.0000000000
942500.0000000000
1746000.0000000000
1229300.0000000000
459900.0000000000
2339800.0000000000
560800.0000000000
561600.0000000000
1013000.0000000000
814400.0000000000
724200.0000000000
801000.0000000000
1862600.0000000000
636500.0000000000
411000.0000000000
908700.0000000000
617300.0000000000
876800.0000000000
819000.0000000000
413500.0000000000
1686800.0000000000
1649700.0000000000
1681000.0000000000
1241500.0000000000
560100.0000000000
1004000.0000000000
653400.0000000000
236800.0000000000
638700.0000000000
3784300.0000000000
1143100.0000000000
1399500.0000000000
685100.0000000000
285700.0000000000
2036000.0000000000
752500.0000000000
1276100.0000000000
352900.0000000000
435900.0000000000
1879700.0000000000
1045400.0000000000
717600.0000000000
399600.0000000000
322700.0000000000
611000.0000000000
1409400.0000000000
2025100.0000000000
279400.0000000000
840000.0000000000
602700.0000000000
1949900.0000000000
1062000.0000000000
799900.0000000000
442000.0000000000
323800.0000000000
0.0000000000
267000.0000000000
736700.0000000000
899100.0000000000
367800.0000000000
2144800.0000000000
1752700.0000000000
1824400.0000000000
560200.0000000000
1257400.0000000000
1493900.0000000000
2582700.0000000000
1559300.0000000000
3537200.0000000000
953500.0000000000
2531500.0000000000
906200.0000000000
495900.0000000000
478900.0000000000
886300.0000000000
606600.0000000000
1004600.0000000000
1009700.0000000000
544900.0000000000
445300.0000000000
302900.0000000000
953100.0000000000
786000.0000000000
1864800.0000000000
1111800.0000000000
391700.0000000000
466600.0000000000
768300.0000000000
828300.0000000000
797300.0000000000
1267700.0000000000
1250300.0000000000
1920700.0000000000
1693000.0000000000
1071600.0000000000
1565500.0000000000
1878800.0000000000
1067400.0000000000
901100.0000000000
1210100.0000000000
666800.0000000000
1736700.0000000000
1489700.0000000000
263100.0000000000
709600.0000000000
615600.0000000000
833700.0000000000
776400.0000000000
911300.0000000000
2936400.0000000000
1467200.0000000000
2683500.0000000000
2647400.0000000000
1701900.0000000000
1871000.0000000000
1348900.0000000000
0.0000000000
975300.0000000000
791900.0000000000
798200.0000000000
0.0000000000
3072200.0000000000
326700.0000000000
619100.0000000000
361700.0000000000
3298600.0000000000
584600.0000000000
869400.0000000000
646400.0000000000
981700.0000000000
1052500.0000000000
952900.0000000000
392000.0000000000
403400.0000000000
312000.0000000000
0.0000000000
325300.0000000000
302000.0000000000
1185600.0000000000
923000.0000000000
504100.0000000000
385100.0000000000
888300.0000000000
1205700.0000000000
489900.0000000000
1226100.0000000000
438900.0000000000
885400.0000000000
2042600.0000000000
510600.0000000000
674300.0000000000
296100.0000000000
364200.0000000000
1128700.0000000000
1338500.0000000000
0.0000000000
0.0000000000
392100.0000000000
573400.0000000000
1099600.0000000000
1172500.0000000000
1546100.0000000000
888900.0000000000
1291900.0000000000
608000.0000000000
712100.0000000000
528600.0000000000
492600.0000000000
5262400.0000000000
1034700.0000000000
298800.0000000000
1258500.0000000000
1677800.0000000000
915900.0000000000
731600.0000000000
1495400.0000000000
625400.0000000000
1069200.0000000000
3375500.0000000000
2716600.0000000000
2043400.0000000000
1126200.0000000000
3429200.0000000000
1037100.0000000000
1669600.0000000000
1450300.0000000000
597700.0000000000
631000.0000000000
1415100.0000000000
957600.0000000000
837900.0000000000
2352300.0000000000
1865400.0000000000
942100.0000000000
1142800.0000000000
254600.0000000000
1380200.0000000000
1494900.0000000000
1626000.0000000000
663500.0000000000
777600.0000000000
484700.0000000000
1994400.0000000000
637200.0000000000
2188800.0000000000
1279900.0000000000
3208000.0000000000
219300.0000000000
313200.0000000000
1063800.0000000000
784000.0000000000
1430800.0000000000
1356900.0000000000
1542300.0000000000
3404100.0000000000
1542900.0000000000
1305200.0000000000
1341700.0000000000
1431200.0000000000
747400.0000000000
1391700.0000000000
676500.0000000000
1960500.0000000000
304200.0000000000
725000.0000000000
0.0000000000
136000.0000000000
326900.0000000000
446100.0000000000
0.0000000000
0.0000000000
98400.0000000000
356900.0000000000
697300.0000000000
1061300.0000000000
929200.0000000000
3595300.0000000000
1715300.0000000000
1012400.0000000000
523400.0000000000
814100.0000000000
2236500.0000000000
996100.0000000000
2156400.0000000000
1141400.0000000000
2007600.0000000000
5961300.0000000000
3197200.0000000000
635400.0000000000
1675500.0000000000
1509200.0000000000
3825600.0000000000
1412700.0000000000
2762700.0000000000
2362300.0000000000
3295600.0000000000
5194700.0000000000
6413800.0000000000
4761400.0000000000
1686700.0000000000
3163600.0000000000
5588400.0000000000
6020300.0000000000
8433200.0000000000
5951500.0000000000
5330900.0000000000
321000.0000000000
951700.0000000000
627800.0000000000
351200.0000000000
636900.0000000000
1432900.0000000000
5598700.0000000000
3334900.0000000000
895700.0000000000
359400.0000000000
390900.0000000000
1398200.0000000000
351500.0000000000
457000.0000000000
444600.0000000000
1505300.0000000000
1847300.0000000000
1483700.0000000000
2488900.0000000000
1355900.0000000000
1699800.0000000000
1014600.0000000000
2726100.0000000000
1114100.0000000000
653600.0000000000
744000.0000000000
1044700.0000000000
1096000.0000000000
871000.0000000000
288200.0000000000
531800.0000000000
2425200.0000000000
185900.0000000000
796200.0000000000
421700.0000000000
1191400.0000000000
2626700.0000000000
1618500.0000000000
1965100.0000000000
1547300.0000000000
1649400.0000000000
2773200.0000000000
4426700.0000000000
6224300.0000000000
2632600.0000000000
13739000.0000000000
14438000.0000000000
531200.0000000000
196100.0000000000
0.0000000000
658500.0000000000
1468100.0000000000
1813900.0000000000
5661900.0000000000
2163400.0000000000
2723800.0000000000
2861600.0000000000
3141800.0000000000
699900.0000000000
701200.0000000000
428200.0000000000
1164100.0000000000
288900.0000000000
600400.0000000000
189400.0000000000
744900.0000000000
0.0000000000
2745900.0000000000
3769400.0000000000
589000.0000000000
1081400.0000000000
1108800.0000000000
2199200.0000000000
1853600.0000000000
2262300.0000000000
3780800.0000000000
5896700.0000000000
1742900.0000000000
2681700.0000000000
2494900.0000000000
6665700.0000000000
2059700.0000000000
1345000.0000000000
615000.0000000000
424500.0000000000
189900.0000000000
262100.0000000000
59700.0000000000
128500.0000000000
467900.0000000000
233000.0000000000
219500.0000000000
144800.0000000000
345000.0000000000
65900.0000000000
114600.0000000000
422700.0000000000
284600.0000000000
119000.0000000000
5400.0000000000
1132400.0000000000
1098500.0000000000
1220100.0000000000
1511700.0000000000
1329700.0000000000
379800.0000000000
318500.0000000000
189900.0000000000
243500.0000000000
260200.0000000000
248500.0000000000
448400.0000000000
1068900.0000000000
118700.0000000000
0.0000000000
467400.0000000000
598800.0000000000
521300.0000000000
525000.0000000000
1711500.0000000000
3435300.0000000000
3158500.0000000000
1087800.0000000000
1093000.0000000000
857400.0000000000
1267700.0000000000
163200.0000000000
1778300.0000000000
597900.0000000000
652100.0000000000
106500.0000000000
232700.0000000000
6637500.0000000000
1164700.0000000000
0.0000000000
709700.0000000000
493600.0000000000
467200.0000000000
625700.0000000000
481200.0000000000
215000.0000000000
453200.0000000000
644500.0000000000
1902900.0000000000
0.0000000000
0.0000000000
225200.0000000000
634200.0000000000
361600.0000000000
1029200.0000000000
528000.0000000000
129100.0000000000
923900.0000000000
868400.0000000000
224900.0000000000
895200.0000000000
1112300.0000000000
115100.0000000000
313700.0000000000
1051500.0000000000
562700.0000000000
857500.0000000000
832300.0000000000
608400.0000000000
592000.0000000000
523700.0000000000
368900.0000000000
257900.0000000000
487700.0000000000
284000.0000000000
691400.0000000000
1482700.0000000000
813900.0000000000
1927400.0000000000
676700.0000000000
1166100.0000000000
1425400.0000000000
781700.0000000000
414100.0000000000
835200.0000000000
243200.0000000000
2662700.0000000000
96200.0000000000
787300.0000000000
103400.0000000000
67900.0000000000
327400.0000000000
697100.0000000000
324300.0000000000
202100.0000000000
1670600.0000000000
205900.0000000000
327800.0000000000
272800.0000000000
289900.0000000000
181800.0000000000
2704300.0000000000
2150100.0000000000
577800.0000000000
194400.0000000000
538800.0000000000
846600.0000000000
386800.0000000000
511800.0000000000
277100.0000000000
321300.0000000000
1157000.0000000000
1149000.0000000000
945800.0000000000
1247500.0000000000
712300.0000000000
164500.0000000000
389300.0000000000
576300.0000000000
981900.0000000000
269100.0000000000
881400.0000000000
324700.0000000000
104000.0000000000
0.0000000000
112700.0000000000
209400.0000000000
542100.0000000000
0.0000000000
0.0000000000
141400.0000000000
89400.0000000000
1006700.0000000000
2274400.0000000000
336700.0000000000
1191500.0000000000
464600.0000000000
309200.0000000000
308700.0000000000
204500.0000000000
533000.0000000000
233200.0000000000
429100.0000000000
1287600.0000000000
852000.0000000000
1119400.0000000000
555000.0000000000
1236000.0000000000
372300.0000000000
1290900.0000000000
2013600.0000000000
1159800.0000000000
775800.0000000000
339200.0000000000
3045000.0000000000
2159600.0000000000
620300.0000000000
413600.0000000000
292900.0000000000
580300.0000000000
404800.0000000000
315200.0000000000
1251400.0000000000
941600.0000000000
358500.0000000000
1740500.0000000000
5643200.0000000000
318600.0000000000
200500.0000000000
329800.0000000000
247100.0000000000
345700.0000000000
349600.0000000000
92700.0000000000
434400.0000000000
448300.0000000000
127200.0000000000
807100.0000000000
230800.0000000000
179200.0000000000
436200.0000000000
185900.0000000000
256400.0000000000
566000.0000000000
1087800.0000000000
566700.0000000000
1510700.0000000000
2031200.0000000000
1256900.0000000000
353400.0000000000
813500.0000000000
861700.0000000000
698200.0000000000
459200.0000000000
762200.0000000000
939300.0000000000
444800.0000000000
476000.0000000000
520100.0000000000
3957200.0000000000
1279600.0000000000
230700.0000000000
482500.0000000000
665700.0000000000
1161700.0000000000
2768600.0000000000
3279300.0000000000
3895000.0000000000
449000.0000000000
743800.0000000000
3809200.0000000000
2956200.0000000000
2578500.0000000000
812700.0000000000
0.0000000000
5015800.0000000000
3115100.0000000000
3061400.0000000000
1953300.0000000000
510800.0000000000
31000.0000000000
179000.0000000000
605600.0000000000
49400.0000000000
701500.0000000000
304000.0000000000
338600.0000000000
188300.0000000000
201600.0000000000
171200.0000000000
1825200.0000000000
80000.0000000000
182800.0000000000
771800.0000000000
401500.0000000000
476200.0000000000
336600.0000000000
242800.0000000000
868800.0000000000
507800.0000000000
432100.0000000000
238000.0000000000
2817100.0000000000
542300.0000000000
224000.0000000000
141900.0000000000
241900.0000000000
100300.0000000000
989400.0000000000
413300.0000000000
239100.0000000000
1958300.0000000000
228000.0000000000
1067100.0000000000
160500.0000000000
216400.0000000000
482000.0000000000
3741200.0000000000
1542400.0000000000
320100.0000000000
586000.0000000000
2010600.0000000000
2265400.0000000000
3623600.0000000000
1761300.0000000000
3768600.0000000000
1632100.0000000000
439500.0000000000
1235000.0000000000
1072700.0000000000
595400.0000000000
439500.0000000000
1866200.0000000000
407800.0000000000
200400.0000000000
0.0000000000
1168900.0000000000
695800.0000000000
320000.0000000000
0.0000000000
408200.0000000000
435700.0000000000
1167500.0000000000
432200.0000000000
355600.0000000000
257500.0000000000
710800.0000000000
494800.0000000000
1133100.0000000000
144400.0000000000
640000.0000000000
261900.0000000000
531500.0000000000
159700.0000000000
657600.0000000000
1721500.0000000000
960600.0000000000
250400.0000000000
2135300.0000000000
0.0000000000
4043400.0000000000
1306100.0000000000
1032300.0000000000
1385700.0000000000
591400.0000000000
3342300.0000000000
350500.0000000000
1805100.0000000000
564600.0000000000
1671300.0000000000
728600.0000000000
3952500.0000000000
2323400.0000000000
215800.0000000000
668400.0000000000
1360500.0000000000
3267200.0000000000
7508900.0000000000
2000200.0000000000
691800.0000000000
193900.0000000000
1277700.0000000000
651200.0000000000
736300.0000000000
0.0000000000
0.0000000000
2288500.0000000000
1477200.0000000000
1019700.0000000000
4398000.0000000000
1350200.0000000000
1881700.0000000000
4955700.0000000000
3240900.0000000000
682400.0000000000
1943000.0000000000
1844000.0000000000
713600.0000000000
1378300.0000000000
2047400.0000000000
2075400.0000000000
11149000.0000000000
3143200.0000000000
1609700.0000000000
6720600.0000000000
1424300.0000000000
3042500.0000000000
261000.0000000000
1189000.0000000000
777300.0000000000
844300.0000000000
5831100.0000000000
2902200.0000000000
6943800.0000000000
1058300.0000000000
1787200.0000000000
912200.0000000000
1000500.0000000000
2282700.0000000000
2382900.0000000000
2332300.0000000000
343100.0000000000
523100.0000000000
657800.0000000000
463900.0000000000
1373200.0000000000
515800.0000000000
970800.0000000000
882300.0000000000
540600.0000000000
439600.0000000000
436900.0000000000
303400.0000000000
823300.0000000000
1453700.0000000000
621500.0000000000
877200.0000000000
2523900.0000000000
1964700.0000000000
628700.0000000000
425100.0000000000
225100.0000000000
1635600.0000000000
4495700.0000000000
0.0000000000
12200.0000000000
41900.0000000000
638400.0000000000
0.0000000000
0.0000000000
903700.0000000000
266400.0000000000
265300.0000000000
677200.0000000000
365700.0000000000
148600.0000000000
303600.0000000000
244400.0000000000
209600.0000000000
628600.0000000000
229200.0000000000
473300.0000000000
141300.0000000000
339800.0000000000
636600.0000000000
1436300.0000000000
1785000.0000000000
338700.0000000000
2532300.0000000000
3858400.0000000000
992800.0000000000
676600.0000000000
475900.0000000000
417100.0000000000
914500.0000000000
684000.0000000000
180000.0000000000
612300.0000000000
71400.0000000000
358900.0000000000
1057200.0000000000
293700.0000000000
560500.0000000000
980900.0000000000
418300.0000000000
113600.0000000000
803200.0000000000
1402500.0000000000
744800.0000000000
320700.0000000000
238700.0000000000
443300.0000000000
269700.0000000000
382900.0000000000
131200.0000000000
186200.0000000000
25800.0000000000
865100.0000000000
92900.0000000000
3190600.0000000000
2724200.0000000000
3082500.0000000000
1433300.0000000000
1202000.0000000000
502600.0000000000
294100.0000000000
1297400.0000000000
1470900.0000000000
396300.0000000000
1245900.0000000000
252100.0000000000
514300.0000000000
1008400.0000000000
426300.0000000000
371900.0000000000
436300.0000000000
800800.0000000000
1051500.0000000000
165000.0000000000
945700.0000000000
672500.0000000000
464900.0000000000
796500.0000000000
325700.0000000000
927400.0000000000
576300.0000000000
1027300.0000000000
1445300.0000000000
342300.0000000000
299500.0000000000
211100.0000000000
757700.0000000000
142100.0000000000
372700.0000000000
0.0000000000
549000.0000000000
1315600.0000000000
1012900.0000000000
863200.0000000000
949600.0000000000
930800.0000000000
1044300.0000000000
263100.0000000000
331600.0000000000
884500.0000000000
642500.0000000000
1384900.0000000000
1287500.0000000000
129900.0000000000
249400.0000000000
283500.0000000000
219200.0000000000
40800.0000000000
75200.0000000000
253400.0000000000
153500.0000000000
567500.0000000000
108700.0000000000
131800.0000000000
981000.0000000000
510900.0000000000
371100.0000000000
884200.0000000000
1106600.0000000000
60400.0000000000
191900.0000000000
339500.0000000000
300500.0000000000
69300.0000000000
253600.0000000000
185200.0000000000
218200.0000000000
92600.0000000000
57600.0000000000
431800.0000000000
249400.0000000000
653100.0000000000
420000.0000000000
864700.0000000000
655800.0000000000
531400.0000000000
640400.0000000000
1640500.0000000000
149700.0000000000
265400.0000000000
190000.0000000000
461300.0000000000
374800.0000000000
240900.0000000000
693100.0000000000
751000.0000000000
1105600.0000000000
116000.0000000000
378400.0000000000
244900.0000000000
155600.0000000000
177900.0000000000
101800.0000000000
1194100.0000000000
0.0000000000
189500.0000000000
597300.0000000000
1470900.0000000000
795100.0000000000
746500.0000000000
294700.0000000000
1280400.0000000000
392200.0000000000
516400.0000000000
344800.0000000000
966700.0000000000
803300.0000000000
497200.0000000000
156300.0000000000
192800.0000000000
387700.0000000000
237600.0000000000
608800.0000000000
221700.0000000000
0.0000000000
404100.0000000000
423200.0000000000
932500.0000000000
1423700.0000000000
239800.0000000000
153200.0000000000
1220300.0000000000
2481000.0000000000
373100.0000000000
127700.0000000000
640100.0000000000
962100.0000000000
1111500.0000000000
551200.0000000000
0.0000000000
0.0000000000
220800.0000000000
176500.0000000000
597100.0000000000
809100.0000000000
2186200.0000000000
153900.0000000000
102700.0000000000
366400.0000000000
480600.0000000000
317700.0000000000
1568800.0000000000
619700.0000000000
1691100.0000000000
1683000.0000000000
666800.0000000000
639400.0000000000
550900.0000000000
513600.0000000000
1383200.0000000000
1153900.0000000000
841400.0000000000
1441600.0000000000
206100.0000000000
641500.0000000000
812900.0000000000
1429500.0000000000
382900.0000000000
702100.0000000000
72700.0000000000
287500.0000000000
228100.0000000000
267200.0000000000
673400.0000000000
310700.0000000000
533500.0000000000
405600.0000000000
341500.0000000000
1740900.0000000000
1029400.0000000000
773700.0000000000
336800.0000000000
364500.0000000000
538400.0000000000
88100.0000000000
376700.0000000000
419300.0000000000
197500.0000000000
2722300.0000000000
498600.0000000000
1393400.0000000000
634000.0000000000
188500.0000000000
281700.0000000000
968800.0000000000
169300.0000000000
431900.0000000000
291800.0000000000
1411600.0000000000
345500.0000000000
579500.0000000000
348100.0000000000
386100.0000000000
249900.0000000000
321900.0000000000
301900.0000000000
690100.0000000000
228200.0000000000
621400.0000000000
433700.0000000000
132200.0000000000
0.0000000000
180300.0000000000
412400.0000000000
115400.0000000000
0.0000000000
0.0000000000
94300.0000000000
80200.0000000000
118100.0000000000
468100.0000000000
993700.0000000000
107300.0000000000
565800.0000000000
660900.0000000000
155000.0000000000
1026300.0000000000
372800.0000000000
1129600.0000000000
193600.0000000000
493400.0000000000
1019400.0000000000
276100.0000000000
1270400.0000000000
691700.0000000000
2788500.0000000000
2660200.0000000000
1919700.0000000000
953900.0000000000
740600.0000000000
312100.0000000000
541400.0000000000
963800.0000000000
815400.0000000000
678300.0000000000
492500.0000000000
999500.0000000000
1647500.0000000000
332900.0000000000
842300.0000000000
356600.0000000000
121700.0000000000
652800.0000000000
408900.0000000000
1403100.0000000000
620600.0000000000
314200.0000000000
179600.0000000000
222700.0000000000
660600.0000000000
2476400.0000000000
723700.0000000000
1297000.0000000000
244700.0000000000
182800.0000000000
117500.0000000000
111300.0000000000
117000.0000000000
1167200.0000000000
1098800.0000000000
259300.0000000000
596100.0000000000
1099000.0000000000
1284700.0000000000
1379400.0000000000
872600.0000000000
777300.0000000000
866700.0000000000
273600.0000000000
263800.0000000000
132800.0000000000
354200.0000000000
165700.0000000000
182500.0000000000
347500.0000000000
202200.0000000000
301500.0000000000
913800.0000000000
396700.0000000000
301200.0000000000
891300.0000000000
1346500.0000000000
1661400.0000000000
705500.0000000000
600500.0000000000
534900.0000000000
399200.0000000000
428100.0000000000
1208500.0000000000
2112200.0000000000
514000.0000000000
479600.0000000000
708500.0000000000
2605400.0000000000
0.0000000000
114200.0000000000
1328900.0000000000
1152300.0000000000
1349800.0000000000
976000.0000000000
1927400.0000000000
1740300.0000000000
724200.0000000000
1275800.0000000000
213400.0000000000
538800.0000000000
394200.0000000000
574400.0000000000
170100.0000000000
160700.0000000000
185600.0000000000
140400.0000000000
917800.0000000000
231200.0000000000
637600.0000000000
630400.0000000000
852200.0000000000
237700.0000000000
657800.0000000000
725400.0000000000
1256400.0000000000
359500.0000000000
590600.0000000000
725200.0000000000
1368200.0000000000
286400.0000000000
408100.0000000000
576100.0000000000
654000.0000000000
929500.0000000000
1572100.0000000000
382700.0000000000
389400.0000000000
1149700.0000000000
143800.0000000000
624100.0000000000
222700.0000000000
640000.0000000000
253500.0000000000
340200.0000000000
316300.0000000000
155500.0000000000
149000.0000000000
440100.0000000000
545700.0000000000
69100.0000000000
742600.0000000000
343400.0000000000
452300.0000000000
717300.0000000000
533900.0000000000
356800.0000000000
248500.0000000000
155500.0000000000
726500.0000000000
576200.0000000000
527000.0000000000
746500.0000000000
925300.0000000000
0.0000000000
114200.0000000000
732200.0000000000
575700.0000000000
1315000.0000000000
943200.0000000000
1890900.0000000000
196400.0000000000
755000.0000000000
1463100.0000000000
404200.0000000000
307900.0000000000
562900.0000000000
510700.0000000000
1081300.0000000000
0.0000000000
114200.0000000000
191100.0000000000
517500.0000000000
1278200.0000000000
2675100.0000000000
153300.0000000000
351800.0000000000
194700.0000000000
287900.0000000000
0.0000000000
0.0000000000
114200.0000000000
612900.0000000000
2841500.0000000000
565200.0000000000
1065800.0000000000
669800.0000000000
299700.0000000000
294200.0000000000
982700.0000000000
261300.0000000000
160200.0000000000
319900.0000000000
1233500.0000000000
140900.0000000000
845900.0000000000
894600.0000000000
1674100.0000000000
622200.0000000000
963100.0000000000
517900.0000000000
788400.0000000000
936700.0000000000
444000.0000000000
149300.0000000000
606500.0000000000
1088200.0000000000
449500.0000000000
307700.0000000000
1879000.0000000000
834000.0000000000
865000.0000000000
668600.0000000000
1112400.0000000000
146700.0000000000
64800.0000000000
100500.0000000000
106000.0000000000
378600.0000000000
69000.0000000000
416200.0000000000
767400.0000000000
986400.0000000000
1255600.0000000000
168600.0000000000
332100.0000000000
273200.0000000000
112400.0000000000
2399300.0000000000
163600.0000000000
228200.0000000000
155900.0000000000
372900.0000000000
351300.0000000000
574900.0000000000
800700.0000000000
321500.0000000000
234700.0000000000
252500.0000000000
1058600.0000000000
300000.0000000000
390800.0000000000
802700.0000000000
248500.0000000000
1211900.0000000000
661400.0000000000
406000.0000000000
982800.0000000000
856300.0000000000
347000.0000000000
199300.0000000000
581100.0000000000
30600.0000000000
731500.0000000000
1006600.0000000000
256400.0000000000
588000.0000000000
