0.3390000000
1.0930000000
1.2990000000
0.7530000000
1.3860000000
0.7540000000
0.8740000000
0.9280000000
0.9470000000
1.2410000000
0.9000000000
1.0230000000
0.9550000000
0.7770000000
1.3810000000
0.7800000000
0.9430000000
1.1260000000
0.8960000000
0.8540000000
0.6620000000
0.5800000000
0.7740000000
0.4910000000
0.8840000000
0.9240000000
0.6170000000
1.3190000000
1.1050000000
1.2280000000
0.7000000000
0.7940000000
0.8210000000
1.0040000000
1.0310000000
0.6400000000
0.7760000000
0.7140000000
0.7970000000
0.6030000000
0.5070000000
0.4980000000
0.5650000000
1.1510000000
1.4440000000
1.3490000000
1.4800000000
1.8640000000
1.1010000000
1.0550000000
1.0740000000
0.8840000000
1.2010000000
1.2250000000
1.2350000000
0.9430000000
1.6970000000
1.3920000000
1.2450000000
1.0770000000
1.2610000000
0.9850000000
0.5010000000
0.7350000000
0.9100000000
1.5750000000
1.2370000000
1.0340000000
0.8710000000
0.8880000000
0.8990000000
0.3990000000
1.2650000000
0.4960000000
0.7760000000
0.6860000000
1.0420000000
0.7700000000
0.6290000000
0.6600000000
0.7330000000
0.5890000000
0.7160000000
0.9050000000
0.8280000000
1.2550000000
1.1990000000
1.0610000000
0.8790000000
0.7990000000
1.1650000000
1.7320000000
0.9170000000
1.1560000000
1.2280000000
1.3280000000
1.4800000000
1.1170000000
0.9930000000
0.8420000000
0.6390000000
0.6820000000
0.5940000000
0.4910000000
0.8520000000
1.0240000000
1.1760000000
1.3760000000
0.5350000000
0.7430000000
0.8510000000
1.1870000000
1.2930000000
1.0250000000
1.3190000000
1.1470000000
1.9850000000
1.2560000000
1.4480000000
1.3530000000
1.1370000000
0.9680000000
0.9650000000
1.1250000000
1.3470000000
1.3140000000
0.5790000000
1.0420000000
0.7370000000
1.1980000000
0.8290000000
0.7230000000
1.3900000000
1.2380000000
0.6400000000
1.3020000000
1.0850000000
0.9160000000
0.9740000000
0.9460000000
0.4790000000
1.0820000000
1.0780000000
1.1570000000
1.1530000000
0.7040000000
1.1600000000
1.1250000000
1.5600000000
1.1880000000
1.9800000000
1.3550000000
0.9510000000
0.5860000000
1.3200000000
0.8180000000
0.9520000000
1.1780000000
1.4490000000
0.8460000000
0.6770000000
0.5470000000
0.8550000000
0.7560000000
1.2370000000
0.3690000000
0.6810000000
0.8490000000
1.0660000000
1.2070000000
0.8480000000
1.1190000000
0.9080000000
0.9540000000
1.4220000000
0.9050000000
0.9410000000
1.1940000000
1.3970000000
1.8110000000
1.5860000000
1.1020000000
1.2850000000
1.2310000000
0.8850000000
0.7420000000
0.6450000000
0.7840000000
0.8270000000
1.0460000000
1.0010000000
1.0120000000
1.4450000000
1.2410000000
1.4130000000
1.2720000000
1.1680000000
1.0720000000
0.6790000000
0.8580000000
0.7890000000
1.0900000000
1.3800000000
1.1030000000
0.7520000000
0.8630000000
1.1740000000
1.1160000000
1.1550000000
1.2170000000
1.0740000000
0.6390000000
1.0230000000
1.0530000000
0.9810000000
0.8070000000
0.6950000000
0.7900000000
1.2560000000
0.9980000000
0.7350000000
1.0200000000
0.8070000000
0.8880000000
0.9710000000
0.5110000000
0.3320000000
0.9030000000
1.0760000000
0.9000000000
0.8450000000
1.0050000000
0.9820000000
0.7860000000
0.7990000000
1.3390000000
0.6390000000
0.6330000000
0.9570000000
0.8690000000
1.1510000000
0.8930000000
0.7620000000
0.4250000000
1.1550000000
1.1770000000
1.3090000000
0.8510000000
1.2010000000
0.7410000000
0.4470000000
0.8530000000
0.6140000000
1.2420000000
1.2680000000
1.0420000000
0.9170000000
1.7100000000
1.4610000000
1.0980000000
1.1830000000
1.0510000000
0.9000000000
1.1640000000
0.8150000000
1.0450000000
0.9490000000
1.0870000000
1.4060000000
1.4430000000
0.8210000000
0.8140000000
0.8040000000
0.8800000000
1.3850000000
1.4800000000
1.4310000000
1.1730000000
0.9800000000
1.0500000000
0.9040000000
1.0180000000
0.6480000000
1.2260000000
0.9300000000
0.6180000000
0.6800000000
0.7540000000
1.3430000000
0.9550000000
0.6390000000
0.6770000000
1.1390000000
0.9930000000
1.2720000000
1.0490000000
0.7060000000
1.3780000000
0.9450000000
1.1290000000
1.4760000000
0.7080000000
0.7890000000
0.8450000000
0.9100000000
0.7550000000
0.8770000000
1.0080000000
1.0430000000
0.9410000000
0.9670000000
1.7110000000
0.6360000000
1.4410000000
1.2040000000
0.5080000000
0.9130000000
1.3680000000
1.1250000000
1.2900000000
1.0210000000
0.7460000000
0.9250000000
0.7760000000
1.3010000000
0.8440000000
1.3870000000
1.0010000000
1.0790000000
0.9820000000
0.8880000000
0.7920000000
1.1730000000
1.3700000000
1.2180000000
0.9850000000
0.9560000000
1.0230000000
0.9720000000
0.4100000000
1.0640000000
0.7840000000
0.7450000000
1.0670000000
1.0240000000
1.0120000000
0.9360000000
1.2800000000
0.7010000000
0.9720000000
0.5590000000
0.6040000000
0.7060000000
1.1380000000
0.6650000000
0.7510000000
0.8900000000
0.6590000000
0.5940000000
0.7850000000
0.6130000000
1.0110000000
0.7950000000
0.8510000000
0.8130000000
0.9520000000
0.6590000000
0.5610000000
0.9590000000
1.1790000000
0.9570000000
0.8250000000
1.2360000000
0.7260000000
1.2940000000
0.9430000000
1.5530000000
1.2800000000
1.0680000000
0.8690000000
0.8830000000
1.2000000000
0.8420000000
1.0980000000
1.1700000000
1.5240000000
1.3280000000
1.6070000000
0.7890000000
1.1960000000
1.2240000000
1.2930000000
1.6090000000
1.6400000000
1.0460000000
1.0880000000
1.2230000000
0.8440000000
0.8910000000
1.2700000000
1.0060000000
0.6350000000
1.2700000000
1.0080000000
1.0380000000
1.0400000000
1.1790000000
0.9590000000
1.3420000000
0.9730000000
1.1070000000
0.7560000000
0.9160000000
1.5110000000
1.2880000000
1.0750000000
1.4180000000
0.8050000000
0.7440000000
1.1060000000
0.8530000000
1.0350000000
1.2520000000
1.2000000000
1.0770000000
0.6620000000
0.9040000000
0.7830000000
0.7980000000
1.4020000000
0.8550000000
1.4160000000
0.4870000000
1.1450000000
1.1130000000
0.9520000000
0.7890000000
0.9010000000
0.9580000000
0.6610000000
0.9630000000
0.5570000000
0.8880000000
0.9530000000
0.7010000000
0.4650000000
0.9800000000
0.6730000000
0.9290000000
1.1950000000
0.7920000000
0.9890000000
0.8800000000
1.0360000000
0.7360000000
0.8280000000
1.1320000000
0.8670000000
0.8000000000
0.9720000000
1.0610000000
1.3110000000
0.7180000000
0.7270000000
1.1000000000
1.1210000000
1.1630000000
0.9580000000
0.9170000000
0.8110000000
1.1390000000
1.5240000000
1.0800000000
1.2340000000
0.7780000000
1.1320000000
0.7650000000
0.9210000000
1.1070000000
1.1760000000
1.2340000000
0.7800000000
0.7430000000
0.9510000000
0.9220000000
1.2140000000
1.0830000000
0.9420000000
1.5180000000
1.4650000000
0.7340000000
1.3390000000
1.4170000000
