-0.6133300000
0.7067500000
-0.0027064000
-0.9068500000
0.7628100000
-0.1195500000
-0.3564200000
-0.1818200000
0.7977500000
-0.6945100000
0.8015000000
-0.4982700000
0.2497500000
-0.4947600000
0.5570400000
-0.7094800000
0.5114200000
-0.3693200000
0.2792000000
0.0572680000
0.1560000000
0.1307500000
-0.6765700000
0.0789880000
-0.0872420000
0.6333900000
-0.9010100000
0.3421300000
-0.3714400000
1.0187000000
-0.7962700000
0.5250100000
0.2739400000
-0.5157500000
-0.3012300000
0.3277800000
0.5775500000
0.0629290000
-0.9773800000
0.1914500000
0.2838900000
0.5492400000
-0.4259800000
0.5061100000
-0.0989640000
-0.5304000000
0.3836800000
0.1206600000
-1.1172000000
0.6147100000
0.2622200000
-0.3577200000
-0.3427500000
0.6231000000
-0.5743100000
0.5946100000
-0.3174900000
-0.3113100000
0.2855100000
-0.7915100000
-0.3887800000
1.0747000000
0.5912800000
-0.7258500000
0.1369900000
0.4070700000
-0.0750980000
0.1051900000
0.1092500000
-0.4519900000
0.5037700000
0.1615200000
0.0937680000
0.0676200000
-0.2941100000
-0.3019800000
0.7358500000
-1.3060000000
0.9680200000
-0.5341500000
0.7664000000
-0.2010800000
0.0973740000
0.0453480000
-0.5893600000
-0.1720700000
0.4400200000
0.5811200000
-0.4312500000
-0.4393700000
0.3501200000
-0.3833300000
0.6617000000
-0.3255000000
-0.0340860000
-0.5718300000
0.5422700000
0.2457400000
0.0415810000
0.3239900000
-0.4445900000
0.3503700000
0.0880050000
-0.2799100000
0.0897600000
0.0000000000
0.2528900000
-0.0642940000
0.2112000000
-0.1887900000
0.1657600000
-0.0051914000
-0.1041300000
-0.4277300000
0.3789100000
0.1748400000
-0.5604100000
-0.0921940000
-0.7054500000
0.4315300000
0.9858400000
-1.3480000000
-0.0893240000
-0.1853600000
0.4862100000
0.2069400000
0.4596900000
0.0916390000
0.0378050000
-0.5431000000
0.3159400000
-0.8572200000
0.3123100000
-0.7768500000
1.1375000000
-0.6410900000
0.0744530000
1.0488000000
-1.2969000000
0.5194100000
0.0219790000
-0.1244900000
-0.5619900000
-0.2390500000
0.6653400000
0.0691370000
-0.5121800000
0.1057000000
0.2078300000
0.2285600000
-0.3135500000
0.1495300000
-0.0946160000
-0.5270700000
1.1311000000
-0.0841080000
-0.3956800000
0.0503940000
0.3285000000
-0.5108300000
0.0000000000
0.2200600000
0.1611800000
-0.0502800000
0.3505800000
0.0331660000
-1.0714000000
0.6347000000
0.2852500000
-0.5329700000
-0.5158100000
0.7419400000
0.5108300000
-0.0702690000
-0.3070300000
0.0589890000
-0.1498000000
0.2814800000
-0.2929600000
0.2799600000
-0.4424800000
-0.1023500000
0.3860600000
-0.5698900000
0.2679100000
0.7114100000
-0.7955000000
0.1247200000
-0.2965700000
0.6206400000
-0.0938710000
-0.0541650000
-0.4815700000
-0.0304900000
0.2602200000
-0.0564570000
0.5228700000
-0.6071300000
0.3194500000
0.2572800000
-0.2572800000
0.0099306000
-0.0738040000
0.8807700000
-1.0101000000
0.0286420000
-0.3856600000
0.4428200000
0.0831150000
-0.3604800000
0.6010600000
-0.1619500000
-0.2307300000
0.0667680000
0.1789800000
-0.1018500000
-0.4284100000
0.2555200000
0.3722400000
-0.7487200000
0.7917000000
-0.0617380000
-0.7122600000
0.5108300000
0.2918800000
-0.6410700000
0.2237400000
-0.2509700000
0.6556400000
0.0572470000
-0.5596200000
0.6610600000
-0.7263000000
0.7740500000
-1.2196000000
1.1317000000
-0.4926100000
-0.1740200000
0.4227600000
-0.5211100000
0.4899400000
-0.7408200000
0.6286100000
-0.3187100000
0.1635200000
-0.0221410000
0.5589000000
-0.8252600000
0.5256500000
0.0133460000
-0.4054700000
0.2762500000
0.1718500000
0.5614300000
0.0494800000
0.0433800000
-0.4278800000
-0.4743500000
0.4023600000
-0.0759040000
0.0346280000
0.1763600000
-0.5948800000
0.1860100000
-0.1640800000
0.8144000000
-0.5604200000
0.1196500000
-0.1290400000
0.1616700000
-0.2882200000
0.2978000000
-0.4158500000
0.3032200000
-0.4764300000
0.6816200000
0.1005700000
-0.5781300000
0.0501240000
-0.0408220000
0.2505400000
0.1362300000
0.0698310000
-0.2334600000
0.0345800000
0.6313500000
-0.3427700000
-0.3475300000
0.0317490000
0.2816900000
0.2361000000
0.3656200000
0.1086200000
-0.8326400000
0.3529100000
-0.4176500000
0.1925800000
-0.0699790000
0.2278700000
-0.0963710000
-0.0078125000
0.2006700000
-0.1710500000
0.1570500000
-1.0520000000
0.9310900000
-0.6773600000
-0.1338800000
0.3281700000
-0.9598900000
-0.0315820000
0.7011400000
0.1858500000
-0.5159800000
0.6555500000
0.0375980000
-0.0167450000
0.0529800000
0.3605800000
0.0281360000
-0.9425700000
-0.3395700000
0.5306300000
0.6659300000
-0.7824300000
0.3340100000
-0.2973300000
0.1394000000
0.9339600000
-0.9583600000
0.7918200000
-0.6302900000
0.3463300000
0.1096600000
-0.4352000000
-0.0061920000
0.3908700000
0.1553500000
-0.2868800000
0.2736100000
0.5636000000
-0.5395900000
-0.4252300000
-0.2502800000
0.1451200000
0.6850500000
-0.4864000000
-0.3988800000
0.6906800000
-0.1247500000
-0.4345600000
0.9811000000
-1.0096000000
0.2606500000
0.3259000000
-1.0863000000
0.5950900000
-0.1982000000
-0.1512800000
-0.2678200000
0.9436300000
-1.1103000000
0.0766330000
0.1864100000
0.5350200000
-0.5945800000
-0.1065600000
-0.3526700000
0.7701100000
0.7913400000
-0.3427300000
-0.5935500000
0.0736710000
1.0411000000
-1.3913000000
0.0000000000
0.3416400000
0.6157300000
-0.6272600000
-0.3062100000
1.0123000000
-0.8729000000
0.2554900000
0.5765200000
-0.0044810000
-0.8207100000
0.0268470000
0.5318000000
4.0527000000
-3.8319000000
0.0231310000
0.1769700000
-0.9494000000
0.8142300000
-0.4457400000
0.0555080000
0.0505370000
-0.2221200000
0.7790900000
0.1969200000
-0.2905800000
0.0317890000
-0.6745500000
0.7516000000
-0.1416800000
0.2429700000
-0.4832900000
0.3417900000
0.1652900000
-0.9828800000
0.6091100000
0.4913200000
-0.6078000000
0.1327000000
0.4586100000
-0.5649400000
-0.1833000000
0.1434900000
-0.2859900000
0.8049100000
-0.7501300000
-0.6910200000
0.0126850000
0.0729070000
1.0073000000
-0.8895500000
0.3677200000
-0.5253500000
0.0320030000
-0.0158730000
0.5235400000
-0.0865810000
0.0405120000
-0.0963030000
0.3758900000
-0.3731600000
0.1443700000
0.3371500000
1.1404000000
-1.5014000000
-0.1123600000
-0.4539200000
0.3303700000
-0.1731900000
0.3671700000
-0.1203100000
-0.4700000000
0.8905100000
-0.0516860000
-0.2818100000
-0.4133100000
0.6509300000
-0.4516900000
0.4840200000
-0.0019901000
0.5195500000
-1.0717000000
0.9334400000
-0.7534300000
-0.1066500000
0.3169900000
-0.5887200000
-0.0564140000
0.2338000000
0.4526300000
-0.1448300000
0.5510400000
-0.1692300000
-0.1529700000
-0.0930400000
-0.8315500000
0.5975800000
-0.2456000000
0.4750300000
-0.3161800000
0.4719500000
-0.8109300000
0.7297500000
0.3008100000
-0.1870300000
-1.1489000000
0.5996200000
0.1680600000
-0.1264500000
-0.2558000000
0.1775900000
0.4289200000
-0.2437700000
-0.1195500000
-0.5935200000
0.2115800000
-0.2586500000
-0.0493930000
0.9462200000
-0.3811900000
0.6750000000
-0.7191200000
0.0405210000
0.1990300000
-0.5098400000
0.5332300000
0.4073900000
-0.3789000000
-0.4499800000
0.3891800000
-0.5309300000
1.0028000000
-0.0654080000
-0.5858000000
0.4219900000
-0.1541500000
-0.3042100000
0.9682500000
-0.3763600000
0.1553200000
0.4511900000
-0.8053600000
1.1663000000
-1.1175000000
-0.4198500000
-0.1954500000
-0.0683640000
0.6248300000
-0.8339200000
-0.0848990000
1.2935000000
-1.0780000000
0.3016200000
0.7935900000
-0.0034188000
-0.1027000000
-0.4441500000
-0.5000400000
0.2103800000
-0.2863700000
1.3419000000
-0.7868100000
-0.2223900000
0.4167200000
0.2221500000
-0.6617700000
0.5412500000
0.0736260000
-0.2967700000
0.6142700000
-0.1921000000
-0.9595700000
0.4213600000
0.0401910000
-0.0339020000
-0.1022300000
-0.0984400000
0.4781100000
0.5827600000
0.0402910000
-0.8049000000
-0.8238300000
0.6800800000
-0.3843100000
0.5422100000
-0.3258500000
0.1345000000
0.3590500000
0.1956900000
-0.4152800000
0.5451400000
-1.0699000000
0.4219900000
-0.0819570000
0.2281100000
-0.0200290000
-0.2333100000
-0.1881800000
0.0884790000
0.6991800000
-0.4632100000
0.0941510000
-0.0264330000
0.9162900000
-1.1537000000
0.0621770000
-0.4215500000
0.4598200000
-0.0347260000
-0.1816200000
0.3621700000
0.4335800000
-0.6391800000
-0.4219000000
1.3483000000
-0.5578200000
0.0932570000
0.3587300000
-0.6120000000
-0.6249400000
1.1168000000
-0.6682800000
0.3085200000
0.1831800000
-0.3390500000
0.2231400000
-0.1202000000
0.1877400000
-0.2846800000
-0.4266500000
0.6292200000
0.4995100000
-0.7171700000
-0.3799600000
0.5703500000
0.2059100000
-0.6789300000
0.2359600000
0.3531700000
0.3190600000
-0.0637800000
-0.4443400000
-0.3337700000
0.0621770000
0.0585370000
0.0709980000
0.4250000000
0.0360040000
-0.2187300000
0.0265400000
0.2231400000
-0.3969300000
0.1761600000
-0.2618900000
0.1802600000
0.8120800000
-0.6332000000
-0.7880300000
0.8030000000
0.3034800000
-0.2298300000
-0.4114000000
-0.2564300000
0.4724000000
0.2966300000
-0.5037200000
0.1272400000
-0.1818000000
0.4938600000
-0.5001100000
0.2111600000
0.1527000000
0.0673940000
0.3373400000
0.0029028000
-0.4341300000
-0.5304000000
-0.5095600000
1.5734000000
-0.7224400000
-0.6151900000
1.0869000000
-0.1566800000
-0.9658200000
1.0026000000
-0.6093100000
0.4665000000
0.5928900000
-0.6680100000
-0.2184300000
0.5254200000
0.2221000000
-0.1946500000
-0.1014200000
0.3698800000
-1.1012000000
0.5993900000
0.1187300000
0.0660790000
-0.1998800000
0.4610200000
-0.0562740000
-0.9659900000
0.7856900000
-0.9197600000
0.3670600000
1.0587000000
-1.0557000000
0.8676800000
-1.2868000000
0.4039400000
0.3425500000
0.3037900000
-0.2697400000
0.3465800000
-0.4431500000
-0.0593290000
0.1867900000
0.8347600000
-0.5848000000
0.2391300000
-0.4017400000
-0.5642700000
0.7926100000
-0.6245500000
1.0061000000
-1.1840000000
0.4131400000
-0.7107700000
0.6265300000
0.6482100000
-0.1269900000
-0.4954300000
0.2469300000
-0.6985900000
0.6692300000
-0.1332700000
0.6672800000
-0.8824800000
-0.4081100000
-0.1870900000
0.2852900000
-0.1469800000
0.0041580000
0.7593700000
-0.4979600000
0.4960200000
0.0287650000
-0.0190850000
-0.2504900000
0.4104000000
-0.0696970000
-0.8868000000
0.9967300000
-0.1963000000
-0.0252690000
-0.7456800000
1.0388000000
-0.3945100000
0.2024500000
-0.8020700000
0.3455000000
-0.1287300000
0.4400100000
-0.5232500000
0.1511700000
0.0719730000
0.2164500000
-0.6732100000
0.9987600000
-0.9350400000
0.1973000000
0.7409700000
-0.2575400000
-0.0712280000
-0.0387730000
-0.0046620000
0.2435000000
0.1092000000
-0.0732240000
-0.2293500000
0.8015000000
-0.9653300000
-0.6030900000
0.1630000000
0.3526000000
0.3425800000
-0.8581700000
0.5098700000
-0.0996300000
0.0585680000
0.1601200000
-0.0232270000
-0.1519800000
0.9585500000
-1.0376000000
-0.5637400000
0.6427700000
0.4285000000
0.2099900000
-0.7175200000
0.0227650000
-0.1752700000
0.4804800000
-0.2988000000
0.9655400000
-0.4971300000
-0.2331900000
-0.0025284000
-0.8729400000
1.2022000000
-0.9282000000
0.8387000000
0.0748190000
-0.1280000000
-0.3542800000
-0.5432800000
0.2966600000
0.2525900000
-0.3965800000
-0.3267800000
0.1373600000
0.2199300000
0.2359400000
-0.1939100000
0.4204400000
-0.2540200000
-0.0069930000
-0.0070423000
-0.3984200000
0.9412400000
-0.7372300000
0.2527400000
-0.1586100000
0.4537600000
-0.0773580000
0.0026774000
-0.5170800000
1.0274000000
-0.3966800000
-0.8673900000
0.0444520000
0.7512100000
-0.2263500000
-0.1266600000
-0.0447840000
-0.2453300000
0.2376700000
0.5328900000
-0.9696100000
0.9941300000
-0.2921000000
0.8307300000
-0.2383600000
-0.9171100000
0.1991900000
0.1828800000
0.3800800000
0.2747400000
-0.5719900000
-0.4016300000
0.7985100000
-0.5761300000
-0.0438940000
0.4411500000
-0.1901900000
-0.6516300000
0.3309900000
0.1931400000
0.8318000000
-1.2822000000
0.6049200000
-0.4758500000
0.2168700000
0.1595300000
0.0133160000
-0.4710600000
-0.0042463000
0.3273100000
-0.5294000000
0.1406700000
0.3319400000
-0.4622400000
1.0256000000
-0.4674200000
-0.5737300000
0.1137000000
0.5311800000
-0.0860130000
-0.2817100000
-0.7587400000
1.1455000000
-0.2258400000
0.0100840000
-0.7588000000
0.4149400000
0.3637300000
-0.0504310000
-0.3616100000
0.1078300000
0.9260200000
-0.5991200000
0.0095695000
-0.2719300000
0.6396600000
-1.0641000000
0.0795530000
0.1474100000
0.5428000000
-0.6785100000
0.8998800000
0.3191000000
-0.6234700000
0.0095695000
0.4640300000
-0.0365890000
-1.2384000000
0.7720900000
0.3360000000
-0.4624800000
0.8695200000
-0.5459700000
0.4944300000
-0.5387600000
-0.6569800000
0.8331500000
-0.8441400000
0.9979500000
-0.4663400000
-0.1888400000
0.3989100000
0.5118800000
-0.4261800000
-0.5287000000
0.0162610000
0.1177800000
-0.4550600000
0.2791700000
0.4848500000
-0.4187100000
-0.2587700000
0.5211300000
0.4267700000
-0.6346500000
-0.0076046000
0.4860900000
-0.6838000000
-0.1776800000
-0.0396650000
0.7103400000
-0.2952900000
-0.1259300000
0.2646900000
-0.0167510000
0.4979000000
-0.5898400000
-0.4110400000
0.6590500000
0.1145700000
-0.0025806000
-0.1654100000
0.5384900000
-0.8592300000
0.2044800000
0.1811800000
-0.3772900000
1.0222000000
-0.9043700000
0.3496100000
-0.2310100000
0.6001400000
-0.2326700000
0.1420400000
0.5836100000
-1.1437000000
1.0465000000
-0.7940600000
0.0395310000
-0.1294800000
-0.5559500000
0.6905800000
-0.1766800000
-0.3146300000
-0.0786430000
0.4084900000
0.3633000000
-0.5059400000
0.4272900000
-0.2259900000
-0.4314400000
0.1466000000
0.1278300000
-0.0943110000
0.2541600000
-0.3302400000
0.3415400000
-0.3336700000
0.3080600000
0.0284110000
-0.4527900000
0.8055300000
-0.5233700000
0.2918300000
0.1301100000
0.1073200000
-0.6642200000
0.2239000000
-0.0308670000
-0.0953100000
0.3115300000
-0.7940300000
0.5588200000
0.3314400000
0.0856730000
-0.2404000000
-0.3171200000
0.3956100000
-0.6032500000
0.5705400000
-0.9448300000
1.1478000000
-0.1338300000
0.4062600000
-0.4576800000
-0.4770600000
0.0665610000
1.0561000000
-0.8329100000
-0.4760800000
0.4941000000
0.1151300000
-0.2486700000
0.4670200000
-0.0729610000
0.3569000000
-0.6026600000
-0.0358250000
1.0196000000
-0.7635500000
-0.2916100000
-0.4133700000
0.5250100000
-0.0028209000
0.2510000000
-0.5443500000
0.5198800000
0.0310450000
0.2187700000
0.6051800000
-0.8087800000
0.1859000000
-0.9666400000
-0.0629750000
-0.0565700000
0.4851000000
-0.0147660000
-0.0149880000
0.2792600000
-0.5872800000
0.6440100000
-0.5777700000
0.6291800000
-0.3006700000
0.1510700000
0.1005900000
-0.5140200000
0.6871300000
-0.5456300000
1.0204000000
-0.6944000000
0.0247540000
-0.0894590000
0.4575600000
-0.7723400000
0.5890100000
-1.2356000000
0.2736000000
0.2146000000
0.5048000000
0.1218000000
0.5867700000
-0.9606300000
0.7482700000
-0.6114100000
0.5858500000
-0.3511400000
0.3703700000
-0.6774000000
-0.3884200000
-0.1704100000
0.8908300000
-0.2004200000
0.4751300000
-0.3936100000
-0.6061400000
0.3483100000
0.1228500000
0.8444000000
-1.0384000000
-0.2588600000
0.5928200000
0.6442300000
-0.9071000000
0.5790300000
-0.3598200000
-0.0105540000
-0.3525200000
0.4339900000
0.0265400000
-0.6109100000
0.8321500000
-0.6931500000
0.9508000000
-0.8423900000
0.5011900000
0.2355100000
-0.9328200000
0.1251600000
0.4462900000
0.1744500000
0.0463400000
-0.5171300000
0.7692900000
-0.2635400000
-0.0369330000
-0.6335700000
-0.0264670000
-0.6445400000
0.8760800000
0.3087400000
0.3889600000
0.0715110000
-0.5914600000
-0.0576080000
0.2913800000
0.2253600000
-0.2570700000
-0.5811600000
0.4238800000
-0.1549600000
-0.5957700000
0.1074200000
1.0266000000
-0.1309300000
-0.8504500000
0.5558200000
-0.0930290000
0.8524600000
-0.5703600000
0.2113100000
-0.3827700000
0.6472200000
0.3691300000
-1.3439000000
-0.0104350000
0.6719400000
0.0504890000
-0.2342400000
0.1492300000
-0.4354900000
-0.0558150000
0.7125900000
-0.2120900000
-0.4109700000
0.5807000000
0.2147600000
-0.3172100000
0.6880000000
-0.7681800000
-0.1412500000
0.3662400000
-0.7717100000
0.4349400000
0.0406560000
0.2916600000
-0.6961300000
0.3863800000
-0.4290700000
1.1688000000
-0.3561200000
-0.5582300000
0.9259100000
-1.0169000000
0.0565700000
0.0535410000
0.0508190000
-0.0603430000
0.9980300000
-0.5262300000
-0.3673900000
-0.1237300000
0.1843500000
-0.7537700000
0.9093700000
0.1451800000
-0.4122400000
-0.7137700000
1.0099000000
-0.7257100000
1.0113000000
-0.4246600000
-0.2672200000
-0.0101780000
-0.1050800000
-0.1834600000
-0.2248500000
0.7288300000
-0.0905790000
0.4856800000
-0.5108300000
-0.3158500000
0.5296900000
0.5836200000
-0.5523400000
0.2559300000
0.0910940000
-0.3745800000
0.5164000000
-0.3598500000
0.0189280000
0.0881830000
-0.1477300000
-0.5641900000
0.9996000000
-0.2963000000
0.4030600000
0.1103600000
-0.3427100000
-0.0916670000
-0.1508200000
-0.4171600000
0.4536900000
-0.1742800000
0.6532100000
-0.8448300000
0.1405100000
0.5823600000
-0.5749000000
0.7614000000
-1.0019000000
0.0762170000
0.0708170000
0.0784720000
-0.1680800000
-0.0789270000
0.5237800000
-0.2199300000
-0.4804000000
0.9396500000
-0.1386900000
-0.5039500000
0.8924500000
-0.9634400000
0.3348300000
0.5339100000
-0.4353200000
-0.0662290000
0.2655400000
0.2006700000
-0.0355910000
-0.0283480000
-0.3271400000
-0.0044412000
0.5220400000
-0.1788100000
-0.3226700000
-0.3252000000
-0.0040323000
-0.5175800000
0.3929600000
0.3705400000
0.1521200000
0.0956800000
-0.2980100000
0.3920900000
0.0598980000
0.0229900000
-1.1163000000
0.6380300000
-0.0287420000
-0.0295930000
-0.0924870000
-0.3112100000
1.5152000000
-1.3016000000
1.4519000000
0.8116500000
-0.1962400000
-0.2443900000
-1.4716000000
0.2489700000
0.4803500000
-0.1038300000
-0.3041800000
0.2871400000
-0.5528900000
0.5545200000
0.0376800000
-0.4755300000
0.7803700000
0.4329300000
-0.9636700000
-0.6833300000
2.0785000000
-1.4838000000
0.0767220000
0.5168000000
-0.8826400000
0.0185320000
-0.0142250000
0.1161900000
-0.4057800000
-0.6941000000
-0.1439900000
0.5858200000
-0.3751400000
-0.3229400000
-0.4799500000
0.8135900000
-0.1529700000
0.2508600000
0.7599900000
-0.7993400000
0.2103500000
1.0168000000
-0.9926600000
0.7670700000
-0.2467600000
0.4054700000
-0.9126300000
0.2319800000
0.2051800000
0.0573460000
-0.8149200000
0.4591500000
-0.5416000000
0.3212900000
0.2427800000
-0.5071300000
1.0246000000
-0.8521700000
0.6356200000
-0.2767800000
0.5012400000
-0.0132280000
0.3207500000
-0.9632700000
0.4163800000
-0.5781500000
0.4946200000
-0.0483370000
0.0318680000
0.1165500000
-0.4253700000
0.5872300000
-0.3451700000
-0.0079208000
-0.3289500000
1.0081000000
-0.6363200000
0.2011900000
-0.6474800000
0.4309300000
-0.3372500000
-0.3160900000
0.6950000000
-0.2809000000
0.4573300000
-0.6313300000
-0.0029283000
0.0816210000
0.6545700000
-0.4858600000
0.3263100000
-0.2882300000
-0.0449510000
-0.0470680000
0.2651400000
0.1459300000
-0.0867210000
-0.1521200000
0.1676800000
0.5335500000
-1.2353000000
0.9279900000
-0.4290000000
-0.1347300000
-0.1253200000
0.7603200000
-0.4712800000
0.1227600000
0.1411700000
-0.0181900000
-0.0185270000
0.2937600000
-0.4109300000
-0.0700380000
0.7695600000
-0.6187800000
-0.3593300000
-0.5662800000
0.5268700000
-0.0436530000
0.3543100000
-0.4391800000
0.7337400000
-0.7394700000
0.3703700000
-0.1267500000
0.3811500000
-0.4201900000
-0.0778980000
-0.4182000000
0.1431000000
-0.0134230000
-0.2097200000
-0.2388900000
0.8916500000
0.1747000000
-0.1322300000
-0.1819100000
0.2345500000
-0.7860900000
0.5565200000
-0.8115500000
0.9632200000
0.1665600000
-0.2721600000
0.7280800000
-0.6097700000
0.0412430000
0.6696400000
-0.1408000000
0.1283100000
-0.4466100000
-0.9428300000
1.0305000000
-0.1874300000
-0.3569300000
0.6495800000
-0.2685200000
-0.3682200000
0.5149000000
-0.0388550000
-0.3673700000
0.3736900000
-0.4038900000
0.4840600000
-0.3896000000
0.4732200000
-0.3202900000
0.1721400000
0.1155400000
-0.9535800000
0.6397800000
0.3397100000
-0.6368900000
0.1789200000
-0.3062900000
0.6134700000
0.5477000000
-0.7141800000
0.1912200000
-0.5007000000
0.4790900000
-0.6489000000
0.6009700000
-0.4463900000
1.0630000000
-0.5252100000
-1.1738000000
0.7122900000
-0.0460690000
0.1706700000
0.7878900000
-0.6771000000
-0.5535500000
0.2469600000
-0.3248400000
0.9148800000
-0.6777500000
0.2876800000
-0.1551900000
0.6014800000
0.2468600000
-0.3201500000
-0.6523800000
-0.1740900000
0.5238600000
0.0566190000
-0.1290900000
-0.4096500000
0.0186920000
0.7205500000
-0.8845200000
0.1246300000
0.1108000000
0.1417600000
-0.1078600000
-0.1115500000
0.3280100000
-0.8450600000
1.0758000000
-0.7998900000
0.9091500000
-0.9210800000
0.0506930000
1.0986000000
-1.1736000000
0.4689800000
-0.4648900000
0.3736700000
-0.3818700000
0.5660600000
0.7521200000
-1.1836000000
0.6985300000
-0.3397000000
-0.2119000000
1.1292000000
-0.8827200000
0.8000800000
-0.3456700000
-0.9186000000
0.5367400000
0.0802160000
-0.5940600000
0.1038500000
-0.3953100000
0.9578400000
-0.3967800000
0.2397200000
-0.1229000000
-0.0842180000
-0.0919680000
0.3456000000
-0.0374910000
-0.1217200000
0.4420100000
-0.1703200000
-0.2054100000
-0.0216090000
0.1123700000
0.1127100000
0.0038685000
-0.1296800000
-0.3151600000
0.3325900000
0.3079900000
-0.7319900000
0.1889000000
0.6584000000
0.0563720000
-0.4625400000
0.3267200000
-0.1341900000
0.2262900000
-0.2193100000
-0.2166400000
0.4415200000
0.3052400000
-0.4371800000
-0.1744300000
0.5547500000
-0.5305200000
0.8473000000
-0.3397900000
-0.2253600000
-0.4075500000
0.5302600000
-1.0816000000
1.3189000000
-0.4645900000
-0.8949300000
0.0550600000
0.0589430000
0.4265700000
-0.1735700000
-0.2101600000
0.6719600000
-0.3104500000
0.4077100000
-0.1121900000
-0.7032300000
0.3849900000
-0.1457600000
0.5641600000
0.1061200000
-0.0192310000
0.6360700000
-0.8197800000
0.2636500000
0.2391500000
0.0644130000
0.0252000000
-0.8957700000
0.1905600000
0.1600000000
0.2797000000
0.3236800000
-0.0157760000
0.0026467000
-0.4523600000
-0.5806100000
-0.1406300000
0.3130000000
0.5738000000
-0.1572900000
0.2087500000
-0.2032800000
-0.2275900000
0.6448300000
-0.6028400000
-0.2260300000
0.7404600000
0.2385600000
-1.2389000000
1.2968000000
-0.7801600000
-0.4102600000
0.0628850000
0.8388800000
-0.6189000000
0.0442940000
-0.1352700000
-0.1222600000
0.4009700000
0.0295880000
0.0187730000
-0.7566400000
0.2133400000
0.1653500000
-0.6745300000
0.6053900000
-0.3004400000
0.1274700000
-0.0716560000
0.3586700000
-0.1481800000
-0.2846000000
0.7023400000
-0.2114000000
-0.2933500000
0.1121600000
0.1008400000
0.0915930000
0.0839030000
0.0774050000
0.0718410000
-0.2519500000
0.0678540000
-0.3116100000
-0.0294860000
-0.1162300000
0.3683700000
-0.2372900000
0.3997200000
0.1567400000
-0.1953600000
-0.1775400000
-0.2160100000
0.6153200000
0.2051500000
-0.2910400000
0.1288500000
0.0065488000
-0.2343000000
0.3145500000
-0.7501600000
0.1290600000
0.1182800000
0.1075500000
0.2032700000
-0.2509000000
-0.8317800000
0.4365900000
0.4762500000
0.3606500000
-0.1299200000
-0.2517100000
-0.1441900000
0.1686200000
-0.0958280000
0.1864200000
0.4856300000
-0.2142200000
0.5256000000
-0.1858800000
-0.1630200000
-0.1436400000
-0.2055900000
0.1797000000
0.2626400000
-0.3602200000
0.1940800000
-0.3532800000
0.3946200000
-0.9619700000
0.2253200000
0.3481800000
0.5123600000
-0.2410800000
-0.3183100000
-0.0293180000
0.1458500000
-0.1458500000
0.2175100000
0.4993200000
-0.3524200000
-0.0458100000
-0.5947800000
0.4976700000
-0.1120100000
-0.0392800000
0.1889800000
0.0126740000
0.0062775000
-0.3447700000
0.5417900000
-0.7170700000
0.6154700000
0.0000000000
-0.1520700000
-0.1120100000
0.5594000000
-0.6738600000
-0.1658500000
-0.0359320000
-0.1071700000
0.0646090000
0.0606870000
0.2033900000
-0.2866000000
0.6188700000
-0.5336700000
0.1665900000
-0.3121500000
0.8042500000
0.0473160000
-0.2312900000
0.0000000000
0.1245100000
0.9250100000
-1.1484000000
0.2090900000
-0.4267800000
-0.0310910000
0.1541500000
0.2914300000
-0.4740600000
0.6822600000
-0.6176100000
-0.1712200000
0.3644800000
0.2644000000
-0.3953500000
0.3278000000
-0.2676500000
0.7887300000
-1.2362000000
0.0524640000
0.5201200000
-0.0854510000
0.3728000000
-0.2781500000
0.5883700000
-0.8468100000
0.1766600000
0.1203100000
0.1950400000
0.0118470000
0.0117080000
-1.0264000000
0.5192600000
0.6572200000
-0.4137700000
0.0039448000
-0.1854800000
0.1588800000
0.0975130000
-0.6785800000
0.3686500000
0.7793200000
0.3601100000
-0.5535000000
-0.1369800000
0.1964100000
0.2175300000
-0.4398000000
0.6604100000
-0.5817100000
-0.2004500000
0.1923400000
-0.3714600000
-0.2056000000
0.5770600000
0.4192700000
-0.3725700000
-0.0528270000
0.1085300000
0.0978950000
-0.1506900000
-0.6960600000
0.9088800000
-0.1646400000
-0.2291600000
-0.1272500000
0.3988600000
-0.0705100000
0.9756000000
-1.2767000000
-0.1931500000
0.7394900000
0.1820700000
-0.9547700000
0.1337300000
0.4021800000
0.2544500000
0.2145000000
-0.1235800000
-0.1410300000
-0.4687800000
0.7227300000
-0.7500600000
0.3782300000
-0.7843200000
0.5512100000
0.3639500000
-0.4303800000
-0.0888120000
0.5023900000
0.4542900000
-0.1718200000
-0.3518000000
-0.5475200000
-0.4589400000
0.1830700000
0.4092200000
-0.2433200000
-0.3222400000
0.7287700000
0.5893200000
-0.7525200000
0.0837810000
0.3237600000
-0.1727300000
1.1969000000
-0.8144400000
-0.2820900000
-0.0823150000
-0.0897030000
0.4674800000
0.5574300000
-0.1177800000
-0.6744900000
-0.6093600000
0.1753400000
0.7578100000
-0.3510500000
-0.0596000000
-0.0585070000
0.0409390000
0.0393280000
0.5957300000
-0.3788800000
-0.1981900000
-0.0673590000
0.0874040000
0.4911300000
-0.3663800000
-0.5401900000
0.6463200000
-0.6489300000
0.2634700000
0.6593500000
-1.1336000000
0.6114200000
0.0604700000
-0.1669000000
0.3098900000
-0.8578600000
1.2643000000
-0.5403600000
-0.4494100000
0.1093300000
0.0624510000
-0.2801400000
1.0427000000
-0.5284600000
-0.2693200000
0.3426900000
0.0443140000
0.0511410000
-0.8871000000
0.8267900000
-0.2547200000
0.2179800000
0.8740100000
-1.7218000000
0.1418600000
0.2929100000
0.4265000000
0.0278870000
0.0600400000
-0.0524300000
-0.0995650000
-0.5226200000
0.8052600000
-0.2006700000
-0.0876010000
-0.0959250000
-0.1062200000
-0.1188200000
-0.1348500000
-0.1559300000
0.2537300000
0.2427100000
0.6731000000
-0.4286300000
-0.2364600000
-0.3102800000
0.7033300000
-0.3004200000
-0.1110700000
-0.6329200000
1.1449000000
-1.0295000000
0.1305200000
0.4659500000
-0.1218700000
0.1227600000
0.3442500000
-0.2200200000
-0.5524400000
-0.1206600000
0.4130700000
-0.2910500000
0.8894500000
-0.7627000000
-0.2782000000
0.0279090000
0.6405700000
0.0782440000
-0.1862000000
-0.3449500000
0.2616800000
0.5257400000
-0.7403800000
0.7876900000
-0.8948000000
0.0875720000
0.7407000000
-0.0820530000
-0.3547600000
0.3477200000
0.0452340000
0.4557800000
-1.0050000000
0.9154400000
-1.0545000000
0.8416900000
0.1929800000
-0.4667100000
-0.9032100000
0.8190600000
0.4373600000
-0.6186200000
-0.2070100000
0.1692700000
-0.3136600000
0.4135600000
0.3825700000
-0.1042700000
0.1902200000
0.1167200000
0.1280800000
-0.1819900000
0.0270750000
-0.0585020000
-0.0463730000
0.0970740000
-0.3036400000
0.0046312000
0.4554600000
-0.9773500000
0.2531700000
0.1384800000
0.8286500000
-0.1441900000
-0.0879430000
-0.0964290000
-0.5996200000
0.6032600000
-0.3258100000
0.6064200000
-0.2606000000
-0.3534000000
0.5751700000
-0.7885300000
0.2253400000
-0.3622400000
0.3924800000
0.2607300000
-0.3924400000
0.2410100000
0.4321700000
0.0892790000
-0.0855710000
-0.0935850000
-0.0270660000
-0.4100500000
0.2354100000
-0.3106700000
0.5014800000
0.4400700000
-0.5211200000
0.3054500000
0.4839000000
-1.0617000000
0.2552700000
0.2220200000
0.1815700000
-0.2580500000
0.1820100000
-0.8932300000
0.9990900000
0.1314300000
-0.6080600000
0.5879900000
-0.4667500000
-0.2357000000
0.2159400000
-0.1789900000
-0.2181600000
-0.3149000000
0.6935600000
0.2416400000
-0.2740900000
0.5321900000
-0.3017000000
-0.2156000000
-0.2075400000
0.3135800000
-0.4221200000
0.8488700000
-0.1447800000
-0.8141600000
0.1981400000
0.6630000000
-0.5830400000
0.4633100000
-0.0537760000
-0.0200240000
0.1448200000
-0.3862900000
0.2772900000
0.1395100000
-0.2669400000
0.5407500000
0.3194200000
0.2417100000
-0.6484100000
-0.4593000000
0.3125900000
-0.6610500000
0.6850900000
-0.5180700000
0.9119000000
-1.2313000000
0.3172500000
0.7092700000
-0.8295200000
0.5447200000
-0.8903400000
0.3281400000
0.4761600000
0.5842700000
-1.0287000000
0.7995800000
-0.2241900000
-0.3751700000
0.7038800000
0.1012600000
-0.3459900000
-0.0290800000
-0.0299510000
0.5177700000
-0.1601300000
-0.7395400000
0.4223300000
0.6576700000
-0.8117300000
1.3894000000
-0.5363300000
-0.3465000000
-0.5346100000
-0.3177600000
0.3943800000
0.2857500000
0.1798100000
0.1523500000
-0.2558800000
0.5338100000
-0.1923200000
-0.0220260000
-0.4484600000
-0.0558800000
0.1788800000
-0.8601300000
0.6881700000
0.3429100000
-0.5574700000
0.1585600000
0.7648400000
-0.7671000000
0.4250200000
-0.2325400000
-0.1037700000
0.3133000000
-0.0971500000
-0.3531500000
0.0294560000
0.0286130000
0.0096883000
0.3478800000
-0.4122100000
0.2927400000
-0.4750100000
0.4972900000
0.3306100000
-0.4002300000
0.0508700000
0.3183300000
-0.6757600000
-0.2264400000
0.2171500000
0.2438100000
0.0568750000
0.7727200000
-0.2338700000
-0.3058300000
0.2170200000
0.5942800000
-0.3505400000
-0.5444500000
0.3302600000
0.2478400000
-0.2867700000
-0.1232100000
-0.5971300000
1.1201000000
-0.4458100000
0.2511700000
-0.5157400000
0.1897100000
0.2525800000
-1.3270000000
0.8685800000
-0.0211530000
-0.2444100000
0.0536180000
0.4212800000
-0.3463100000
-0.0485220000
0.1611000000
-0.2382400000
-0.1378800000
0.0583740000
0.0551540000
0.4240500000
-0.9326400000
0.6758100000
0.0936430000
-0.0189780000
0.1038900000
0.0191980000
-0.9175900000
0.4824700000
0.1619000000
-0.1328200000
-0.1532000000
-0.0149280000
-0.5911100000
-0.0005544800
-0.0332710000
-0.1076600000
-0.1693800000
0.7141100000
-0.5938000000
0.7683800000
-0.1683000000
0.4396000000
-0.2885500000
-0.5457100000
0.5826800000
-0.1139000000
0.1586300000
0.2094600000
-0.7505800000
0.5205000000
0.5637300000
0.3583200000
-0.8433600000
-0.3609300000
0.7290100000
0.5521600000
-0.9158500000
-0.0176900000
0.0487100000
0.2455700000
-0.4431500000
0.2063000000
-0.1324000000
0.4437000000
-0.9591400000
0.9814600000
-0.1507600000
-0.1257900000
-0.0639250000
-0.6435000000
0.7414100000
0.1843200000
-0.0563360000
-0.3514300000
-0.5466300000
0.6550500000
-0.2062300000
-0.0326790000
-0.0013708000
0.4262800000
-0.0799120000
0.0985460000
-0.6288800000
0.0757850000
0.4474900000
-0.5353000000
0.4818700000
-0.6421600000
0.7596900000
-0.2548600000
-0.2674900000
0.1092900000
-0.2992900000
0.5118500000
-0.2582600000
0.7986500000
-0.0864780000
0.2534800000
0.2020400000
-0.3644000000
-0.5792000000
0.2801200000
0.3521100000
-0.3399300000
0.3451500000
-0.3536200000
-0.0618520000
-0.4003700000
0.0963170000
0.1608700000
0.0687970000
-0.0010003000
0.4975800000
-0.3020800000
-0.2353100000
0.3388100000
-0.4957900000
0.5225100000
-0.1998900000
-0.0313720000
-0.4975600000
0.8322100000
-0.5304000000
0.5721900000
-0.0312600000
-0.3279200000
-0.4911500000
0.0568540000
0.5566000000
0.3854000000
0.0796900000
-0.4466500000
0.4726700000
-0.7259000000
0.2650200000
0.0749170000
-0.1061300000
0.1893600000
0.8206900000
-0.7393100000
-0.3598100000
0.6563000000
-0.5396700000
-0.4693500000
-0.3080300000
0.5115000000
-0.0888420000
0.0163580000
0.5412900000
-0.4590500000
-0.1030100000
0.5326700000
-0.3791500000
0.1828000000
0.0870280000
-0.6435900000
0.5326100000
-0.3380900000
0.5034300000
-0.0429290000
-0.0448550000
-0.0469620000
-0.0492760000
-0.0518310000
-0.1473500000
-0.5926200000
0.2771800000
0.1479300000
-0.0894170000
0.2113200000
0.1743600000
-0.3689300000
0.1342900000
-0.1326900000
-0.4413400000
0.0900230000
0.3313500000
-0.0739080000
-0.0989600000
-0.5157400000
0.9576500000
0.0325250000
-0.7821700000
0.2854400000
0.4016400000
0.1247300000
-0.0136410000
-0.6741500000
0.2847700000
0.6264900000
-1.1897000000
0.4586600000
-0.7436900000
0.4493800000
0.1233200000
0.1097700000
-0.2887800000
0.1831500000
0.5285500000
0.1183800000
0.1522600000
-0.5472200000
0.2974300000
0.3495800000
-0.5209500000
