0.4473400000
0.4366000000
0.3980900000
0.3393900000
0.2658600000
0.1827000000
0.0967010000
0.0168090000
-0.0470380000
-0.0861820000
-0.0953410000
-0.0733520000
-0.0227000000
0.0510960000
0.1394900000
0.2303800000
0.3080300000
0.3543000000
0.3515400000
0.2862300000
0.1532500000
-0.0378050000
-0.2559800000
-0.4540200000
-0.5952400000
-0.6756400000
-0.7121400000
-0.7189300000
-0.6966700000
-0.6334600000
-0.5106900000
-0.3123500000
-0.0400500000
0.2654000000
0.5230500000
0.6728600000
0.7252300000
0.7219900000
0.6912500000
0.6400100000
0.5616700000
0.4442400000
0.2785600000
0.0681470000
-0.1608200000
-0.3614700000
-0.4933100000
-0.5495300000
-0.5493800000
-0.5146800000
-0.4590100000
-0.3885800000
-0.3062000000
-0.2150000000
-0.1208000000
-0.0327340000
0.0382420000
0.0825070000
0.0946970000
0.0747080000
0.0269210000
-0.0408820000
-0.1179300000
-0.1904700000
-0.2424600000
-0.2576300000
-0.2228100000
-0.1316400000
0.0113850000
0.1872300000
0.3639300000
0.5098500000
0.6106500000
0.6706200000
0.6989000000
0.6971300000
0.6559900000
0.5581600000
0.3855300000
0.1319900000
-0.1754900000
-0.4625200000
-0.6509800000
-0.7304800000
-0.7415800000
-0.7196000000
-0.6769000000
-0.6087200000
-0.5020100000
-0.3439600000
-0.1321400000
0.1129000000
0.3427200000
0.5051000000
0.5830900000
0.5957100000
0.5690000000
0.5192500000
0.4526700000
0.3701200000
0.2718400000
0.1611800000
0.0468810000
-0.0573050000
-0.1364600000
-0.1801000000
-0.1853300000
-0.1559100000
-0.0992880000
-0.0246600000
0.0575500000
0.1355300000
0.1964200000
0.2276600000
0.2189800000
0.1644600000
0.0646520000
-0.0711150000
-0.2237200000
-0.3681800000
-0.4836500000
-0.5616900000
-0.6041800000
-0.6146700000
-0.5916300000
-0.5272700000
-0.4108300000
-0.2355700000
-0.0096147000
0.2328900000
0.4375100000
0.5648400000
0.6162500000
0.6161500000
0.5854900000
0.5335400000
0.4607000000
0.3638000000
0.2413400000
0.0983900000
-0.0502230000
-0.1819500000
-0.2755300000
-0.3209500000
-0.3210000000
-0.2853400000
-0.2245900000
-0.1482500000
-0.0651280000
0.0158010000
0.0853240000
0.1348800000
0.1578700000
0.1505700000
0.1124600000
0.0463140000
-0.0416530000
-0.1418400000
-0.2421900000
-0.3304700000
-0.3967200000
-0.4343800000
-0.4391600000
-0.4073900000
-0.3357000000
-0.2230800000
-0.0750190000
0.0921410000
0.2515200000
0.3756500000
0.4502700000
0.4777200000
0.4684200000
0.4321200000
0.3748700000
0.3002200000
0.2117400000
0.1153400000
0.0203760000
-0.0613560000
-0.1186500000
-0.1442400000
-0.1361800000
-0.0971310000
-0.0327740000
0.0489670000
0.1378100000
0.2208300000
0.2830200000
0.3090600000
0.2859800000
0.2060200000
0.0702340000
-0.1068900000
-0.2953300000
-0.4586000000
-0.5736300000
-0.6400400000
-0.6689000000
-0.6675700000
-0.6333000000
-0.5546600000
-0.4171300000
-0.2124700000
0.0469600000
0.3142900000
0.5223500000
0.6357800000
0.6706800000
0.6593800000
0.6222400000
0.5644200000
0.4818100000
0.3675800000
0.2187100000
0.0428390000
-0.1374000000
-0.2895000000
-0.3879400000
-0.4275500000
-0.4192800000
-0.3780100000
-0.3157300000
-0.2411000000
-0.1614100000
-0.0842240000
-0.0178790000
0.0294280000
0.0511370000
0.0435330000
0.0061651000
-0.0582480000
-0.1437400000
-0.2405600000
-0.3345600000
-0.4075400000
-0.4392000000
-0.4104700000
-0.3073800000
-0.1269200000
0.1125900000
0.3624800000
0.5611200000
0.6794500000
0.7330300000
0.7487300000
0.7393000000
0.6998100000
0.6131500000
0.4583100000
0.2220100000
-0.0817970000
-0.3901300000
-0.6143700000
-0.7210600000
-0.7446400000
-0.7271900000
-0.6881100000
-0.6269400000
-0.5325800000
-0.3916900000
-0.1980000000
0.0360940000
0.2709600000
0.4533500000
0.5541000000
0.5830000000
0.5654700000
0.5209900000
0.4588300000
0.3817800000
0.2908100000
0.1887400000
0.0826550000
-0.0159160000
-0.0936230000
-0.1398600000
-0.1501300000
-0.1262500000
-0.0743750000
-0.0031649000
0.0767880000
0.1529400000
0.2112300000
0.2376200000
0.2205400000
0.1535300000
0.0381060000
-0.1134300000
-0.2773800000
-0.4253700000
-0.5375100000
-0.6095700000
-0.6468000000
-0.6527900000
-0.6234300000
-0.5471600000
-0.4098700000
-0.2039700000
0.0570960000
0.3250000000
0.5320200000
0.6440100000
0.6784300000
0.6677100000
0.6314700000
0.5739100000
0.4898200000
0.3713300000
0.2149500000
0.0289900000
-0.1613500000
-0.3201700000
-0.4206600000
-0.4594300000
-0.4499400000
-0.4083500000
-0.3466300000
-0.2727600000
-0.1931800000
-0.1148100000
-0.0457060000
0.0057125000
0.0323170000
0.0297930000
-0.0026814000
-0.0624090000
-0.1430700000
-0.2340900000
-0.3200000000
-0.3809000000
-0.3952500000
-0.3442800000
-0.2171500000
-0.0183340000
0.2223600000
0.4495400000
0.6131800000
0.7046100000
0.7463000000
0.7590900000
0.7468900000
0.6973400000
0.5884000000
0.3976100000
0.1170700000
-0.2202300000
-0.5235700000
-0.7072900000
-0.7741800000
-0.7766000000
-0.7511400000
-0.7066300000
-0.6338500000
-0.5155600000
-0.3360500000
-0.0936120000
0.1829300000
0.4300200000
0.5890300000
0.6540000000
0.6561900000
0.6246500000
0.5726600000
0.5014000000
0.4065800000
0.2844000000
0.1372400000
-0.0219150000
-0.1696200000
-0.2807100000
-0.3410200000
-0.3517400000
-0.3232200000
-0.2673700000
-0.1944000000
-0.1131700000
-0.0323020000
0.0393040000
0.0931340000
0.1222900000
0.1226000000
0.0930150000
0.0355930000
-0.0445720000
-0.1393900000
-0.2382100000
-0.3291400000
-0.4007700000
-0.4433800000
-0.4487300000
-0.4093800000
-0.3193800000
-0.1776300000
0.0059027000
0.2046000000
0.3798300000
0.5012700000
0.5635000000
0.5792500000
0.5627400000
0.5212500000
0.4551600000
0.3616100000
0.2392800000
0.0933750000
-0.0607280000
-0.1992400000
-0.2994400000
-0.3505100000
-0.3553900000
-0.3241400000
-0.2674100000
-0.1943200000
-0.1129800000
-0.0316920000
0.0407290000
0.0957170000
0.1263300000
0.1284100000
0.1009000000
0.0457640000
-0.0321870000
-0.1253300000
-0.2234700000
-0.3148500000
-0.3877200000
-0.4316300000
-0.4375700000
-0.3976500000
-0.3059600000
-0.1620100000
0.0231080000
0.2214900000
0.3942600000
0.5124500000
0.5723200000
0.5870900000
0.5703700000
0.5283900000
0.4604300000
0.3627100000
0.2334900000
0.0785670000
-0.0847360000
-0.2299000000
-0.3326200000
-0.3830000000
-0.3861200000
-0.3536500000
-0.2967900000
-0.2244600000
-0.1443300000
-0.0642820000
0.0071406000
0.0614170000
0.0915120000
0.0931260000
0.0651350000
0.0094150000
-0.0693650000
-0.1636600000
-0.2628800000
-0.3536700000
-0.4209800000
-0.4495100000
-0.4251800000
-0.3369400000
-0.1807800000
0.0321650000
0.2667000000
0.4698900000
0.6041000000
0.6700600000
0.6894100000
0.6788500000
0.6412700000
0.5683500000
0.4468100000
0.2668000000
0.0336490000
-0.2193100000
-0.4344700000
-0.5678000000
-0.6198300000
-0.6172800000
-0.5835600000
-0.5295100000
-0.4566200000
-0.3625600000
-0.2462400000
-0.1123100000
0.0261390000
0.1491600000
0.2374700000
0.2809300000
0.2807500000
0.2450100000
0.1836400000
0.1062200000
0.0220960000
-0.0590620000
-0.1273100000
-0.1734000000
-0.1900500000
-0.1729900000
-0.1215600000
-0.0392000000
0.0658240000
0.1806100000
0.2897600000
0.3796100000
0.4417700000
0.4731300000
0.4728800000
0.4395700000
0.3705300000
0.2639800000
0.1232000000
-0.0387930000
-0.1980300000
-0.3270400000
-0.4082600000
-0.4405400000
-0.4331500000
-0.3968300000
-0.3396800000
-0.2674300000
-0.1854300000
-0.1004500000
-0.0212150000
0.0425180000
0.0821420000
0.0922330000
0.0713470000
0.0216480000
-0.0516540000
-0.1403000000
-0.2324300000
-0.3124400000
-0.3620800000
-0.3633100000
-0.3018700000
-0.1715400000
0.0194950000
0.2412700000
0.4455200000
0.5925700000
0.6764100000
0.7144000000
0.7221800000
0.7016600000
0.6416000000
0.5234600000
0.3304600000
0.0621120000
-0.2441500000
-0.5086100000
-0.6668000000
-0.7246900000
-0.7240900000
-0.6947600000
-0.6450400000
-0.5689600000
-0.4546200000
-0.2923000000
-0.0842350000
0.1451700000
0.3497700000
0.4873300000
0.5484800000
0.5515300000
0.5187200000
0.4642800000
0.3947800000
0.3131100000
0.2222400000
0.1277300000
0.0385070000
-0.0344560000
-0.0812760000
-0.0961760000
-0.0786700000
-0.0328530000
0.0337190000
0.1105200000
0.1840600000
0.2384600000
0.2574300000
0.2274400000
0.1414300000
0.0027972000
-0.1708600000
-0.3485000000
-0.4978100000
-0.6025700000
-0.6657700000
-0.6966200000
-0.6976600000
-0.6605500000
-0.5684900000
-0.4031800000
-0.1568000000
0.1475900000
0.4394400000
0.6378800000
0.7256600000
0.7411300000
0.7212700000
0.6803700000
0.6149100000
0.5123600000
0.3596300000
0.1529500000
-0.0897430000
-0.3223800000
-0.4917100000
-0.5767800000
-0.5942200000
-0.5702400000
-0.5221600000
-0.4570300000
-0.3761300000
-0.2797400000
-0.1709000000
-0.0577960000
0.0463520000
0.1268000000
0.1727100000
0.1805500000
0.1534900000
0.0986910000
0.0251930000
-0.0566100000
-0.1348600000
-0.1965400000
-0.2288100000
-0.2210100000
-0.1668800000
-0.0666910000
0.0702800000
0.2246600000
0.3709600000
0.4878600000
0.5668500000
0.6100900000
0.6213500000
0.5991000000
0.5352400000
0.4184600000
0.2414000000
0.0117860000
-0.2356500000
-0.4445800000
-0.5740900000
-0.6260300000
-0.6259600000
-0.5954600000
-0.5436600000
-0.4704200000
-0.3718600000
-0.2458400000
-0.0972480000
0.0583750000
0.1968200000
0.2952300000
0.3432100000
0.3444000000
0.3094400000
0.2495200000
0.1742100000
0.0920790000
0.0118010000
-0.0577000000
-0.1080500000
-0.1327400000
-0.1281400000
-0.0937350000
-0.0321170000
0.0511050000
0.1473300000
0.2455900000
0.3339800000
0.4016400000
0.4396500000
0.4406900000
0.3982100000
0.3071600000
0.1673100000
-0.0109160000
-0.2017300000
-0.3689900000
-0.4847800000
-0.5439600000
-0.5579300000
-0.5399500000
-0.4972700000
-0.4311700000
-0.3402100000
-0.2244900000
-0.0898590000
0.0494600000
0.1728800000
0.2611900000
0.3048900000
0.3056700000
0.2716300000
0.2122000000
0.1362200000
0.0522170000
-0.0308410000
-0.1035700000
-0.1570200000
-0.1841000000
-0.1804900000
-0.1450700000
-0.0800260000
0.0087942000
0.1117100000
0.2160400000
0.3086000000
0.3789300000
0.4209800000
0.4320800000
0.4107100000
0.3552500000
0.2649300000
0.1426200000
-0.0014411000
-0.1481700000
-0.2739400000
-0.3605900000
-0.4025600000
-0.4048800000
-0.3762500000
-0.3244700000
-0.2556500000
-0.1755300000
-0.0910380000
-0.0108970000
0.0551880000
0.0984900000
0.1132200000
0.0973770000
0.0523710000
-0.0175680000
-0.1055700000
-0.2017300000
-0.2928100000
-0.3627800000
-0.3946600000
-0.3730200000
-0.2869200000
-0.1340800000
0.0717910000
0.2945800000
0.4850600000
0.6116000000
0.6769000000
0.7001300000
0.6943500000
0.6590300000
0.5827300000
0.4494900000
0.2483300000
-0.0123880000
-0.2889000000
-0.5111700000
-0.6362900000
-0.6772200000
-0.6682400000
-0.6323100000
-0.5761100000
-0.4959900000
-0.3847900000
-0.2385200000
-0.0632140000
0.1199000000
0.2782100000
0.3840800000
0.4300300000
0.4261900000
0.3877700000
0.3273100000
0.2537400000
0.1743300000
0.0965090000
0.0285100000
-0.0213900000
-0.0463420000
-0.0422340000
-0.0082255000
0.0533000000
0.1366900000
0.2324800000
0.3267400000
0.4012400000
0.4354200000
0.4097100000
0.3096500000
0.1317000000
-0.1065800000
-0.3571500000
-0.5580100000
-0.6787800000
-0.7342700000
-0.7515900000
-0.7439000000
-0.7064300000
-0.6219100000
-0.4687400000
-0.2326600000
0.0736510000
0.3873600000
0.6171700000
0.7270200000
0.7518600000
0.7351800000
0.6969800000
0.6367000000
0.5426300000
0.4005900000
0.2034500000
-0.0366140000
-0.2785600000
-0.4663100000
-0.5693800000
-0.5988000000
-0.5815400000
-0.5375600000
-0.4757300000
-0.3979600000
-0.3041900000
-0.1964400000
-0.0816650000
0.0276240000
0.1162200000
0.1716800000
0.1887100000
0.1693300000
0.1201900000
0.0500810000
-0.0309560000
-0.1115500000
-0.1791200000
-0.2208500000
-0.2255800000
-0.1858800000
-0.1000500000
0.0255710000
0.1749200000
0.3241400000
0.4500100000
0.5398700000
0.5930600000
0.6134800000
0.6015600000
0.5513400000
0.4525000000
0.2961400000
0.0844190000
-0.1574800000
-0.3791600000
-0.5322300000
-0.6053000000
-0.6187100000
-0.5961700000
-0.5505700000
-0.4846400000
-0.3958600000
-0.2817600000
-0.1449000000
0.0031247000
0.1417400000
0.2482900000
0.3086500000
0.3219300000
0.2962500000
0.2422200000
0.1697000000
0.0876220000
0.0049011000
-0.0692260000
-0.1258100000
-0.1574700000
-0.1594700000
-0.1302600000
-0.0715760000
0.0113900000
0.1099000000
0.2122600000
0.3058200000
0.3797500000
0.4266600000
0.4421000000
0.4227100000
0.3652000000
0.2675200000
0.1323300000
-0.0284520000
-0.1916600000
-0.3290400000
-0.4207400000
-0.4634800000
-0.4656000000
-0.4375500000
-0.3868800000
-0.3181200000
-0.2349900000
-0.1427100000
-0.0495180000
0.0337330000
0.0958760000
0.1286200000
0.1285100000
0.0967790000
0.0380590000
-0.0404910000
-0.1292000000
-0.2155300000
-0.2842900000
-0.3193200000
-0.3060600000
-0.2347200000
-0.1039200000
0.0742600000
0.2706000000
0.4458200000
0.5718800000
0.6458600000
0.6798700000
0.6835400000
0.6557500000
0.5854000000
0.4567500000
0.2584400000
-0.0022496000
-0.2824900000
-0.5109800000
-0.6417400000
-0.6864600000
-0.6801600000
-0.6465000000
-0.5921100000
-0.5126000000
-0.3996400000
-0.2479800000
-0.0632020000
0.1320900000
0.3017300000
0.4149700000
0.4643100000
0.4619900000
0.4249500000
0.3661700000
0.2940800000
0.2150300000
0.1355700000
0.0634720000
0.0072144000
-0.0256060000
-0.0299390000
-0.0042203000
0.0494990000
0.1255200000
0.2139600000
0.3000700000
0.3644900000
0.3856700000
0.3442200000
0.2281700000
0.0398250000
-0.1946800000
-0.4232200000
-0.5941800000
-0.6936600000
-0.7413100000
-0.7587000000
-0.7515300000
-0.7089100000
-0.6092800000
-0.4292500000
-0.1576100000
0.1793000000
0.4953700000
0.6967200000
0.7752600000
0.7829300000
0.7602200000
0.7187800000
0.6505500000
0.5381800000
0.3646000000
0.1252100000
-0.1550700000
-0.4136500000
-0.5862200000
-0.6607100000
-0.6680200000
-0.6394200000
