1.1364000000
1.1371000000
1.1374000000
1.1373000000
1.1366000000
1.1354000000
1.1336000000
1.1314000000
1.1285000000
1.1252000000
1.1213000000
1.1168000000
1.1118000000
1.1062000000
1.1001000000
1.0935000000
1.0864000000
1.0789000000
1.0709000000
1.0624000000
1.0536000000
1.0445000000
1.0350000000
1.0252000000
1.0152000000
1.0049000000
0.9945300000
0.9840200000
0.9734200000
0.9627900000
0.9521800000
0.9416200000
0.9311500000
0.9208300000
0.9106900000
0.9007700000
0.8911200000
0.8817700000
0.8727600000
0.8641200000
0.8558800000
0.8480800000
0.8407300000
0.8338800000
0.8275400000
0.8217300000
0.8164700000
0.8117900000
0.8076800000
0.8041800000
0.8012800000
0.7990100000
0.7973500000
0.7963300000
0.7959500000
0.7962000000
0.7971000000
0.7986300000
0.8008000000
0.8036100000
0.8070500000
0.8111200000
0.8158200000
0.8211300000
0.8270600000
0.8335900000
0.8407100000
0.8484200000
0.8567100000
0.8655600000
0.8749600000
0.8849000000
0.8953700000
0.9063500000
0.9178300000
0.9297800000
0.9422000000
0.9550500000
0.9683100000
0.9819700000
0.9959900000
1.0103000000
1.0250000000
1.0399000000
1.0551000000
1.0705000000
1.0860000000
1.1016000000
1.1173000000
1.1330000000
1.1486000000
1.1642000000
1.1795000000
1.1946000000
1.2094000000
1.2239000000
1.2378000000
1.2512000000
1.2640000000
1.2761000000
1.2874000000
1.2977000000
1.3072000000
1.3155000000
1.3227000000
1.3286000000
1.3332000000
1.3364000000
1.3382000000
1.3383000000
1.3369000000
1.3338000000
1.3290000000
1.3225000000
1.3142000000
1.3042000000
1.2924000000
1.2788000000
1.2636000000
1.2467000000
1.2282000000
1.2082000000
1.1867000000
1.1640000000
1.1400000000
1.1149000000
1.0890000000
1.0622000000
1.0347000000
1.0067000000
0.9784200000
0.9499100000
0.9213700000
0.8929300000
0.8647600000
0.8369800000
0.8097300000
0.7831400000
0.7573300000
0.7323900000
0.7084300000
0.6855200000
0.6637500000
0.6431800000
0.6238500000
0.6058100000
0.5891000000
0.5737300000
0.5597300000
0.5470900000
0.5358200000
0.5259100000
0.5173600000
0.5101400000
0.5042300000
0.4996200000
0.4962800000
0.4941700000
0.4932800000
0.4935800000
0.4950300000
0.4976100000
0.5013000000
0.5060600000
0.5118700000
0.5187200000
0.5265800000
0.5354300000
0.5452700000
0.5560700000
0.5678300000
0.5805300000
0.5941800000
0.6087800000
0.6243100000
0.6407900000
0.6582200000
0.6766000000
0.6959400000
0.7162600000
0.7375700000
0.7598600000
0.7831700000
0.8075000000
0.8328700000
0.8592800000
0.8867600000
0.9152900000
0.9449000000
0.9755900000
1.0073000000
1.0402000000
1.0740000000
1.1089000000
1.1448000000
1.1817000000
1.2195000000
1.2581000000
1.2974000000
1.3374000000
1.3780000000
1.4189000000
1.4601000000
1.5014000000
1.5424000000
1.5831000000
1.6231000000
1.6621000000
1.6999000000
1.7359000000
1.7700000000
1.8016000000
1.8303000000
1.8556000000
1.8771000000
1.8944000000
1.9069000000
1.9142000000
1.9159000000
1.9115000000
1.9007000000
1.8833000000
1.8590000000
1.8276000000
1.7891000000
1.7437000000
1.6914000000
1.6326000000
1.5677000000
1.4971000000
1.4215000000
1.3416000000
1.2580000000
1.1717000000
1.0834000000
0.9939700000
0.9043200000
0.8152100000
0.7274300000
0.6416800000
0.5585800000
0.4787000000
0.4025000000
0.3303400000
0.2625300000
0.1992400000
0.1406100000
0.0866710000
0.0374010000
-0.0072814000
-0.0475080000
-0.0834520000
-0.1153200000
-0.1433300000
-0.1677300000
-0.1887900000
-0.2067500000
-0.2218900000
-0.2344600000
-0.2447100000
-0.2528900000
-0.2592200000
-0.2639400000
-0.2672500000
-0.2693400000
-0.2704000000
-0.2705900000
-0.2700800000
-0.2690000000
-0.2674800000
-0.2656600000
-0.2636200000
-0.2614800000
-0.2593200000
-0.2572300000
-0.2552700000
-0.2535200000
-0.2520400000
-0.2508700000
-0.2500800000
-0.2497000000
-0.2497700000
-0.2503400000
-0.2514500000
-0.2531100000
-0.2553800000
-0.2582700000
-0.2618300000
-0.2660700000
-0.2710400000
-0.2767600000
-0.2832700000
-0.2906000000
-0.2987900000
-0.3078800000
-0.3179100000
-0.3289200000
-0.3409700000
-0.3541000000
-0.3683800000
-0.3838600000
-0.4006100000
-0.4187000000
-0.4382200000
-0.4592400000
-0.4818500000
-0.5061600000
-0.5322700000
-0.5602900000
-0.5903400000
-0.6225500000
-0.6570600000
-0.6940300000
-0.7335900000
-0.7759200000
-0.8211900000
-0.8695900000
-0.9212900000
-0.9765000000
-1.0354000000
-1.0982000000
-1.1651000000
-1.2363000000
-1.3120000000
-1.3924000000
-1.4775000000
-1.5676000000
-1.6626000000
-1.7626000000
-1.8676000000
-1.9773000000
-2.0916000000
-2.2099000000
-2.3318000000
-2.4563000000
-2.5826000000
-2.7093000000
-2.8347000000
-2.9570000000
-3.0739000000
-3.1826000000
-3.2802000000
-3.3633000000
-3.4283000000
-3.4713000000
-3.4885000000
-3.4763000000
-3.4313000000
-3.3507000000
-3.2328000000
-3.0768000000
-2.8833000000
-2.6541000000
-2.3928000000
-2.1040000000
-1.7937000000
-1.4685000000
-1.1357000000
-0.8023400000
-0.4753200000
-0.1606600000
0.1365700000
0.4124400000
0.6642400000
0.8904400000
1.0905000000
1.2649000000
1.4146000000
1.5412000000
1.6467000000
1.7330000000
1.8023000000
1.8565000000
1.8977000000
1.9275000000
1.9474000000
1.9588000000
1.9628000000
1.9602000000
1.9519000000
1.9384000000
1.9202000000
1.8976000000
1.8709000000
1.8403000000
1.8060000000
1.7680000000
1.7265000000
1.6816000000
1.6333000000
1.5819000000
1.5275000000
1.4703000000
1.4105000000
1.3485000000
1.2845000000
1.2188000000
1.1519000000
1.0841000000
1.0158000000
0.9474000000
0.8793400000
0.8120000000
0.7457600000
0.6809700000
0.6179700000
0.5570400000
0.4984600000
0.4424300000
0.3891500000
0.3387400000
0.2913300000
0.2469600000
0.2056700000
0.1674600000
0.1322900000
0.1001000000
0.0708150000
0.0443330000
0.0205360000
-0.0007009600
-0.0195170000
-0.0360550000
-0.0504630000
-0.0628890000
-0.0734830000
-0.0823910000
-0.0897570000
-0.0957200000
-0.1004100000
-0.1039700000
-0.1065000000
-0.1081300000
-0.1089700000
-0.1091000000
-0.1086400000
-0.1076600000
-0.1062400000
-0.1044600000
-0.1023800000
-0.1000700000
-0.0975790000
-0.0949550000
-0.0922450000
-0.0894870000
-0.0867170000
-0.0839670000
-0.0812650000
-0.0786330000
-0.0760940000
-0.0736650000
-0.0713630000
-0.0692000000
-0.0671890000
-0.0653390000
-0.0636590000
-0.0621560000
-0.0608350000
-0.0597030000
-0.0587630000
-0.0580200000
-0.0574770000
-0.0571390000
-0.0570070000
-0.0570870000
-0.0573810000
-0.0578950000
-0.0586320000
-0.0595980000
-0.0607980000
-0.0622400000
-0.0639300000
-0.0658790000
-0.0680940000
-0.0705890000
-0.0733740000
-0.0764640000
-0.0798750000
-0.0836230000
-0.0877290000
-0.0922140000
-0.0971020000
-0.1024200000
-0.1081900000
-0.1144600000
-0.1212500000
-0.1286000000
-0.1365600000
-0.1451800000
-0.1545000000
-0.1645700000
-0.1754700000
-0.1872600000
-0.2000100000
-0.2138100000
-0.2287300000
-0.2448800000
-0.2623600000
-0.2812900000
-0.3017900000
-0.3240100000
-0.3480800000
-0.3741800000
-0.4024800000
-0.4331800000
-0.4665000000
-0.5026600000
-0.5419200000
-0.5845500000
-0.6308600000
-0.6811700000
-0.7358300000
-0.7952200000
-0.8597500000
-0.9298600000
-1.0060000000
-1.0887000000
-1.1785000000
-1.2759000000
-1.3814000000
-1.4958000000
-1.6194000000
-1.7529000000
-1.8969000000
-2.0516000000
-2.2175000000
-2.3947000000
-2.5832000000
-2.7825000000
-2.9920000000
-3.2102000000
-3.4354000000
-3.6647000000
-3.8944000000
-4.1198000000
-4.3347000000
-4.5317000000
-4.7020000000
-4.8356000000
-4.9216000000
-4.9486000000
-4.9056000000
-4.7828000000
-4.5731000000
-4.2728000000
-3.8830000000
-3.4101000000
-2.8656000000
-2.2663000000
-1.6320000000
-0.9844600000
-0.3451700000
0.2665800000
0.8350400000
1.3489000000
1.8014000000
2.1903000000
2.5165000000
2.7840000000
2.9982000000
3.1653000000
3.2917000000
3.3835000000
3.4460000000
3.4835000000
3.4996000000
3.4967000000
3.4766000000
3.4402000000
3.3877000000
3.3192000000
3.2343000000
3.1324000000
3.0133000000
2.8765000000
2.7222000000
2.5508000000
2.3632000000
2.1610000000
1.9461000000
1.7208000000
1.4880000000
1.2507000000
1.0121000000
0.7753900000
0.5435900000
0.3195400000
0.1057000000
-0.0958820000
-0.2836000000
-0.4563100000
-0.6133100000
-0.7542900000
-0.8792900000
-0.9886600000
-1.0829000000
-1.1629000000
-1.2293000000
-1.2832000000
-1.3254000000
-1.3569000000
-1.3785000000
-1.3912000000
-1.3957000000
-1.3928000000
-1.3832000000
-1.3675000000
-1.3464000000
-1.3203000000
-1.2897000000
-1.2552000000
-1.2173000000
-1.1762000000
-1.1325000000
-1.0865000000
-1.0386000000
-0.9892100000
-0.9387000000
-0.8874000000
-0.8356500000
-0.7837900000
-0.7321300000
-0.6809500000
-0.6305400000
-0.5811400000
-0.5329800000
-0.4862700000
-0.4411800000
-0.3978800000
-0.3564800000
-0.3170900000
-0.2797900000
-0.2446200000
-0.2116300000
-0.1808100000
-0.1521600000
-0.1256500000
-0.1012500000
-0.0788830000
-0.0584990000
-0.0400160000
-0.0233520000
-0.0084173000
0.0048825000
0.0166440000
0.0269660000
0.0359450000
0.0436800000
0.0502690000
0.0558040000
0.0603770000
0.0640760000
0.0669860000
0.0691870000
0.0707550000
0.0717610000
0.0722730000
0.0723540000
0.0720630000
0.0714530000
0.0705740000
0.0694720000
0.0681890000
0.0667640000
0.0652300000
0.0636200000
0.0619610000
0.0602790000
0.0585970000
0.0569330000
0.0553060000
0.0537320000
0.0522240000
0.0507940000
0.0494530000
0.0482090000
0.0470710000
0.0460460000
0.0451390000
0.0443550000
0.0436990000
0.0431750000
0.0427880000
0.0425400000
0.0424340000
0.0424740000
0.0426630000
0.0430050000
0.0435030000
0.0441620000
0.0449850000
0.0459780000
0.0471470000
0.0484970000
0.0500350000
0.0517690000
0.0537080000
0.0558610000
0.0582390000
0.0608550000
0.0637200000
0.0668510000
0.0702630000
0.0739740000
0.0780040000
0.0823750000
0.0871110000
0.0922380000
0.0977860000
0.1037900000
0.1102700000
0.1172800000
0.1248600000
0.1330500000
0.1419000000
0.1514700000
0.1618100000
0.1730000000
0.1851000000
0.1981900000
0.2123600000
0.2277000000
0.2443200000
0.2623200000
0.2818400000
0.3029900000
0.3259400000
0.3508400000
0.3778700000
0.4072200000
0.4391000000
0.4737400000
0.5113900000
0.5523200000
0.5968300000
0.6452400000
0.6979000000
0.7552000000
0.8175500000
0.8853800000
0.9591800000
1.0394000000
1.1267000000
1.2216000000
1.3246000000
1.4364000000
1.5576000000
1.6888000000
1.8306000000
1.9835000000
2.1480000000
2.3244000000
2.5127000000
2.7129000000
2.9244000000
3.1462000000
3.3766000000
3.6134000000
3.8531000000
4.0913000000
4.3222000000
4.5388000000
4.7323000000
4.8927000000
5.0086000000
5.0680000000
5.0586000000
4.9691000000
4.7905000000
4.5168000000
4.1470000000
3.6854000000
3.1424000000
2.5340000000
1.8806000000
1.2051000000
0.5309900000
-0.1198400000
-0.7291200000
-1.2832000000
-1.7735000000
-2.1963000000
-2.5520000000
-2.8441000000
-3.0783000000
-3.2613000000
-3.3999000000
-3.5008000000
-3.5699000000
-3.6121000000
-3.6311000000
-3.6298000000
-3.6101000000
-3.5728000000
-3.5183000000
-3.4466000000
-3.3570000000
-3.2491000000
-3.1222000000
-2.9760000000
-2.8107000000
-2.6266000000
-2.4248000000
-2.2070000000
-1.9755000000
-1.7329000000
-1.4823000000
-1.2274000000
-0.9716400000
-0.7186000000
-0.4716800000
-0.2339700000
-0.0081134000
0.2037100000
0.3998500000
0.5791800000
0.7410600000
0.8853000000
1.0121000000
1.1219000000
1.2154000000
1.2935000000
1.3573000000
1.4076000000
1.4455000000
1.4721000000
1.4883000000
1.4951000000
1.4931000000
1.4834000000
1.4665000000
1.4431000000
1.4138000000
1.3793000000
1.3400000000
1.2965000000
1.2492000000
1.1987000000
1.1454000000
1.0897000000
1.0322000000
0.9732300000
0.9132500000
0.8526800000
0.7919400000
0.7314000000
0.6714400000
0.6124000000
0.5546000000
0.4983300000
0.4438300000
0.3913400000
0.3410500000
0.2930900000
0.2476100000
0.2046700000
0.1643500000
0.1266600000
0.0916150000
0.0591820000
0.0293180000
0.0019592000
-0.0229750000
-0.0455790000
-0.0659580000
-0.0842240000
-0.1005000000
-0.1149000000
-0.1275700000
-0.1386200000
-0.1481900000
-0.1563900000
-0.1633600000
-0.1692100000
-0.1740500000
-0.1780000000
-0.1811700000
-0.1836400000
-0.1855300000
-0.1869100000
-0.1878700000
-0.1885000000
-0.1888500000
-0.1890000000
-0.1890200000
-0.1889600000
-0.1888800000
-0.1888200000
-0.1888300000
-0.1889500000
-0.1892300000
-0.1897000000
-0.1903900000
-0.1913300000
-0.1925600000
-0.1941000000
-0.1959800000
-0.1982300000
-0.2008600000
-0.2039000000
-0.2073800000
-0.2113200000
-0.2157500000
-0.2206800000
-0.2261400000
-0.2321700000
-0.2387900000
-0.2460200000
-0.2539000000
-0.2624700000
-0.2717500000
-0.2817900000
-0.2926300000
-0.3043100000
-0.3168800000
-0.3303900000
-0.3449000000
-0.3604700000
-0.3771600000
-0.3950400000
-0.4141900000
-0.4346900000
-0.4566300000
-0.4801000000
-0.5051900000
-0.5320200000
-0.5607100000
-0.5913700000
-0.6241400000
-0.6591500000
-0.6965500000
-0.7365100000
-0.7791700000
-0.8247200000
-0.8733300000
-0.9251800000
-0.9804800000
-1.0394000000
-1.1022000000
-1.1689000000
-1.2399000000
-1.3153000000
-1.3952000000
-1.4798000000
-1.5692000000
-1.6635000000
-1.7625000000
-1.8664000000
-1.9749000000
-2.0876000000
-2.2043000000
-2.3243000000
-2.4468000000
-2.5707000000
-2.6949000000
-2.8177000000
-2.9371000000
-3.0510000000
-3.1567000000
-3.2512000000
-3.3314000000
-3.3936000000
-3.4341000000
-3.4494000000
-3.4358000000
-3.3902000000
-3.3100000000
-3.1934000000
-3.0398000000
-2.8498000000
-2.6252000000
-2.3694000000
-2.0870000000
-1.7836000000
-1.4658000000
-1.1403000000
-0.8142500000
-0.4940700000
-0.1856700000
0.1060200000
0.3771600000
0.6250800000
0.8482100000
1.0460000000
1.2188000000
1.3675000000
1.4936000000
1.5990000000
1.6855000000
1.7553000000
1.8103000000
1.8523000000
1.8830000000
1.9040000000
1.9165000000
1.9217000000
1.9205000000
1.9136000000
1.9017000000
1.8852000000
1.8645000000
1.8398000000
1.8115000000
1.7796000000
1.7443000000
1.7056000000
1.6638000000
1.6188000000
1.5709000000
1.5202000000
1.4668000000
1.4110000000
1.3530000000
1.2930000000
1.2314000000
1.1686000000
1.1047000000
1.0403000000
0.9756100000
0.9110900000
0.8470800000
0.7839200000
0.7219700000
0.6615300000
0.6028900000
0.5463100000
0.4920100000
0.4401800000
0.3909600000
0.3444800000
0.3008200000
0.2600200000
0.2221000000
0.1870500000
0.1548400000
0.1254000000
0.0986490000
0.0745020000
0.0528470000
0.0335670000
0.0165350000
0.0016189000
-0.0113140000
-0.0223990000
-0.0317720000
-0.0395640000
-0.0459070000
-0.0509250000
-0.0547380000
-0.0574610000
-0.0592040000
-0.0600690000
-0.0601520000
-0.0595420000
-0.0583220000
-0.0565690000
-0.0543520000
-0.0517360000
-0.0487770000
-0.0455270000
-0.0420340000
-0.0383380000
-0.0344760000
-0.0304790000
-0.0263750000
-0.0221860000
-0.0179330000
-0.0136300000
-0.0092911000
-0.0049248000
-0.0005380900
0.0038649000
0.0082826000
0.0127160000
0.0171680000
0.0216440000
0.0261480000
0.0306920000
0.0352830000
0.0399350000
0.0446590000
0.0494720000
0.0543880000
0.0594250000
0.0646030000
0.0699420000
0.0754630000
0.0811920000
0.0871530000
0.0933730000
0.0998810000
0.1067100000
0.1138900000
0.1214600000
0.1294500000
0.1379200000
0.1468900000
0.1564300000
0.1665700000
0.1773900000
0.1889200000
0.2012500000
0.2144300000
0.2285400000
0.2436700000
0.2599000000
0.2773200000
0.2960500000
0.3161800000
0.3378400000
0.3611600000
0.3862900000
0.4133700000
0.4425700000
0.4740800000
0.5080900000
0.5448100000
0.5844700000
0.6273200000
0.6736100000
0.7236500000
0.7777400000
0.8362000000
0.8993800000
0.9676600000
1.0414000000
1.1211000000
1.2071000000
1.2998000000
1.3998000000
1.5074000000
1.6230000000
1.7471000000
1.8799000000
2.0218000000
2.1728000000
2.3329000000
2.5020000000
2.6793000000
2.8642000000
3.0553000000
3.2507000000
3.4480000000
3.6439000000
3.8343000000
4.0141000000
4.1775000000
4.3173000000
4.4258000000
4.4946000000
4.5152000000
4.4792000000
4.3793000000
4.2100000000
3.9684000000
3.6547000000
3.2730000000
2.8310000000
2.3404000000
1.8152000000
1.2716000000
0.7259600000
0.1938000000
-0.3113500000
-0.7787800000
-1.2010000000
-1.5739000000
-1.8960000000
-2.1686000000
-2.3945000000
-2.5778000000
-2.7231000000
-2.8353000000
-2.9188000000
-2.9779000000
-3.0161000000
-3.0362000000
-3.0406000000
-3.0308000000
-3.0080000000
-2.9729000000
-2.9258000000
-2.8667000000
-2.7956000000
-2.7123000000
-2.6166000000
-2.5086000000
-2.3883000000
-2.2562000000
-2.1130000000
-1.9595000000
-1.7971000000
-1.6271000000
-1.4513000000
-1.2717000000
-1.0901000000
-0.9086800000
-0.7293800000
-0.5541000000
-0.3845700000
-0.2223000000
-0.0685790000
0.0755880000
0.2094500000
0.3325300000
0.4445800000
0.5455700000
0.6356600000
0.7151600000
0.7845100000
0.8442200000
0.8948900000
0.9371300000
0.9715800000
0.9988900000
1.0197000000
1.0345000000
1.0440000000
1.0488000000
1.0491000000
1.0457000000
1.0389000000
1.0290000000
1.0165000000
1.0017000000
0.9849000000
0.9663800000
0.9464200000
0.9252400000
0.9030900000
0.8801600000
0.8566500000
0.8327400000
0.8085900000
0.7843700000
0.7602100000
0.7362500000
0.7126000000
0.6893900000
0.6667200000
0.6446700000
0.6233300000
0.6027800000
0.5830800000
0.5642800000
0.5464400000
0.5296000000
0.5137800000
0.4990300000
0.4853500000
0.4727700000
0.4612800000
0.4509000000
0.4416300000
0.4334600000
0.4263700000
0.4203800000
0.4154500000
0.4115800000
0.4087600000
0.4069600000
0.4061700000
0.4063800000
0.4075600000
0.4097100000
0.4128200000
0.4168600000
0.4218300000
0.4277200000
0.4345200000
0.4422300000
0.4508500000
0.4603700000
0.4708000000
0.4821500000
0.4944300000
0.5076400000
0.5218000000
0.5369300000
0.5530400000
0.5701600000
0.5883200000
0.6075500000
0.6278600000
0.6493100000
0.6719100000
0.6957200000
0.7207600000
0.7470900000
0.7747300000
0.8037400000
0.8341600000
0.8660300000
0.8993800000
0.9342700000
0.9707100000
1.0088000000
1.0484000000
1.0897000000
1.1327000000
1.1773000000
1.2235000000
1.2713000000
1.3207000000
1.3716000000
1.4238000000
1.4774000000
1.5320000000
1.5875000000
1.6438000000
1.7004000000
1.7571000000
1.8134000000
1.8691000000
1.9234000000
1.9760000000
2.0261000000
2.0731000000
2.1162000000
2.1546000000
2.1876000000
2.2142000000
2.2337000000
2.2451000000
2.2476000000
2.2404000000
2.2230000000
2.1946000000
2.1551000000
2.1040000000
2.0415000000
1.9676000000
1.8829000000
1.7880000000
1.6838000000
1.5714000000
1.4521000000
1.3273000000
1.1985000000
1.0673000000
0.9352400000
0.8038600000
0.6746000000
0.5487600000
0.4274900000
0.3117700000
0.2023800000
0.0999290000
0.0048233000
-0.0827000000
-0.1625600000
-0.2348200000
-0.2996700000
-0.3573600000
-0.4082700000
-0.4528100000
-0.4914100000
-0.5245500000
-0.5527200000
-0.5764000000
-0.5960600000
-0.6121500000
-0.6251200000
-0.6353800000
-0.6433000000
-0.6492600000
-0.6535800000
-0.6565600000
-0.6584800000
-0.6595900000
-0.6601300000
-0.6603000000
-0.6602900000
-0.6602600000
-0.6603700000
-0.6607500000
-0.6615300000
-0.6628100000
-0.6646900000
-0.6672700000
-0.6706200000
-0.6748100000
-0.6799100000
-0.6859800000
-0.6930700000
-0.7012400000
-0.7105300000
-0.7209800000
-0.7326300000
-0.7455200000
-0.7597000000
-0.7751800000
-0.7920100000
-0.8102200000
-0.8298400000
-0.8508900000
-0.8734000000
-0.8974100000
-0.9229300000
-0.9499800000
-0.9785800000
-1.0087000000
-1.0405000000
-1.0738000000
-1.1087000000
-1.1451000000
-1.1831000000
-1.2225000000
-1.2635000000
-1.3058000000
-1.3494000000
-1.3942000000
-1.4401000000
-1.4869000000
-1.5345000000
-1.5826000000
-1.6309000000
-1.6793000000
-1.7273000000
-1.7746000000
-1.8208000000
-1.8653000000
-1.9078000000
-1.9477000000
-1.9843000000
-2.0171000000
-2.0453000000
-2.0684000000
-2.0856000000
-2.0964000000
-2.1000000000
-2.0958000000
-2.0834000000
-2.0622000000
-2.0320000000
-1.9925000000
-1.9437000000
-1.8856000000
-1.8185000000
-1.7428000000
-1.6591000000
-1.5682000000
-1.4709000000
-1.3683000000
-1.2615000000
-1.1517000000
-1.0401000000
-0.9278000000
-0.8160900000
-0.7060400000
-0.5986600000
-0.4948600000
-0.3954100000
-0.3009500000
-0.2119900000
-0.1288800000
-0.0518700000
0.0189390000
0.0835390000
0.1420200000
0.1945500000
0.2413700000
0.2827600000
0.3190500000
0.3505900000
0.3777500000
0.4009000000
0.4204200000
0.4366700000
0.4500200000
0.4607900000
0.4693200000
0.4759200000
0.4808600000
0.4844200000
0.4868400000
0.4883600000
0.4891700000
0.4894700000
0.4894300000
0.4892200000
0.4889700000
0.4888200000
0.4888800000
0.4892700000
0.4900700000
0.4913900000
0.4932900000
0.4958700000
0.4991700000
0.5032800000
0.5082400000
0.5141200000
0.5209600000
0.5288200000
0.5377500000
0.5478000000
0.5590000000
0.5714200000
0.5851100000
0.6001000000
0.6164500000
0.6342200000
0.6534500000
0.6742100000
0.6965400000
0.7205200000
0.7462000000
0.7736400000
0.8029200000
0.8340900000
0.8672200000
0.9023900000
0.9396500000
0.9790800000
1.0207000000
1.0647000000
1.1110000000
1.1596000000
1.2107000000
1.2642000000
1.3201000000
1.3785000000
1.4392000000
1.5022000000
1.5673000000
1.6345000000
1.7035000000
1.7740000000
1.8457000000
1.9182000000
1.9910000000
2.0634000000
2.1349000000
2.2046000000
2.2717000000
2.3350000000
2.3936000000
2.4461000000
2.4913000000
2.5279000000
2.5544000000
2.5694000000
2.5716000000
2.5598000000
2.5329000000
2.4899000000
2.4303000000
2.3539000000
2.2606000000
2.1510000000
2.0261000000
1.8872000000
1.7359000000
1.5744000000
1.4049000000
1.2299000000
1.0521000000
0.8738400000
0.6976700000
0.5258000000
0.3602000000
0.2025500000
0.0541790000
-0.0839220000
-0.2111000000
-0.3270100000
-0.4315900000
-0.5250100000
-0.6076500000
-0.6800400000
-0.7428000000
-0.7966600000
-0.8423600000
-0.8806800000
-0.9123900000
-0.9382200000
-0.9588900000
-0.9750600000
-0.9873500000
-0.9963200000
-1.0025000000
-1.0063000000
-1.0082000000
-1.0086000000
-1.0077000000
-1.0059000000
-1.0034000000
-1.0005000000
-0.9972400000
-0.9939300000
-0.9906500000
-0.9875500000
-0.9847200000
-0.9822500000
-0.9802300000
-0.9787100000
-0.9777500000
-0.9773900000
-0.9776700000
-0.9786100000
-0.9802300000
-0.9825600000
-0.9855900000
-0.9893400000
-0.9938000000
-0.9989700000
-1.0048000000
-1.0114000000
-1.0186000000
-1.0265000000
-1.0350000000
-1.0441000000
-1.0538000000
-1.0641000000
-1.0748000000
-1.0861000000
-1.0977000000
-1.1098000000
-1.1222000000
-1.1349000000
-1.1478000000
-1.1609000000
-1.1741000000
-1.1874000000
-1.2006000000
-1.2138000000
-1.2268000000
-1.2395000000
-1.2519000000
-1.2639000000
-1.2754000000
-1.2863000000
-1.2965000000
-1.3060000000
-1.3145000000
-1.3221000000
-1.3287000000
-1.3340000000
-1.3382000000
-1.3410000000
-1.3424000000
-1.3424000000
-1.3408000000
-1.3376000000
-1.3328000000
-1.3263000000
-1.3181000000
-1.3081000000
-1.2965000000
-1.2831000000
-1.2681000000
-1.2514000000
-1.2331000000
-1.2134000000
-1.1922000000
-1.1697000000
-1.1460000000
-1.1212000000
-1.0954000000
-1.0688000000
-1.0416000000
-1.0138000000
-0.9856000000
-0.9572100000
-0.9287400000
-0.9003500000
-0.8721800000
-0.8443800000
-0.8170900000
-0.7904200000
-0.7644900000
-0.7394100000
-0.7152900000
-0.6921900000
-0.6702100000
-0.6494100000
-0.6298300000
-0.6115300000
-0.5945400000
-0.5788900000
-0.5645900000
-0.5516500000
-0.5400800000
-0.5298600000
-0.5209900000
-0.5134600000
-0.5072400000
-0.5023200000
-0.4986700000
-0.4962700000
-0.4950800000
-0.4950800000
-0.4962400000
-0.4985400000
-0.5019500000
-0.5064400000
-0.5119800000
-0.5185600000
-0.5261600000
-0.5347600000
-0.5443400000
-0.5548900000
-0.5663900000
-0.5788500000
-0.5922600000
-0.6066000000
-0.6218900000
-0.6381200000
-0.6552900000
-0.6734200000
-0.6925100000
-0.7125700000
-0.7336100000
-0.7556500000
-0.7786800000
-0.8027400000
-0.8278300000
-0.8539500000
-0.8811300000
-0.9093800000
-0.9386900000
-0.9690700000
-1.0005000000
-1.0330000000
-1.0666000000
-1.1012000000
-1.1368000000
-1.1734000000
-1.2108000000
-1.2491000000
-1.2882000000
-1.3280000000
-1.3683000000
-1.4090000000
-1.4501000000
-1.4912000000
-1.5321000000
-1.5728000000
-1.6128000000
-1.6519000000
-1.6898000000
-1.7261000000
-1.7605000000
-1.7925000000
-1.8217000000
-1.8477000000
-1.8700000000
-1.8882000000
-1.9017000000
-1.9101000000
-1.9130000000
-1.9100000000
-1.9007000000
-1.8848000000
-1.8620000000
-1.8323000000
-1.7956000000
-1.7519000000
-1.7013000000
-1.6442000000
-1.5808000000
-1.5118000000
-1.4375000000
-1.3588000000
-1.2764000000
-1.1909000000
-1.1034000000
-1.0145000000
-0.9252000000
-0.8362500000
-0.7484500000
-0.6625000000
-0.5790500000
-0.4986800000
-0.4218600000
-0.3489900000
-0.2803800000
-0.2162300000
-0.1567000000
-0.1018300000
-0.0516120000
-0.0059883000
0.0351650000
0.0720090000
0.1047400000
0.1335800000
0.1587600000
0.1805500000
0.1991900000
0.2149500000
0.2280800000
0.2388400000
0.2474800000
0.2542200000
0.2593000000
0.2629100000
0.2652600000
0.2665400000
0.2669100000
0.2665300000
0.2655500000
0.2641000000
0.2623000000
0.2602600000
0.2581000000
0.2558800000
0.2537100000
0.2516500000
0.2497700000
0.2481400000
0.2468000000
0.2458200000
0.2452300000
0.2450800000
0.2454000000
0.2462400000
0.2476200000
0.2495800000
0.2521600000
0.2553700000
0.2592500000
0.2638300000
0.2691500000
0.2752300000
0.2821100000
0.2898200000
0.2984000000
0.3078900000
0.3183400000
0.3297900000
0.3422800000
0.3558900000
0.3706600000
0.3866500000
0.4039500000
0.4226100000
0.4427300000
0.4644000000
0.4876900000
0.5127300000
0.5396100000
0.5684500000
0.5993800000
0.6325400000
0.6680600000
0.7061000000
0.7468300000
0.7904000000
0.8370100000
0.8868300000
0.9400600000
0.9969100000
1.0576000000
1.1222000000
1.1911000000
1.2644000000
1.3424000000
1.4250000000
1.5126000000
1.6053000000
1.7029000000
1.8057000000
1.9134000000
2.0259000000
2.1429000000
2.2638000000
2.3881000000
2.5148000000
2.6429000000
2.7708000000
2.8968000000
3.0189000000
3.1345000000
3.2408000000
3.3346000000
3.4123000000
3.4701000000
3.5042000000
3.5106000000
3.4857000000
3.4262000000
3.3298000000
3.1950000000
3.0215000000
2.8104000000
2.5643000000
2.2873000000
1.9848000000
1.6632000000
1.3296000000
0.9912900000
0.6555900000
0.3291200000
0.0176710000
-0.2741000000
-0.5427400000
-0.7860400000
-1.0029000000
-1.1933000000
-1.3580000000
-1.4982000000
-1.6159000000
-1.7131000000
-1.7918000000
-1.8542000000
-1.9023000000
-1.9380000000
-1.9629000000
-1.9784000000
-1.9858000000
-1.9862000000
-1.9803000000
-1.9689000000
-1.9524000000
-1.9312000000
-1.9057000000
-1.8761000000
-1.8425000000
-1.8051000000
-1.7639000000
-1.7192000000
-1.6709000000
-1.6193000000
-1.5644000000
-1.5065000000
-1.4459000000
-1.3828000000
-1.3174000000
-1.2503000000
-1.1816000000
-1.1119000000
-1.0415000000
-0.9708700000
-0.9004500000
-0.8306400000
-0.7618500000
-0.6944700000
-0.6288400000
-0.5653000000
-0.5041100000
-0.4455400000
-0.3897700000
-0.3369700000
-0.2872600000
-0.2407000000
-0.1973400000
-0.1571700000
-0.1201800000
-0.0863050000
-0.0554570000
-0.0275370000
-0.0024247000
0.0200130000
0.0399200000
0.0574460000
0.0727490000
0.0859830000
0.0973070000
0.1068800000
0.1148400000
0.1213500000
0.1265500000
0.1305700000
0.1335500000
0.1355900000
0.1368300000
0.1373700000
0.1373000000
0.1367100000
0.1357100000
0.1343600000
0.1327300000
0.1308900000
0.1289100000
0.1268300000
0.1247000000
0.1225700000
0.1204800000
0.1184700000
0.1165600000
0.1147800000
0.1131700000
0.1117400000
0.1105100000
0.1095100000
0.1087400000
0.1082300000
0.1079900000
0.1080300000
0.1083600000
0.1090000000
0.1099600000
0.1112600000
0.1128900000
0.1148800000
0.1172400000
0.1199800000
0.1231300000
0.1266800000
0.1306800000
0.1351200000
0.1400400000
0.1454600000
0.1514100000
0.1579000000
0.1649900000
0.1726900000
0.1810500000
0.1901000000
0.1999000000
0.2105000000
0.2219400000
0.2342800000
0.2476000000
0.2619600000
0.2774300000
0.2941100000
0.3120700000
0.3314300000
0.3522900000
0.3747600000
0.3989700000
0.4250600000
0.4531900000
0.4835000000
0.5161800000
0.5514100000
0.5894000000
0.6303800000
0.6745700000
0.7222300000
0.7736300000
0.8290600000
0.8888400000
0.9532800000
1.0227000000
1.0975000000
1.1781000000
1.2647000000
1.3579000000
1.4579000000
1.5651000000
1.6798000000
1.8024000000
1.9330000000
2.0717000000
2.2185000000
2.3733000000
2.5355000000
2.7044000000
2.8790000000
3.0577000000
3.2386000000
3.4189000000
3.5953000000
3.7637000000
3.9191000000
4.0560000000
4.1677000000
4.2474000000
4.2877000000
4.2813000000
4.2215000000
4.1027000000
3.9212000000
3.6756000000
3.3674000000
3.0012000000
2.5849000000
2.1290000000
1.6463000000
1.1505000000
0.6556400000
0.1746800000
-0.2812000000
-0.7031800000
-1.0851000000
-1.4236000000
-1.7175000000
-1.9677000000
-2.1766000000
-2.3477000000
-2.4848000000
-2.5920000000
-2.6732000000
-2.7320000000
-2.7717000000
-2.7949000000
-2.8036000000
-2.7996000000
-2.7841000000
-2.7578000000
-2.7212000000
-2.6746000000
-2.6180000000
-2.5515000000
-2.4749000000
-2.3883000000
-2.2917000000
-2.1854000000
-2.0698000000
-1.9454000000
-1.8130000000
-1.6736000000
-1.5284000000
-1.3787000000
-1.2260000000
-1.0718000000
-0.9176400000
-0.7650300000
-0.6154300000
-0.4702000000
-0.3305200000
-0.1974200000
-0.0717320000
0.0459040000
0.1550400000
0.2554000000
0.3468900000
0.4295500000
0.5035800000
0.5692400000
0.6269000000
0.6769900000
0.7199800000
0.7563600000
0.7866400000
0.8113300000
0.8309300000
0.8459300000
0.8567900000
0.8639400000
0.8678000000
0.8687500000
0.8671600000
0.8633400000
0.8576100000
0.8502400000
0.8414900000
0.8316000000
0.8207600000
0.8091900000
0.7970500000
0.7845200000
0.7717300000
0.7588200000
0.7459100000
0.7331100000
0.7205200000
0.7082400000
0.6963400000
0.6848900000
0.6739700000
0.6636300000
0.6539200000
0.6448900000
0.6365800000
0.6290300000
0.6222600000
0.6163100000
0.6111900000
0.6069300000
0.6035400000
0.6010400000
0.5994400000
0.5987400000
0.5989600000
0.6001100000
0.6021800000
0.6051900000
0.6091300000
0.6140100000
0.6198400000
0.6266200000
0.6343500000
0.6430300000
0.6526800000
0.6633000000
0.6748800000
0.6874500000
0.7010000000
0.7155500000
0.7310900000
0.7476500000
0.7652300000
0.7838300000
0.8034700000
0.8241600000
0.8459000000
0.8687100000
0.8925700000
0.9175100000
0.9435200000
0.9705900000
0.9987200000
1.0279000000
1.0581000000
1.0893000000
1.1215000000
1.1547000000
1.1887000000
1.2236000000
1.2592000000
1.2955000000
1.3323000000
1.3696000000
1.4072000000
1.4449000000
1.4826000000
1.5201000000
1.5570000000
1.5933000000
1.6286000000
1.6625000000
1.6949000000
1.7252000000
1.7532000000
1.7785000000
1.8006000000
1.8192000000
1.8339000000
1.8441000000
1.8496000000
1.8500000000
1.8450000000
1.8342000000
1.8173000000
1.7944000000
1.7651000000
1.7296000000
1.6878000000
1.6400000000
1.5864000000
1.5273000000
1.4631000000
1.3945000000
1.3219000000
1.2461000000
1.1676000000
1.0874000000
1.0059000000
0.9241200000
0.8426200000
0.7621100000
0.6832100000
0.6065100000
0.5325100000
0.4616300000
0.3942300000
0.3306000000
0.2709400000
0.2153800000
0.1640100000
0.1168300000
0.0737960000
0.0348280000
-0.0002029200
-0.0314540000
-0.0591060000
-0.0833600000
-0.1044300000
-0.1225400000
-0.1379100000
-0.1507700000
-0.1613300000
-0.1698200000
-0.1764500000
-0.1814000000
-0.1848800000
-0.1870600000
-0.1881100000
-0.1881800000
-0.1874200000
-0.1859600000
-0.1839300000
-0.1814200000
-0.1785600000
-0.1754200000
-0.1720900000
-0.1686500000
-0.1651600000
-0.1616800000
-0.1582700000
-0.1549800000
-0.1518400000
-0.1488900000
-0.1461700000
-0.1437100000
-0.1415300000
-0.1396500000
-0.1381000000
-0.1368900000
-0.1360400000
-0.1355700000
-0.1354900000
-0.1358100000
-0.1365600000
-0.1377300000
-0.1393500000
-0.1414400000
-0.1439900000
-0.1470400000
-0.1506000000
-0.1546900000
-0.1593300000
-0.1645400000
-0.1703500000
-0.1767900000
-0.1838900000
-0.1916800000
-0.2002000000
-0.2094900000
-0.2196000000
-0.2305800000
-0.2424800000
-0.2553600000
-0.2692900000
-0.2843400000
-0.3006000000
-0.3181300000
-0.3370500000
-0.3574500000
-0.3794400000
-0.4031400000
-0.4286800000
-0.4562100000
-0.4858800000
-0.5178500000
-0.5523100000
-0.5894400000
-0.6294600000
-0.6725900000
-0.7190700000
-0.7691700000
-0.8231400000
-0.8812900000
-0.9439100000
-1.0113000000
-1.0839000000
-1.1620000000
-1.2459000000
-1.3359000000
-1.4326000000
-1.5361000000
-1.6467000000
-1.7649000000
-1.8906000000
-2.0241000000
-2.1653000000
-2.3141000000
-2.4700000000
-2.6324000000
-2.8003000000
-2.9723000000
-3.1467000000
-3.3209000000
-3.4919000000
-3.6561000000
-3.8088000000
-3.9450000000
-4.0587000000
-4.1434000000
-4.1923000000
-4.1985000000
-4.1555000000
-4.0579000000
-3.9016000000
-3.6844000000
-3.4071000000
-3.0731000000
-2.6886000000
-2.2628000000
-1.8070000000
-1.3338000000
-0.8562800000
-0.3871200000
0.0624620000
0.4832200000
0.8683200000
1.2134000000
1.5165000000
1.7775000000
1.9981000000
2.1811000000
2.3299000000
2.4482000000
2.5399000000
2.6084000000
2.6571000000
2.6886000000
2.7054000000
2.7092000000
2.7015000000
2.6832000000
2.6550000000
2.6174000000
2.5706000000
2.5146000000
2.4494000000
2.3750000000
2.2914000000
2.1989000000
2.0975000000
1.9877000000
1.8701000000
1.7454000000
1.6145000000
1.4785000000
1.3386000000
1.1961000000
1.0524000000
0.9087400000
0.7665900000
0.6272100000
0.4917900000
0.3614000000
0.2369600000
0.1192100000
0.0087360000
-0.0940390000
-0.1888600000
-0.2756200000
-0.3543500000
-0.4251900000
-0.4883600000
-0.5441900000
-0.5930500000
-0.6353600000
-0.6715400000
-0.7020700000
-0.7274100000
-0.7480100000
-0.7643100000
-0.7767500000
-0.7857400000
-0.7916500000
-0.7948600000
-0.7957100000
-0.7944900000
-0.7915100000
-0.7870200000
-0.7812800000
-0.7745000000
-0.7668900000
-0.7586400000
-0.7499100000
-0.7408600000
-0.7316200000
-0.7223300000
-0.7130900000
-0.7040100000
-0.6951900000
-0.6866900000
-0.6786100000
-0.6710100000
-0.6639400000
-0.6574700000
-0.6516300000
-0.6464800000
-0.6420400000
-0.6383500000
-0.6354400000
-0.6333300000
-0.6320600000
-0.6316200000
-0.6320600000
-0.6333700000
-0.6355700000
-0.6386700000
-0.6426900000
-0.6476300000
-0.6535100000
-0.6603200000
-0.6680800000
-0.6768100000
-0.6864900000
-0.6971500000
-0.7087800000
-0.7214100000
-0.7350300000
-0.7496500000
-0.7652800000
-0.7819400000
-0.7996200000
-0.8183300000
-0.8380900000
-0.8588900000
-0.8807400000
-0.9036400000
-0.9276000000
-0.9526000000
-0.9786500000
-1.0057000000
-1.0338000000
-1.0629000000
-1.0930000000
-1.1240000000
-1.1559000000
-1.1887000000
-1.2222000000
-1.2564000000
-1.2913000000
-1.3266000000
-1.3624000000
-1.3984000000
-1.4345000000
-1.4705000000
-1.5062000000
-1.5415000000
-1.5760000000
-1.6094000000
-1.6416000000
-1.6722000000
-1.7009000000
-1.7273000000
-1.7510000000
-1.7717000000
-1.7890000000
-1.8025000000
-1.8119000000
-1.8167000000
-1.8167000000
-1.8115000000
-1.8009000000
-1.7846000000
-1.7626000000
-1.7346000000
-1.7007000000
-1.6609000000
-1.6154000000
-1.5645000000
-1.5084000000
-1.4476000000
-1.3825000000
-1.3136000000
-1.2417000000
-1.1672000000
-1.0909000000
-1.0134000000
-0.9354800000
-0.8577400000
-0.7808200000
-0.7053300000
-0.6317900000
-0.5606900000
-0.4924400000
-0.4274000000
-0.3658400000
-0.3079700000
-0.2539500000
-0.2038500000
-0.1577000000
-0.1154900000
-0.0771410000
-0.0425570000
-0.0116020000
0.0158820000
0.0400760000
0.0611710000
0.0793680000
0.0948750000
0.1079000000
0.1186500000
0.1273200000
0.1341100000
0.1392100000
0.1428100000
0.1450600000
0.1461200000
0.1461600000
0.1453000000
0.1436700000
0.1413900000
0.1385600000
0.1352900000
0.1316600000
0.1277500000
0.1236400000
0.1193800000
0.1150400000
0.1106600000
0.1062800000
0.1019500000
0.0977000000
0.0935540000
0.0895390000
0.0856750000
0.0819790000
0.0784660000
0.0751460000
0.0720300000
0.0691230000
0.0664330000
0.0639630000
0.0617150000
0.0596920000
0.0578940000
0.0563230000
0.0549780000
0.0538600000
0.0529680000
0.0523020000
0.0518630000
0.0516510000
0.0516670000
0.0519120000
0.0523890000
0.0531010000
0.0540510000
0.0552450000
0.0566880000
0.0583880000
0.0603520000
0.0625910000
0.0651160000
0.0679400000
0.0710770000
0.0745440000
0.0783610000
0.0825470000
0.0871250000
0.0921220000
0.0975670000
0.1034900000
0.1099300000
0.1169200000
0.1245100000
0.1327400000
0.1416600000
0.1513400000
0.1618300000
0.1732000000
0.1855200000
0.1988800000
0.2133800000
0.2291000000
0.2461500000
0.2646600000
0.2847600000
0.3065800000
0.3302800000
0.3560400000
0.3840400000
0.4144900000
0.4476100000
0.4836400000
0.5228600000
0.5655500000
0.6120300000
0.6626600000
0.7178100000
0.7778800000
0.8433200000
0.9146100000
0.9922600000
1.0768000000
1.1688000000
1.2690000000
1.3778000000
1.4961000000
1.6243000000
1.7633000000
1.9135000000
2.0756000000
2.2499000000
2.4367000000
2.6361000000
2.8478000000
3.0710000000
3.3044000000
3.5461000000
3.7930000000
4.0412000000
4.2854000000
4.5188000000
4.7331000000
4.9182000000
5.0629000000
5.1546000000
5.1801000000
5.1270000000
4.9841000000
4.7435000000
4.4016000000
3.9605000000
3.4285000000
2.8204000000
2.1563000000
1.4598000000
0.7561300000
0.0694130000
-0.5793900000
-1.1740000000
-1.7036000000
-2.1627000000
-2.5507000000
-2.8705000000
-3.1276000000
-3.3291000000
-3.4824000000
-3.5947000000
-3.6723000000
-3.7208000000
-3.7444000000
-3.7462000000
-3.7283000000
-3.6919000000
-3.6372000000
-3.5641000000
-3.4721000000
-3.3604000000
-3.2284000000
-3.0756000000
-2.9021000000
-2.7083000000
-2.4953000000
-2.2649000000
-2.0196000000
-1.7623000000
-1.4965000000
-1.2262000000
-0.9551400000
-0.6873800000
-0.4265900000
-0.1761300000
0.0611480000
0.2829200000
0.4874700000
0.6736500000
0.8408600000
0.9889900000
1.1183000000
1.2294000000
1.3232000000
1.4005000000
1.4626000000
1.5104000000
1.5452000000
1.5680000000
1.5799000000
1.5817000000
1.5743000000
1.5587000000
1.5354000000
1.5053000000
1.4688000000
1.4268000000
1.3796000000
1.3280000000
1.2724000000
1.2133000000
1.1513000000
1.0870000000
1.0208000000
0.9532300000
0.8848300000
0.8160800000
0.7474500000
0.6793900000
0.6123200000
0.5466300000
0.4826700000
0.4207500000
0.3611600000
0.3041100000
0.2498100000
0.1983900000
0.1499700000
0.1046100000
0.0623400000
0.0231600000
-0.0129610000
-0.0460840000
-0.0762900000
-0.1036800000
-0.1283700000
-0.1505000000
-0.1701900000
-0.1876100000
-0.2029000000
-0.2162100000
-0.2277000000
-0.2375300000
-0.2458400000
-0.2527800000
-0.2584900000
-0.2631100000
-0.2667700000
-0.2695900000
-0.2717000000
-0.2732000000
-0.2741900000
-0.2747800000
-0.2750600000
-0.2751100000
-0.2750100000
-0.2748300000
-0.2746400000
-0.2745000000
-0.2744800000
-0.2746200000
-0.2749700000
-0.2755700000
-0.2764800000
-0.2777300000
-0.2793500000
-0.2813900000
-0.2838600000
-0.2868100000
-0.2902700000
-0.2942500000
-0.2988000000
-0.3039400000
-0.3096900000
-0.3160900000
-0.3231700000
-0.3309600000
-0.3394800000
-0.3487800000
-0.3588900000
-0.3698400000
-0.3816700000
-0.3944300000
-0.4081700000
-0.4229200000
-0.4387500000
-0.4557100000
-0.4738500000
-0.4932400000
-0.5139400000
-0.5360400000
-0.5596000000
-0.5847100000
-0.6114400000
-0.6399000000
-0.6701800000
-0.7023800000
-0.7366000000
-0.7729500000
-0.8115600000
-0.8525200000
-0.8959800000
-0.9420300000
-0.9908200000
-1.0425000000
-1.0971000000
-1.1547000000
-1.2156000000
-1.2797000000
-1.3472000000
-1.4180000000
-1.4922000000
-1.5698000000
-1.6508000000
-1.7349000000
-1.8220000000
-1.9118000000
-2.0039000000
-2.0979000000
-2.1931000000
-2.2888000000
-2.3840000000
-2.4776000000
-2.5684000000
-2.6548000000
-2.7352000000
-2.8076000000
-2.8700000000
-2.9202000000
-2.9560000000
-2.9751000000
-2.9751000000
-2.9542000000
-2.9105000000
-2.8426000000
-2.7497000000
-2.6317000000
-2.4889000000
-2.3228000000
-2.1353000000
-1.9292000000
-1.7078000000
-1.4751000000
-1.2352000000
-0.9922800000
-0.7506100000
-0.5140500000
-0.2860600000
-0.0695760000
0.1331000000
0.3203000000
0.4909600000
0.6445900000
0.7812300000
0.9012900000
1.0055000000
1.0949000000
1.1707000000
1.2339000000
1.2860000000
1.3281000000
1.3613000000
1.3869000000
1.4059000000
1.4190000000
1.4272000000
1.4312000000
1.4316000000
1.4289000000
1.4235000000
1.4159000000
1.4064000000
1.3951000000
1.3825000000
1.3686000000
1.3535000000
1.3375000000
1.3206000000
1.3028000000
1.2843000000
1.2652000000
1.2454000000
1.2251000000
1.2043000000
1.1829000000
1.1612000000
1.1392000000
1.1168000000
1.0942000000
1.0715000000
1.0486000000
1.0257000000
1.0029000000
0.9800900000
0.9575000000
0.9351500000
0.9131200000
0.8914900000
0.8703100000
0.8496500000
0.8295900000
0.8101800000
0.7914700000
0.7735200000
0.7563800000
0.7401000000
0.7247000000
0.7102400000
0.6967300000
0.6842000000
0.6726700000
0.6621700000
0.6527000000
0.6442700000
0.6368800000
0.6305500000
0.6252600000
0.6210200000
0.6178300000
0.6156600000
0.6145300000
0.6144100000
0.6152900000
0.6171700000
0.6200400000
0.6238800000
0.6286900000
0.6344400000
0.6411400000
0.6487700000
0.6573300000
0.6668000000
0.6771900000
0.6884700000
0.7006600000
0.7137400000
0.7277100000
0.7425600000
0.7583100000
0.7749300000
0.7924400000
0.8108300000
0.8301000000
0.8502400000
0.8712500000
0.8931200000
0.9158600000
0.9394400000
0.9638600000
0.9891000000
1.0151000000
1.0420000000
1.0695000000
1.0978000000
1.1267000000
1.1563000000
1.1864000000
1.2170000000
1.2480000000
1.2793000000
1.3108000000
1.3424000000
1.3740000000
1.4054000000
1.4364000000
1.4668000000
1.4965000000
1.5253000000
1.5528000000
1.5790000000
1.6034000000
1.6259000000
1.6461000000
1.6638000000
1.6787000000
1.6904000000
1.6988000000
1.7035000000
1.7042000000
1.7008000000
1.6930000000
1.6807000000
1.6637000000
1.6420000000
1.6155000000
1.5843000000
1.5484000000
1.5080000000
1.4634000000
1.4148000000
1.3625000000
1.3069000000
1.2484000000
1.1876000000
1.1249000000
1.0607000000
0.9957600000
0.9304200000
0.8652400000
0.8006900000
0.7372400000
0.6753000000
0.6152500000
0.5574200000
0.5020900000
0.4494900000
0.3998200000
0.3532000000
0.3097400000
0.2694700000
0.2324000000
0.1985200000
0.1677700000
0.1400700000
0.1153100000
0.0933780000
0.0741380000
0.0574510000
0.0431650000
0.0311280000
0.0211870000
0.0131890000
0.0069838000
0.0024266000
-0.0006225200
-0.0022965000
-0.0027217000
-0.0020163000
-0.0002903300
0.0023543000
0.0058239000
0.0100330000
0.0149050000
0.0203710000
0.0263680000
0.0328430000
0.0397490000
0.0470470000
0.0547020000
0.0626880000
0.0709830000
0.0795720000
0.0884450000
0.0975970000
0.1070300000
0.1167400000
0.1267400000
0.1370500000
0.1476800000
0.1586600000
0.1700000000
0.1817500000
0.1939200000
0.2065600000
0.2197100000
0.2334200000
0.2477200000
0.2626900000
0.2783600000
0.2948100000
0.3121000000
0.3303000000
0.3494900000
0.3697400000
0.3911600000
0.4138200000
0.4378300000
0.4633000000
0.4903400000
0.5190600000
0.5496100000
0.5821000000
0.6167000000
0.6535500000
0.6928100000
0.7346600000
0.7792700000
0.8268300000
0.8775400000
0.9315900000
0.9892000000
1.0506000000
1.1159000000
1.1855000000
1.2594000000
1.3379000000
1.4212000000
1.5094000000
1.6026000000
1.7009000000
1.8042000000
1.9126000000
2.0257000000
2.1434000000
2.2650000000
2.3901000000
2.5176000000
2.6464000000
2.7752000000
2.9021000000
3.0251000000
3.1417000000
3.2489000000
3.3435000000
3.4220000000
3.4805000000
3.5152000000
3.5219000000
3.4971000000
3.4376000000
3.3407000000
3.2052000000
3.0305000000
2.8180000000
2.5703000000
2.2914000000
1.9867000000
1.6629000000
1.3270000000
0.9865500000
0.6488000000
0.3204700000
0.0073973000
-0.2857400000
-0.5554800000
-0.7996100000
-1.0171000000
-1.2079000000
-1.3727000000
-1.5130000000
-1.6306000000
-1.7276000000
-1.8061000000
-1.8682000000
-1.9160000000
-1.9513000000
-1.9758000000
-1.9910000000
-1.9980000000
-1.9979000000
-1.9916000000
-1.9797000000
-1.9627000000
-1.9409000000
-1.9148000000
-1.8845000000
-1.8502000000
-1.8120000000
-1.7699000000
-1.7243000000
-1.6750000000
-1.6223000000
-1.5663000000
-1.5073000000
-1.4455000000
-1.3812000000
-1.3146000000
-1.2462000000
-1.1764000000
-1.1055000000
-1.0339000000
-0.9622100000
-0.8907500000
-0.8199600000
-0.7502800000
-0.6820700000
-0.6157100000
-0.5515200000
-0.4897800000
-0.4307300000
-0.3745800000
-0.3214700000
-0.2715200000
-0.2248000000
-0.1813400000
-0.1411300000
-0.1041500000
-0.0703260000
-0.0395680000
-0.0117670000
0.0132020000
0.0354790000
0.0552130000
0.0725600000
0.0876800000
0.1007400000
0.1118900000
0.1212900000
0.1291100000
0.1354900000
0.1405700000
0.1444900000
0.1473900000
0.1493800000
0.1505900000
0.1511200000
0.1510800000
0.1505500000
0.1496200000
0.1483700000
0.1468800000
0.1452200000
0.1434300000
0.1415800000
0.1397200000
0.1378800000
0.1361300000
0.1344800000
0.1329700000
0.1316300000
0.1305000000
0.1295900000
0.1289200000
0.1285200000
0.1284000000
0.1285900000
0.1290900000
0.1299300000
0.1311300000
0.1326800000
0.1346200000
0.1369500000
0.1397000000
0.1428800000
0.1465000000
0.1505900000
0.1551700000
0.1602700000
0.1658900000
0.1720900000
0.1788700000
0.1862700000
0.1943400000
0.2031000000
0.2126000000
0.2228800000
0.2340000000
0.2460100000
0.2589600000
0.2729200000
0.2879700000
0.3041700000
0.3216200000
0.3404000000
0.3606000000
0.3823500000
0.4057500000
0.4309200000
0.4580100000
0.4871500000
0.5185200000
0.5522700000
0.5885900000
0.6276800000
0.6697600000
0.7150400000
0.7637700000
0.8162100000
0.8726400000
0.9333300000
0.9985900000
1.0687000000
1.1441000000
1.2250000000
1.3117000000
1.4047000000
1.5041000000
1.6103000000
1.7236000000
1.8440000000
1.9718000000
2.1068000000
2.2490000000
2.3979000000
2.5531000000
2.7136000000
2.8781000000
3.0451000000
3.2124000000
3.3772000000
3.5363000000
3.6854000000
3.8201000000
3.9349000000
4.0240000000
4.0810000000
4.0995000000
4.0735000000
3.9975000000
3.8672000000
3.6802000000
3.4361000000
3.1370000000
2.7880000000
2.3964000000
1.9719000000
1.5259000000
1.0704000000
0.6173900000
0.1779300000
-0.2384700000
-0.6243600000
-0.9745100000
-1.2860000000
-1.5577000000
-1.7905000000
-1.9863000000
-2.1479000000
-2.2787000000
-2.3822000000
-2.4618000000
-2.5208000000
-2.5620000000
-2.5878000000
-2.6003000000
-2.6011000000
-2.5914000000
-2.5722000000
-2.5439000000
-2.5071000000
-2.4619000000
-2.4083000000
-2.3465000000
-2.2764000000
-2.1981000000
-2.1118000000
-2.0176000000
-1.9160000000
-1.8074000000
-1.6926000000
-1.5722000000
-1.4473000000
-1.3189000000
-1.1881000000
-1.0560000000
-0.9240000000
-0.7931300000
-0.6645500000
-0.5393300000
-0.4184000000
-0.3026000000
-0.1926100000
-0.0889840000
0.0078729000
0.0976950000
0.1803500000
0.2558100000
0.3241700000
0.3855900000
0.4403400000
0.4887100000
0.5310600000
0.5677500000
0.5992000000
0.6258100000
0.6479900000
0.6661400000
0.6806600000
0.6919200000
0.7002700000
0.7060700000
0.7096200000
0.7112200000
0.7111500000
0.7096700000
0.7070000000
0.7033700000
0.6989600000
0.6939700000
0.6885500000
0.6828500000
0.6770100000
0.6711600000
0.6653900000
0.6598100000
0.6545100000
0.6495700000
0.6450700000
0.6410700000
0.6376200000
0.6347800000
0.6326000000
0.6311100000
0.6303600000
0.6303800000
0.6312000000
0.6328400000
0.6353300000
0.6386900000
0.6429400000
0.6481100000
0.6541900000
0.6612300000
0.6692100000
0.6781700000
0.6881200000
0.6990700000
0.7110300000
0.7240200000
0.7380400000
0.7531200000
0.7692600000
0.7864800000
0.8047900000
0.8242100000
0.8447300000
0.8663700000
0.8891400000
0.9130400000
0.9380800000
0.9642600000
0.9915700000
1.0200000000
1.0495000000
1.0802000000
1.1119000000
1.1446000000
1.1784000000
1.2130000000
1.2485000000
1.2848000000
1.3218000000
1.3594000000
1.3974000000
1.4357000000
1.4741000000
1.5124000000
1.5504000000
1.5879000000
1.6245000000
1.6600000000
1.6941000000
1.7264000000
1.7565000000
1.7840000000
1.8085000000
1.8297000000
1.8470000000
1.8600000000
1.8684000000
1.8716000000
1.8694000000
1.8615000000
1.8474000000
1.8270000000
1.8002000000
1.7669000000
1.7271000000
1.6809000000
1.6285000000
1.5703000000
1.5066000000
1.4380000000
1.3650000000
1.2884000000
1.2087000000
1.1267000000
1.0433000000
0.9591400000
0.8750100000
0.7916300000
0.7096800000
0.6297900000
0.5525000000
0.4783000000
0.4075900000
0.3406800000
0.2778400000
0.2192100000
0.1649000000
0.1149300000
0.0692790000
0.0278690000
-0.0094235000
-0.0427540000
-0.0723090000
-0.0982930000
-0.1209300000
-0.1404400000
-0.1570800000
-0.1710600000
-0.1826400000
-0.1920300000
-0.1994500000
-0.2051300000
-0.2092500000
-0.2120100000
-0.2135800000
-0.2141400000
-0.2138300000
-0.2127900000
-0.2111700000
-0.2090700000
-0.2066100000
-0.2038800000
-0.2009800000
-0.1979800000
-0.1949600000
-0.1919900000
-0.1891200000
-0.1864000000
-0.1838900000
-0.1816200000
-0.1796400000
-0.1779700000
-0.1766500000
-0.1757000000
-0.1751600000
-0.1750400000
-0.1753600000
-0.1761600000
-0.1774400000
-0.1792300000
-0.1815400000
-0.1844100000
-0.1878400000
-0.1918700000
-0.1965100000
-0.2017900000
-0.2077300000
-0.2143800000
-0.2217500000
-0.2298900000
-0.2388300000
-0.2486100000
-0.2592800000
-0.2708900000
-0.2835000000
-0.2971600000
-0.3119300000
-0.3279000000
-0.3451300000
-0.3637200000
-0.3837500000
-0.4053100000
-0.4285300000
-0.4535200000
-0.4804000000
-0.5093000000
-0.5403900000
-0.5738000000
-0.6097200000
-0.6483300000
-0.6898200000
-0.7344000000
-0.7822900000
-0.8337300000
-0.8889600000
-0.9482400000
-1.0118000000
-1.0801000000
-1.1531000000
-1.2314000000
-1.3151000000
-1.4046000000
-1.5000000000
-1.6016000000
-1.7097000000
-1.8242000000
-1.9453000000
-2.0729000000
-2.2068000000
-2.3466000000
-2.4917000000
-2.6413000000
-2.7941000000
-2.9486000000
-3.1028000000
-3.2542000000
-3.3998000000
-3.5359000000
-3.6586000000
-3.7629000000
-3.8438000000
-3.8959000000
-3.9135000000
-3.8915000000
-3.8251000000
-3.7105000000
-3.5455000000
-3.3296000000
-3.0643000000
-2.7536000000
-2.4034000000
-2.0218000000
-1.6181000000
-1.2027000000
-0.7860900000
-0.3780500000
0.0126230000
0.3787600000
0.7150200000
1.0180000000
1.2859000000
1.5188000000
1.7176000000
1.8846000000
2.0223000000
2.1336000000
2.2216000000
2.2893000000
2.3393000000
2.3740000000
2.3955000000
2.4056000000
2.4056000000
2.3966000000
2.3794000000
2.3546000000
2.3225000000
2.2835000000
2.2376000000
2.1850000000
2.1257000000
2.0598000000
1.9875000000
1.9088000000
1.8241000000
1.7338000000
1.6383000000
1.5382000000
1.4341000000
1.3269000000
1.2174000000
1.1063000000
0.9947200000
0.8834400000
0.7733600000
0.6653300000
0.5601300000
0.4584700000
0.3609600000
0.2681100000
0.1803400000
0.0979550000
0.0211730000
-0.0498940000
-0.1152200000
-0.1748500000
-0.2289000000
-0.2775600000
-0.3210300000
-0.3595900000
-0.3935100000
-0.4230900000
-0.4486700000
-0.4705400000
-0.4890500000
-0.5044900000
-0.5171800000
-0.5274100000
-0.5354700000
-0.5416200000
-0.5461100000
-0.5491800000
-0.5510500000
-0.5519300000
-0.5520000000
-0.5514400000
-0.5504100000
-0.5490500000
-0.5475100000
-0.5458900000
-0.5443300000
-0.5429100000
-0.5417300000
-0.5408700000
-0.5404200000
-0.5404300000
-0.5409800000
-0.5421300000
-0.5439100000
-0.5463900000
-0.5496100000
-0.5536000000
-0.5584100000
-0.5640800000
-0.5706400000
-0.5781100000
-0.5865400000
-0.5959600000
-0.6063900000
-0.6178600000
-0.6304100000
-0.6440700000
-0.6588600000
-0.6748200000
-0.6919800000
-0.7103700000
-0.7300300000
-0.7509900000
-0.7732900000
-0.7969500000
-0.8220100000
-0.8485100000
-0.8764800000
-0.9059400000
-0.9369400000
-0.9694900000
-1.0036000000
-1.0393000000
-1.0767000000
-1.1156000000
-1.1561000000
-1.1982000000
-1.2419000000
-1.2871000000
-1.3337000000
-1.3817000000
-1.4309000000
-1.4812000000
-1.5325000000
-1.5845000000
-1.6370000000
-1.6896000000
-1.7422000000
-1.7943000000
-1.8454000000
-1.8952000000
-1.9430000000
-1.9882000000
-2.0303000000
-2.0685000000
-2.1022000000
-2.1305000000
-2.1527000000
-2.1681000000
-2.1759000000
-2.1753000000
-2.1658000000
-2.1467000000
-2.1177000000
-2.0784000000
-2.0286000000
-1.9684000000
-1.8981000000
-1.8180000000
-1.7288000000
-1.6312000000
-1.5264000000
-1.4154000000
-1.2995000000
-1.1800000000
-1.0584000000
-0.9360000000
-0.8141600000
-0.6941600000
-0.5771800000
-0.4642300000
-0.3562100000
-0.2538300000
-0.1576600000
-0.0680760000
0.0146630000
0.0904600000
0.1593400000
0.2214200000
0.2769400000
0.3261800000
0.3694900000
0.4072500000
0.4398900000
0.4678100000
0.4914600000
0.5112500000
0.5276100000
0.5409300000
0.5515900000
0.5599500000
0.5663400000
0.5710800000
0.5744500000
0.5767200000
0.5781300000
0.5789000000
0.5792300000
0.5793100000
0.5793000000
0.5793600000
0.5796000000
0.5801700000
0.5811600000
0.5826900000
0.5848300000
0.5876700000
0.5912900000
0.5957600000
0.6011300000
0.6074700000
0.6148400000
0.6232800000
0.6328400000
0.6435800000
0.6555200000
0.6687400000
0.6832500000
0.6991100000
0.7163700000
0.7350600000
0.7552300000
0.7769100000
0.8001700000
0.8250300000
0.8515500000
0.8797600000
0.9097000000
0.9414200000
0.9749500000
1.0103000000
1.0476000000
1.0867000000
1.1278000000
1.1708000000
1.2157000000
1.2624000000
1.3111000000
1.3615000000
1.4136000000
1.4674000000
1.5226000000
1.5791000000
1.6367000000
1.6951000000
1.7540000000
1.8130000000
1.8717000000
1.9296000000
1.9862000000
2.0408000000
2.0927000000
2.1412000000
2.1854000000
2.2245000000
2.2574000000
2.2834000000
2.3014000000
2.3104000000
2.3097000000
2.2983000000
2.2755000000
2.2409000000
2.1939000000
2.1346000000
2.0628000000
1.9790000000
1.8837000000
1.7779000000
1.6624000000
1.5388000000
1.4085000000
1.2730000000
1.1342000000
0.9938200000
0.8534800000
0.7148600000
0.5794500000
0.4486000000
0.3234500000
0.2049400000
0.0937880000
-0.0094962000
-0.1046000000
-0.1914100000
-0.2699500000
-0.3404100000
-0.4030700000
-0.4583100000
-0.5065800000
-0.5483800000
-0.5842200000
-0.6146300000
-0.6401400000
-0.6612900000
-0.6785600000
-0.6924400000
-0.7033700000
-0.7117900000
-0.7180700000
-0.7225700000
-0.7256400000
-0.7275500000
-0.7285900000
-0.7289900000
-0.7289800000
-0.7287600000
-0.7285000000
-0.7283500000
-0.7284700000
-0.7289800000
-0.7299800000
-0.7315900000
-0.7338800000
-0.7369400000
-0.7408400000
-0.7456400000
-0.7514000000
-0.7581700000
-0.7660000000
-0.7749200000
-0.7849700000
-0.7961900000
-0.8086100000
-0.8222500000
-0.8371500000
-0.8533100000
-0.8707700000
-0.8895300000
-0.9096200000
-0.9310500000
-0.9538200000
-0.9779400000
-1.0034000000
-1.0302000000
-1.0584000000
-1.0879000000
-1.1187000000
-1.1507000000
-1.1840000000
-1.2185000000
-1.2541000000
-1.2907000000
-1.3283000000
-1.3667000000
-1.4058000000
-1.4455000000
-1.4856000000
-1.5259000000
-1.5661000000
-1.6060000000
-1.6454000000
-1.6839000000
-1.7211000000
-1.7568000000
-1.7904000000
-1.8216000000
-1.8499000000
-1.8749000000
-1.8960000000
-1.9128000000
-1.9247000000
-1.9314000000
-1.9323000000
-1.9271000000
-1.9154000000
-1.8968000000
-1.8712000000
-1.8385000000
-1.7986000000
-1.7515000000
-1.6975000000
-1.6369000000
-1.5700000000
-1.4975000000
-1.4199000000
-1.3379000000
-1.2524000000
-1.1641000000
-1.0740000000
-0.9828300000
-0.8915300000
-0.8009300000
-0.7117900000
-0.6248300000
-0.5407000000
-0.4599400000
-0.3830100000
-0.3102900000
-0.2420400000
-0.1784700000
-0.1196600000
-0.0656470000
-0.0163980000
0.0281860000
0.0682520000
0.1039800000
0.1356000000
0.1633300000
0.1874400000
0.2082000000
0.2258600000
0.2407100000
0.2530000000
0.2630000000
0.2709400000
0.2770800000
0.2816200000
0.2847900000
0.2867800000
0.2877800000
0.2879500000
0.2874500000
0.2864200000
0.2850000000
0.2833100000
0.2814600000
0.2795400000
0.2776500000
0.2758600000
0.2742600000
0.2729100000
0.2718700000
0.2711900000
0.2709400000
0.2711400000
0.2718600000
0.2731200000
0.2749600000
0.2774300000
0.2805500000
0.2843600000
0.2888900000
0.2941800000
0.3002600000
0.3071700000
0.3149400000
0.3236100000
0.3332300000
0.3438300000
0.3554700000
0.3681900000
0.3820500000
0.3971100000
0.4134300000
0.4310800000
0.4501300000
0.4706600000
0.4927500000
0.5165100000
0.5420200000
0.5694000000
0.5987500000
0.6302000000
0.6638700000
0.6999100000
0.7384600000
0.7796600000
0.8236800000
0.8706900000
0.9208600000
0.9743600000
1.0314000000
1.0921000000
1.1567000000
1.2254000000
1.2982000000
1.3755000000
1.4572000000
1.5435000000
1.6345000000
1.7301000000
1.8303000000
1.9349000000
2.0437000000
2.1562000000
2.2719000000
2.3901000000
2.5099000000
2.6300000000
2.7490000000
2.8651000000
2.9762000000
3.0800000000
3.1737000000
3.2542000000
3.3184000000
3.3626000000
3.3836000000
3.3778000000
3.3422000000
3.2742000000
3.1719000000
3.0345000000
2.8621000000
2.6560000000
2.4191000000
2.1553000000
1.8695000000
1.5677000000
1.2562000000
0.9415800000
0.6301400000
0.3277200000
0.0393310000
-0.2309700000
-0.4801900000
-0.7064000000
-0.9086400000
-1.0868000000
-1.2416000000
-1.3742000000
-1.4861000000
-1.5790000000
-1.6550000000
-1.7158000000
-1.7634000000
-1.7993000000
-1.8251000000
-1.8422000000
-1.8517000000
-1.8546000000
-1.8518000000
-1.8440000000
-1.8316000000
-1.8152000000
-1.7950000000
-1.7713000000
-1.7443000000
-1.7142000000
-1.6810000000
-1.6450000000
-1.6061000000
-1.5646000000
-1.5205000000
-1.4739000000
-1.4251000000
-1.3741000000
-1.3213000000
-1.2668000000
-1.2109000000
-1.1539000000
-1.0960000000
-1.0377000000
-0.9790600000
-0.9205700000
-0.8625000000
-0.8051500000
-0.7488200000
-0.6937800000
-0.6402800000
-0.5885400000
-0.5387800000
-0.4911500000
-0.4458100000
-0.4028700000
-0.3624000000
-0.3244700000
-0.2891000000
-0.2563000000
-0.2260400000
-0.1983000000
-0.1730100000
-0.1501000000
-0.1294900000
-0.1110900000
-0.0947900000
-0.0804910000
-0.0680790000
-0.0574410000
-0.0484650000
-0.0410380000
-0.0350490000
-0.0303910000
-0.0269600000
-0.0246580000
-0.0233900000
-0.0230670000
-0.0236060000
-0.0249290000
-0.0269650000
-0.0296480000
-0.0329180000
-0.0367220000
-0.0410100000
-0.0457410000
-0.0508770000
-0.0563860000
-0.0622400000
-0.0684180000
-0.0749020000
-0.0816790000
-0.0887400000
-0.0960800000
-0.1037000000
-0.1116000000
-0.1197900000
-0.1282700000
-0.1370700000
-0.1462000000
-0.1556800000
-0.1655300000
-0.1757800000
-0.1864600000
-0.1976100000
-0.2092600000
-0.2214600000
-0.2342400000
-0.2476600000
-0.2617600000
-0.2766200000
-0.2922700000
-0.3088000000
-0.3262700000
-0.3447600000
-0.3643400000
-0.3851100000
-0.4071500000
-0.4305700000
-0.4554700000
-0.4819600000
-0.5101700000
-0.5402200000
-0.5722600000
-0.6064200000
-0.6428700000
-0.6817600000
-0.7232800000
-0.7676000000
-0.8149100000
-0.8654300000
-0.9193500000
-0.9768900000
-1.0383000000
-1.1037000000
-1.1734000000
-1.2477000000
-1.3266000000
-1.4105000000
-1.4994000000
-1.5935000000
-1.6930000000
-1.7977000000
-1.9077000000
-2.0228000000
-2.1427000000
-2.2670000000
-2.3950000000
-2.5259000000
-2.6586000000
-2.7916000000
-2.9233000000
-3.0513000000
-3.1732000000
-3.2861000000
-3.3866000000
-3.4710000000
-3.5352000000
-3.5752000000
-3.5866000000
-3.5656000000
-3.5087000000
-3.4130000000
-3.2769000000
-3.0999000000
-2.8830000000
-2.6290000000
-2.3419000000
-2.0276000000
-1.6928000000
-1.3452000000
-0.9925500000
-0.6427100000
-0.3027600000
0.0211220000
0.3239900000
0.6022200000
0.8535200000
1.0768000000
1.2722000000
1.4405000000
1.5833000000
1.7025000000
1.8003000000
1.8790000000
1.9409000000
1.9881000000
2.0226000000
2.0459000000
2.0597000000
2.0651000000
2.0633000000
2.0549000000
2.0407000000
2.0211000000
1.9965000000
1.9672000000
1.9333000000
1.8951000000
1.8526000000
1.8059000000
1.7551000000
1.7004000000
1.6420000000
1.5800000000
1.5146000000
1.4463000000
1.3752000000
1.3019000000
1.2267000000
1.1502000000
1.0727000000
0.9947300000
0.9169000000
0.8396400000
0.7634400000
0.6887500000
0.6160000000
0.5455600000
0.4777600000
0.4129100000
0.3512200000
0.2929000000
0.2380600000
0.1867900000
0.1391400000
0.0950970000
0.0546240000
0.0176460000
-0.0159410000
-0.0462620000
-0.0734640000
-0.0977080000
-0.1191700000
-0.1380200000
-0.1544500000
-0.1686400000
-0.1807800000
-0.1910500000
-0.1996300000
-0.2066900000
-0.2123800000
-0.2168800000
-0.2203200000
-0.2228400000
-0.2245900000
-0.2256800000
-0.2262200000
-0.2263200000
-0.2260900000
-0.2256000000
-0.2249500000
-0.2242100000
-0.2234500000
-0.2227300000
-0.2221200000
-0.2216600000
-0.2214100000
-0.2214100000
-0.2217100000
-0.2223400000
-0.2233300000
-0.2247300000
-0.2265600000
-0.2288600000
-0.2316500000
-0.2349600000
-0.2388200000
-0.2432600000
-0.2483100000
-0.2540000000
-0.2603500000
-0.2674100000
-0.2751900000
-0.2837500000
-0.2931200000
-0.3033300000
-0.3144400000
-0.3264900000
-0.3395200000
-0.3536000000
-0.3687900000
-0.3851400000
-0.4027300000
-0.4216400000
-0.4419300000
-0.4637000000
-0.4870500000
-0.5120600000
-0.5388500000
-0.5675400000
-0.5982300000
-0.6310800000
-0.6662000000
-0.7037600000
-0.7439000000
-0.7867900000
-0.8326100000
-0.8815200000
-0.9337300000
-0.9894000000
-1.0487000000
-1.1120000000
-1.1792000000
-1.2507000000
-1.3267000000
-1.4072000000
-1.4924000000
-1.5824000000
-1.6773000000
-1.7770000000
-1.8815000000
-1.9905000000
-2.1039000000
-2.2210000000
-2.3414000000
-2.4641000000
-2.5882000000
-2.7123000000
-2.8347000000
-2.9535000000
-3.0664000000
-3.1708000000
-3.2635000000
-3.3414000000
-3.4008000000
-3.4381000000
-3.4496000000
-3.4318000000
-3.3815000000
-3.2963000000
-3.1746000000
-3.0159000000
-2.8209000000
-2.5917000000
-2.3319000000
-2.0461000000
-1.7403000000
-1.4210000000
-1.0950000000
-0.7692800000
-0.4503600000
-0.1439600000
0.1451200000
0.4132100000
0.6577900000
0.8774400000
1.0717000000
1.2411000000
1.3866000000
1.5098000000
1.6124000000
1.6965000000
1.7641000000
1.8172000000
1.8575000000
1.8868000000
1.9065000000
1.9180000000
1.9222000000
1.9201000000
1.9125000000
1.8999000000
1.8828000000
1.8615000000
1.8363000000
1.8075000000
1.7751000000
1.7393000000
1.7002000000
1.6579000000
1.6125000000
1.5641000000
1.5130000000
1.4592000000
1.4030000000
1.3447000000
1.2845000000
1.2227000000
1.1596000000
1.0956000000
1.0311000000
0.9664300000
0.9019300000
0.8379900000
0.7749600000
0.7131800000
0.6529600000
0.5945700000
0.5382800000
0.4843000000
0.4328100000
0.3839600000
0.3378700000
0.2945900000
0.2541900000
0.2166700000
0.1820100000
0.1501900000
0.1211300000
0.0947470000
0.0709550000
0.0496400000
0.0306820000
0.0139550000
-0.0006730900
-0.0133380000
-0.0241740000
-0.0333160000
-0.0408970000
-0.0470450000
-0.0518860000
-0.0555400000
-0.0581190000
-0.0597340000
-0.0604840000
-0.0604660000
-0.0597680000
-0.0584720000
-0.0566530000
-0.0543800000
-0.0517160000
-0.0487190000
-0.0454390000
-0.0419220000
-0.0382080000
-0.0343330000
-0.0303290000
-0.0262210000
-0.0220340000
-0.0177850000
-0.0134890000
-0.0091599000
-0.0048058000
-0.0004333000
0.0039542000
0.0083555000
0.0127710000
0.0172040000
0.0216600000
0.0261450000
0.0306680000
0.0352380000
0.0398690000
0.0445720000
0.0493640000
0.0542590000
0.0592750000
0.0644320000
0.0697500000
0.0752520000
0.0809600000
0.0869010000
0.0931000000
0.0995890000
0.1064000000
0.1135600000
0.1211100000
0.1290900000
0.1375300000
0.1464900000
0.1560100000
0.1661300000
0.1769300000
0.1884400000
0.2007500000
0.2139200000
0.2280100000
0.2431300000
0.2593400000
0.2767500000
0.2954600000
0.3155700000
0.3372200000
0.3605400000
0.3856500000
0.4127200000
0.4419200000
0.4734300000
0.5074400000
0.5441600000
0.5838200000
0.6266800000
0.6729900000
0.7230500000
0.7771600000
0.8356500000
0.8988800000
0.9672100000
1.0410000000
1.1208000000
1.2069000000
1.2997000000
1.3998000000
1.5075000000
1.6233000000
1.7476000000
1.8807000000
2.0228000000
2.1741000000
2.3346000000
2.5039000000
2.6817000000
2.8671000000
3.0586000000
3.2546000000
3.4524000000
3.6488000000
3.8398000000
4.0202000000
4.1840000000
4.3243000000
4.4331000000
4.5021000000
4.5226000000
4.4863000000
4.3859000000
4.2158000000
3.9730000000
3.6579000000
3.2744000000
2.8307000000
2.3381000000
1.8111000000
1.2657000000
0.7184200000
0.1849100000
-0.3212900000
-0.7894900000
-1.2122000000
-1.5853000000
-1.9075000000
-2.1799000000
-2.4055000000
-2.5885000000
-2.7334000000
-2.8451000000
-2.9283000000
-2.9870000000
-3.0247000000
-3.0444000000
-3.0484000000
-3.0381000000
-3.0149000000
-2.9792000000
-2.9315000000
-2.8718000000
-2.7999000000
-2.7158000000
-2.6192000000
-2.5102000000
-2.3889000000
-2.2557000000
-2.1113000000
-1.9566000000
-1.7930000000
-1.6218000000
-1.4449000000
-1.2642000000
-1.0817000000
-0.8993700000
-0.7193100000
-0.5434000000
-0.3733800000
-0.2107500000
-0.0567940000
0.0874880000
0.2213600000
0.3443500000
0.4562200000
0.5569600000
0.6467400000
0.7258800000
0.7948400000
0.8541300000
0.9043500000
0.9461400000
0.9801300000
1.0070000000
1.0273000000
1.0417000000
1.0507000000
1.0550000000
1.0549000000
1.0510000000
1.0437000000
1.0334000000
1.0204000000
1.0052000000
0.9879200000
0.9689500000
0.9485300000
0.9269100000
0.9043100000
0.8809400000
0.8569900000
0.8326500000
0.8080800000
0.7834300000
0.7588600000
0.7345000000
0.7104600000
0.6868700000
0.6638200000
0.6414100000
0.6197300000
0.5988500000
0.5788300000
0.5597300000
0.5416000000
0.5244800000
0.5084000000
0.4934000000
0.4794900000
0.4666800000
0.4549800000
0.4444000000
0.4349400000
0.4265800000
0.4193300000
0.4131700000
0.4080800000
0.4040600000
0.4010800000
0.3991400000
0.3982100000
0.3982700000
0.3993200000
0.4013200000
0.4042800000
0.4081800000
0.4130000000
0.4187300000
0.4253800000
0.4329300000
0.4413700000
0.4507200000
0.4609700000
0.4721300000
0.4842100000
0.4972100000
0.5111600000
0.5260600000
0.5419400000
0.5588200000
0.5767300000
0.5956900000
0.6157400000
0.6369000000
0.6592200000
0.6827400000
0.7074800000
0.7335000000
0.7608400000
0.7895400000
0.8196500000
0.8512100000
0.8842700000
0.9188500000
0.9550200000
0.9927900000
1.0322000000
1.0733000000
1.1161000000
1.1605000000
1.2066000000
1.2544000000
1.3038000000
1.3548000000
1.4072000000
1.4610000000
1.5160000000
1.5721000000
1.6290000000
1.6864000000
1.7441000000
1.8017000000
1.8587000000
1.9146000000
1.9690000000
2.0212000000
2.0705000000
2.1162000000
2.1575000000
2.1935000000
2.2234000000
2.2463000000
2.2613000000
2.2675000000
2.2641000000
2.2504000000
2.2258000000
2.1898000000
2.1420000000
2.0825000000
2.0112000000
1.9286000000
1.8353000000
1.7321000000
1.6201000000
1.5005000000
1.3748000000
1.2445000000
1.1112000000
0.9765100000
0.8420900000
0.7094100000
0.5798800000
0.4547200000
0.3350100000
0.2216000000
0.1151700000
0.0161880000
-0.0750550000
-0.1584400000
-0.2340000000
-0.3018900000
-0.3623700000
-0.4158100000
-0.4626000000
-0.5032200000
-0.5381300000
-0.5678500000
-0.5928600000
-0.6136600000
-0.6307200000
-0.6445000000
-0.6554200000
-0.6638900000
-0.6702800000
-0.6749300000
-0.6781600000
-0.6802500000
-0.6814800000
-0.6820800000
-0.6822600000
-0.6822200000
-0.6821300000
-0.6821500000
-0.6824200000
-0.6830600000
-0.6841900000
-0.6859100000
-0.6883100000
-0.6914700000
-0.6954700000
-0.7003600000
-0.7062100000
-0.7130800000
-0.7210100000
-0.7300500000
-0.7402400000
-0.7516200000
-0.7642200000
-0.7780900000
-0.7932500000
-0.8097300000
-0.8275600000
-0.8467700000
-0.8673800000
-0.8894100000
-0.9128900000
-0.9378300000
-0.9642500000
-0.9921600000
-1.0216000000
-1.0525000000
-1.0849000000
-1.1187000000
-1.1541000000
-1.1908000000
-1.2290000000
-1.2685000000
-1.3092000000
-1.3511000000
-1.3941000000
-1.4380000000
-1.4826000000
-1.5279000000
-1.5735000000
-1.6192000000
-1.6648000000
-1.7098000000
-1.7541000000
-1.7970000000
-1.8383000000
-1.8774000000
-1.9139000000
-1.9470000000
-1.9764000000
-2.0014000000
-2.0214000000
-2.0357000000
-2.0439000000
-2.0452000000
-2.0392000000
-2.0255000000
-2.0037000000
-1.9734000000
-1.9345000000
-1.8870000000
-1.8311000000
-1.7668000000
-1.6948000000
-1.6154000000
-1.5295000000
-1.4378000000
-1.3413000000
-1.2410000000
-1.1379000000
-1.0331000000
-0.9278200000
-0.8229900000
-0.7196600000
-0.6187300000
-0.5210300000
-0.4272700000
-0.3380500000
-0.2538300000
-0.1749600000
-0.1016800000
-0.0341030000
0.0277370000
0.0839050000
0.1345400000
0.1798300000
0.2200300000
0.2554300000
0.2863200000
0.3130400000
0.3359300000
0.3553200000
0.3715600000
0.3849600000
0.3958400000
0.4045100000
0.4112500000
0.4163200000
0.4199900000
0.4224800000
0.4240200000
0.4247900000
0.4249800000
0.4247600000
0.4242800000
0.4236800000
0.4230900000
0.4226200000
0.4223800000
0.4224600000
0.4229500000
0.4239200000
0.4254500000
0.4276200000
0.4304600000
0.4340600000
0.4384500000
0.4437000000
0.4498500000
0.4569500000
0.4650400000
0.4741800000
0.4844100000
0.4957800000
0.5083400000
0.5221300000
0.5372100000
0.5536400000
0.5714700000
0.5907600000
0.6115800000
0.6339900000
0.6580700000
0.6838800000
0.7115000000
0.7410100000
0.7725100000
0.8060600000
0.8417800000
0.8797300000
0.9200200000
