0.0148450000
0.0694670000
0.3070400000
1.0106000000
-0.0511210000
-0.2304100000
-0.8422800000
-0.6310000000
-1.1060000000
0.5568100000
1.1722000000
-0.9586300000
-0.1884000000
-0.7262900000
-0.9442600000
-0.2500200000
-0.8906800000
-0.4625100000
-1.1808000000
1.0142000000
-0.0684950000
-0.3030700000
-1.0033000000
0.0156430000
0.0731420000
0.3220100000
1.0370000000
-0.1823700000
-0.7082900000
-0.9814200000
-0.0866170000
-0.3757900000
-1.1142000000
0.6045300000
1.1356000000
-0.7314500000
-0.9330400000
-0.2967400000
-0.9912700000
-0.0411280000
-0.1873200000
-0.7231100000
-0.9510600000
-0.2211000000
-0.8180300000
-0.7070700000
-0.9838300000
-0.0755600000
-0.3317900000
-1.0531000000
0.2656400000
0.9266100000
0.3230100000
1.0387000000
-0.1909300000
-0.7337500000
-0.9279700000
-0.3175100000
-1.0293000000
0.1433400000
0.5832700000
1.1546000000
-0.8476800000
-0.6133200000
-1.1265000000
0.6768900000
1.0389000000
-0.1918400000
-0.7364400000
-0.9219600000
-0.3417700000
-1.0686000000
0.3480800000
1.0779000000
-0.3986800000
-1.1387000000
0.7504500000
0.8895700000
0.4666300000
1.1822000000
-1.0232000000
0.1127700000
0.4752400000
1.1846000000
-1.0386000000
0.1905900000
0.7327500000
0.9301700000
0.3085300000
1.0134000000
-0.0643100000
-0.2858300000
-0.9696200000
-0.1399300000
-0.5716600000
-1.1631000000
0.9011400000
0.4231600000
1.1595000000
-0.8781600000
-0.5082200000
-1.1872000000
1.0555000000
-0.2783600000
-0.9541600000
-0.2077500000
-0.7818100000
-0.8102700000
-0.7302200000
-0.9357500000
-0.2855800000
-0.9691100000
-0.1422000000
-0.5793900000
-1.1576000000
0.8663300000
0.5500500000
1.1756000000
-0.9805600000
-0.0905370000
-0.3911100000
-1.1312000000
0.7048700000
0.9881400000
0.0556630000
0.2496800000
0.8898700000
0.4655100000
1.1818000000
-1.0209000000
0.1011700000
0.4319600000
1.1655000000
-0.9162800000
-0.3643800000
-1.1001000000
0.5232900000
1.1849000000
-1.0408000000
0.2017900000
0.7650800000
0.8537200000
0.5931900000
1.1462000000
-0.7962600000
-0.7705900000
-0.8397100000
-0.6393500000
-1.0953000000
0.4956200000
1.1874000000
-1.0570000000
0.2863000000
0.9705700000
0.1356600000
0.5569800000
1.1721000000
-0.9580100000
-0.1910600000
-0.7341300000
-0.9271200000
-0.3209500000
-1.0352000000
0.1731900000
0.6801900000
1.0333000000
-0.1633400000
-0.6491300000
-1.0819000000
0.4207000000
1.1576000000
-0.8667600000
-0.5485600000
-1.1763000000
0.9850500000
0.0699470000
0.3090100000
1.0142000000
-0.0685410000
-0.3032500000
-1.0036000000
0.0173180000
0.0808370000
0.3529300000
1.0848000000
-0.4367700000
-1.1685000000
0.9353000000
0.2874600000
0.9729200000
0.1251300000
0.5199900000
1.1856000000
-1.0452000000
0.2246100000
0.8272500000
0.6788000000
1.0356000000
-0.1753200000
-0.6867800000
-1.0218000000
0.1057300000
0.4491000000
1.1752000000
-0.9779800000
-0.1023100000
-0.4362600000
-1.1682000000
0.9333600000
0.2954500000
0.9887600000
0.0527760000
0.2374600000
0.8600800000
0.5716100000
1.1631000000
-0.9013500000
-0.4223700000
-1.1589000000
0.8745300000
0.5212000000
1.1854000000
-1.0437000000
0.2166200000
0.8060500000
0.7425900000
0.9079600000
0.3969500000
1.1371000000
-0.7402400000
-0.9133400000
-0.3759500000
-1.1144000000
0.6056100000
1.1345000000
-0.7249500000
-0.9471400000
-0.2378100000
-0.8609700000
-0.5685800000
-1.1652000000
0.9140700000
0.3730800000
1.1110000000
-0.5856600000
-1.1526000000
0.8357700000
0.6519900000
1.0778000000
-0.3981800000
-1.1383000000
0.7474900000
0.8965600000
0.4405300000
1.1707000000
-0.9492400000
-0.2288700000
-0.8383200000
-0.6438200000
-1.0892000000
0.4617600000
1.1806000000
-1.0125000000
0.0600030000
0.2679100000
0.9316400000
0.3025100000
1.0022000000
-0.0106570000
-0.0500800000
-0.2259700000
-0.8308000000
-0.6677200000
-1.0539000000
0.2697600000
0.9357000000
0.2857900000
0.9695400000
0.1402800000
0.5728500000
1.1623000000
-0.8959800000
-0.4426900000
-1.1719000000
0.9568800000
0.1959900000
0.7485000000
0.8941700000
0.4495000000
1.1754000000
-0.9791900000
-0.0968000000
-0.4152900000
-1.1534000000
0.8405200000
0.6367300000
1.0987000000
-0.5151100000
-1.1864000000
1.0505000000
-0.2522200000
-0.8958700000
-0.4431000000
-1.1721000000
0.9583100000
0.1897700000
0.7303500000
0.9354500000
0.2868200000
0.9716300000
0.1309500000
0.5405600000
1.1797000000
-1.0069000000
0.0328220000
0.1507900000
0.6082300000
1.1319000000
-0.7089000000
-0.9802100000
-0.0921640000
-0.3974300000
-1.1375000000
0.7431000000
0.9067900000
0.4014900000
1.1414000000
-0.7666600000
-0.8497400000
-0.6065000000
-1.1336000000
0.7195400000
0.9585700000
0.1886400000
0.7270100000
0.9427200000
0.2564900000
0.9058500000
0.4051100000
1.1447000000
-0.7869900000
-0.7962900000
-0.7705200000
-0.8398900000
-0.6387500000
-1.0961000000
0.5001000000
1.1875000000
-1.0576000000
0.2894500000
0.9769200000
0.1070800000
0.4541700000
1.1775000000
-0.9929400000
-0.0332990000
-0.1529000000
-0.6152300000
-1.1244000000
0.6645700000
1.0589000000
-0.2959900000
-0.9898100000
-0.0478900000
-0.2165800000
-0.8059500000
-0.7428600000
-0.9073300000
-0.3993900000
-1.1394000000
0.7545700000
0.8796800000
0.5027400000
1.1875000000
-1.0574000000
0.2882200000
0.9744500000
0.1182500000
0.4952900000
1.1874000000
-1.0569000000
0.2858000000
0.9695600000
0.1401800000
0.5725300000
1.1625000000
-0.8973900000
-0.4373800000
-1.1689000000
0.9376000000
0.2778900000
0.9531700000
0.2120300000
0.7936000000
0.7780500000
0.8202700000
0.7002800000
0.9969800000
0.0143170000
0.0670300000
0.2970500000
0.9918600000
0.0383700000
0.1752600000
0.6865900000
1.0221000000
-0.1073900000
-0.4553200000
-1.1780000000
0.9961000000
0.0184370000
0.0859610000
0.3732200000
1.1111000000
-0.5866300000
-1.1519000000
0.8308400000
0.6676000000
1.0541000000
-0.2707100000
-0.9377800000
-0.2771400000
-0.9515900000
-0.2188000000
-0.8119000000
-0.7254100000
-0.9461600000
-0.2419600000
-0.8712100000
-0.5329500000
-1.1823000000
1.0241000000
-0.1170700000
-0.4909700000
-1.1871000000
1.0551000000
-0.2760700000
-0.9493200000
-0.2285300000
-0.8374400000
-0.6466500000
-1.0853000000
0.4400100000
1.1704000000
-0.9473500000
-0.2369400000
-0.8588000000
-0.5759900000
-1.1601000000
0.8820300000
0.4942500000
1.1873000000
-1.0566000000
0.2840300000
0.9659400000
0.1562800000
0.6263200000
1.1117000000
-0.5898700000
-1.1491000000
0.8140700000
0.7189600000
0.9597700000
0.1834200000
0.7114300000
0.9751500000
0.1150900000
0.4837500000
1.1862000000
-1.0494000000
0.2464000000
0.8820100000
0.4943100000
1.1873000000
-1.0566000000
0.2841400000
0.9661700000
0.1552700000
0.6230200000
1.1156000000
-0.6126600000
-1.1272000000
0.6811400000
1.0316000000
-0.1550800000
-0.6223900000
-1.1163000000
0.6169400000
1.1225000000
-0.6533900000
-1.0757000000
0.3870500000
1.1269000000
-0.6792800000
-1.0348000000
0.1712300000
0.6740800000
1.0436000000
-0.2159400000
-0.8042200000
-0.7478900000
-0.8956200000
-0.4440600000
-1.1726000000
0.9615700000
0.1755200000
0.6873900000
1.0207000000
-0.1003500000
-0.4288200000
-1.1634000000
0.9031900000
0.4153200000
1.1534000000
-0.8406500000
-0.6362900000
-1.0993000000
0.5183100000
1.1859000000
-1.0472000000
0.2349600000
0.8538300000
0.5928300000
1.1466000000
-0.7982400000
-0.7649900000
-0.8539600000
-0.5923900000
-1.1470000000
0.8006000000
0.7583000000
0.8705800000
0.5351800000
1.1816000000
-1.0194000000
0.0939040000
0.4041600000
1.1439000000
-0.7817000000
-0.8105700000
-0.7293300000
-0.9376800000
-0.2775800000
-0.9525100000
-0.2148700000
-0.8013200000
-0.7562200000
-0.8756700000
-0.5171600000
-1.1861000000
1.0485000000
-0.2415200000
-0.8701300000
-0.5367600000
-1.1811000000
1.0159000000
-0.0766490000
-0.3361800000
-1.0600000000
0.3022000000
1.0017000000
-0.0079187000
-0.0373160000
-0.1706400000
-0.6722200000
-1.0466000000
0.2317600000
0.8457300000
0.6197300000
1.1194000000
-0.6348900000
-1.1011000000
0.5285900000
1.1836000000
-1.0323000000
0.1585200000
0.6336200000
1.1027000000
-0.5378600000
-1.1807000000
1.0134000000
-0.0643470000
-0.2859800000
-0.9699300000
-0.1385200000
-0.5668400000
-1.1663000000
0.9211700000
0.3449200000
1.0733000000
-0.3734600000
-1.1114000000
0.5883300000
1.1504000000
-0.8221000000
-0.6947000000
-1.0074000000
0.0355470000
0.1628400000
0.6475500000
1.0841000000
-0.4330100000
-1.1662000000
0.9205500000
0.3474200000
1.0769000000
-0.3934600000
-1.1336000000
0.7192800000
0.9591100000
0.1862900000
0.7200300000
0.9575300000
0.1931400000
0.7402400000
0.9133600000
0.3758700000
1.1143000000
-0.6050700000
-1.1351000000
0.7281800000
0.9401900000
0.2671200000
0.9298800000
0.3097000000
1.0155000000
-0.0747180000
-0.3283900000
-1.0476000000
0.2369600000
0.8588400000
0.5758600000
1.1602000000
-0.8826200000
-0.4921000000
-1.1872000000
1.0557000000
-0.2792000000
-0.9559300000
-0.2001000000
-0.7602700000
-0.8657200000
-0.5521800000
-1.1746000000
0.9739500000
0.1205300000
0.5035000000
1.1874000000
-1.0572000000
0.2874400000
0.9728900000
0.1252700000
0.5205000000
1.1855000000
-1.0446000000
0.2212900000
0.8185100000
0.7056100000
0.9867000000
0.0623400000
0.2776500000
0.9526700000
0.2141800000
0.7994500000
0.7615500000
0.8625500000
0.5631300000
1.1686000000
-0.9356700000
-0.2859300000
-0.9698200000
-0.1390100000
-0.5685000000
-1.1652000000
0.9143900000
0.3718400000
1.1095000000
-0.5769900000
-1.1593000000
0.8774800000
0.5106600000
1.1870000000
-1.0541000000
0.2708400000
0.9380600000
0.2759900000
0.9491500000
0.2292800000
0.8393700000
0.6404400000
1.0938000000
-0.4873900000
-1.1867000000
1.0527000000
-0.2634500000
-0.9217100000
-0.3427600000
-1.0701000000
0.3560700000
1.0891000000
-0.4609000000
-1.1802000000
1.0104000000
-0.0500670000
-0.2259100000
-0.8306600000
-0.6681500000
-1.0532000000
0.2661200000
0.9276800000
0.3186600000
1.0313000000
-0.1533100000
-0.6165800000
-1.1229000000
0.6557900000
1.0722000000
-0.3677900000
-1.1045000000
0.5480800000
1.1765000000
-0.9864600000
-0.0634260000
-0.2821600000
-0.9621000000
-0.1732000000
-0.6802000000
-1.0333000000
0.1632300000
0.6487700000
1.0824000000
-0.4234600000
-1.1597000000
0.8795500000
0.5032100000
1.1875000000
-1.0573000000
0.2877600000
0.9735300000
0.1224200000
0.5103200000
1.1870000000
-1.0543000000
0.2719900000
0.9405600000
0.2655400000
0.9263900000
0.3238900000
1.0402000000
-0.1985300000
-0.7558100000
-0.8766800000
-0.5135400000
-1.1866000000
1.0519000000
-0.2594900000
-0.9127300000
-0.3783700000
-1.1172000000
0.6221500000
1.1166000000
-0.6185900000
-1.1207000000
0.6425100000
1.0910000000
-0.4717300000
-1.1837000000
1.0329000000
-0.1613700000
-0.6428100000
-1.0906000000
0.4695100000
1.1831000000
-1.0289000000
0.1411200000
0.5757200000
1.1603000000
-0.8832600000
-0.4897800000
-1.1870000000
1.0544000000
-0.2723500000
-0.9413400000
-0.2622800000
-0.9190800000
-0.3532600000
-1.0852000000
0.4393000000
1.1700000000
-0.9447500000
-0.2479200000
-0.8856600000
-0.4810000000
-1.1858000000
1.0464000000
-0.2307800000
-0.8432100000
-0.6279800000
-1.1097000000
0.5782200000
1.1584000000
-0.8718100000
-0.5308500000
-1.1830000000
1.0282000000
-0.1376600000
-0.5638900000
-1.1681000000
0.9327800000
0.2978300000
0.9933500000
0.0313600000
0.1442900000
0.5864800000
1.1520000000
-0.8315800000
-0.6652700000
-1.0578000000
0.2902000000
0.9784200000
0.1003000000
0.4286200000
1.1633000000
-0.9023400000
-0.4185800000
-1.1560000000
0.8566900000
0.5831800000
1.1546000000
-0.8481100000
-0.6118900000
-1.1280000000
0.6860300000
1.0231000000
-0.1123200000
-0.4735900000
-1.1842000000
1.0360000000
-0.1773500000
-0.6930100000
-1.0106000000
0.0506490000
0.2284000000
0.8371000000
0.6477200000
1.0839000000
-0.4317000000
-1.1653000000
0.9152100000
0.3685900000
1.1055000000
-0.5538300000
-1.1737000000
0.9686300000
0.1443200000
0.5865700000
1.1519000000
-0.8311400000
-0.6666500000
-1.0556000000
0.2786700000
0.9548200000
0.2049200000
0.7739000000
0.8311500000
0.6666200000
1.0556000000
-0.2789000000
-0.9553100000
-0.2028100000
-0.7679700000
-0.8464100000
-0.6175100000
-1.1219000000
0.6496800000
1.0811000000
-0.4163700000
-1.1543000000
0.8458900000
0.6192100000
1.1200000000
-0.6383700000
-1.0966000000
0.5029600000
1.1875000000
-1.0573000000
0.2880100000
0.9740400000
0.1201000000
0.5019500000
1.1875000000
-1.0575000000
0.2888200000
0.9756700000
0.1127500000
0.4751800000
1.1846000000
-1.0385000000
0.1901300000
0.7314000000
0.9331600000
0.2962700000
0.9903500000
0.0454080000
0.2058900000
0.7766300000
0.8240100000
0.6888300000
1.0181000000
-0.0877070000
-0.3800700000
-1.1192000000
0.6335700000
1.1028000000
-0.5382700000
-1.1805000000
1.0124000000
-0.0597030000
-0.2666600000
-0.9288700000
-0.3138300000
-1.0229000000
0.1111500000
0.4692800000
1.1830000000
-1.0284000000
0.1388700000
0.5680400000
1.1655000000
-0.9163000000
-0.3642800000
-1.1000000000
0.5225300000
1.1851000000
-1.0419000000
0.2073300000
0.7806300000
0.8134300000
0.7208600000
0.9558000000
0.2006500000
0.7618600000
0.8617900000
0.5657700000
1.1670000000
-0.9254200000
-0.3278500000
-1.0467000000
0.2323700000
0.8472700000
0.6146800000
1.1250000000
-0.6681700000
-1.0532000000
0.2659200000
0.9272400000
0.3204600000
1.0344000000
-0.1689300000
-0.6668800000
-1.0552000000
0.2767700000
0.9507900000
0.2222500000
0.8210600000
0.6978800000
1.0015000000
-0.0071367000
-0.0336570000
-0.1544900000
-0.6204600000
-1.1186000000
0.6299900000
1.1072000000
-0.5640300000
-1.1680000000
0.9322300000
0.3001100000
0.9977000000
0.0108910000
0.0511710000
0.2306200000
0.8428200000
0.6292500000
1.1082000000
-0.5692800000
-1.1647000000
0.9112000000
0.3843500000
1.1240000000
-0.6618700000
-1.0630000000
0.3182800000
1.0307000000
-0.1500600000
-0.6058100000
-1.1343000000
0.7237100000
0.9497800000
0.2265800000
0.8324100000
0.6626500000
1.0618000000
-0.3118600000
-1.0194000000
0.0937720000
0.4036500000
1.1434000000
-0.7788500000
-0.8181600000
-0.7066700000
-0.9846200000
-0.0719210000
-0.3170500000
-1.0285000000
0.1393300000
0.5696200000
1.1645000000
-0.9097700000
-0.3899300000
-1.1300000000
0.6974800000
1.0022000000
-0.0107070000
-0.0503120000
-0.2269600000
-0.8333700000
-0.6595900000
-1.0665000000
0.3369900000
1.0613000000
-0.3089600000
-1.0142000000
0.0681720000
0.3017400000
1.0008000000
-0.0037760000
-0.0178680000
-0.0833580000
-0.3629500000
-1.0983000000
0.5127000000
1.1867000000
-1.0526000000
0.2630900000
0.9209000000
0.3459900000
1.0748000000
-0.3820900000
-1.1215000000
0.6470200000
1.0848000000
-0.4371500000
-1.1687000000
0.9367300000
0.2815100000
0.9607500000
0.1791100000
0.6983800000
1.0006000000
-0.0026834000
-0.0127120000
-0.0596140000
-0.2662900000
-0.9280500000
-0.3171900000
-1.0288000000
0.1404900000
0.5735700000
1.1618000000
-0.8928200000
-0.4545400000
-1.1777000000
0.9939600000
0.0285190000
0.1316000000
0.5428400000
1.1788000000
-1.0010000000
0.0049545000
0.0234170000
0.1086300000
0.4599300000
1.1799000000
-1.0081000000
0.0386830000
0.1766300000
0.6908100000
1.0146000000
-0.0701250000
-0.3097300000
-1.0155000000
0.0749860000
0.3294700000
1.0494000000
-0.2461100000
-0.8813100000
-0.4968500000
-1.1875000000
1.0573000000
-0.2878200000
-0.9736500000
-0.1218700000
-0.5083400000
-1.1872000000
1.0555000000
-0.2780300000
-0.9534700000
-0.2107500000
-0.7900900000
-0.7877900000
-0.7941000000
-0.7766400000
-0.8239900000
-0.6889100000
-1.0180000000
0.0869850000
0.3772400000
1.1159000000
-0.6144200000
-1.1253000000
0.6698600000
1.0505000000
-0.2517500000
-0.8947600000
-0.4472900000
-1.1743000000
0.9722500000
0.1281400000
0.5306700000
1.1830000000
-1.0285000000
0.1393700000
0.5697300000
1.1644000000
-0.9093100000
-0.3917200000
-1.1318000000
0.7086200000
0.9807700000
0.0895940000
0.3874400000
1.1273000000
-0.6817700000
-1.0306000000
0.1495900000
0.6042600000
1.1359000000
-0.7330400000
-0.9295300000
-0.3111300000
-1.0181000000
0.0873650000
0.3787300000
1.1176000000
-0.6245300000
-1.1138000000
0.6022800000
1.1378000000
-0.7448200000
-0.9028000000
-0.4168000000
-1.1546000000
0.8480200000
0.6121800000
1.1277000000
-0.6841700000
-1.0264000000
0.1286600000
0.5325200000
1.1825000000
-1.0249000000
0.1213500000
0.5064500000
1.1873000000
-1.0563000000
0.2826300000
0.9630600000
0.1689900000
0.6670500000
1.0549000000
-0.2753200000
-0.9477200000
-0.2353500000
-0.8548000000
-0.5895400000
-1.1494000000
0.8157600000
0.7139100000
0.9701600000
0.1375100000
0.5633700000
1.1684000000
-0.9347700000
-0.2896300000
-0.9772900000
-0.1054200000
-0.4479600000
-1.1746000000
0.9744000000
0.1185000000
0.4961800000
1.1874000000
-1.0572000000
0.2870500000
0.9721000000
0.1288100000
0.5330400000
1.1823000000
-1.0239000000
0.1160900000
0.4874100000
1.1867000000
-1.0527000000
0.2635300000
0.9218900000
0.3420300000
1.0690000000
-0.3502100000
-1.0809000000
0.4155200000
1.1536000000
-0.8416500000
-0.6330500000
-1.1034000000
0.5420100000
1.1791000000
-1.0032000000
0.0151870000
0.0710430000
0.3134800000
1.0223000000
-0.1080500000
-0.4578000000
-1.1790000000
1.0027000000
-0.0128970000
-0.0604700000
-0.2698600000
-0.9359300000
-0.2848500000
-0.9676200000
-0.1488400000
-0.6017700000
-1.1383000000
0.7478000000
0.8958300000
0.4432700000
1.1722000000
-0.9588900000
-0.1872300000
-0.7228300000
-0.9516400000
-0.2186100000
-0.8114000000
-0.7268900000
-0.9429800000
-0.2554100000
-0.9033400000
-0.4147500000
-1.1530000000
0.8378300000
0.6453800000
1.0871000000
-0.4498000000
-1.1755000000
0.9801000000
0.0926320000
0.3992500000
1.1393000000
-0.7537300000
-0.8817000000
-0.4954400000
-1.1874000000
1.0570000000
-0.2860300000
-0.9700300000
-0.1381000000
-0.5653800000
-1.1672000000
0.9269500000
0.3216500000
1.0364000000
-0.1792500000
-0.6988200000
-0.9997300000
-0.0012991000
-0.0061627000
-0.0290930000
-0.1341700000
-0.5518000000
-1.1748000000
0.9751500000
0.1150800000
0.4837300000
1.1862000000
-1.0494000000
0.2463100000
0.8818000000
0.4951000000
1.1874000000
-1.0569000000
0.2855100000
0.9689800000
0.1427700000
0.5813300000
1.1561000000
-0.8571100000
-0.5817300000
-1.1558000000
0.8551800000
0.5882800000
1.1505000000
-0.8223300000
-0.6939900000
-1.0088000000
0.0419390000
0.1908600000
0.7335400000
0.9284200000
0.3156700000
1.0261000000
-0.1272000000
-0.5273500000
-1.1839000000
1.0345000000
-0.1693800000
-0.6682900000
-1.0530000000
0.2649100000
0.9249900000
0.3295700000
1.0495000000
-0.2469600000
-0.8833500000
-0.4894600000
-1.1870000000
1.0542000000
-0.2712400000
-0.9389300000
-0.2723700000
-0.9413700000
-0.2621700000
-0.9188300000
-0.3542600000
-1.0866000000
0.4470400000
1.1742000000
-0.9714300000
-0.1318200000
-0.5435900000
-1.1785000000
0.9990600000
0.0044710000
0.0211420000
0.0983020000
0.4210300000
1.1579000000
-0.8683300000
-0.5430700000
-1.1787000000
1.0004000000
-0.0021174000
-0.0100360000
-0.0471940000
-0.2135900000
-0.7978600000
-0.7660800000
-0.8511900000
-0.6016500000
-1.1384000000
0.7485200000
0.8941300000
0.4496500000
1.1755000000
-0.9796600000
-0.0946420000
-0.4070100000
-1.1464000000
0.7973400000
0.7675500000
0.8474800000
0.6139600000
1.1258000000
-0.6728100000
-1.0457000000
0.2267600000
0.8328500000
0.6612400000
1.0640000000
-0.3235000000
-1.0395000000
0.1951900000
0.7461700000
0.8996500000
0.4288400000
1.1635000000
-0.9032900000
-0.4149500000
-1.1531000000
0.8388200000
0.6422100000
1.0914000000
-0.4740700000
-1.1843000000
1.0368000000
-0.1813000000
-0.7050400000
-0.9878000000
-0.0572460000
-0.2563500000
-0.9055200000
-0.4063700000
-1.1459000000
0.7939000000
0.7772000000
0.8225200000
0.6934100000
1.0098000000
-0.0470580000
-0.2130100000
-0.7962700000
-0.7705700000
-0.8397600000
-0.6391600000
-1.0955000000
0.4970000000
1.1875000000
-1.0573000000
0.2879700000
0.9739500000
0.1205000000
0.5034000000
1.1874000000
-1.0573000000
0.2875600000
0.9731200000
0.1242400000
0.5168200000
1.1862000000
-1.0488000000
0.2433700000
0.8746700000
0.5206900000
1.1855000000
-1.0444000000
0.2200200000
0.8151500000
0.7157300000
0.9664400000
0.1540700000
0.6190700000
1.1202000000
-0.6392900000
-1.0953000000
0.4960800000
1.1874000000
-1.0571000000
0.2869300000
0.9718500000
0.1299600000
0.5370900000
1.1810000000
-1.0151000000
0.0730520000
0.3216500000
1.0364000000
-0.1792100000
-0.6986900000
-0.9999800000
-0.0000845590
-0.0004016200
-0.0019069000
-0.0090407000
-0.0425550000
-0.1935300000
-0.7413700000
-0.9107600000
-0.3860600000
-1.1258000000
0.6729400000
1.0454000000
-0.2256500000
-0.8299800000
-0.6702800000
-1.0498000000
0.2481800000
0.8862900000
0.4786900000
1.1853000000
-1.0435000000
0.2158700000
0.8040300000
0.7484300000
0.8943400000
0.4488600000
1.1751000000
-0.9772000000
-0.1058100000
-0.4494200000
-1.1753000000
0.9789500000
0.0978950000
0.4194800000
1.1567000000
-0.8609900000
-0.5685300000
-1.1652000000
0.9143000000
0.3721900000
1.1099000000
-0.5794200000
-1.1575000000
0.8662200000
0.5504600000
1.1754000000
-0.9793200000
-0.0961900000
-0.4129500000
-1.1515000000
0.8287000000
0.6743000000
1.0432000000
-0.2140300000
-0.7990400000
-0.7627300000
-0.8596300000
-0.5731800000
-1.1621000000
0.8945500000
0.4480500000
1.1747000000
-0.9746900000
-0.1172000000
-0.4914500000
-1.1872000000
1.0554000000
-0.2774700000
-0.9522900000
-0.2158300000
-0.8039200000
-0.7487500000
-0.8935800000
-0.4516900000
-1.1764000000
0.9857900000
0.0665390000
0.2950300000
0.9879400000
0.0565960000
0.2536200000
0.8991500000
0.4307300000
1.1647000000
-0.9112300000
-0.3842300000
-1.1238000000
0.6610800000
1.0643000000
-0.3248300000
-1.0418000000
0.2066100000
0.7786200000
0.8187600000
0.7048600000
0.9881600000
0.0555830000
0.2493500000
0.8890700000
0.4684700000
1.1828000000
-1.0269000000
0.1311100000
0.5411000000
1.1795000000
-1.0055000000
0.0263130000
0.1217000000
0.5077100000
1.1872000000
-1.0558000000
0.2797000000
0.9569800000
0.1955600000
0.7472500000
0.8971200000
0.4384000000
1.1695000000
-0.9414600000
-0.2618000000
-0.9179800000
-0.3576500000
-1.0912000000
0.4729800000
1.1840000000
-1.0350000000
0.1721800000
0.6770500000
1.0386000000
-0.1904800000
-0.7324300000
-0.9308800000
-0.3056400000
-1.0081000000
0.0386190000
0.1763500000
0.6899500000
1.0161000000
-0.0777480000
-0.3405900000
-1.0668000000
0.3384600000
1.0635000000
-0.3210100000
-1.0353000000
0.1737100000
0.6818000000
1.0305000000
-0.1493300000
-0.6033900000
-1.1367000000
0.7382200000
0.9179400000
0.3578100000
1.0915000000
-0.4742000000
-1.1843000000
1.0370000000
-0.1823400000
-0.7081900000
-0.9816300000
-0.0856590000
-0.3720300000
-1.1097000000
0.5783000000
1.1584000000
-0.8714400000
-0.5321500000
-1.1826000000
1.0257000000
-0.1250200000
-0.5195900000
-1.1857000000
1.0457000000
-0.2271300000
-0.8338300000
-0.6581600000
-1.0687000000
0.3486400000
1.0787000000
-0.4031600000
-1.1430000000
0.7761100000
0.8253600000
0.6846600000
1.0255000000
-0.1243400000
-0.5171900000
-1.1861000000
1.0485000000
-0.2413600000
-0.8697400000
-0.5381400000
-1.1806000000
1.0127000000
-0.0611230000
-0.2725900000
-0.9418400000
-0.2601700000
-0.9142900000
-0.3722200000
-1.1099000000
0.5796200000
1.1574000000
-0.8652400000
-0.5538600000
-1.1737000000
0.9685400000
0.1447500000
0.5880400000
1.1507000000
-0.8235900000
-0.6901200000
-1.0158000000
0.0762390000
0.3345300000
1.0574000000
-0.2885000000
-0.9750300000
-0.1156600000
-0.4858500000
-1.1865000000
1.0514000000
-0.2567500000
-0.9064400000
-0.4028300000
-1.1427000000
0.7742700000
0.8301800000
0.6696600000
1.0508000000
-0.2534300000
-0.8987300000
-0.4323300000
-1.1657000000
0.9178000000
0.3583600000
1.0922000000
-0.4783400000
-1.1853000000
1.0431000000
-0.2134400000
-0.7974600000
-0.7672200000
-0.8483200000
-0.6112100000
-1.1288000000
0.6903200000
1.0155000000
-0.0745340000
-0.3276500000
-1.0464000000
0.2306500000
0.8428800000
0.6290600000
1.1084000000
-0.5706300000
-1.1638000000
0.9055100000
0.4064200000
1.1459000000
-0.7941600000
-0.7764800000
-0.8244100000
-0.6875900000
-1.0204000000
0.0986410000
0.4223300000
1.1588000000
-0.8743500000
-0.5218300000
-1.1852000000
1.0429000000
-0.2122900000
-0.7943000000
-0.7760800000
-0.8254600000
-0.6843600000
-1.0261000000
0.1269900000
0.5266100000
1.1841000000
-1.0357000000
0.1756600000
0.6878200000
1.0199000000
-0.0965940000
-0.4145000000
-1.1528000000
0.8365700000
0.6494200000
1.0814000000
-0.4183900000
-1.1559000000
0.8557500000
0.5863400000
1.1521000000
-0.8323200000
-0.6629300000
-1.0614000000
0.3096200000
1.0153000000
-0.0739690000
-0.3253700000
-1.0426000000
0.2111700000
0.7912300000
0.7846200000
0.8027100000
0.7522400000
0.8852800000
0.4823900000
1.1860000000
-1.0480000000
0.2389800000
0.8638800000
0.5585500000
1.1712000000
-0.9525300000
-0.2147700000
-0.8010500000
-0.7570000000
-0.8737600000
-0.5239400000
-1.1848000000
1.0399000000
-0.1969500000
-0.7512700000
-0.8876000000
-0.4739000000
-1.1843000000
1.0365000000
-0.1798500000
-0.7006500000
-0.9962600000
-0.0177040000
-0.0826050000
-0.3599600000
-1.0943000000
0.4904400000
1.1871000000
-1.0548000000
0.2744700000
0.9459000000
0.2430600000
0.8739100000
0.5234200000
1.1849000000
-1.0406000000
0.2008200000
0.7623400000
0.8605900000
0.5698800000
1.1643000000
-0.9087000000
-0.3940800000
-1.1342000000
0.7230800000
0.9511100000
0.2208500000
0.8173700000
0.7090700000
0.9798700000
0.0936720000
0.4032600000
1.1430000000
-0.7766900000
-0.8238600000
-0.6892900000
-1.0173000000
0.0836310000
0.3640300000
1.0997000000
-0.5206600000
-1.1855000000
1.0444000000
-0.2202600000
-0.8157800000
-0.7138300000
-0.9703100000
-0.1368300000
-0.5610200000
-1.1698000000
0.9435800000
0.2528500000
0.8973700000
0.4374700000
1.1689000000
-0.9379700000
-0.2763800000
-0.9499700000
-0.2257700000
-0.8303000000
-0.6692900000
-1.0514000000
0.2565800000
0.9060400000
0.4043600000
1.1441000000
-0.7828000000
-0.8076100000
-0.7380400000
-0.9183500000
-0.3561500000
-1.0892000000
0.4615500000
1.1805000000
-1.0120000000
0.0576320000
0.2579800000
0.9092700000
0.3918800000
1.1320000000
-0.7095800000
-0.9788600000
-0.0983020000
-0.4210300000
-1.1579000000
0.8683300000
0.5430700000
1.1787000000
-1.0004000000
0.0020234000
0.0095919000
0.0451240000
0.2046700000
0.7732000000
0.8329600000
0.6609000000
1.0645000000
-0.3262800000
-1.0441000000
0.2189400000
0.8122800000
0.7242900000
0.9485500000
0.2318000000
0.8458400000
0.6193800000
1.1198000000
-0.6372300000
-1.0980000000
0.5113500000
1.1869000000
-1.0536000000
0.2683500000
0.9326100000
0.2985100000
0.9946600000
0.0252100000
0.1167300000
0.4897400000
1.1870000000
-1.0544000000
0.2722200000
0.9410400000
0.2635400000
0.9219000000
0.3419900000
1.0689000000
-0.3498700000
-1.0804000000
0.4128500000
1.1514000000
-0.8281800000
-0.6759000000
-1.0405000000
0.2003100000
0.7608700000
0.8642400000
0.5573000000
1.1719000000
-0.9569100000
-0.1958800000
-0.7481700000
-0.8949600000
-0.4465300000
-1.1739000000
0.9697900000
0.1391800000
0.5690800000
1.1648000000
-0.9120000000
-0.3812000000
-1.1205000000
0.6411000000
1.0929000000
-0.4824300000
-1.1860000000
1.0480000000
-0.2392000000
-0.8644100000
-0.5567200000
-1.1722000000
0.9589100000
0.1871400000
0.7225600000
0.9522100000
0.2161400000
0.8047600000
0.7463400000
0.8992600000
0.4302900000
1.1644000000
-0.9093900000
-0.3913900000
-1.1315000000
0.7065500000
0.9848500000
0.0708820000
0.3128300000
1.0211000000
-0.1022700000
-0.4361100000
-1.1681000000
0.9327800000
0.2978300000
0.9933600000
0.0313290000
0.1441500000
0.5860100000
1.1524000000
-0.8339700000
-0.6577200000
-1.0693000000
0.3522200000
1.0838000000
-0.4312100000
-1.1650000000
0.9132200000
0.3764500000
1.1150000000
-0.6090000000
-1.1311000000
0.7041700000
0.9894900000
0.0493930000
0.2230300000
0.8231100000
0.6915900000
1.0132000000
-0.0632850000
-0.2815800000
-0.9608900000
-0.1785100000
-0.6965600000
-1.0040000000
0.0189590000
0.0883490000
0.3825800000
1.1220000000
-0.6502600000
-1.0802000000
0.4117700000
1.1505000000
-0.8225900000
-0.6931900000
-1.0102000000
0.0490120000
0.2213900000
0.8188000000
0.7047400000
0.9883900000
0.0545070000
0.2448000000
0.8781400000
0.5083000000
1.1872000000
-1.0555000000
0.2781500000
0.9537100000
0.2097100000
0.7872200000
0.7956500000
0.7723100000
0.8352700000
0.6535800000
1.0755000000
-0.3855100000
-1.1252000000
0.6693900000
1.0512000000
-0.2556600000
-0.9039100000
-0.4125700000
-1.1512000000
0.8267400000
0.6804000000
1.0329000000
-0.1614500000
-0.6430800000
-1.0903000000
0.4673900000
1.1824000000
-1.0247000000
0.1204700000
0.5033000000
1.1874000000
-1.0573000000
0.2876600000
0.9733300000
0.1233000000
0.5134700000
1.1866000000
-1.0520000000
0.2598000000
0.9134500000
0.3755300000
1.1139000000
-0.6027000000
-1.1374000000
0.7423500000
0.9085200000
0.3947900000
1.1349000000
-0.7273700000
-0.9419500000
-0.2597500000
-0.9133200000
-0.3760300000
-1.1145000000
0.6061200000
1.1340000000
-0.7218500000
-0.9537200000
-0.2096600000
-0.7870900000
-0.7959900000
-0.7713500000
-0.8377400000
-0.6456600000
-1.0867000000
0.4476300000
1.1745000000
-0.9733300000
-0.1233200000
-0.5135400000
-1.1866000000
1.0519000000
-0.2594900000
-0.9127300000
-0.3783500000
-1.1172000000
0.6219500000
1.1169000000
-0.6199300000
-1.1192000000
0.6335700000
1.1028000000
-0.5382500000
-1.1806000000
1.0125000000
-0.0599580000
-0.2677200000
-0.9312300000
-0.3042100000
-1.0054000000
0.0258280000
0.1195200000
0.4998500000
1.1875000000
-1.0576000000
0.2894500000
0.9769200000
0.1071000000
0.4542400000
1.1776000000
-0.9931200000
-0.0324340000
-0.1490700000
-0.6025200000
-1.1376000000
0.7434200000
0.9060500000
0.4043300000
1.1440000000
-0.7826700000
-0.8079700000
-0.7369900000
-0.9207100000
-0.3467500000
-1.0759000000
0.3881500000
1.1281000000
-0.6862700000
-1.0227000000
0.1102200000
0.4658600000
1.1820000000
-1.0216000000
0.1047900000
0.4456000000
1.1734000000
-0.9667600000
-0.1526600000
-0.6144500000
-1.1253000000
0.6696600000
1.0508000000
-0.2534600000
-0.8987800000
-0.4321200000
-1.1656000000
0.9169400000
0.3617700000
1.0967000000
-0.5039500000
-1.1874000000
1.0571000000
-0.2868900000
-0.9717700000
-0.1303000000
-0.5382800000
-1.1805000000
1.0124000000
-0.0595150000
-0.2658700000
-0.9271200000
-0.3209300000
-1.0352000000
0.1730600000
0.6797600000
1.0340000000
-0.1670100000
-0.6608200000
-1.0646000000
0.3269200000
1.0452000000
-0.2244700000
-0.8269000000
-0.6799000000
-1.0338000000
0.1658000000
0.6569600000
1.0705000000
-0.3583600000
-1.0922000000
0.4784000000
1.1853000000
-1.0432000000
0.2138700000
0.7986200000
0.7639400000
0.8566000000
0.5834700000
1.1544000000
-0.8466900000
-0.6165700000
-1.1230000000
0.6558200000
1.0722000000
-0.3675200000
-1.1041000000
0.5461500000
1.1774000000
-0.9920400000
-0.0375220000
-0.1715400000
-0.6750500000
-1.0419000000
0.2076100000
0.7814300000
0.8113000000
0.7272000000
0.9423100000
0.2582300000
0.9098600000
0.3895700000
1.1296000000
-0.6952100000
-1.0065000000
0.0310560000
0.1429400000
0.5819000000
1.1556000000
-0.8543500000
-0.5910800000
-1.1481000000
0.8076600000
0.7379000000
0.9186800000
0.3548800000
1.0875000000
-0.4517600000
-1.1764000000
0.9860200000
0.0654920000
0.2907100000
0.9794500000
0.0956220000
0.4107700000
1.1497000000
-0.8174100000
-0.7089400000
-0.9801400000
-0.0924590000
-0.3985700000
-1.1386000000
0.7498200000
0.8910600000
0.4610900000
1.1803000000
-1.0109000000
0.0522550000
0.2352400000
0.8545400000
0.5904400000
1.1487000000
-0.8110500000
-0.7279300000
-0.9407300000
-0.2648400000
-0.9248200000
-0.3302800000
-1.0507000000
0.2528800000
0.8974400000
0.4372100000
1.1688000000
-0.9369800000
-0.2804700000
-0.9585900000
-0.1885600000
-0.7267700000
-0.9432400000
-0.2543000000
-0.9007400000
-0.4246700000
-1.1605000000
0.8850400000
0.4833000000
1.1862000000
-1.0490000000
0.2440100000
0.8762200000
0.5151800000
1.1864000000
-1.0505000000
0.2518800000
0.8950700000
0.4461300000
1.1737000000
-0.9685000000
-0.1449300000
-0.5886600000
-1.1502000000
0.8203800000
0.6999300000
0.9976300000
0.0112460000
0.0528190000
0.2376400000
0.8605400000
0.5700600000
1.1642000000
-0.9079400000
-0.3970200000
-1.1371000000
0.7407000000
0.9123000000
0.3800300000
1.1191000000
-0.6332900000
-1.1031000000
0.5402500000
1.1798000000
-1.0076000000
0.0365830000
0.1674100000
0.6620800000
1.0627000000
-0.3165700000
-1.0277000000
0.1351400000
0.5551600000
1.1730000000
-0.9642100000
-0.1639300000
-0.6510100000
-1.0792000000
0.4059000000
1.1454000000
-0.7912900000
-0.7844600000
-0.8031400000
-0.7510100000
-0.8882100000
-0.4716400000
-1.1837000000
1.0327000000
-0.1605600000
-0.6402000000
-1.0941000000
0.4892600000
1.1870000000
-1.0540000000
0.2705600000
0.9374400000
0.2785800000
0.9546300000
0.2057300000
0.7761600000
0.8252400000
0.6850500000
1.0248000000
-0.1209600000
-0.5050600000
-1.1874000000
1.0568000000
-0.2852500000
-0.9684400000
-0.1451800000
-0.5894700000
-1.1495000000
0.8161300000
0.7127800000
0.9724400000
0.1273000000
0.5277000000
1.1839000000
-1.0339000000
0.1663500000
0.6587300000
1.0678000000
-0.3440100000
-1.0719000000
0.3662200000
1.1025000000
-0.5367400000
-1.1811000000
1.0159000000
-0.0769220000
-0.3372700000
-1.0617000000
0.3112600000
1.0183000000
-0.0884570000
-0.3830000000
-1.1225000000
0.6530300000
1.0763000000
-0.3898600000
-1.1299000000
0.6970400000
1.0031000000
-0.0147180000
-0.0688820000
-0.3046500000
-1.0062000000
0.0297910000
0.1372900000
0.5626000000
1.1689000000
-0.9376800000
-0.2775600000
-0.9524700000
-0.2150500000
-0.8018200000
-0.7548100000
-0.8791000000
-0.5048500000
-1.1874000000
1.0569000000
-0.2855900000
-0.9691300000
-0.1421200000
-0.5791200000
-1.1578000000
0.8675900000
0.5456500000
1.1776000000
-0.9934200000
-0.0310570000
-0.1429400000
-0.5819100000
-1.1556000000
0.8543100000
0.5912000000
1.1480000000
-0.8070100000
-0.7397900000
-0.9143700000
-0.3719000000
-1.1096000000
0.5773700000
1.1591000000
-0.8757400000
-0.5168900000
-1.1861000000
1.0488000000
-0.2429900000
-0.8737300000
-0.5240400000
-1.1848000000
1.0397000000
-0.1961700000
-0.7490000000
-0.8929800000
-0.4539300000
-1.1774000000
0.9922500000
0.0365320000
0.1671900000
0.6613700000
1.0638000000
-0.3224500000
-1.0378000000
0.1861200000
0.7195300000
0.9585800000
0.1885800000
0.7268500000
0.9430700000
0.2550400000
0.9024800000
0.4180600000
1.1556000000
-0.8541400000
-0.5917600000
-1.1475000000
0.8039800000
0.7485700000
0.8940100000
0.4500800000
1.1757000000
-0.9809600000
-0.0887200000
-0.3840300000
-1.1236000000
0.6597800000
1.0662000000
-0.3354800000
-1.0589000000
0.2964300000
0.9906600000
0.0439610000
0.1996400000
0.7589600000
0.8689500000
0.5409000000
1.1796000000
-1.0060000000
0.0288020000
0.1328700000
0.5472700000
1.1769000000
-0.9888400000
-0.0524020000
-0.2358700000
-0.8561100000
-0.5851200000
-1.1531000000
0.8384700000
0.6433400000
1.0899000000
-0.4654000000
-1.1818000000
1.0206000000
-0.1000600000
-0.4277200000
-1.1627000000
0.8984600000
0.4333200000
1.1664000000
-0.9218200000
-0.3423400000
-1.0694000000
0.3526700000
1.0844000000
-0.4347400000
-1.1673000000
0.9274300000
0.3196800000
1.0331000000
-0.1621800000
-0.6454100000
-1.0871000000
0.4495900000
1.1754000000
-0.9794800000
-0.0954800000
-0.4102300000
-1.1492000000
0.8145500000
0.7175300000
0.9627400000
0.1703900000
0.6714400000
1.0479000000
-0.2383700000
-0.8623600000
-0.5638200000
-1.1682000000
0.9330500000
0.2967200000
0.9912200000
0.0413340000
0.1882200000
0.7257800000
0.9453700000
0.2453100000
0.8793900000
0.5038200000
1.1874000000
-1.0572000000
0.2870600000
0.9721100000
0.1287700000
0.5329000000
1.1824000000
-1.0242000000
0.1175300000
0.4926500000
1.1872000000
-1.0559000000
0.2805800000
0.9588200000
0.1875500000
0.7237700000
0.9496400000
0.2271400000
0.8338600000
0.6580500000
1.0688000000
-0.3495100000
-1.0799000000
0.4099900000
1.1490000000
-0.8133000000
-0.7212500000
-0.9549800000
-0.2042000000
-0.7718900000
-0.8363600000
-0.6501000000
-1.0805000000
0.4130600000
1.1516000000
-0.8292200000
-0.6726600000
-1.0459000000
0.2280000000
0.8360900000
0.6509700000
1.0792000000
-0.4062200000
-1.1457000000
0.7930700000
0.7795400000
0.8163300000
0.7121900000
0.9736400000
0.1219000000
0.5084400000
1.1872000000
-1.0554000000
0.2777700000
0.9529200000
0.2130800000
0.7964800000
0.7699800000
0.8412700000
0.6342900000
1.1018000000
-0.5329900000
-1.1823000000
1.0240000000
-0.1166500000
-0.4894500000
-1.1870000000
1.0542000000
-0.2712200000
-0.9388900000
-0.2725200000
-0.9417000000
-0.2607900000
-0.9156900000
-0.3667100000
-1.1031000000
0.5402400000
1.1798000000
-1.0077000000
0.0366810000
0.1678400000
0.6634400000
1.0606000000
-0.3053400000
-1.0075000000
0.0359030000
0.1644100000
0.6525700000
1.0769000000
-0.3935600000
-1.1337000000
0.7199200000
0.9577700000
0.1921400000
0.7373000000
0.9200200000
0.3495000000
1.0799000000
-0.4099200000
-1.1490000000
0.8129400000
0.7223300000
0.9527000000
0.2140500000
0.7991000000
0.7625700000
0.8600200000
0.5718200000
1.1630000000
-0.9004300000
-0.4258500000
-1.1614000000
0.8903000000
0.4639300000
1.1813000000
-1.0174000000
0.0842170000
0.3663400000
1.1026000000
-0.5376000000
-1.1808000000
1.0140000000
-0.0673450000
-0.2983400000
-0.9943400000
-0.0267240000
-0.1235500000
-0.5143400000
-1.1865000000
1.0512000000
-0.2558800000
-0.9044200000
-0.4106300000
-1.1496000000
0.8166500000
0.7112400000
0.9755500000
0.1133000000
0.4771900000
1.1850000000
-1.0415000000
0.2053600000
0.7751500000
0.8279000000
0.6767900000
1.0390000000
-0.1926600000
-0.7388300000
-0.9165700000
-0.3632300000
-1.0986000000
0.5147600000
1.1865000000
-1.0509000000
0.2539100000
0.8998300000
0.4281400000
1.1630000000
-0.9002800000
-0.4264400000
-1.1618000000
0.8928800000
0.4543100000
1.1776000000
-0.9933100000
-0.0315620000
-0.1451900000
-0.5895200000
-1.1494000000
0.8158700000
0.7135600000
0.9708600000
0.1343700000
0.5525000000
1.1744000000
-0.9729100000
-0.1251900000
-0.5202100000
-1.1856000000
1.0450000000
-0.2231900000
-0.8235400000
-0.6902700000
-1.0155000000
0.0749900000
0.3294900000
1.0494000000
-0.2462400000
-0.8816200000
-0.4957200000
-1.1874000000
1.0571000000
-0.2864500000
-0.9708800000
-0.1343000000
-0.5522400000
-1.1745000000
0.9737400000
0.1214400000
0.5068000000
1.1873000000
-1.0562000000
0.2818700000
0.9614900000
0.1758700000
0.6884500000
1.0188000000
-0.0910390000
-0.3930700000
-1.1332000000
0.7168900000
0.9640500000
0.1646400000
0.6532700000
1.0759000000
-0.3879300000
-1.1278000000
0.6848900000
1.0251000000
-0.1223600000
-0.5100900000
-1.1870000000
1.0545000000
-0.2727700000
-0.9422500000
-0.2584900000
-0.9104400000
-0.3873000000
-1.1272000000
0.6808500000
1.0321000000
-0.1575600000
-0.6304900000
-1.1066000000
0.5604000000
1.1702000000
-0.9458500000
-0.2432900000
-0.8744900000
-0.5213600000
-1.1853000000
1.0435000000
-0.2155400000
-0.8031500000
-0.7509800000
-0.8882900000
-0.4713400000
-1.1836000000
1.0322000000
-0.1578700000
-0.6314900000
-1.1054000000
0.5533000000
1.1740000000
-0.9703600000
-0.1366200000
-0.5602900000
-1.1702000000
0.9462700000
0.2414900000
0.8700600000
0.5370100000
1.1810000000
-1.0153000000
0.0739450000
0.3252700000
1.0425000000
-0.2103200000
-0.7888900000
-0.7910700000
-0.7850800000
-0.8014500000
-0.7558500000
-0.8765800000
-0.5139000000
-1.1866000000
1.0516000000
-0.2579000000
-0.9090900000
-0.3925700000
-1.1327000000
0.7138100000
0.9703500000
0.1366700000
0.5604700000
1.1701000000
-0.9456000000
-0.2443600000
-0.8770700000
-0.5121300000
-1.1868000000
1.0531000000
-0.2653900000
-0.9260600000
-0.3252400000
-1.0424000000
0.2100700000
0.7882100000
0.7929500000
0.7798600000
0.8154600000
0.7148000000
0.9683400000
0.1456400000
0.5910500000
1.1481000000
-0.8078000000
-0.7374800000
-0.9196200000
-0.3511100000
-1.0822000000
0.4225800000
1.1590000000
-0.8755400000
-0.5176100000
-1.1860000000
1.0480000000
-0.2389900000
-0.8639000000
-0.5585100000
-1.1712000000
0.9526800000
0.2141400000
0.7993400000
0.7618800000
0.8617300000
0.5659800000
1.1668000000
-0.9246100000
-0.3311200000
-1.0520000000
0.2599900000
0.9138700000
0.3738700000
1.1119000000
-0.5911600000
-1.1480000000
0.8072000000
0.7392300000
0.9156400000
0.3668900000
1.1033000000
-0.5415700000
-1.1793000000
1.0043000000
-0.0206700000
-0.0961540000
-0.4128100000
-1.1514000000
0.8279900000
0.6765100000
1.0395000000
-0.1951100000
-0.7459400000
-0.9002000000
-0.4267600000
-1.1620000000
0.8942700000
0.4491100000
1.1752000000
-0.9779800000
-0.1023000000
-0.4362200000
-1.1682000000
0.9331900000
0.2961500000
0.9901100000
0.0464930000
0.2105700000
0.7896000000
0.7891200000
0.7904500000
0.7867900000
0.7968100000
0.7690400000
0.8436800000
0.6264500000
1.1115000000
-0.5889500000
-1.1499000000
0.8188600000
0.7045500000
0.9887600000
0.0527750000
0.2374500000
0.8600700000
0.5716500000
1.1631000000
-0.9012000000
-0.4229500000
-1.1593000000
0.8772100000
0.5116300000
1.1869000000
-1.0534000000
0.2673300000
0.9303700000
0.3077300000
1.0119000000
-0.0572080000
-0.2561900000
-0.9051500000
-0.4078100000
-1.1471000000
0.8017200000
0.7551000000
0.8784000000
0.5073600000
1.1872000000
-1.0559000000
0.2805600000
0.9587700000
0.1877800000
0.7244600000
0.9481800000
0.2334100000
0.8499100000
0.6059300000
1.1342000000
-0.7229900000
-0.9513000000
-0.2200500000
-0.8152200000
-0.7155100000
-0.9668800000
-0.1521100000
-0.6126200000
-1.1272000000
0.6813500000
1.0313000000
-0.1532500000
-0.6163700000
-1.1232000000
0.6571400000
1.0702000000
-0.3569000000
-1.0902000000
0.4673000000
1.1824000000
-1.0246000000
0.1195500000
0.4999700000
1.1875000000
-1.0576000000
0.2894500000
0.9769300000
0.1070700000
0.4541300000
1.1775000000
-0.9928000000
-0.0339380000
-0.1557300000
-0.6245300000
-1.1138000000
0.6022900000
1.1378000000
-0.7447500000
-0.9029700000
-0.4161800000
-1.1541000000
0.8449400000
0.6223100000
1.1164000000
-0.6174800000
-1.1219000000
0.6498400000
1.0809000000
-0.4150900000
-1.1533000000
0.8395100000
0.6399800000
1.0944000000
-0.4909100000
-1.1871000000
1.0551000000
-0.2758900000
-0.9489400000
-0.2301600000
-0.8416300000
-0.6331200000
-1.1033000000
0.5415000000
1.1793000000
-1.0045000000
0.0215540000
0.1001800000
0.4281700000
1.1630000000
-0.9004100000
-0.4259400000
-1.1614000000
0.8906800000
0.4624900000
1.1808000000
-1.0142000000
0.0683550000
0.3024900000
1.0022000000
-0.0104930000
-0.0493180000
-0.2227100000
-0.8222600000
-0.6942000000
-1.0084000000
0.0400870000
0.1827800000
0.7095100000
0.9790000000
0.0976340000
0.4184800000
1.1559000000
-0.8562000000
-0.5848200000
-1.1533000000
0.8399600000
0.6385300000
1.0963000000
-0.5017400000
-1.1875000000
1.0575000000
-0.2889500000
-0.9759300000
-0.1115600000
-0.4708000000
-1.1834000000
1.0312000000
-0.1530100000
-0.6155800000
-1.1240000000
0.6623000000
1.0624000000
-0.3147800000
-1.0245000000
0.1194100000
0.4994600000
1.1875000000
-1.0576000000
0.2894000000
0.9768300000
0.1075000000
0.4557300000
1.1782000000
-0.9972400000
-0.0130890000
-0.0613600000
-0.2735700000
-0.9439800000
-0.2512100000
-0.8934900000
-0.4520400000
-1.1766000000
0.9868200000
0.0617750000
0.2753000000
0.9476800000
0.2355300000
0.8552500000
0.5880300000
1.1507000000
-0.8236400000
-0.6899900000
-1.0161000000
0.0774620000
0.3394400000
1.0650000000
-0.3290800000
-1.0487000000
0.2427900000
0.8732500000
0.5257600000
1.1843000000
-1.0371000000
0.1826200000
0.7090300000
0.9799500000
0.0933190000
0.4019000000
1.1418000000
-0.7689800000
-0.8438400000
-0.6259100000
-1.1122000000
0.5927100000
1.1467000000
-0.7989000000
-0.7631200000
-0.8586600000
-0.5764900000
-1.1597000000
0.8798000000
0.5023400000
1.1875000000
-1.0574000000
0.2885500000
0.9751300000
0.1152000000
0.4841500000
1.1863000000
-1.0498000000
0.2484800000
0.8870100000
0.4760600000
1.1848000000
-1.0399000000
0.1969200000
0.7511900000
0.8878000000
0.4731600000
1.1841000000
-1.0353000000
0.1736700000
0.6816800000
1.0307000000
-0.1503600000
-0.6068200000
-1.1333000000
0.7176000000
0.9625800000
0.1710800000
0.6736100000
1.0443000000
-0.2199000000
-0.8148500000
-0.7166400000
-0.9645600000
-0.1623800000
-0.6460600000
-1.0862000000
0.4445800000
1.1729000000
-0.9633300000
-0.1677800000
-0.6632400000
-1.0609000000
0.3070300000
1.0106000000
-0.0510080000
-0.2299300000
-0.8410400000
-0.6350200000
-1.1009000000
0.5276500000
1.1839000000
-1.0340000000
0.1668200000
0.6602000000
1.0656000000
-0.3320300000
-1.0535000000
0.2676000000
0.9309500000
0.3053500000
1.0075000000
-0.0360080000
-0.1648800000
-0.6540500000
-1.0748000000
0.3817200000
1.1210000000
-0.6445500000
-1.0882000000
0.4561700000
1.1784000000
-0.9984000000
-0.0075679000
-0.0356760000
-0.1634100000
-0.6493700000
-1.0815000000
0.4187900000
1.1562000000
-0.8576900000
-0.5797600000
-1.1573000000
0.8645800000
0.5561300000
1.1725000000
-0.9609400000
-0.1782900000
-0.6958900000
-1.0052000000
0.0249230000
0.1154300000
0.4850200000
1.1864000000
-1.0507000000
0.2528100000
0.8972700000
0.4378500000
1.1692000000
-0.9393900000
-0.2704600000
-0.9372300000
-0.2794600000
-0.9564700000
-0.1977500000
-0.7535500000
-0.8821300000
-0.4938800000
-1.1873000000
1.0565000000
-0.2833100000
-0.9644600000
-0.1628200000
-0.6474700000
-1.0842000000
0.4336100000
1.1666000000
-0.9229500000
-0.3377800000
-1.0625000000
0.3154500000
1.0257000000
-0.1253500000
-0.5207900000
-1.1854000000
1.0442000000
-0.2193800000
-0.8134500000
-0.7208100000
-0.9558900000
-0.2002600000
-0.7607400000
-0.8645700000
-0.5561600000
-1.1725000000
0.9608400000
0.1787100000
0.6971800000
1.0028000000
-0.0134050000
-0.0628220000
-0.2796600000
-0.9568800000
-0.1959700000
-0.7484400000
-0.8943200000
-0.4489400000
-1.1751000000
0.9774700000
0.1045900000
0.4448500000
1.1731000000
-0.9642600000
-0.1637100000
-0.6503000000
-1.0802000000
0.4114500000
1.1503000000
-0.8209600000
-0.6981800000
-1.0010000000
0.0045214000
0.0213790000
0.0993810000
0.4251500000
1.1609000000
-0.8871600000
-0.4755200000
-1.1847000000
1.0391000000
-0.1927900000
-0.7392000000
-0.9157200000
-0.3665900000
-1.1030000000
0.5394100000
1.1801000000
-1.0097000000
0.0465140000
0.2106600000
0.7898500000
0.7884300000
0.7923400000
0.7815500000
0.8109600000
0.7281900000
0.9401600000
0.2672500000
0.9301800000
0.3085100000
1.0133000000
-0.0641130000
-0.2850100000
-0.9679500000
-0.1473500000
-0.5967800000
-1.1430000000
0.7764400000
0.8245000000
0.6873200000
1.0208000000
-0.1009800000
-0.4312000000
-1.1650000000
0.9131900000
0.3765500000
1.1151000000
-0.6097300000
-1.1303000000
0.6995800000
0.9983000000
0.0080815000
0.0380770000
0.1739800000
0.6826200000
1.0291000000
-0.1421700000
-0.5793000000
-1.1576000000
0.8667500000
0.5485800000
1.1763000000
-0.9849900000
-0.0702480000
-0.3102400000
-1.0165000000
0.0794500000
0.3474000000
1.0769000000
-0.3933300000
-1.1334000000
0.7184800000
0.9607700000
0.1790200000
0.6981100000
1.0011000000
-0.0051497000
-0.0243350000
-0.1127800000
-0.4752800000
-1.1846000000
1.0387000000
-0.1909700000
-0.7338700000
-0.9276900000
-0.3186300000
-1.0313000000
0.1530900000
0.6158500000
1.1238000000
-0.6605600000
-1.0650000000
0.3290800000
1.0487000000
-0.2427700000
-0.8732000000
-0.5259300000
-1.1843000000
1.0368000000
-0.1812400000
-0.7048600000
-0.9881500000
-0.0556340000
-0.2495600000
-0.8895700000
-0.4666100000
-1.1822000000
1.0232000000
-0.1125200000
-0.4743300000
-1.1844000000
1.0372000000
-0.1834100000
-0.7114000000
-0.9752300000
-0.1147500000
-0.4825200000
-1.1860000000
1.0481000000
-0.2397200000
-0.8657200000
-0.5521900000
-1.1746000000
0.9739000000
0.1207200000
0.5042100000
1.1874000000
-1.0571000000
0.2865400000
0.9710700000
0.1334500000
0.5493100000
1.1760000000
-0.9828200000
-0.0801860000
-0.3503400000
-1.0811000000
0.4165300000
1.1544000000
-0.8467000000
-0.6165600000
-1.1230000000
0.6559200000
1.0720000000
-0.3667200000
-1.1031000000
0.5403800000
1.1798000000
-1.0073000000
0.0349910000
0.1603900000
0.6396700000
1.0948000000
-0.4932200000
-1.1873000000
1.0562000000
-0.2819100000
-0.9615800000
-0.1754800000
-0.6872700000
-1.0209000000
0.1014300000
0.4329100000
1.1661000000
-0.9201600000
-0.3489700000
-1.0792000000
0.4057700000
1.1453000000
-0.7905800000
-0.7864100000
-0.7978400000
-0.7661300000
-0.8510900000
-0.6019900000
-1.1381000000
0.7464900000
0.8989100000
0.4316400000
1.1653000000
-0.9149600000
-0.3695700000
-1.1067000000
0.5609000000
1.1699000000
-0.9440400000
-0.2509400000
-0.8928600000
-0.4543900000
-1.1776000000
0.9935300000
0.0305310000
0.1405900000
0.5739300000
1.1615000000
-0.8912600000
-0.4603300000
-1.1800000000
1.0091000000
-0.0434660000
-0.1974900000
-0.7528200000
-0.8838900000
-0.4874800000
-1.1868000000
1.0528000000
-0.2638000000
-0.9224900000
-0.3396200000
-1.0653000000
0.3305600000
1.0511000000
-0.2552900000
-0.9030600000
-0.4158300000
-1.1539000000
0.8432300000
0.6279300000
1.1098000000
-0.5786200000
-1.1581000000
0.8699400000
0.5374500000
1.1808000000
-1.0143000000
0.0689940000
0.3051100000
1.0071000000
-0.0338810000
-0.1554800000
-0.6237100000
-1.1148000000
0.6079300000
1.1322000000
-0.7107900000
-0.9764500000
-0.1092200000
-0.4621300000
-1.1807000000
1.0133000000
-0.0642450000
-0.2855600000
-0.9690700000
-0.1423700000
-0.5799800000
-1.1571000000
0.8635400000
0.5597200000
1.1706000000
-0.9483300000
-0.2327600000
-0.8482700000
-0.6113600000
-1.1286000000
0.6893700000
1.0172000000
-0.0828970000
-0.3611200000
-1.0959000000
0.4991200000
1.1875000000
-1.0576000000
0.2893200000
0.9766700000
0.1082300000
0.4584400000
1.1793000000
-1.0044000000
0.0207680000
0.0965990000
0.4145200000
1.1528000000
-0.8366600000
-0.6491300000
-1.0819000000
0.4206400000
1.1576000000
-0.8665000000
-0.5494800000
-1.1759000000
0.9823200000
0.0825120000
0.3595900000
1.0939000000
-0.4876600000
-1.1868000000
1.0529000000
-0.2645300000
-0.9241300000
-0.3330600000
-1.0551000000
0.2762300000
0.9496500000
0.2271000000
0.8337500000
0.6584100000
1.0683000000
-0.3466200000
-1.0758000000
0.3871100000
1.1270000000
-0.6796400000
-1.0342000000
0.1680700000
0.6641700000
1.0595000000
-0.2993500000
-0.9962700000
-0.0176680000
-0.0824400000
-0.3593100000
-1.0935000000
0.4855200000
1.1865000000
-1.0511000000
0.2552200000
0.9028800000
0.4165100000
1.1544000000
-0.8465700000
-0.6169700000
-1.1225000000
0.6532400000
1.0760000000
-0.3881700000
-1.1281000000
0.6864200000
1.0224000000
-0.1089000000
-0.4609600000
-1.1803000000
1.0106000000
-0.0507710000
-0.2289200000
-0.8384500000
-0.6434100000
-1.0898000000
0.4649200000
1.1817000000
-1.0196000000
0.0949070000
0.4080200000
1.1473000000
-0.8028400000
-0.7518800000
-0.8861400000
-0.4792500000
-1.1855000000
1.0443000000
-0.2196600000
-0.8142100000
-0.7185500000
-0.9606100000
-0.1797200000
-0.7002500000
-0.9970300000
-0.0140670000
-0.0658790000
-0.2923100000
-0.9826100000
-0.0811590000
-0.3542200000
-1.0865000000
0.4466900000
1.1740000000
-0.9703300000
-0.1367700000
-0.5608100000
-1.1699000000
0.9443500000
0.2496200000
0.8897300000
0.4660200000
1.1820000000
-1.0219000000
0.1064900000
0.4519700000
1.1765000000
-0.9866300000
-0.0626650000
-0.2790100000
-0.9555200000
-0.2018800000
-0.7653400000
-0.8530600000
-0.5954000000
-1.1443000000
0.7841700000
0.8039200000
0.7487600000
0.8935600000
0.4517600000
1.1764000000
-0.9860100000
-0.0655290000
-0.2908600000
-0.9797500000
-0.0942550000
-0.4055100000
-1.1451000000
0.7891800000
0.7902900000
0.7872200000
0.7956400000
0.7723300000
0.8352200000
0.6537400000
1.0752000000
-0.3841900000
-1.1238000000
0.6607800000
1.0647000000
-0.3272800000
-1.0458000000
0.2274600000
0.8346700000
0.6554700000
1.0727000000
-0.3703700000
-1.1077000000
0.5665400000
1.1665000000
-0.9223600000
-0.3401400000
-1.0661000000
0.3348300000
1.0579000000
-0.2910100000
-0.9800300000
-0.0929660000
-0.4005400000
-1.1405000000
0.7612000000
0.8634400000
0.5600900000
1.1704000000
-0.9470100000
-0.2383600000
-0.8623500000
-0.5638500000
-1.1681000000
0.9329300000
0.2972200000
0.9921900000
0.0368200000
0.1684600000
0.6653700000
1.0576000000
-0.2893600000
-0.9767400000
-0.1079300000
-0.4573200000
-1.1788000000
1.0015000000
-0.0069704000
-0.0328790000
-0.1510400000
-0.6090700000
-1.1310000000
0.7037100000
0.9903900000
0.0451940000
0.2049700000
0.7740400000
0.8307800000
0.6677800000
1.0538000000
-0.2692400000
-0.9345700000
-0.2904500000
-0.9789200000
-0.0980180000
-0.4199500000
-1.1571000000
0.8632200000
0.5608400000
1.1699000000
-0.9442400000
-0.2500900000
-0.8908400000
-0.4619100000
-1.1806000000
1.0128000000
-0.0616810000
-0.2749100000
-0.9468400000
-0.2390700000
-0.8641000000
-0.5578100000
-1.1716000000
0.9551200000
0.2036000000
0.7701900000
0.8407300000
0.6360400000
1.0996000000
-0.5201900000
-1.1856000000
1.0450000000
-0.2233100000
-0.8238600000
-0.6892900000
-1.0173000000
0.0836220000
0.3639900000
1.0996000000
-0.5203800000
-1.1855000000
1.0447000000
-0.2220500000
-0.8205300000
-0.6994800000
-0.9984800000
-0.0072177000
-0.0340370000
-0.1561700000
-0.6259700000
-1.1121000000
0.5923400000
1.1470000000
-0.8009000000
-0.7574300000
-0.8727100000
-0.5276500000
-1.1839000000
1.0340000000
-0.1667800000
-0.6600700000
-1.0658000000
0.3331200000
1.0552000000
-0.2767600000
-0.9507700000
-0.2223100000
-0.8212200000
-0.6973800000
-1.0024000000
0.0116510000
0.0546950000
0.2455900000
0.8800600000
0.5013700000
1.1875000000
-1.0576000000
0.2891400000
0.9763100000
0.1098600000
0.4645000000
1.1815000000
-1.0187000000
0.0904030000
0.3905900000
1.1306000000
-0.7016200000
-0.9944000000
-0.0264400000
-0.1222700000
-0.5097700000
-1.1870000000
1.0547000000
-0.2738100000
-0.9444700000
-0.2491000000
-0.8884800000
-0.4706300000
-1.1834000000
1.0309000000
-0.1515400000
-0.6107200000
-1.1293000000
0.6934200000
1.0098000000
-0.0469660000
-0.2126100000
-0.7951900000
-0.7736000000
-0.8319300000
-0.6641500000
-1.0595000000
0.2994900000
0.9965200000
0.0164560000
0.0768810000
0.3371100000
1.0615000000
-0.3099000000
-1.0158000000
0.0764700000
0.3354600000
1.0589000000
-0.2962400000
-0.9902900000
-0.0456630000
-0.2070000000
-0.7797000000
-0.8158900000
-0.7135200000
-0.9709400000
-0.1340200000
-0.5512600000
-1.1750000000
0.9768300000
0.1074900000
0.4556900000
1.1782000000
-0.9971100000
-0.0136820000
-0.0640990000
-0.2849500000
-0.9678400000
-0.1478700000
-0.5985200000
-1.1414000000
0.7666000000
0.8498900000
0.6060000000
1.1341000000
-0.7225900000
-0.9521600000
-0.2163700000
-0.8053900000
-0.7445000000
-0.9035500000
-0.4139700000
-1.1523000000
0.8338600000
0.6580700000
1.0688000000
-0.3494000000
-1.0798000000
0.4091000000
1.1483000000
-0.8085900000
-0.7351600000
-0.9248300000
-0.3302200000
-1.0506000000
0.2524100000
0.8963200000
0.4414100000
1.1712000000
-0.9523800000
-0.2154000000
-0.8027800000
-0.7520500000
-0.8857400000
-0.4807300000
-1.1857000000
1.0461000000
-0.2291300000
-0.8389800000
-0.6416900000
-1.0921000000
0.4780000000
1.1852000000
-1.0426000000
0.2111100000
0.7910700000
0.7850800000
0.8014600000
0.7558200000
0.8766500000
0.5136500000
1.1866000000
-1.0518000000
0.2589900000
0.9115900000
0.3828100000
1.1223000000
-0.6518000000
-1.0780000000
0.3996200000
1.1396000000
-0.7558900000
-0.8764800000
-0.5142500000
-1.1865000000
1.0513000000
-0.2562700000
-0.9053300000
-0.4071100000
-1.1465000000
0.7979300000
0.7658800000
0.8517100000
0.5999200000
1.1401000000
-0.7585900000
-0.8698800000
-0.5376600000
-1.1808000000
1.0138000000
-0.0665680000
-0.2951500000
-0.9881700000
-0.0555270000
-0.2491100000
-0.8885000000
-0.4705700000
-1.1834000000
1.0308000000
-0.1509900000
-0.6089000000
-1.1312000000
0.7048000000
0.9882800000
0.0550300000
0.2470100000
0.8834800000
0.4889800000
1.1869000000
-1.0539000000
0.2695900000
0.9353200000
0.2873600000
0.9727300000
0.1260200000
0.5231500000
1.1850000000
-1.0410000000
0.2028500000
0.7680900000
0.8461100000
0.6184800000
1.1208000000
-0.6432300000
-1.0901000000
0.4662600000
1.1821000000
-1.0224000000
0.1089700000
0.4612200000
1.1804000000
-1.0112000000
0.0537950000
0.2417800000
0.8707800000
0.5344700000
1.1819000000
-1.0209000000
0.1014100000
0.4328600000
1.1661000000
-0.9199500000
-0.3498000000
-1.0803000000
0.4122700000
1.1509000000
-0.8252100000
-0.6851500000
-1.0247000000
0.1201000000
0.5019500000
1.1875000000
-1.0575000000
0.2888300000
0.9756800000
0.1127100000
0.4750400000
1.1845000000
-1.0383000000
0.1890800000
0.7283000000
0.9399300000
0.2682000000
0.9322800000
0.2999000000
0.9973000000
0.0127780000
0.0599190000
0.2675600000
0.9308700000
0.3056600000
1.0081000000
-0.0388090000
-0.1771900000
-0.6925200000
-1.0114000000
0.0549790000
0.2467900000
0.8829600000
0.4908800000
1.1871000000
-1.0550000000
0.2758200000
0.9487800000
0.2308200000
0.8433200000
0.6276400000
1.1101000000
-0.5806300000
-1.1566000000
0.8604600000
0.5703300000
1.1640000000
-0.9068100000
-0.4014200000
-1.1413000000
0.7662600000
0.8507600000
0.6030900000
1.1370000000
-0.7399900000
-0.9139200000
-0.3736900000
-1.1117000000
0.5899400000
1.1491000000
-0.8136800000
-0.7201100000
-0.9573700000
-0.1938700000
-0.7423700000
-0.9084800000
-0.3949300000
-1.1351000000
0.7282100000
0.9401200000
0.2674200000
0.9305500000
0.3069800000
1.0105000000
-0.0505060000
-0.2277900000
-0.8355300000
-0.6527500000
-1.0767000000
0.3920800000
1.1322000000
-0.7108500000
-0.9763200000
-0.1098000000
-0.4642700000
-1.1814000000
1.0182000000
-0.0880000000
-0.3812200000
-1.1205000000
0.6412400000
1.0927000000
-0.4814200000
-1.1859000000
1.0469000000
-0.2333100000
-0.8496600000
-0.6067600000
-1.1334000000
0.7179700000
0.9618300000
0.1743900000
0.6839000000
1.0269000000
-0.1309900000
-0.5406900000
-1.1796000000
1.0065000000
-0.0312710000
-0.1438900000
-0.5851400000
-1.1531000000
0.8383700000
0.6436600000
1.0895000000
-0.4629800000
-1.1810000000
1.0153000000
-0.0738010000
-0.3246800000
-1.0415000000
0.2053400000
0.7750900000
0.8280600000
0.6762900000
1.0399000000
-0.1969400000
-0.7512500000
-0.8876500000
-0.4736900000
-1.1842000000
1.0362000000
-0.1781800000
-0.6955600000
-1.0058000000
0.0279220000
0.1289300000
0.5334500000
1.1822000000
-1.0230000000
0.1120000000
0.4724200000
1.1839000000
-1.0341000000
0.1673700000
0.6619600000
1.0629000000
-0.3175900000
-1.0294000000
0.1440000000
0.5855000000
1.1528000000
-0.8365700000
-0.6494200000
-1.0815000000
0.4184300000
1.1559000000
-0.8559600000
-0.5856200000
-1.1527000000
0.8359300000
0.6514600000
1.0785000000
-0.4023100000
-1.1422000000
0.7712900000
0.8379000000
0.6451500000
1.0874000000
-0.4515600000
-1.1764000000
0.9854000000
0.0683400000
0.3024300000
1.0021000000
-0.0099476000
-0.0467810000
-0.2118100000
-0.7930100000
-0.7796900000
-0.8159200000
-0.7134400000
-0.9711200000
-0.1332400000
-0.5485600000
-1.1763000000
0.9850700000
0.0698630000
0.3086700000
1.0136000000
-0.0655250000
-0.2908500000
-0.9797200000
-0.0943910000
-0.4060400000
-1.1456000000
0.7920500000
0.7823500000
0.8088300000
0.7344600000
0.9264000000
0.3238900000
1.0402000000
-0.1984800000
-0.7556600000
-0.8770200000
-0.5123100000
-1.1868000000
1.0529000000
-0.2646800000
-0.9244600000
-0.3317200000
-1.0530000000
0.2650600000
0.9253100000
0.3283000000
1.0475000000
-0.2361300000
-0.8567800000
-0.5828700000
-1.1549000000
0.8496100000
0.6069100000
1.1332000000
-0.7170300000
-0.9637600000
-0.1659100000
-0.6573200000
-1.0699000000
0.3554800000
1.0883000000
-0.4563900000
-1.1785000000
0.9990100000
0.0047109000
0.0222710000
0.1034300000
0.4404900000
1.1707000000
-0.9491000000
-0.2294900000
-0.8399000000
-0.6387100000
-1.0961000000
0.5003900000
1.1875000000
-1.0576000000
0.2894300000
0.9768800000
0.1073000000
0.4549700000
1.1779000000
-0.9951500000
-0.0229360000
-0.1064500000
-0.4518000000
-1.1765000000
0.9861100000
0.0650540000
0.2889000000
0.9758300000
0.1120200000
0.4725100000
1.1839000000
-1.0342000000
0.1681500000
0.6644100000
1.0591000000
-0.2973300000
-0.9924000000
-0.0358230000
-0.1640600000
-0.6514500000
-1.0786000000
0.4024200000
1.1423000000
-0.7719600000
-0.8361800000
-0.6506800000
-1.0797000000
0.4085200000
1.1478000000
-0.8055300000
-0.7441000000
-0.9044600000
-0.4104400000
-1.1494000000
0.8156700000
0.7141800000
0.9696000000
0.1400300000
0.5719900000
1.1629000000
-0.8997000000
-0.4286500000
-1.1633000000
0.9024500000
0.4181800000
1.1557000000
-0.8547300000
-0.5897900000
-1.1492000000
0.8144900000
0.7177200000
0.9623400000
0.1721300000
0.6768800000
1.0389000000
-0.1918600000
-0.7365000000
-0.9218300000
-0.3422800000
-1.0693000000
0.3522200000
1.0838000000
-0.4312300000
-1.1650000000
0.9132900000
0.3761500000
1.1146000000
-0.6069500000
-1.1332000000
0.7167900000
0.9642600000
0.1637100000
0.6503100000
1.0802000000
-0.4113700000
-1.1502000000
0.8205300000
0.6995000000
0.9984500000
0.0073328000
0.0345760000
0.1585600000
0.6337200000
1.1026000000
-0.5371200000
-1.1810000000
1.0151000000
-0.0726630000
-0.3200700000
-1.0337000000
0.1655600000
0.6562200000
1.0716000000
-0.3643000000
-1.1000000000
0.5226900000
1.1851000000
-1.0417000000
0.2062200000
0.7775500000
0.8215800000
0.6963000000
1.0045000000
-0.0213300000
-0.0991550000
-0.4242900000
-1.1603000000
0.8833000000
0.4896300000
1.1870000000
-1.0543000000
0.2718500000
0.9402500000
0.2668500000
0.9293000000
0.3120900000
1.0198000000
-0.0957830000
-0.4113900000
-1.1502000000
0.8206500000
0.6991400000
0.9991400000
0.0040867000
0.0193330000
0.0900550000
0.3892400000
1.1292000000
-0.6931400000
-1.0103000000
0.0494510000
0.2232800000
0.8237600000
0.6895900000
1.0168000000
-0.0809870000
-0.3535300000
-1.0856000000
0.4414100000
1.1712000000
-0.9523800000
-0.2154400000
-0.8028600000
-0.7518000000
-0.8863300000
-0.4785600000
-1.1853000000
1.0434000000
-0.2149600000
-0.8015700000
-0.7555100000
-0.8773800000
-0.5110100000
-1.1869000000
1.0539000000
-0.2696100000
-0.9353700000
-0.2871500000
-0.9723000000
-0.1279100000
-0.5298600000
-1.1833000000
1.0300000000
-0.1469900000
-0.5955600000
-1.1441000000
0.7832400000
0.8064300000
0.7414900000
0.9104900000
0.3871000000
1.1270000000
-0.6795700000
-1.0343000000
0.1686600000
0.6660200000
1.0566000000
-0.2839200000
-0.9657100000
-0.1572700000
-0.6295600000
-1.1078000000
0.5670500000
1.1661000000
-0.9203300000
-0.3482900000
-1.0782000000
0.4003900000
1.1404000000
-0.7603400000
-0.8655600000
-0.5527300000
-1.1743000000
0.9721900000
0.1284400000
0.5317200000
1.1827000000
-1.0265000000
0.1292700000
0.5346500000
1.1818000000
-1.0205000000
0.0994580000
0.4254400000
1.1611000000
-0.8884600000
-0.4707000000
-1.1834000000
1.0311000000
-0.1521400000
-0.6127300000
-1.1271000000
0.6806800000
1.0324000000
-0.1591000000
-0.6354700000
-1.1003000000
0.5243400000
1.1847000000
-1.0393000000
0.1938800000
0.7423900000
0.9084300000
0.3951100000
1.1352000000
-0.7293000000
-0.9377500000
-0.2772600000
-0.9518500000
-0.2177100000
-0.8089800000
-0.7340200000
-0.9273700000
-0.3199300000
-1.0335000000
0.1643700000
0.6524300000
1.0771000000
-0.3946900000
-1.1348000000
0.7267200000
0.9433400000
0.2539000000
0.8998200000
0.4281900000
1.1630000000
-0.9004800000
-0.4256800000
-1.1613000000
0.8895200000
0.4668200000
1.1823000000
-1.0236000000
0.1147000000
0.4823500000
1.1860000000
-1.0480000000
0.2387600000
0.8633300000
0.5604500000
1.1701000000
-0.9456800000
-0.2440200000
-0.8762500000
-0.5150900000
-1.1864000000
1.0506000000
-0.2523100000
-0.8960900000
-0.4422700000
-1.1717000000
0.9554000000
0.2023800000
0.7667700000
0.8494700000
0.6073900000
1.1327000000
-0.7140700000
-0.9698300000
-0.1389800000
-0.5684200000
-1.1653000000
0.9147400000
0.3704500000
1.1078000000
-0.5671500000
-1.1661000000
0.9198900000
0.3500400000
1.0807000000
-0.4142000000
-1.1525000000
0.8350200000
0.6543800000
1.0743000000
-0.3791300000
-1.1181000000
0.6272400000
1.1106000000
-0.5834600000
-1.1544000000
0.8467000000
0.6165500000
1.1230000000
-0.6560000000
-1.0719000000
0.3660900000
1.1023000000
-0.5357600000
-1.1814000000
1.0181000000
-0.0876150000
-0.3797100000
-1.1188000000
0.6311400000
1.1058000000
-0.5557600000
-1.1727000000
0.9621800000
0.1728300000
0.6790600000
1.0352000000
-0.1731100000
-0.6799400000
-1.0337000000
0.1654600000
0.6558900000
1.0721000000
-0.3669900000
-1.1035000000
0.5423000000
1.1790000000
-1.0025000000
0.0117280000
0.0550540000
0.2471100000
0.8837200000
0.4881200000
1.1868000000
-1.0532000000
0.2663400000
0.9281700000
0.3167000000
1.0279000000
-0.1362800000
-0.5591300000
-1.1709000000
0.9504700000
0.2236100000
0.8246400000
0.6868900000
1.0216000000
-0.1047600000
-0.4454800000
-1.1734000000
0.9663500000
0.1544400000
0.6202800000
1.1188000000
-0.6312000000
-1.1057000000
0.5553800000
1.1729000000
-0.9634900000
-0.1671100000
-0.6611300000
-1.0642000000
0.3244200000
1.0411000000
-0.2031100000
-0.7688200000
-0.8442300000
-0.6246400000
-1.1137000000
0.6015500000
1.1385000000
-0.7491200000
-0.8927200000
-0.4549000000
-1.1778000000
0.9949600000
0.0238100000
0.1104100000
0.4665300000
1.1822000000
-1.0230000000
0.1117100000
0.4713500000
1.1836000000
-1.0322000000
0.1580300000
0.6320100000
1.1047000000
-0.5495100000
-1.1759000000
0.9822100000
0.0830180000
0.3616000000
1.0965000000
-0.5026900000
-1.1875000000
1.0574000000
-0.2882600000
-0.9745500000
-0.1178200000
-0.4937000000
-1.1873000000
1.0564000000
-0.2829400000
-0.9637000000
-0.1661400000
-0.6580700000
-1.0688000000
0.3493800000
1.0797000000
-0.4089600000
-1.1481000000
0.8078400000
0.7373600000
0.9198800000
0.3501000000
1.0808000000
-0.4146100000
-1.1529000000
0.8371300000
0.6476500000
1.0840000000
-0.4322500000
-1.1657000000
0.9174900000
0.3595800000
1.0938000000
-0.4875900000
-1.1868000000
1.0528000000
-0.2642500000
-0.9235100000
-0.3355200000
-1.0590000000
0.2967700000
0.9913200000
0.0408600000
0.1861500000
0.7196300000
0.9583800000
0.1894600000
0.7294300000
0.9374600000
0.2784800000
0.9544200000
0.2066600000
0.7787600000
0.8183900000
0.7059800000
0.9859700000
0.0657000000
0.2915700000
0.9811500000
0.0878670000
0.3807000000
1.1199000000
-0.6377600000
-1.0974000000
0.5074900000
1.1872000000
-1.0559000000
0.2802600000
0.9581300000
0.1905400000
0.7326200000
0.9304700000
0.3072900000
1.0111000000
-0.0533060000
-0.2397100000
-0.8656800000
-0.5523300000
-1.1745000000
0.9734600000
0.1227100000
0.5113400000
1.1869000000
-1.0536000000
0.2684100000
0.9327400000
0.2979800000
0.9936500000
0.0299800000
0.1381300000
0.5655000000
1.1671000000
-0.9264800000
-0.3235600000
-1.0396000000
0.1957300000
0.7477300000
0.8959900000
0.4426500000
1.1719000000
-0.9567500000
-0.1965600000
-0.7501400000
-0.8902900000
-0.4639600000
-1.1813000000
1.0175000000
-0.0846170000
-0.3679200000
-1.1046000000
0.5490400000
1.1761000000
-0.9836300000
-0.0764920000
-0.3355400000
-1.0590000000
0.2969600000
0.9916800000
0.0391900000
0.1788600000
0.6976300000
1.0020000000
-0.0094451000
-0.0444410000
-0.2017100000
-0.7648700000
-0.8542700000
-0.5913400000
-1.1479000000
0.8062300000
0.7420600000
0.9091900000
0.3921800000
1.1323000000
-0.7114700000
-0.9750800000
-0.1154300000
-0.4850200000
-1.1864000000
1.0507000000
-0.2528300000
-0.8973100000
-0.4376900000
-1.1691000000
0.9387600000
0.2730600000
0.9428600000
0.2559200000
0.9045200000
0.4102200000
1.1492000000
-0.8145300000
-0.7175900000
-0.9626100000
-0.1709800000
-0.6732900000
-1.0449000000
0.2226200000
0.8220300000
0.6949200000
1.0070000000
-0.0336270000
-0.1543600000
-0.6200200000
-1.1191000000
0.6330000000
1.1035000000
-0.5423900000
-1.1790000000
1.0022000000
-0.0105460000
-0.0495630000
-0.2237600000
-0.8250300000
-0.6856900000
-1.0237000000
0.1153200000
0.4845900000
1.1864000000
-1.0503000000
0.2507000000
0.8922800000
0.4565700000
1.1785000000
-0.9994800000
-0.0024499000
-0.0116090000
-0.0545010000
-0.2447700000
-0.8780700000
-0.5085500000
-1.1872000000
1.0554000000
-0.2774700000
-0.9522700000
-0.2158800000
-0.8040500000
-0.7483700000
-0.8944900000
-0.4482900000
-1.1748000000
0.9754200000
0.1138700000
0.4792800000
1.1855000000
-1.0443000000
0.2198500000
0.8147000000
0.7170700000
0.9636900000
0.1662100000
0.6582800000
1.0685000000
-0.3476300000
-1.0772000000
0.3951600000
1.1353000000
-0.7296000000
-0.9371000000
-0.2799800000
-0.9575500000
-0.1930800000
-0.7400400000
-0.9138000000
-0.3741500000
-1.1123000000
0.5931400000
1.1463000000
-0.7965600000
-0.7697500000
-0.8418800000
-0.6323200000
-1.1043000000
0.5472600000
1.1769000000
-0.9888600000
-0.0523380000
-0.2355900000
-0.8554200000
-0.5874600000
-1.1512000000
0.8265900000
0.6808500000
1.0321000000
-0.1575700000
-0.6305200000
-1.1066000000
0.5602400000
1.1703000000
-0.9464600000
-0.2407000000
-0.8681200000
-0.5438300000
-1.1784000000
0.9984100000
0.0075636000
0.0356560000
0.1633300000
0.6490900000
1.0819000000
-0.4210000000
-1.1579000000
0.8681800000
0.5436200000
1.1785000000
-0.9989900000
-0.0048012000
-0.0226960000
-0.1053600000
-0.4477300000
-1.1745000000
0.9736700000
0.1217700000
0.5079900000
1.1872000000
-1.0556000000
