0.2872400000
0.2912300000
0.2939800000
0.2954600000
0.2956800000
0.2946300000
0.2923100000
0.2887300000
0.2839000000
0.2778600000
0.2706200000
0.2622300000
0.2527200000
0.2421500000
0.2305500000
0.2179900000
0.2045300000
0.1902300000
0.1751500000
0.1593700000
0.1429600000
0.1259800000
0.1085100000
0.0906310000
0.0724070000
0.0539140000
0.0352240000
0.0164080000
-0.0024664000
-0.0213320000
-0.0401260000
-0.0587880000
-0.0772590000
-0.0954860000
-0.1134200000
-0.1310100000
-0.1482200000
-0.1650100000
-0.1813400000
-0.1971800000
-0.2125100000
-0.2273100000
-0.2415500000
-0.2552300000
-0.2683200000
-0.2808400000
-0.2927700000
-0.3041100000
-0.3148700000
-0.3250400000
-0.3346500000
-0.3437100000
-0.3522100000
-0.3601900000
-0.3676600000
-0.3746200000
-0.3811200000
-0.3871500000
-0.3927500000
-0.3979400000
-0.4027300000
-0.4071500000
-0.4112200000
-0.4149500000
-0.4183700000
-0.4215000000
-0.4243400000
-0.4269300000
-0.4292700000
-0.4313700000
-0.4332500000
-0.4349200000
-0.4363700000
-0.4376300000
-0.4386900000
-0.4395600000
-0.4402300000
-0.4407000000
-0.4409700000
-0.4410300000
-0.4408700000
-0.4404900000
-0.4398700000
-0.4389900000
-0.4378400000
-0.4364100000
-0.4346800000
-0.4326200000
-0.4302100000
-0.4274300000
-0.4242700000
-0.4206900000
-0.4166800000
-0.4122100000
-0.4072500000
-0.4017800000
-0.3957900000
-0.3892400000
-0.3821300000
-0.3744200000
-0.3661100000
-0.3571700000
-0.3475900000
-0.3373700000
-0.3265000000
-0.3149600000
-0.3027600000
-0.2899000000
-0.2763800000
-0.2622100000
-0.2474100000
-0.2320000000
-0.2159800000
-0.1993900000
-0.1822500000
-0.1646100000
-0.1464900000
-0.1279300000
-0.1089900000
-0.0897190000
-0.0701590000
-0.0503730000
-0.0304220000
-0.0103690000
0.0097197000
0.0297740000
0.0497240000
0.0694940000
0.0890100000
0.1082000000
0.1269800000
0.1452800000
0.1630200000
0.1801300000
0.1965400000
0.2121700000
0.2269500000
0.2408300000
0.2537300000
0.2656000000
0.2763900000
0.2860400000
0.2945200000
0.3017900000
0.3078200000
0.3125700000
0.3160500000
0.3182200000
0.3190900000
0.3186600000
0.3169300000
0.3139300000
0.3096700000
0.3041700000
0.2974700000
0.2896200000
0.2806400000
0.2705900000
0.2595300000
0.2475000000
0.2345600000
0.2207800000
0.2062200000
0.1909400000
0.1750100000
0.1584900000
0.1414600000
0.1239800000
0.1061100000
0.0879120000
0.0694570000
0.0508020000
0.0320030000
0.0131170000
-0.0058043000
-0.0247110000
-0.0435560000
-0.0622970000
-0.0808940000
-0.0993100000
-0.1175100000
-0.1354700000
-0.1531600000
-0.1705500000
-0.1876300000
-0.2043800000
-0.2207800000
-0.2368200000
-0.2525000000
-0.2677900000
-0.2827100000
-0.2972400000
-0.3113800000
-0.3251400000
-0.3385100000
-0.3514900000
-0.3641000000
-0.3763200000
-0.3881600000
-0.3996400000
-0.4107400000
-0.4214800000
-0.4318500000
-0.4418700000
-0.4515300000
-0.4608300000
-0.4697800000
-0.4783700000
-0.4866000000
-0.4944800000
-0.5019900000
-0.5091400000
-0.5159100000
-0.5223100000
-0.5283200000
-0.5339300000
-0.5391400000
-0.5439300000
-0.5482900000
-0.5522100000
-0.5556700000
-0.5586700000
-0.5611700000
-0.5631800000
-0.5646600000
-0.5656100000
-0.5660100000
-0.5658400000
-0.5650800000
-0.5637200000
-0.5617500000
-0.5591400000
-0.5558800000
-0.5519600000
-0.5473600000
-0.5420700000
-0.5360800000
-0.5293800000
-0.5219600000
-0.5138100000
-0.5049400000
-0.4953200000
-0.4849700000
-0.4738700000
-0.4620400000
-0.4494700000
-0.4361800000
-0.4221600000
-0.4074200000
-0.3919900000
-0.3758600000
-0.3590600000
-0.3416100000
-0.3235200000
-0.3048100000
-0.2855200000
-0.2656700000
-0.2452900000
-0.2244000000
-0.2030500000
-0.1812700000
-0.1591100000
-0.1365900000
-0.1137700000
-0.0906940000
-0.0674070000
-0.0439610000
-0.0204120000
0.0031876000
0.0267790000
0.0503030000
0.0736980000
0.0969020000
0.1198500000
0.1424800000
0.1647200000
0.1865100000
0.2077700000
0.2284500000
0.2484700000
0.2677800000
0.2863000000
0.3039700000
0.3207300000
0.3365300000
0.3513000000
0.3650000000
0.3775700000
0.3889800000
0.3991700000
0.4081300000
0.4158100000
0.4221900000
0.4272600000
0.4309900000
0.4333800000
0.4344300000
0.4341500000
0.4325300000
0.4296000000
0.4253800000
0.4198800000
0.4131500000
0.4052200000
0.3961300000
0.3859100000
0.3746200000
0.3623000000
0.3490100000
0.3348000000
0.3197300000
0.3038500000
0.2872200000
0.2699000000
0.2519400000
0.2334100000
0.2143500000
0.1948300000
0.1749000000
0.1546100000
0.1340100000
0.1131500000
0.0920780000
0.0708360000
0.0494690000
0.0280160000
0.0065155000
-0.0149960000
-0.0364830000
-0.0579140000
-0.0792580000
-0.1004800000
-0.1215700000
-0.1424700000
-0.1631800000
-0.1836700000
-0.2039100000
-0.2238800000
-0.2435500000
-0.2629000000
-0.2819100000
-0.3005500000
-0.3188000000
-0.3366400000
-0.3540300000
-0.3709700000
-0.3874100000
-0.4033400000
-0.4187300000
-0.4335500000
-0.4477800000
-0.4613900000
-0.4743600000
-0.4866500000
-0.4982500000
-0.5091200000
-0.5192400000
-0.5285900000
-0.5371400000
-0.5448700000
-0.5517700000
-0.5578000000
-0.5629600000
-0.5672300000
-0.5706000000
-0.5730400000
-0.5745600000
-0.5751500000
-0.5748000000
-0.5735100000
-0.5712800000
-0.5681100000
-0.5640200000
-0.5589900000
-0.5530500000
-0.5462100000
-0.5384900000
-0.5298900000
-0.5204300000
-0.5101400000
-0.4990400000
-0.4871500000
-0.4744900000
-0.4610900000
-0.4469700000
-0.4321700000
-0.4167000000
-0.4006000000
-0.3838900000
-0.3666100000
-0.3487700000
-0.3304100000
-0.3115600000
-0.2922500000
-0.2725000000
-0.2523500000
-0.2318200000
-0.2109400000
-0.1897500000
-0.1682600000
-0.1465200000
-0.1245600000
-0.1023900000
-0.0800700000
-0.0576160000
-0.0350690000
-0.0124630000
0.0101640000
0.0327730000
0.0553250000
0.0777760000
0.1000800000
0.1222000000
0.1440900000
0.1656900000
0.1869500000
0.2078300000
0.2282800000
0.2482200000
0.2676300000
0.2864300000
0.3045600000
0.3219900000
0.3386400000
0.3544700000
0.3694100000
0.3834200000
0.3964500000
0.4084400000
0.4193600000
0.4291500000
0.4377700000
0.4452000000
0.4514000000
0.4563300000
0.4599900000
0.4623500000
0.4634000000
0.4631200000
0.4615300000
0.4586200000
0.4544000000
0.4488900000
0.4421000000
0.4340600000
0.4248000000
0.4143500000
0.4027500000
0.3900400000
0.3762700000
0.3614800000
0.3457200000
0.3290600000
0.3115400000
0.2932100000
0.2741500000
0.2544000000
0.2340300000
0.2131000000
0.1916600000
0.1697700000
0.1475000000
0.1248900000
0.1020100000
0.0789090000
0.0556370000
0.0322500000
0.0087956000
-0.0146760000
-0.0381200000
-0.0614880000
-0.0847390000
-0.1078300000
-0.1307200000
-0.1533700000
-0.1757500000
-0.1978100000
-0.2195200000
-0.2408400000
-0.2617600000
-0.2822200000
-0.3022100000
-0.3216900000
-0.3406400000
-0.3590200000
-0.3768100000
-0.3939800000
-0.4105200000
-0.4263900000
-0.4415800000
-0.4560600000
-0.4698100000
-0.4828200000
-0.4950700000
-0.5065300000
-0.5172100000
-0.5270800000
-0.5361400000
-0.5443800000
-0.5517800000
-0.5583500000
-0.5640700000
-0.5689600000
-0.5730100000
-0.5762100000
-0.5785900000
-0.5801300000
-0.5808600000
-0.5807800000
-0.5798900000
-0.5782300000
-0.5757800000
-0.5725900000
-0.5686500000
-0.5639900000
-0.5586300000
-0.5525800000
-0.5458700000
-0.5385100000
-0.5305300000
-0.5219500000
-0.5127800000
-0.5030500000
-0.4927700000
-0.4819700000
-0.4706600000
-0.4588600000
-0.4466000000
-0.4338700000
-0.4207100000
-0.4071300000
-0.3931400000
-0.3787500000
-0.3639800000
-0.3488400000
-0.3333500000
-0.3175000000
-0.3013200000
-0.2848100000
-0.2680000000
-0.2508700000
-0.2334600000
-0.2157700000
-0.1978100000
-0.1796100000
-0.1611600000
-0.1425000000
-0.1236300000
-0.1045800000
-0.0853780000
-0.0660370000
-0.0465870000
-0.0270570000
-0.0074802000
0.0121110000
0.0316780000
0.0511820000
0.0705800000
0.0898280000
0.1088800000
0.1276700000
0.1461700000
0.1643100000
0.1820300000
0.1992800000
0.2160000000
0.2321300000
0.2475900000
0.2623500000
0.2763200000
0.2894600000
0.3017000000
0.3129800000
0.3232600000
0.3324700000
0.3405700000
0.3475200000
0.3532700000
0.3577800000
0.3610400000
0.3630000000
0.3636600000
0.3630000000
0.3610000000
0.3576800000
0.3530200000
0.3470600000
0.3398000000
0.3312600000
0.3214900000
0.3105100000
0.2983600000
0.2851100000
0.2707800000
0.2554600000
0.2391900000
0.2220300000
0.2040700000
0.1853700000
0.1659900000
0.1460300000
0.1255400000
0.1046200000
0.0833360000
0.0617650000
0.0399850000
0.0180720000
-0.0039017000
-0.0258630000
-0.0477410000
-0.0694700000
-0.0909830000
-0.1122200000
-0.1331200000
-0.1536300000
-0.1737000000
-0.1932800000
-0.2123200000
-0.2308000000
-0.2486600000
-0.2658800000
-0.2824400000
-0.2983000000
-0.3134500000
-0.3278800000
-0.3415600000
-0.3545000000
-0.3666900000
-0.3781300000
-0.3888200000
-0.3987600000
-0.4079800000
-0.4164700000
-0.4242500000
-0.4313300000
-0.4377500000
-0.4435000000
-0.4486300000
-0.4531400000
-0.4570700000
-0.4604400000
-0.4632700000
-0.4655900000
-0.4674300000
-0.4688000000
-0.4697400000
-0.4702700000
-0.4704100000
-0.4701900000
-0.4696200000
-0.4687300000
-0.4675300000
-0.4660500000
-0.4643000000
-0.4622900000
-0.4600300000
-0.4575300000
-0.4548100000
-0.4518700000
-0.4487000000
-0.4453200000
-0.4417300000
-0.4379200000
-0.4338800000
-0.4296200000
-0.4251300000
-0.4203900000
-0.4154000000
-0.4101500000
-0.4046200000
-0.3988100000
-0.3926800000
-0.3862400000
-0.3794600000
-0.3723300000
-0.3648300000
-0.3569400000
-0.3486600000
-0.3399600000
-0.3308300000
-0.3212500000
-0.3112200000
-0.3007200000
-0.2897500000
-0.2782900000
-0.2663500000
-0.2539100000
-0.2409900000
-0.2275900000
-0.2137100000
-0.1993600000
-0.1845600000
-0.1693200000
-0.1536700000
-0.1376200000
-0.1212200000
-0.1044800000
-0.0874530000
-0.0701730000
-0.0526830000
-0.0350330000
-0.0172730000
0.0005424500
0.0183560000
0.0361080000
0.0537340000
0.0711690000
0.0883480000
0.1052000000
0.1216600000
0.1376600000
0.1531200000
0.1679800000
0.1821800000
0.1956300000
0.2082800000
0.2200700000
0.2309400000
0.2408400000
0.2497000000
0.2575000000
0.2641800000
0.2697000000
0.2740500000
0.2771900000
0.2791100000
0.2798000000
0.2792400000
0.2774400000
0.2744200000
0.2701800000
0.2647500000
0.2581500000
0.2504100000
0.2415800000
0.2317000000
0.2208200000
0.2089900000
0.1962700000
0.1827200000
0.1684100000
0.1534000000
0.1377700000
0.1215700000
0.1049000000
0.0878120000
0.0703850000
0.0526900000
0.0347970000
0.0167760000
-0.0013051000
-0.0193820000
-0.0373930000
-0.0552760000
-0.0729770000
-0.0904420000
-0.1076200000
-0.1244700000
-0.1409500000
-0.1570100000
-0.1726400000
-0.1877900000
-0.2024400000
-0.2165800000
-0.2301700000
-0.2432300000
-0.2557200000
-0.2676500000
-0.2790100000
-0.2898100000
-0.3000500000
-0.3097300000
-0.3188700000
-0.3274700000
-0.3355600000
-0.3431400000
-0.3502400000
-0.3568700000
-0.3630400000
-0.3687900000
-0.3741400000
-0.3790900000
-0.3836800000
-0.3879200000
-0.3918400000
-0.3954500000
-0.3987800000
-0.4018300000
-0.4046300000
-0.4072000000
-0.4095400000
-0.4116700000
-0.4135900000
-0.4153300000
-0.4168700000
-0.4182400000
-0.4194200000
-0.4204300000
-0.4212500000
-0.4218900000
-0.4223400000
-0.4225900000
-0.4226300000
-0.4224600000
-0.4220500000
-0.4213900000
-0.4204700000
-0.4192700000
-0.4177600000
-0.4159200000
-0.4137400000
-0.4111900000
-0.4082500000
-0.4048800000
-0.4010800000
-0.3968000000
-0.3920400000
-0.3867600000
-0.3809400000
-0.3745600000
-0.3676000000
-0.3600400000
-0.3518600000
-0.3430500000
-0.3335900000
-0.3234800000
-0.3127100000
-0.3012700000
-0.2891600000
-0.2763900000
-0.2629600000
-0.2488800000
-0.2341700000
-0.2188500000
-0.2029300000
-0.1864500000
-0.1694400000
-0.1519300000
-0.1339600000
-0.1155800000
-0.0968360000
-0.0777810000
-0.0584700000
-0.0389630000
-0.0193220000
0.0003848000
0.0200900000
0.0397230000
0.0592110000
0.0784790000
0.0974510000
0.1160500000
0.1342000000
0.1518300000
0.1688600000
0.1852100000
0.2008200000
0.2156200000
0.2295300000
0.2425000000
0.2544700000
0.2653800000
0.2751900000
0.2838400000
0.2913100000
0.2975500000
0.3025500000
0.3062800000
0.3087300000
0.3098900000
0.3097700000
0.3083600000
0.3056800000
0.3017500000
0.2966000000
0.2902600000
0.2827600000
0.2741500000
0.2644700000
0.2537700000
0.2421100000
0.2295400000
0.2161300000
0.2019300000
0.1870200000
0.1714600000
0.1553100000
0.1386400000
0.1215200000
0.1040100000
0.0861710000
0.0680730000
0.0497720000
0.0313290000
0.0127970000
-0.0057694000
-0.0243210000
-0.0428110000
-0.0611960000
-0.0794350000
-0.0974920000
-0.1153300000
-0.1329300000
-0.1502500000
-0.1672800000
-0.1839900000
-0.2003700000
-0.2164000000
-0.2320800000
-0.2473800000
-0.2623100000
-0.2768600000
-0.2910200000
-0.3048000000
-0.3182000000
-0.3312200000
-0.3438600000
-0.3561200000
-0.3680100000
-0.3795400000
-0.3907100000
-0.4015200000
-0.4119800000
-0.4220900000
-0.4318600000
-0.4412900000
-0.4503900000
-0.4591500000
-0.4675800000
-0.4756800000
-0.4834400000
-0.4908700000
-0.4979500000
-0.5046900000
-0.5110800000
-0.5171100000
-0.5227700000
-0.5280600000
-0.5329500000
-0.5374500000
-0.5415200000
-0.5451700000
-0.5483700000
-0.5511100000
-0.5533700000
-0.5551300000
-0.5563800000
-0.5570900000
-0.5572500000
-0.5568400000
-0.5558400000
-0.5542200000
-0.5519900000
-0.5491000000
-0.5455600000
-0.5413300000
-0.5364200000
-0.5308000000
-0.5244600000
-0.5173900000
-0.5095800000
-0.5010200000
-0.4917100000
-0.4816400000
-0.4708100000
-0.4592200000
-0.4468800000
-0.4337700000
-0.4199300000
-0.4053400000
-0.3900200000
-0.3739900000
-0.3572600000
-0.3398500000
-0.3217800000
-0.3030700000
-0.2837600000
-0.2638600000
-0.2434100000
-0.2224500000
-0.2010000000
-0.1791100000
-0.1568200000
-0.1341800000
-0.1112200000
-0.0880040000
-0.0645760000
-0.0409920000
-0.0173060000
0.0064233000
0.0301360000
0.0537700000
0.0772630000
0.1005500000
0.1235600000
0.1462400000
0.1685100000
0.1903000000
0.2115600000
0.2322000000
0.2521700000
0.2713900000
0.2898100000
0.3073500000
0.3239700000
0.3396000000
0.3541900000
0.3676900000
0.3800500000
0.3912200000
0.4011800000
0.4098900000
0.4173200000
0.4234400000
0.4282500000
0.4317300000
0.4338700000
0.4346800000
0.4341600000
0.4323200000
0.4291900000
0.4247800000
0.4191300000
0.4122500000
0.4042000000
0.3950100000
0.3847300000
0.3733900000
0.3610600000
0.3477900000
0.3336200000
0.3186200000
0.3028400000
0.2863400000
0.2691700000
0.2513900000
0.2330500000
0.2142200000
0.1949400000
0.1752600000
0.1552400000
0.1349300000
0.1143600000
0.0935940000
0.0726620000
0.0516070000
0.0304680000
0.0092806000
-0.0119220000
-0.0331060000
-0.0542420000
-0.0753010000
-0.0962540000
-0.1170800000
-0.1377400000
-0.1582200000
-0.1785000000
-0.1985400000
-0.2183300000
-0.2378500000
-0.2570600000
-0.2759500000
-0.2944900000
-0.3126600000
-0.3304200000
-0.3477700000
-0.3646600000
-0.3810800000
-0.3969900000
-0.4123700000
-0.4271900000
-0.4414200000
-0.4550300000
-0.4679800000
-0.4802600000
-0.4918300000
-0.5026700000
-0.5127400000
-0.5220100000
-0.5304700000
-0.5380800000
-0.5448300000
-0.5506800000
-0.5556200000
-0.5596400000
-0.5627100000
-0.5648100000
-0.5659500000
-0.5661100000
-0.5652800000
-0.5634600000
-0.5606500000
-0.5568600000
-0.5520800000
-0.5463300000
-0.5396200000
-0.5319500000
-0.5233500000
-0.5138300000
-0.5034100000
-0.4921200000
-0.4799800000
-0.4670000000
-0.4532300000
-0.4386900000
-0.4234100000
-0.4074100000
-0.3907300000
-0.3734100000
-0.3554700000
-0.3369400000
-0.3178700000
-0.2982700000
-0.2782000000
-0.2576700000
-0.2367300000
-0.2154000000
-0.1937300000
-0.1717400000
-0.1494800000
-0.1269700000
-0.1042500000
-0.0813630000
-0.0583380000
-0.0352140000
-0.0120300000
0.0111740000
0.0343580000
0.0574820000
0.0805020000
0.1033700000
0.1260500000
0.1484900000
0.1706400000
0.1924600000
0.2138900000
0.2348800000
0.2553900000
0.2753500000
0.2947100000
0.3134300000
0.3314400000
0.3487000000
0.3651500000
0.3807400000
0.3954200000
0.4091400000
0.4218500000
0.4335200000
0.4441000000
0.4535500000
0.4618400000
0.4689400000
0.4748100000
0.4794500000
0.4828300000
0.4849300000
0.4857600000
0.4853000000
0.4835600000
0.4805500000
0.4762800000
0.4707600000
0.4640200000
0.4560700000
0.4469600000
0.4367200000
0.4253800000
0.4129800000
0.3995700000
0.3851800000
0.3698800000
0.3537100000
0.3367200000
0.3189600000
0.3004900000
0.2813600000
0.2616200000
0.2413200000
0.2205200000
0.1992800000
0.1776300000
0.1556400000
0.1333400000
0.1107900000
0.0880410000
0.0651270000
0.0420960000
0.0189910000
-0.0041473000
-0.0272790000
-0.0503640000
-0.0733650000
-0.0962450000
-0.1189700000
-0.1414900000
-0.1637900000
-0.1858300000
-0.2075700000
-0.2289700000
-0.2500100000
-0.2706500000
-0.2908500000
-0.3105800000
-0.3298200000
-0.3485200000
-0.3666500000
-0.3841800000
-0.4010700000
-0.4173000000
-0.4328300000
-0.4476300000
-0.4616700000
-0.4749200000
-0.4873500000
-0.4989500000
-0.5096700000
-0.5195000000
-0.5284200000
-0.5364000000
-0.5434400000
-0.5495100000
-0.5546100000
-0.5587200000
-0.5618400000
-0.5639600000
-0.5650900000
-0.5652200000
-0.5643600000
-0.5625200000
-0.5597100000
-0.5559400000
-0.5512200000
-0.5455800000
-0.5390300000
-0.5315900000
-0.5232900000
-0.5141500000
-0.5042100000
-0.4934700000
-0.4819900000
-0.4697700000
-0.4568600000
-0.4432800000
-0.4290700000
-0.4142500000
-0.3988500000
-0.3829000000
-0.3664400000
-0.3494800000
-0.3320600000
-0.3142100000
-0.2959400000
-0.2773000000
-0.2583000000
-0.2389600000
-0.2193200000
-0.1994000000
-0.1792200000
-0.1588000000
-0.1381700000
-0.1173600000
-0.0963950000
-0.0752930000
-0.0540860000
-0.0328010000
-0.0114690000
0.0098812000
0.0312160000
0.0525010000
0.0737000000
0.0947750000
0.1156900000
0.1363900000
0.1568500000
0.1770100000
0.1968200000
0.2162400000
0.2352200000
0.2537000000
0.2716200000
0.2889400000
0.3055900000
0.3215200000
0.3366800000
0.3510000000
0.3644400000
0.3769300000
0.3884300000
0.3988900000
0.4082600000
0.4165000000
0.4235600000
0.4294100000
0.4340200000
0.4373500000
0.4393900000
0.4401200000
0.4395300000
0.4376100000
0.4343500000
0.4297600000
0.4238600000
0.4166600000
0.4081800000
0.3984400000
0.3874800000
0.3753400000
0.3620600000
0.3476800000
0.3322500000
0.3158200000
0.2984600000
0.2802200000
0.2611600000
0.2413500000
0.2208400000
0.1997100000
0.1780300000
0.1558500000
0.1332400000
0.1102800000
0.0870280000
0.0635470000
0.0399010000
0.0161550000
-0.0076323000
-0.0314010000
-0.0550940000
-0.0786550000
-0.1020300000
-0.1251700000
-0.1480300000
-0.1705600000
-0.1927100000
-0.2144500000
-0.2357300000
-0.2565200000
-0.2767800000
-0.2964800000
-0.3156000000
-0.3340900000
-0.3519500000
-0.3691400000
-0.3856400000
-0.4014500000
-0.4165300000
-0.4308900000
-0.4445000000
-0.4573600000
-0.4694600000
-0.4808000000
-0.4913800000
-0.5011900000
-0.5102300000
-0.5185200000
-0.5260500000
-0.5328300000
-0.5388700000
-0.5441900000
-0.5487800000
-0.5526800000
-0.5558800000
-0.5584100000
-0.5602800000
-0.5615000000
-0.5621100000
-0.5621100000
-0.5615200000
-0.5603600000
-0.5586500000
-0.5564100000
-0.5536600000
-0.5504100000
-0.5466800000
-0.5424900000
-0.5378600000
-0.5327900000
-0.5273100000
-0.5214200000
-0.5151400000
-0.5084800000
-0.5014400000
-0.4940500000
-0.4862900000
-0.4781900000
-0.4697400000
-0.4609400000
-0.4518100000
-0.4423300000
-0.4325200000
-0.4223700000
-0.4118700000
-0.4010300000
-0.3898500000
-0.3783100000
-0.3664200000
-0.3541800000
-0.3415700000
-0.3286100000
-0.3152700000
-0.3015700000
-0.2875100000
-0.2730700000
-0.2582700000
-0.2431100000
-0.2275900000
-0.2117300000
-0.1955200000
-0.1789800000
-0.1621300000
-0.1449800000
-0.1275600000
-0.1098800000
-0.0919800000
-0.0738770000
-0.0556110000
-0.0372150000
-0.0187310000
-0.0001994200
0.0183320000
0.0368140000
0.0551950000
0.0734210000
0.0914330000
0.1091700000
0.1265800000
0.1435900000
0.1601300000
0.1761500000
0.1915700000
0.2063400000
0.2203900000
0.2336400000
0.2460500000
0.2575500000
0.2680800000
0.2776000000
0.2860400000
0.2933700000
0.2995400000
0.3045100000
0.3082600000
0.3107600000
0.3119900000
0.3119400000
0.3106000000
0.3079700000
0.3040600000
0.2988800000
0.2924500000
0.2848100000
0.2759700000
0.2659800000
0.2548900000
0.2427400000
0.2295900000
0.2155000000
0.2005300000
0.1847500000
0.1682200000
0.1510200000
0.1332200000
0.1149100000
0.0961460000
0.0770160000
0.0575960000
0.0379600000
0.0181850000
-0.0016568000
-0.0214920000
-0.0412530000
-0.0608720000
-0.0802850000
-0.0994320000
-0.1182600000
-0.1367000000
-0.1547300000
-0.1722800000
-0.1893200000
-0.2058200000
-0.2217300000
-0.2370400000
-0.2517100000
-0.2657400000
-0.2791000000
-0.2917900000
-0.3037900000
-0.3151100000
-0.3257400000
-0.3356900000
-0.3449700000
-0.3535900000
-0.3615600000
-0.3688900000
-0.3756000000
-0.3817200000
-0.3872600000
-0.3922400000
-0.3967000000
-0.4006500000
-0.4041200000
-0.4071400000
-0.4097300000
-0.4119100000
-0.4137100000
-0.4151600000
-0.4162700000
-0.4170800000
-0.4175900000
-0.4178400000
-0.4178400000
-0.4175900000
-0.4171300000
-0.4164600000
-0.4156000000
-0.4145400000
-0.4133000000
-0.4118900000
-0.4103000000
-0.4085400000
-0.4066000000
-0.4044800000
-0.4021800000
-0.3996900000
-0.3969900000
-0.3940800000
-0.3909400000
-0.3875700000
-0.3839400000
-0.3800300000
-0.3758400000
-0.3713400000
-0.3665100000
-0.3613300000
-0.3557800000
-0.3498400000
-0.3435000000
-0.3367300000
-0.3295100000
-0.3218300000
-0.3136700000
-0.3050200000
-0.2958500000
-0.2861700000
-0.2759600000
-0.2652100000
-0.2539300000
-0.2421100000
-0.2297500000
-0.2168700000
-0.2034600000
-0.1895500000
-0.1751500000
-0.1602800000
-0.1449700000
-0.1292500000
-0.1131400000
-0.0966990000
-0.0799530000
-0.0629530000
-0.0457470000
-0.0283880000
-0.0109310000
0.0065642000
0.0240350000
0.0414180000
0.0586460000
0.0756520000
0.0923650000
0.1087100000
0.1246300000
0.1400400000
0.1548800000
0.1690800000
0.1825600000
0.1952700000
0.2071400000
0.2181200000
0.2281400000
0.2371600000
0.2451300000
0.2520100000
0.2577700000
0.2623600000
0.2657800000
0.2680000000
0.2690000000
0.2687900000
0.2673700000
0.2647400000
0.2609200000
0.2559300000
0.2498000000
0.2425500000
0.2342300000
0.2248900000
0.2145600000
0.2033000000
0.1911700000
0.1782300000
0.1645400000
0.1501700000
0.1351900000
0.1196600000
0.1036500000
0.0872310000
0.0704790000
0.0534600000
0.0362410000
0.0188900000
0.0014711000
-0.0159530000
-0.0333230000
-0.0505820000
-0.0676750000
-0.0845540000
-0.1011700000
-0.1174800000
-0.1334500000
-0.1490400000
-0.1642300000
-0.1789700000
-0.1932600000
-0.2070700000
-0.2203900000
-0.2332000000
-0.2455000000
-0.2572800000
-0.2685400000
-0.2792900000
-0.2895200000
-0.2992500000
-0.3084900000
-0.3172400000
-0.3255200000
-0.3333400000
-0.3407200000
-0.3476900000
-0.3542500000
-0.3604200000
-0.3662300000
-0.3716800000
-0.3768100000
-0.3816300000
-0.3861600000
-0.3904100000
-0.3944100000
-0.3981500000
-0.4016700000
-0.4049700000
-0.4080600000
-0.4109500000
-0.4136400000
-0.4161500000
-0.4184800000
-0.4206200000
-0.4225800000
-0.4243600000
-0.4259400000
-0.4273200000
-0.4285000000
-0.4294600000
-0.4301900000
-0.4306700000
-0.4308900000
-0.4308200000
-0.4304600000
-0.4297700000
-0.4287400000
-0.4273400000
-0.4255500000
-0.4233400000
-0.4206900000
-0.4175700000
-0.4139500000
-0.4098100000
-0.4051300000
-0.3998700000
-0.3940200000
-0.3875600000
-0.3804500000
-0.3727000000
-0.3642700000
-0.3551600000
-0.3453500000
-0.3348300000
-0.3236100000
-0.3116700000
-0.2990200000
-0.2856700000
-0.2716200000
-0.2568900000
-0.2415000000
-0.2254600000
-0.2088100000
-0.1915700000
-0.1737700000
-0.1554700000
-0.1366900000
-0.1175000000
-0.0979330000
-0.0780530000
-0.0579170000
-0.0375880000
-0.0171320000
0.0033828000
0.0238860000
0.0443040000
0.0645620000
0.0845830000
0.1042900000
0.1236100000
0.1424600000
0.1607600000
0.1784400000
0.1954200000
0.2116400000
0.2270200000
0.2414900000
0.2550000000
0.2674800000
0.2788900000
0.2891600000
0.2982700000
0.3061600000
0.3128100000
0.3182000000
0.3223000000
0.3251000000
0.3265900000
0.3267800000
0.3256800000
0.3232900000
0.3196300000
0.3147400000
0.3086400000
0.3013700000
0.2929700000
0.2834900000
0.2729800000
0.2614900000
0.2490700000
0.2358000000
0.2217200000
0.2069100000
0.1914200000
0.1753200000
0.1586700000
0.1415400000
0.1240000000
0.1060900000
0.0878930000
0.0694540000
0.0508310000
0.0320770000
0.0132450000
-0.0056201000
-0.0244720000
-0.0432700000
-0.0619750000
-0.0805520000
-0.0989690000
-0.1172000000
-0.1352100000
-0.1529800000
-0.1705000000
-0.1877400000
-0.2046900000
-0.2213300000
-0.2376600000
-0.2536700000
-0.2693400000
-0.2846800000
-0.2996700000
-0.3143200000
-0.3286200000
-0.3425600000
-0.3561600000
-0.3694100000
-0.3823000000
-0.3948300000
-0.4070100000
-0.4188200000
-0.4302800000
-0.4413700000
-0.4520900000
-0.4624400000
-0.4724000000
-0.4819900000
-0.4911800000
-0.4999600000
-0.5083400000
-0.5162900000
-0.5238100000
-0.5308800000
-0.5374900000
-0.5436300000
-0.5492800000
-0.5544300000
-0.5590600000
-0.5631500000
-0.5666800000
-0.5696500000
-0.5720200000
-0.5738000000
-0.5749500000
-0.5754600000
-0.5753200000
-0.5745100000
-0.5730200000
-0.5708300000
-0.5679300000
-0.5643000000
-0.5599500000
-0.5548500000
-0.5490000000
-0.5424000000
-0.5350400000
-0.5269200000
-0.5180300000
-0.5083700000
-0.4979600000
-0.4867800000
-0.4748500000
-0.4621800000
-0.4487700000
-0.4346300000
-0.4197800000
-0.4042200000
-0.3879900000
-0.3710900000
-0.3535400000
-0.3353700000
-0.3166000000
-0.2972500000
-0.2773500000
-0.2569400000
-0.2360400000
-0.2146800000
-0.1929000000
-0.1707300000
-0.1482300000
-0.1254100000
-0.1023300000
-0.0790400000
-0.0555750000
-0.0319880000
-0.0083294000
0.0153480000
0.0389890000
0.0625390000
0.0859390000
0.1091300000
0.1320500000
0.1546400000
0.1768300000
0.1985700000
0.2197800000
0.2404100000
0.2603800000
0.2796500000
0.2981300000
0.3157900000
0.3325400000
0.3483400000
0.3631400000
0.3768700000
0.3895000000
0.4009800000
0.4112600000
0.4203200000
0.4281200000
0.4346400000
0.4398500000
0.4437400000
0.4463100000
0.4475300000
0.4474300000
0.4460000000
0.4432600000
0.4392300000
0.4339200000
0.4273700000
0.4196000000
0.4106700000
0.4006000000
0.3894300000
0.3772300000
0.3640400000
0.3499000000
0.3348800000
0.3190200000
0.3023900000
0.2850400000
0.2670300000
0.2484200000
0.2292500000
0.2095900000
0.1894900000
0.1690000000
0.1481800000
0.1270600000
0.1057100000
0.0841640000
0.0624660000
0.0406580000
0.0187820000
-0.0031263000
-0.0250290000
-0.0468930000
-0.0686840000
-0.0903710000
-0.1119200000
-0.1333100000
-0.1545100000
-0.1754900000
-0.1962200000
-0.2166800000
-0.2368400000
-0.2566700000
-0.2761500000
-0.2952600000
-0.3139700000
-0.3322400000
-0.3500600000
-0.3673900000
-0.3842200000
-0.4005100000
-0.4162300000
-0.4313600000
-0.4458700000
-0.4597400000
-0.4729200000
-0.4854100000
-0.4971600000
-0.5081600000
-0.5183800000
-0.5278000000
-0.5363800000
-0.5441200000
-0.5509900000
-0.5569700000
-0.5620500000
-0.5662100000
-0.5694400000
-0.5717400000
-0.5730800000
-0.5734800000
-0.5729200000
-0.5714000000
-0.5689400000
-0.5655300000
-0.5611800000
-0.5559100000
-0.5497200000
-0.5426300000
-0.5346600000
-0.5258200000
-0.5161300000
-0.5056200000
-0.4943100000
-0.4822300000
-0.4693900000
-0.4558400000
-0.4415800000
-0.4266600000
-0.4110900000
-0.3949200000
-0.3781600000
-0.3608400000
-0.3430000000
-0.3246600000
-0.3058400000
-0.2865900000
-0.2669200000
-0.2468700000
-0.2264600000
-0.2057300000
-0.1846900000
-0.1633800000
-0.1418300000
-0.1200700000
-0.0981220000
-0.0760250000
-0.0538100000
-0.0315100000
-0.0091584000
0.0132080000
0.0355520000
0.0578340000
0.0800150000
0.1020500000
0.1239000000
0.1455100000
0.1668400000
0.1878400000
0.2084600000
0.2286400000
0.2483400000
0.2674900000
0.2860400000
0.3039400000
0.3211300000
0.3375600000
0.3531600000
0.3678900000
0.3816900000
0.3945000000
0.4062900000
0.4170000000
0.4265900000
0.4350200000
0.4422600000
0.4482600000
0.4530000000
0.4564700000
0.4586300000
0.4594800000
0.4590000000
0.4572000000
0.4540900000
0.4496500000
0.4439200000
0.4369100000
0.4286400000
0.4191500000
0.4084600000
0.3966100000
0.3836500000
0.3696200000
0.3545800000
0.3385600000
0.3216200000
0.3038300000
0.2852400000
0.2659100000
0.2459000000
0.2252600000
0.2040700000
0.1823700000
0.1602400000
0.1377300000
0.1149000000
0.0918010000
0.0684990000
0.0450460000
0.0214940000
-0.0021027000
-0.0256960000
-0.0492360000
-0.0726760000
-0.0959720000
-0.1190800000
-0.1419600000
-0.1645600000
-0.1868600000
-0.2088100000
-0.2303800000
-0.2515300000
-0.2722400000
-0.2924700000
-0.3121800000
-0.3313600000
-0.3499700000
-0.3679900000
-0.3853900000
-0.4021500000
-0.4182500000
-0.4336600000
-0.4483700000
-0.4623600000
-0.4756200000
-0.4881200000
-0.4998500000
-0.5108100000
-0.5209800000
-0.5303500000
-0.5389200000
-0.5466800000
-0.5536300000
-0.5597600000
-0.5650900000
-0.5696100000
-0.5733200000
-0.5762300000
-0.5783500000
-0.5796800000
-0.5802500000
-0.5800500000
-0.5791100000
-0.5774300000
-0.5750400000
-0.5719400000
-0.5681600000
-0.5637200000
-0.5586300000
-0.5529100000
-0.5465800000
-0.5396600000
-0.5321700000
-0.5241200000
-0.5155400000
-0.5064500000
-0.4968500000
-0.4867700000
-0.4762200000
-0.4652300000
-0.4537900000
-0.4419300000
-0.4296500000
-0.4169800000
-0.4039100000
-0.3904700000
-0.3766500000
-0.3624800000
-0.3479500000
-0.3330700000
-0.3178600000
-0.3023100000
-0.2864400000
-0.2702600000
-0.2537700000
-0.2369800000
-0.2199000000
-0.2025500000
-0.1849300000
-0.1670600000
-0.1489500000
-0.1306200000
-0.1120900000
-0.0933800000
-0.0745160000
-0.0555220000
-0.0364290000
-0.0172670000
0.0019287000
0.0211200000
0.0402660000
0.0593250000
0.0782480000
0.0969890000
0.1154900000
0.1337100000
0.1515800000
0.1690500000
0.1860500000
0.2025400000
0.2184300000
0.2336800000
0.2482100000
0.2619800000
0.2749100000
0.2869400000
0.2980300000
0.3081100000
0.3171400000
0.3250500000
0.3318200000
0.3373900000
0.3417400000
0.3448300000
0.3466400000
0.3471500000
0.3463400000
0.3442200000
0.3407800000
0.3360300000
0.3299700000
0.3226400000
0.3140600000
0.3042500000
0.2932600000
0.2811400000
0.2679200000
0.2536700000
0.2384400000
0.2223000000
0.2053100000
0.1875400000
0.1690700000
0.1499600000
0.1303000000
0.1101700000
0.0896320000
0.0687740000
0.0476710000
0.0264020000
0.0050413000
-0.0163370000
-0.0376600000
-0.0588590000
-0.0798670000
-0.1006200000
-0.1210600000
-0.1411200000
-0.1607600000
-0.1799200000
-0.1985500000
-0.2166300000
-0.2341000000
-0.2509400000
-0.2671200000
-0.2826100000
-0.2973900000
-0.3114500000
-0.3247800000
-0.3373600000
-0.3492000000
-0.3602900000
-0.3706300000
-0.3802300000
-0.3891100000
-0.3972700000
-0.4047200000
-0.4114900000
-0.4176000000
-0.4230600000
-0.4279000000
-0.4321500000
-0.4358200000
-0.4389400000
-0.4415500000
-0.4436600000
-0.4453000000
-0.4465000000
-0.4472900000
-0.4476900000
-0.4477200000
-0.4474100000
-0.4467800000
-0.4458400000
-0.4446300000
-0.4431500000
-0.4414300000
-0.4394700000
-0.4372900000
-0.4348900000
-0.4322900000
-0.4295000000
-0.4265000000
-0.4233100000
-0.4199300000
-0.4163500000
-0.4125700000
-0.4085800000
-0.4043800000
-0.3999500000
-0.3952900000
-0.3903800000
-0.3852100000
-0.3797700000
-0.3740300000
-0.3679900000
-0.3616200000
-0.3549100000
-0.3478500000
-0.3404100000
-0.3325800000
-0.3243400000
-0.3156700000
-0.3065700000
-0.2970200000
-0.2870100000
-0.2765300000
-0.2655800000
-0.2541400000
-0.2422200000
-0.2298100000
-0.2169300000
-0.2035700000
-0.1897500000
-0.1754900000
-0.1607900000
-0.1456800000
-0.1301900000
-0.1143400000
-0.0981760000
-0.0817230000
-0.0650240000
-0.0481260000
-0.0310750000
-0.0139230000
0.0032745000
0.0204610000
0.0375760000
0.0545560000
0.0713370000
0.0878520000
0.1040300000
0.1198200000
0.1351300000
0.1499000000
0.1640600000
0.1775500000
0.1903100000
0.2022600000
0.2133600000
0.2235300000
0.2327400000
0.2409300000
0.2480600000
0.2540800000
0.2589800000
0.2627100000
0.2652600000
0.2666100000
0.2667600000
0.2656900000
0.2634200000
0.2599600000
0.2553200000
0.2495200000
0.2426000000
0.2345900000
0.2255300000
0.2154700000
0.2044600000
0.1925500000
0.1798000000
0.1662800000
0.1520400000
0.1371700000
0.1217200000
0.1057600000
0.0893760000
0.0726320000
0.0556000000
0.0383500000
0.0209530000
0.0034776000
-0.0140110000
-0.0314490000
-0.0487760000
-0.0659340000
-0.0828670000
-0.0995250000
-0.1158600000
-0.1318300000
-0.1474000000
-0.1625300000
-0.1771800000
-0.1913400000
-0.2049800000
-0.2180800000
-0.2306300000
-0.2426200000
-0.2540300000
-0.2648800000
-0.2751500000
-0.2848500000
-0.2939900000
-0.3025800000
-0.3106200000
-0.3181400000
-0.3251400000
-0.3316500000
-0.3376900000
-0.3432700000
-0.3484100000
-0.3531500000
-0.3574900000
-0.3614700000
-0.3651000000
-0.3684000000
-0.3714000000
-0.3741200000
-0.3765700000
-0.3787800000
-0.3807600000
-0.3825200000
-0.3840900000
-0.3854600000
-0.3866600000
-0.3876900000
-0.3885500000
-0.3892600000
-0.3898100000
-0.3902000000
-0.3904300000
-0.3905100000
-0.3904100000
-0.3901300000
-0.3896700000
-0.3890100000
-0.3881300000
-0.3870300000
-0.3856800000
-0.3840600000
-0.3821600000
-0.3799600000
-0.3774200000
-0.3745400000
-0.3712800000
-0.3676200000
-0.3635400000
-0.3590100000
-0.3540100000
-0.3485200000
-0.3425200000
-0.3359800000
-0.3288800000
-0.3212200000
-0.3129600000
-0.3041100000
-0.2946400000
-0.2845500000
-0.2738400000
-0.2625100000
-0.2505500000
-0.2379800000
-0.2248000000
-0.2110200000
-0.1966700000
-0.1817700000
-0.1663400000
-0.1504100000
-0.1340300000
-0.1172200000
-0.1000300000
-0.0825190000
-0.0647250000
-0.0467080000
-0.0285270000
-0.0102430000
0.0080774000
0.0263680000
0.0445580000
0.0625770000
0.0803510000
0.0978070000
0.1148700000
0.1314700000
0.1475200000
0.1629600000
0.1777200000
0.1917300000
0.2049200000
0.2172200000
0.2285900000
0.2389600000
0.2482900000
0.2565300000
0.2636300000
0.2695700000
0.2743300000
0.2778600000
0.2801700000
0.2812500000
0.2810800000
0.2796800000
0.2770500000
0.2732200000
0.2682100000
0.2620400000
0.2547600000
0.2464000000
0.2370000000
0.2266200000
0.2153200000
0.2031400000
0.1901500000
0.1764100000
0.1619900000
0.1469500000
0.1313600000
0.1152800000
0.0987930000
0.0819510000
0.0648260000
0.0474820000
0.0299800000
0.0123810000
-0.0052570000
-0.0228790000
-0.0404330000
-0.0578710000
-0.0751470000
-0.0922200000
-0.1090500000
-0.1256000000
-0.1418500000
-0.1577600000
-0.1733200000
-0.1885000000
-0.2032800000
-0.2176600000
-0.2316200000
-0.2451500000
-0.2582600000
-0.2709300000
-0.2831800000
-0.2950000000
-0.3064000000
-0.3173900000
-0.3279700000
-0.3381500000
-0.3479500000
-0.3573800000
-0.3664500000
-0.3751600000
-0.3835400000
-0.3915900000
-0.3993300000
-0.4067600000
-0.4139100000
-0.4207800000
-0.4273700000
-0.4337000000
-0.4397700000
-0.4455900000
-0.4511600000
-0.4564900000
-0.4615600000
-0.4663900000
-0.4709700000
-0.4752800000
-0.4793400000
-0.4831200000
-0.4866300000
-0.4898300000
-0.4927300000
-0.4953000000
-0.4975300000
-0.4994000000
-0.5008900000
-0.5019700000
-0.5026400000
-0.5028500000
-0.5026000000
-0.5018500000
-0.5005800000
-0.4987600000
-0.4963800000
-0.4934000000
-0.4898000000
-0.4855600000
-0.4806500000
-0.4750600000
-0.4687700000
-0.4617500000
-0.4539900000
-0.4454700000
-0.4361900000
-0.4261300000
-0.4153000000
-0.4036700000
-0.3912600000
-0.3780600000
-0.3640800000
-0.3493200000
-0.3338100000
-0.3175600000
-0.3005700000
-0.2828900000
-0.2645300000
-0.2455300000
-0.2259100000
-0.2057200000
-0.1850000000
-0.1637900000
-0.1421300000
-0.1201000000
-0.0977220000
-0.0750730000
-0.0522080000
-0.0291910000
-0.0060887000
0.0170320000
0.0401010000
0.0630460000
0.0857950000
0.1082700000
0.1304100000
0.1521200000
0.1733400000
0.1939900000
0.2139900000
0.2332900000
0.2518000000
0.2694500000
0.2862000000
0.3019600000
0.3167000000
0.3303400000
0.3428500000
0.3541800000
0.3642800000
0.3731400000
0.3807100000
0.3869800000
0.3919300000
0.3955600000
0.3978500000
0.3988100000
0.3984600000
0.3967900000
0.3938400000
0.3896300000
0.3842000000
0.3775600000
0.3697700000
0.3608700000
0.3509100000
0.3399300000
0.3279900000
0.3151400000
0.3014400000
0.2869500000
0.2717200000
0.2558200000
0.2392900000
0.2222000000
0.2046100000
0.1865600000
0.1681100000
0.1493200000
0.1302300000
0.1108900000
0.0913380000
0.0716250000
0.0517880000
0.0318640000
0.0118890000
-0.0081042000
-0.0280860000
-0.0480270000
-0.0679010000
-0.0876840000
-0.1073500000
-0.1268800000
-0.1462600000
-0.1654500000
-0.1844500000
-0.2032400000
-0.2218000000
-0.2401000000
-0.2581400000
-0.2758900000
-0.2933400000
-0.3104600000
-0.3272400000
-0.3436500000
-0.3596800000
-0.3753000000
-0.3904800000
-0.4052100000
-0.4194600000
-0.4332000000
-0.4464100000
-0.4590500000
-0.4711100000
-0.4825400000
-0.4933200000
-0.5034300000
-0.5128300000
-0.5215000000
-0.5294000000
-0.5365100000
-0.5428100000
-0.5482600000
-0.5528500000
-0.5565500000
-0.5593400000
-0.5612100000
-0.5621300000
-0.5621000000
-0.5611000000
-0.5591300000
-0.5561700000
-0.5522400000
-0.5473200000
-0.5414100000
-0.5345400000
-0.5267000000
-0.5179000000
-0.5081600000
-0.4974900000
-0.4859100000
-0.4734500000
-0.4601300000
-0.4459700000
-0.4309900000
-0.4152300000
-0.3987200000
-0.3814900000
-0.3635600000
-0.3449800000
-0.3257800000
-0.3059900000
-0.2856500000
-0.2648000000
-0.2434700000
-0.2217000000
-0.1995400000
-0.1770100000
-0.1541600000
-0.1310300000
-0.1076700000
-0.0841010000
-0.0603800000
-0.0365460000
-0.0126440000
0.0112810000
0.0351860000
0.0590220000
0.0827420000
0.1063000000
0.1296400000
0.1527200000
0.1754800000
0.1978800000
0.2198600000
0.2413700000
0.2623500000
0.2827500000
0.3025200000
0.3216100000
0.3399500000
0.3575100000
0.3742200000
0.3900500000
0.4049400000
0.4188500000
0.4317400000
0.4435600000
0.4542800000
0.4638700000
0.4722900000
0.4795300000
0.4855500000
0.4903500000
0.4939100000
0.4962300000
0.4973000000
0.4971100000
0.4956900000
0.4930400000
0.4891700000
0.4841100000
0.4778800000
0.4705000000
0.4620100000
0.4524500000
0.4418500000
0.4302400000
0.4176800000
0.4042100000
0.3898700000
0.3747100000
0.3587800000
0.3421300000
0.3248000000
0.3068500000
0.2883100000
0.2692500000
0.2496900000
0.2297000000
0.2093100000
0.1885700000
0.1675200000
0.1462000000
0.1246500000
0.1029000000
0.0809970000
0.0589710000
0.0368570000
0.0146890000
-0.0075004000
-0.0296790000
-0.0518150000
-0.0738770000
-0.0958340000
-0.1176500000
-0.1393100000
-0.1607600000
-0.1819800000
-0.2029300000
-0.2235900000
-0.2439100000
-0.2638500000
-0.2834000000
-0.3025000000
-0.3211100000
-0.3392100000
-0.3567500000
-0.3736900000
-0.3899800000
-0.4056000000
-0.4204900000
-0.4346300000
-0.4479600000
-0.4604500000
-0.4720600000
-0.4827700000
-0.4925200000
-0.5012900000
-0.5090500000
-0.5157700000
-0.5214200000
-0.5259900000
-0.5294600000
-0.5318000000
-0.5330100000
-0.5330800000
-0.5320100000
-0.5297900000
-0.5264300000
-0.5219400000
-0.5163200000
-0.5096000000
-0.5017900000
-0.4929000000
-0.4829800000
-0.4720400000
-0.4601100000
-0.4472300000
-0.4334400000
-0.4187600000
-0.4032400000
-0.3869300000
-0.3698500000
-0.3520500000
-0.3335800000
-0.3144800000
-0.2947800000
-0.2745500000
-0.2538100000
-0.2326100000
-0.2110000000
-0.1890100000
-0.1666900000
-0.1440900000
-0.1212300000
-0.0981680000
-0.0749370000
-0.0515780000
-0.0281330000
-0.0046395000
0.0188610000
0.0423300000
0.0657280000
0.0890130000
0.1121500000
0.1350800000
0.1577900000
0.1802100000
0.2023200000
0.2240700000
0.2454000000
0.2662900000
0.2866900000
0.3065400000
0.3258100000
0.3444500000
0.3624200000
0.3796600000
0.3961500000
0.4118300000
0.4266600000
0.4406100000
0.4536300000
0.4656900000
0.4767500000
0.4867800000
0.4957600000
0.5036400000
0.5104300000
0.5160800000
0.5205900000
0.5239500000
0.5261500000
0.5271700000
0.5270400000
0.5257400000
0.5232800000
0.5196900000
0.5149600000
0.5091300000
0.5022100000
0.4942300000
0.4852300000
0.4752200000
0.4642500000
0.4523500000
0.4395500000
0.4259100000
0.4114500000
0.3962200000
0.3802600000
0.3636100000
0.3463200000
0.3284300000
0.3099700000
0.2910000000
0.2715500000
0.2516500000
0.2313600000
0.2107100000
0.1897300000
0.1684600000
0.1469400000
0.1252000000
0.1032700000
0.0811960000
0.0590020000
0.0367220000
0.0143890000
-0.0079649000
-0.0303070000
-0.0526050000
-0.0748250000
-0.0969330000
-0.1188900000
-0.1406700000
-0.1622300000
-0.1835400000
-0.2045400000
-0.2252200000
-0.2455100000
-0.2653900000
-0.2848000000
-0.3037100000
-0.3220600000
-0.3398100000
-0.3569300000
-0.3733500000
-0.3890300000
-0.4039300000
-0.4180000000
-0.4311900000
-0.4434700000
-0.4547900000
-0.4651000000
-0.4743900000
-0.4825900000
-0.4897000000
-0.4956700000
-0.5004900000
-0.5041200000
-0.5065600000
-0.5077800000
-0.5077900000
-0.5065700000
-0.5041300000
-0.5004700000
-0.4956000000
-0.4895300000
-0.4822800000
-0.4738700000
-0.4643300000
-0.4536800000
-0.4419600000
-0.4292100000
-0.4154600000
-0.4007500000
-0.3851400000
-0.3686500000
-0.3513400000
-0.3332700000
-0.3144600000
-0.2949900000
-0.2748900000
-0.2542200000
-0.2330300000
-0.2113600000
-0.1892800000
-0.1668200000
-0.1440300000
-0.1209700000
-0.0976760000
-0.0742020000
-0.0505890000
-0.0268840000
-0.0031290000
0.0206310000
0.0443550000
0.0679990000
0.0915230000
0.1148800000
0.1380400000
0.1609600000
0.1836000000
0.2059100000
0.2278500000
0.2494000000
0.2705000000
0.2911300000
0.3112300000
0.3307700000
0.3497200000
0.3680300000
0.3856700000
0.4026000000
0.4187800000
0.4341800000
0.4487800000
0.4625200000
0.4753900000
0.4873600000
0.4984000000
0.5084900000
0.5176000000
0.5257200000
0.5328300000
0.5389200000
0.5439700000
0.5479900000
0.5509500000
0.5528800000
0.5537600000
0.5536000000
0.5524200000
0.5502200000
0.5470100000
0.5428300000
0.5376700000
0.5315700000
0.5245600000
0.5166500000
0.5078800000
0.4982700000
0.4878600000
0.4766800000
0.4647600000
0.4521200000
0.4388200000
0.4248700000
0.4103100000
0.3951800000
0.3795000000
0.3633100000
0.3466400000
0.3295100000
0.3119600000
0.2940100000
0.2756900000
0.2570300000
0.2380500000
0.2187800000
0.1992500000
0.1794600000
0.1594600000
0.1392500000
0.1188800000
0.0983490000
0.0776940000
0.0569380000
0.0361060000
0.0152240000
-0.0056782000
-0.0265720000
-0.0474270000
-0.0682100000
-0.0888860000
-0.1094200000
-0.1297700000
-0.1498900000
-0.1697600000
-0.1893100000
-0.2085000000
-0.2272800000
-0.2456100000
-0.2634300000
-0.2806900000
-0.2973300000
-0.3132900000
-0.3285400000
-0.3429900000
-0.3566100000
-0.3693400000
-0.3811300000
-0.3919200000
-0.4016700000
-0.4103200000
-0.4178400000
-0.4241900000
-0.4293300000
-0.4332200000
-0.4358500000
-0.4371900000
-0.4372300000
-0.4359400000
-0.4333300000
-0.4294000000
-0.4241400000
-0.4175800000
-0.4097300000
-0.4006100000
-0.3902500000
-0.3786800000
-0.3659400000
-0.3520700000
-0.3371200000
-0.3211400000
-0.3041800000
-0.2863100000
-0.2675800000
-0.2480500000
-0.2277800000
-0.2068600000
-0.1853300000
-0.1632700000
-0.1407500000
-0.1178400000
-0.0946010000
-0.0711030000
-0.0474140000
-0.0235980000
0.0002788700
0.0241560000
0.0479710000
0.0716660000
0.0951840000
0.1184700000
0.1414700000
0.1641400000
0.1864200000
0.2082800000
0.2296700000
0.2505500000
0.2708800000
0.2906400000
0.3097800000
0.3282700000
0.3461000000
0.3632400000
0.3796600000
0.3953600000
0.4103000000
0.4244900000
0.4379000000
0.4505400000
0.4623900000
0.4734500000
0.4837300000
0.4932200000
0.5019300000
0.5098700000
0.5170400000
0.5234500000
0.5291200000
0.5340500000
0.5382700000
0.5417900000
0.5446200000
0.5467900000
0.5483200000
0.5492100000
0.5495100000
0.5492200000
0.5483600000
0.5469700000
0.5450500000
0.5426300000
0.5397300000
0.5363700000
0.5325700000
0.5283400000
0.5237000000
0.5186600000
0.5132500000
0.5074700000
0.5013400000
0.4948600000
0.4880400000
0.4809000000
0.4734300000
0.4656500000
0.4575500000
0.4491400000
0.4404100000
0.4313800000
0.4220300000
0.4123600000
0.4023700000
0.3920600000
0.3814100000
0.3704400000
0.3591200000
0.3474600000
0.3354400000
0.3230700000
0.3103500000
0.2972500000
0.2837900000
0.2699700000
0.2557800000
0.2412200000
0.2263000000
0.2110200000
0.1954000000
0.1794400000
0.1631600000
0.1465700000
0.1296900000
0.1125400000
0.0951590000
0.0775640000
0.0597910000
0.0418750000
0.0238560000
0.0057758000
-0.0123190000
-0.0303800000
-0.0483550000
-0.0661900000
-0.0838270000
-0.1012100000
-0.1182700000
-0.1349400000
-0.1511800000
-0.1669000000
-0.1820400000
-0.1965400000
-0.2103300000
-0.2233500000
-0.2355400000
-0.2468400000
-0.2571900000
-0.2665400000
-0.2748300000
-0.2820300000
-0.2880800000
-0.2929600000
-0.2966300000
-0.2990700000
-0.3002700000
-0.3001900000
-0.2988600000
-0.2962500000
-0.2923800000
-0.2872700000
-0.2809300000
-0.2733800000
-0.2646800000
-0.2548400000
-0.2439200000
-0.2319700000
-0.2190400000
-0.2051800000
-0.1904700000
-0.1749700000
-0.1587500000
-0.1418800000
-0.1244400000
-0.1065000000
-0.0881330000
-0.0694220000
-0.0504430000
-0.0312710000
-0.0119810000
0.0073538000
0.0266620000
0.0458740000
0.0649250000
0.0837500000
0.1022900000
0.1204900000
0.1383000000
0.1556600000
0.1725400000
0.1889000000
0.2046900000
0.2198900000
0.2344800000
0.2484200000
0.2617100000
0.2743300000
0.2862700000
0.2975200000
0.3080800000
0.3179600000
0.3271700000
0.3357000000
0.3435700000
0.3508000000
0.3574100000
0.3634100000
0.3688200000
0.3736700000
0.3779800000
0.3817700000
0.3850700000
0.3879100000
0.3903200000
0.3923100000
0.3939200000
0.3951600000
0.3960700000
0.3966700000
0.3969800000
0.3970200000
0.3968100000
0.3963700000
0.3957100000
0.3948500000
0.3938000000
0.3925800000
0.3911800000
0.3896200000
0.3879000000
0.3860200000
0.3839800000
0.3817800000
0.3794200000
0.3768900000
0.3741800000
0.3712800000
0.3681800000
0.3648700000
0.3613300000
0.3575500000
0.3535100000
0.3492000000
0.3445800000
0.3396500000
0.3343900000
0.3287700000
0.3227800000
0.3164000000
0.3096000000
0.3023800000
0.2947100000
0.2865800000
0.2779800000
0.2688900000
0.2593000000
0.2492200000
0.2386300000
0.2275300000
0.2159200000
0.2038200000
0.1912200000
0.1781400000
0.1646000000
0.1506100000
0.1362000000
0.1213900000
0.1062300000
0.0907370000
0.0749590000
0.0589370000
0.0427190000
0.0263550000
0.0098978000
-0.0065940000
-0.0230610000
-0.0394420000
-0.0556720000
-0.0716860000
-0.0874170000
-0.1028000000
-0.1177500000
-0.1322300000
-0.1461400000
-0.1594300000
-0.1720400000
-0.1839000000
-0.1949400000
-0.2051300000
-0.2143900000
-0.2226800000
-0.2299700000
-0.2362000000
-0.2413400000
-0.2453700000
-0.2482600000
-0.2500000000
-0.2505800000
-0.2499900000
-0.2482300000
-0.2453200000
-0.2412700000
-0.2361000000
-0.2298300000
-0.2225100000
-0.2141700000
-0.2048500000
-0.1946000000
-0.1834700000
-0.1715300000
-0.1588300000
-0.1454300000
-0.1314100000
-0.1168200000
-0.1017300000
-0.0862230000
-0.0703580000
-0.0542070000
-0.0378400000
-0.0213240000
-0.0047258000
0.0118910000
0.0284630000
0.0449330000
0.0612420000
0.0773390000
0.0931740000
0.1087000000
0.1238800000
0.1386600000
0.1530300000
0.1669400000
0.1803800000
0.1933200000
0.2057400000
0.2176300000
0.2289700000
0.2397800000
0.2500300000
0.2597400000
0.2689000000
0.2775200000
0.2856200000
0.2932000000
0.3002800000
0.3068800000
0.3130100000
0.3186800000
0.3239300000
0.3287700000
0.3332300000
0.3373200000
0.3410600000
0.3444900000
0.3476100000
0.3504500000
0.3530300000
0.3553700000
0.3574800000
0.3593900000
0.3611000000
0.3626300000
0.3639900000
0.3651900000
0.3662300000
0.3671300000
0.3678900000
0.3685000000
0.3689600000
0.3692800000
0.3694500000
0.3694700000
0.3693100000
0.3689800000
0.3684600000
0.3677300000
0.3667800000
0.3655900000
0.3641400000
0.3624200000
0.3603900000
0.3580400000
0.3553500000
0.3522800000
0.3488200000
0.3449400000
0.3406200000
0.3358300000
0.3305600000
0.3247700000
0.3184600000
0.3115900000
0.3041600000
0.2961400000
0.2875400000
0.2783200000
0.2685000000
0.2580600000
0.2470100000
0.2353500000
0.2230800000
0.2102200000
0.1967800000
0.1827800000
0.1682500000
0.1532100000
0.1376900000
0.1217400000
0.1053900000
0.0886880000
0.0716820000
0.0544250000
0.0369730000
0.0193880000
0.0017305000
-0.0159330000
-0.0335360000
-0.0510070000
-0.0682750000
-0.0852680000
-0.1019100000
-0.1181400000
-0.1338600000
-0.1490300000
-0.1635500000
-0.1773700000
-0.1904200000
-0.2026300000
-0.2139500000
-0.2243100000
-0.2336800000
-0.2420000000
-0.2492300000
-0.2553300000
-0.2602800000
-0.2640600000
-0.2666300000
-0.2680100000
-0.2681700000
-0.2671300000
-0.2648800000
-0.2614600000
-0.2568700000
-0.2511400000
-0.2443200000
-0.2364300000
-0.2275200000
-0.2176300000
-0.2068300000
-0.1951600000
-0.1826800000
-0.1694600000
-0.1555600000
-0.1410400000
-0.1259700000
-0.1104300000
-0.0944620000
-0.0781490000
-0.0615550000
-0.0447420000
-0.0277750000
-0.0107130000
0.0063837000
0.0234600000
0.0404640000
0.0573450000
0.0740570000
0.0905580000
0.1068100000
0.1227700000
0.1384200000
0.1537200000
0.1686500000
0.1831900000
0.1973300000
0.2110400000
0.2243300000
0.2371800000
0.2495800000
0.2615500000
0.2730800000
0.2841700000
0.2948300000
0.3050700000
0.3148900000
0.3243200000
0.3333500000
0.3420100000
0.3503100000
0.3582600000
0.3658700000
0.3731700000
0.3801600000
0.3868600000
0.3932800000
0.3994400000
0.4053400000
0.4110000000
0.4164200000
0.4216200000
0.4265900000
0.4313500000
0.4358900000
0.4402100000
0.4443200000
0.4482100000
0.4518700000
0.4553100000
0.4585000000
0.4614400000
0.4641200000
0.4665200000
0.4686200000
0.4704000000
0.4718600000
0.4729600000
0.4736800000
0.4739900000
0.4738900000
0.4733300000
0.4722900000
0.4707500000
0.4686700000
0.4660400000
0.4628300000
0.4590000000
0.4545400000
0.4494200000
0.4436300000
0.4371200000
0.4299000000
0.4219400000
0.4132200000
0.4037400000
0.3934800000
0.3824500000
0.3706200000
0.3580200000
0.3446300000
0.3304600000
0.3155400000
0.2998600000
0.2834600000
0.2663500000
0.2485600000
0.2301200000
0.2110700000
0.1914400000
0.1712700000
0.1506300000
0.1295500000
0.1080800000
0.0863000000
0.0642520000
0.0420070000
0.0196300000
-0.0028088000
-0.0252390000
-0.0475860000
-0.0697760000
-0.0917320000
-0.1133800000
-0.1346400000
-0.1554300000
-0.1756800000
-0.1953200000
-0.2142600000
-0.2324500000
-0.2498000000
-0.2662500000
-0.2817400000
-0.2962000000
-0.3095900000
-0.3218500000
-0.3329400000
-0.3428200000
-0.3514500000
-0.3588000000
-0.3648500000
-0.3695900000
-0.3730100000
-0.3751000000
-0.3758600000
-0.3753100000
-0.3734500000
-0.3703200000
-0.3659300000
-0.3603200000
-0.3535300000
-0.3455900000
-0.3365500000
-0.3264600000
-0.3153600000
-0.3033300000
-0.2904000000
-0.2766400000
-0.2621100000
-0.2468600000
-0.2309600000
-0.2144700000
-0.1974400000
-0.1799300000
-0.1619900000
-0.1436900000
-0.1250800000
-0.1061900000
-0.0870960000
-0.0678250000
-0.0484250000
-0.0289360000
-0.0093958000
0.0101600000
0.0297000000
0.0491940000
0.0686130000
0.0879330000
0.1071300000
0.1261800000
0.1450700000
0.1637700000
0.1822800000
0.2005600000
0.2186200000
0.2364300000
0.2539800000
0.2712500000
0.2882300000
0.3049100000
0.3212700000
0.3372900000
0.3529700000
0.3682800000
0.3832000000
0.3977200000
0.4118200000
0.4254800000
0.4386800000
0.4513900000
0.4635900000
0.4752600000
0.4863800000
0.4969100000
0.5068400000
0.5161400000
0.5247800000
0.5327400000
0.5400000000
0.5465200000
0.5522800000
0.5572700000
0.5614500000
0.5648200000
0.5673400000
0.5690000000
0.5697900000
0.5696800000
0.5686800000
0.5667700000
0.5639300000
0.5601800000
0.5555000000
0.5498900000
0.5433700000
0.5359200000
0.5275600000
0.5183000000
0.5081500000
0.4971300000
0.4852500000
0.4725200000
0.4589800000
0.4446400000
0.4295200000
0.4136500000
0.3970600000
0.3797800000
0.3618300000
0.3432500000
0.3240600000
0.3043000000
0.2840000000
0.2632000000
0.2419400000
0.2202300000
0.1981400000
0.1756800000
0.1529100000
0.1298500000
0.1065500000
0.0830580000
0.0594060000
0.0356410000
0.0118080000
-0.0120490000
-0.0358810000
-0.0596420000
-0.0832810000
-0.1067500000
-0.1299900000
-0.1529600000
-0.1756000000
-0.1978500000
-0.2196700000
-0.2409900000
-0.2617600000
-0.2819200000
-0.3014200000
-0.3202100000
-0.3382100000
-0.3554000000
-0.3717000000
-0.3870700000
-0.4014600000
-0.4148300000
-0.4271300000
-0.4383300000
-0.4483800000
-0.4572500000
-0.4649200000
-0.4713600000
-0.4765600000
-0.4804900000
-0.4831400000
-0.4845200000
-0.4846200000
-0.4834500000
-0.4810200000
-0.4773300000
-0.4724200000
-0.4663000000
-0.4590000000
-0.4505600000
-0.4410100000
-0.4303800000
-0.4187300000
-0.4060800000
-0.3925000000
-0.3780200000
-0.3627000000
-0.3465900000
-0.3297300000
-0.3121900000
-0.2940000000
-0.2752200000
-0.2559100000
-0.2361000000
-0.2158500000
-0.1952100000
-0.1742200000
-0.1529300000
-0.1313700000
-0.1096000000
-0.0876420000
-0.0655470000
-0.0433490000
-0.0210830000
0.0012150000
0.0235110000
0.0457720000
0.0679660000
0.0900610000
0.1120300000
0.1338300000
0.1554400000
0.1768200000
0.1979500000
0.2187900000
0.2393200000
0.2594900000
0.2792700000
0.2986400000
0.3175500000
0.3359700000
0.3538700000
0.3712100000
0.3879500000
0.4040500000
0.4194900000
0.4342200000
0.4482100000
0.4614200000
0.4738200000
0.4853700000
0.4960400000
0.5058000000
0.5146200000
0.5224800000
0.5293400000
0.5352000000
0.5400100000
0.5437800000
0.5464900000
0.5481200000
0.5486700000
0.5481400000
0.5465200000
0.5438200000
0.5400400000
0.5352000000
0.5293000000
0.5223700000
0.5144200000
0.5054800000
0.4955600000
0.4847000000
0.4729200000
0.4602600000
0.4467500000
0.4324200000
0.4173100000
0.4014500000
0.3848800000
0.3676400000
0.3497700000
0.3313000000
0.3122700000
0.2927200000
0.2726900000
0.2522100000
0.2313300000
0.2100700000
0.1884800000
0.1665900000
0.1444300000
0.1220500000
0.0994770000
0.0767450000
0.0538920000
0.0309540000
0.0079660000
-0.0150350000
-0.0380110000
-0.0609240000
-0.0837370000
-0.1064100000
-0.1289000000
-0.1511700000
-0.1731700000
-0.1948600000
-0.2161900000
-0.2371300000
-0.2576100000
-0.2776000000
-0.2970500000
-0.3159000000
-0.3341100000
-0.3516300000
-0.3684000000
-0.3843900000
-0.3995300000
-0.4137900000
-0.4271200000
-0.4394700000
-0.4508100000
-0.4610900000
-0.4702900000
-0.4783500000
-0.4852700000
-0.4910000000
-0.4955400000
-0.4988500000
-0.5009400000
-0.5017800000
-0.5013700000
-0.4997300000
-0.4968400000
-0.4927300000
-0.4874000000
-0.4808700000
-0.4731700000
-0.4643200000
-0.4543500000
-0.4433000000
-0.4312100000
-0.4181100000
-0.4040500000
-0.3890600000
-0.3732100000
-0.3565300000
-0.3390700000
-0.3208800000
-0.3020200000
-0.2825300000
-0.2624700000
-0.2418700000
-0.2208100000
-0.1993100000
-0.1774300000
-0.1552200000
-0.1327300000
-0.1099900000
-0.0870590000
-0.0639720000
-0.0407730000
-0.0175040000
0.0057947000
0.0290840000
0.0523240000
0.0754780000
0.0985070000
0.1213700000
0.1440400000
0.1664700000
0.1886300000
0.2104800000
0.2319800000
0.2530900000
0.2737900000
0.2940200000
0.3137600000
0.3329700000
0.3516100000
0.3696400000
0.3870200000
0.4037300000
0.4197200000
0.4349500000
0.4494000000
0.4630300000
0.4758100000
0.4877100000
0.4986900000
0.5087400000
0.5178300000
0.5259300000
0.5330400000
0.5391200000
0.5441700000
0.5481800000
0.5511300000
0.5530300000
0.5538800000
0.5536700000
0.5524100000
0.5501000000
0.5467700000
0.5424300000
0.5370800000
0.5307600000
0.5234800000
0.5152800000
0.5061600000
0.4961700000
0.4853400000
0.4736900000
0.4612600000
0.4480800000
0.4341800000
0.4196000000
0.4043700000
0.3885300000
0.3721100000
0.3551400000
0.3376600000
0.3197000000
0.3012800000
0.2824500000
0.2632300000
0.2436500000
0.2237500000
0.2035400000
0.1830500000
0.1623300000
0.1413800000
0.1202500000
0.0989470000
0.0775120000
0.0559710000
0.0343510000
0.0126820000
-0.0090057000
-0.0306790000
-0.0523070000
-0.0738530000
-0.0952830000
-0.1165600000
-0.1376400000
-0.1584800000
-0.1790500000
-0.1992900000
-0.2191700000
-0.2386200000
-0.2576100000
-0.2760800000
-0.2939800000
-0.3112600000
-0.3278600000
-0.3437300000
-0.3588100000
-0.3730600000
-0.3864200000
-0.3988400000
-0.4102700000
-0.4206600000
-0.4299700000
-0.4381600000
-0.4451800000
-0.4510100000
-0.4556200000
-0.4589700000
-0.4610500000
-0.4618300000
-0.4613100000
-0.4594900000
-0.4563500000
-0.4519200000
-0.4461800000
-0.4391600000
-0.4308900000
-0.4213800000
-0.4106600000
-0.3987800000
-0.3857600000
-0.3716600000
-0.3565100000
-0.3403700000
-0.3233000000
-0.3053300000
-0.2865500000
-0.2669900000
-0.2467200000
-0.2258100000
-0.2043200000
-0.1823000000
-0.1598300000
-0.1369500000
-0.1137400000
-0.0902610000
-0.0665610000
-0.0427050000
-0.0187500000
0.0052475000
0.0292340000
0.0531550000
0.0769610000
0.1006000000
0.1240300000
0.1471900000
0.1700600000
0.1925700000
0.2147000000
0.2364000000
0.2576400000
0.2783800000
0.2985800000
0.3182200000
0.3372600000
0.3556800000
0.3734500000
0.3905400000
0.4069300000
0.4226100000
0.4375400000
0.4517200000
0.4651200000
0.4777500000
0.4895700000
0.5005900000
0.5108000000
0.5201900000
0.5287500000
0.5365000000
0.5434300000
0.5495400000
0.5548300000
0.5593200000
0.5630200000
0.5659200000
0.5680600000
0.5694300000
0.5700500000
0.5699500000
0.5691300000
0.5676200000
0.5654300000
0.5625900000
0.5591100000
0.5550200000
0.5503300000
0.5450600000
0.5392500000
0.5329000000
0.5260300000
0.5186700000
0.5108300000
0.5025300000
0.4937900000
0.4846200000
0.4750400000
0.4650600000
0.4546800000
0.4439300000
0.4328200000
0.4213400000
0.4095200000
0.3973500000
0.3848400000
0.3720000000
0.3588300000
0.3453400000
0.3315300000
0.3174000000
0.3029500000
0.2881900000
0.2731300000
0.2577600000
0.2420900000
0.2261300000
0.2098800000
0.1933600000
0.1765800000
0.1595300000
0.1422500000
0.1247400000
0.1070300000
0.0891340000
0.0710780000
0.0528890000
0.0345970000
0.0162350000
-0.0021616000
-0.0205530000
-0.0388970000
-0.0571490000
-0.0752600000
-0.0931810000
-0.1108600000
-0.1282300000
-0.1452500000
-0.1618600000
-0.1779800000
-0.1935700000
-0.2085500000
-0.2228700000
-0.2364600000
-0.2492600000
-0.2612200000
-0.2722700000
-0.2823600000
-0.2914300000
-0.2994400000
-0.3063400000
-0.3120900000
-0.3166400000
-0.3199800000
-0.3220700000
-0.3229000000
-0.3224400000
-0.3207000000
-0.3176700000
-0.3133600000
-0.3077700000
-0.3009300000
-0.2928600000
-0.2836000000
-0.2731800000
-0.2616400000
-0.2490300000
-0.2354100000
-0.2208300000
-0.2053600000
-0.1890600000
-0.1720000000
-0.1542600000
-0.1359100000
-0.1170300000
-0.0976870000
-0.0779720000
-0.0579600000
-0.0377300000
-0.0173580000
0.0030769000
0.0235010000
0.0438420000
0.0640270000
0.0839910000
0.1036700000
0.1230000000
0.1419200000
0.1603900000
0.1783400000
0.1957500000
0.2125600000
0.2287400000
0.2442600000
0.2590900000
0.2732100000
0.2866000000
0.2992400000
0.3111400000
0.3222700000
0.3326500000
0.3422700000
0.3511400000
0.3592700000
0.3666700000
0.3733600000
0.3793600000
0.3846800000
0.3893600000
0.3934100000
0.3968600000
0.3997300000
0.4020600000
0.4038700000
0.4052000000
0.4060600000
0.4065000000
0.4065300000
0.4061900000
0.4054900000
0.4044700000
0.4031500000
0.4015600000
0.3997000000
0.3976100000
0.3952900000
0.3927700000
0.3900500000
0.3871600000
0.3840900000
0.3808500000
0.3774500000
0.3739000000
0.3701800000
0.3663100000
0.3622800000
0.3580700000
0.3537000000
0.3491400000
0.3443900000
0.3394300000
0.3342600000
0.3288600000
0.3232100000
0.3173000000
0.3111200000
0.3046500000
0.2978700000
0.2907700000
0.2833300000
0.2755300000
0.2673700000
0.2588300000
0.2498900000
0.2405600000
0.2308200000
0.2206600000
0.2100900000
0.1990900000
0.1876900000
0.1758700000
0.1636400000
0.1510300000
0.1380400000
0.1246900000
0.1110100000
0.0970160000
0.0827420000
0.0682220000
0.0534910000
0.0385900000
0.0235640000
0.0084581000
-0.0066764000
-0.0217870000
-0.0368190000
-0.0517140000
-0.0664120000
-0.0808530000
-0.0949740000
-0.1087100000
-0.1220100000
-0.1347900000
-0.1470100000
-0.1586000000
-0.1694900000
-0.1796400000
-0.1889900000
-0.1974900000
-0.2050900000
-0.2117500000
-0.2174200000
-0.2220800000
-0.2257000000
-0.2282600000
-0.2297200000
-0.2301000000
-0.2293700000
-0.2275400000
-0.2246200000
-0.2206200000
-0.2155500000
-0.2094500000
-0.2023400000
-0.1942600000
-0.1852600000
-0.1753700000
-0.1646400000
-0.1531500000
-0.1409300000
-0.1280500000
-0.1145900000
-0.1005900000
-0.0861410000
-0.0713020000
-0.0561440000
-0.0407380000
-0.0251550000
-0.0094639000
0.0062679000
0.0219740000
0.0375890000
0.0530520000
0.0683050000
0.0832900000
0.0979570000
0.1122600000
0.1261400000
0.1395800000
0.1525200000
0.1649400000
0.1768100000
0.1881100000
0.1988200000
0.2089200000
0.2184000000
0.2272600000
0.2354900000
0.2431000000
0.2500800000
0.2564500000
0.2622200000
0.2674000000
0.2720100000
0.2760600000
0.2795800000
0.2825900000
0.2851100000
0.2871600000
0.2887800000
0.2899900000
0.2908000000
0.2912600000
0.2913800000
0.2911900000
0.2907200000
0.2899800000
0.2890000000
0.2878000000
0.2864100000
0.2848300000
0.2830900000
0.2812000000
0.2791800000
0.2770300000
0.2747700000
0.2724000000
0.2699200000
0.2673600000
0.2646900000
0.2619400000
0.2590800000
0.2561300000
0.2530800000
0.2499200000
0.2466400000
0.2432300000
0.2396900000
0.2360100000
0.2321600000
0.2281500000
0.2239500000
0.2195500000
0.2149500000
0.2101100000
0.2050400000
0.1997200000
0.1941400000
0.1882800000
0.1821300000
0.1756800000
0.1689300000
0.1618700000
0.1544900000
0.1467900000
0.1387700000
0.1304400000
0.1217900000
0.1128400000
0.1035900000
0.0940500000
0.0842470000
0.0741940000
0.0639130000
0.0534290000
0.0427700000
0.0319660000
0.0210500000
0.0100590000
-0.0009698000
-0.0119950000
-0.0229730000
-0.0338590000
-0.0446070000
-0.0551690000
-0.0654980000
-0.0755440000
-0.0852580000
-0.0945900000
-0.1034900000
-0.1119200000
-0.1198200000
-0.1271500000
-0.1338700000
-0.1399500000
-0.1453300000
-0.1500000000
-0.1539100000
-0.1570500000
-0.1594000000
-0.1609200000
-0.1616200000
-0.1614800000
-0.1605000000
-0.1586800000
-0.1560300000
-0.1525600000
-0.1482900000
-0.1432300000
-0.1374200000
-0.1308800000
-0.1236500000
-0.1157700000
-0.1072800000
-0.0982200000
-0.0886510000
-0.0786180000
-0.0681770000
-0.0573830000
-0.0462940000
-0.0349680000
-0.0234640000
-0.0118420000
-0.0001600700
0.0115220000
0.0231480000
0.0346620000
0.0460090000
0.0571370000
0.0679970000
0.0785430000
0.0887290000
0.0985170000
0.1078700000
0.1167500000
0.1251400000
0.1330000000
0.1403100000
0.1470600000
0.1532300000
0.1588100000
0.1638000000
0.1681900000
0.1719800000
0.1751800000
0.1778000000
0.1798400000
0.1813300000
0.1822600000
0.1826700000
0.1825700000
0.1819800000
0.1809300000
0.1794300000
0.1775200000
0.1752200000
0.1725500000
0.1695400000
0.1662200000
0.1626100000
0.1587300000
0.1546100000
0.1502700000
0.1457300000
0.1410100000
0.1361400000
0.1311300000
0.1259900000
0.1207400000
0.1154000000
0.1099800000
0.1044900000
0.0989360000
0.0933300000
0.0876790000
0.0819880000
0.0762640000
0.0705100000
0.0647300000
0.0589260000
0.0531020000
0.0472580000
0.0413960000
0.0355180000
0.0296240000
0.0237170000
0.0177990000
0.0118700000
0.0059343000
-0.0000054083
-0.0059450000
-0.0118800000
-0.0178040000
-0.0237100000
-0.0295910000
-0.0354370000
-0.0412390000
-0.0469830000
-0.0526580000
-0.0582500000
-0.0637420000
-0.0691190000
-0.0743620000
-0.0794530000
-0.0843710000
-0.0890960000
-0.0936060000
-0.0978800000
-0.1018900000
-0.1056200000
-0.1090500000
-0.1121500000
-0.1149000000
-0.1172700000
-0.1192500000
-0.1208200000
-0.1219600000
-0.1226400000
-0.1228600000
-0.1226100000
-0.1218600000
-0.1206200000
-0.1188700000
-0.1166100000
-0.1138500000
-0.1105800000
-0.1068100000
-0.1025500000
-0.0978030000
-0.0925950000
-0.0869410000
-0.0808610000
-0.0743820000
-0.0675300000
-0.0603360000
-0.0528330000
-0.0450570000
-0.0370460000
-0.0288400000
-0.0204810000
-0.0120140000
-0.0034815000
0.0050696000
0.0135930000
0.0220420000
0.0303710000
0.0385320000
0.0464810000
0.0541740000
0.0615660000
0.0686170000
0.0752870000
0.0815400000
0.0873400000
0.0926570000
0.0974610000
0.1017300000
0.1054300000
0.1085600000
0.1110900000
0.1130200000
0.1143400000
0.1150400000
0.1151200000
0.1145900000
0.1134600000
0.1117300000
0.1094300000
0.1065600000
0.1031500000
0.0992160000
0.0947940000
0.0899060000
0.0845820000
0.0788550000
0.0727580000
0.0663240000
0.0595880000
0.0525860000
0.0453540000
0.0379270000
0.0303400000
0.0226290000
0.0148270000
0.0069665000
-0.0009204800
-0.0088042000
-0.0166560000
-0.0244500000
-0.0321620000
-0.0397680000
-0.0472490000
-0.0545870000
-0.0617640000
-0.0687690000
-0.0755880000
-0.0822130000
-0.0886370000
-0.0948540000
-0.1008600000
-0.1066600000
-0.1122400000
-0.1176100000
-0.1227800000
-0.1277500000
-0.1325200000
-0.1371100000
-0.1415100000
-0.1457400000
-0.1498100000
-0.1537200000
-0.1574900000
-0.1611200000
-0.1646300000
-0.1680200000
-0.1713100000
-0.1744900000
-0.1775800000
-0.1805900000
-0.1835200000
-0.1863800000
-0.1891700000
-0.1918900000
-0.1945400000
-0.1971300000
-0.1996600000
-0.2021100000
-0.2045000000
-0.2068000000
-0.2090200000
-0.2111500000
-0.2131700000
-0.2150700000
-0.2168500000
-0.2184800000
-0.2199500000
-0.2212500000
-0.2223500000
-0.2232300000
-0.2238800000
-0.2242700000
-0.2243900000
-0.2242100000
-0.2237000000
-0.2228400000
-0.2216200000
-0.2200100000
-0.2179900000
-0.2155300000
-0.2126200000
-0.2092500000
-0.2053900000
-0.2010300000
-0.1961600000
-0.1907700000
-0.1848500000
-0.1784000000
-0.1714200000
-0.1639100000
-0.1558800000
-0.1473300000
-0.1382800000
-0.1287500000
-0.1187600000
-0.1083300000
-0.0974840000
-0.0862650000
-0.0747050000
-0.0628420000
-0.0507200000
-0.0383860000
-0.0258870000
-0.0132760000
-0.0006057300
0.0120670000
0.0246840000
0.0371870000
0.0495170000
0.0616120000
0.0734120000
0.0848580000
0.0958900000
0.1064500000
0.1164800000
0.1259300000
0.1347500000
0.1428900000
0.1503000000
0.1569400000
0.1627800000
0.1677800000
0.1719200000
0.1751700000
0.1775200000
0.1789500000
0.1794500000
0.1790300000
0.1776900000
0.1754300000
0.1722800000
0.1682400000
0.1633500000
0.1576400000
0.1511300000
0.1438700000
0.1358900000
0.1272500000
0.1179800000
0.1081500000
0.0977970000
0.0869840000
0.0757650000
0.0641970000
0.0523370000
0.0402410000
0.0279690000
0.0155750000
0.0031136000
-0.0093605000
-0.0217960000
-0.0341440000
-0.0463580000
-0.0583940000
-0.0702100000
-0.0817690000
-0.0930350000
-0.1039800000
-0.1145700000
-0.1247900000
-0.1346100000
-0.1440200000
-0.1530000000
-0.1615500000
-0.1696600000
-0.1773100000
-0.1845300000
-0.1912900000
-0.1976200000
-0.2035100000
-0.2089800000
-0.2140400000
-0.2187000000
-0.2229800000
-0.2268900000
-0.2304500000
-0.2336800000
-0.2366000000
-0.2392200000
-0.2415700000
-0.2436600000
-0.2455200000
-0.2471600000
-0.2485900000
-0.2498500000
-0.2509300000
-0.2518600000
-0.2526500000
-0.2533100000
-0.2538600000
-0.2543000000
-0.2546300000
-0.2548800000
-0.2550300000
-0.2551000000
-0.2550800000
-0.2549700000
-0.2547800000
-0.2544900000
-0.2541000000
-0.2536000000
-0.2529900000
-0.2522500000
-0.2513700000
-0.2503400000
-0.2491400000
-0.2477600000
-0.2461800000
-0.2443800000
-0.2423400000
-0.2400500000
-0.2374800000
-0.2346300000
-0.2314600000
-0.2279500000
-0.2241000000
-0.2198900000
-0.2152800000
-0.2102900000
-0.2048700000
-0.1990400000
-0.1927700000
-0.1860600000
-0.1789000000
-0.1712900000
-0.1632400000
-0.1547300000
-0.1457900000
-0.1364200000
-0.1266300000
-0.1164400000
-0.1058700000
-0.0949440000
-0.0836900000
-0.0721370000
-0.0603210000
-0.0482780000
-0.0360500000
-0.0236800000
-0.0112160000
0.0012942000
0.0137990000
0.0262450000
0.0385770000
0.0507390000
0.0626730000
0.0743230000
0.0856320000
0.0965410000
0.1069900000
0.1169400000
0.1263200000
0.1350800000
0.1431800000
0.1505700000
0.1572100000
0.1630600000
0.1680900000
0.1722700000
0.1755600000
0.1779600000
0.1794400000
0.1800000000
0.1796300000
0.1783400000
0.1761200000
0.1730000000
0.1689800000
0.1640900000
0.1583600000
0.1518200000
0.1445000000
0.1364500000
0.1277100000
0.1183300000
0.1083600000
0.0978530000
0.0868630000
0.0754500000
0.0636730000
0.0515910000
0.0392650000
0.0267550000
0.0141210000
0.0014237000
-0.0112800000
-0.0239350000
-0.0364850000
-0.0488800000
-0.0610690000
-0.0730060000
-0.0846490000
-0.0959560000
-0.1068900000
-0.1174200000
-0.1275200000
-0.1371600000
-0.1463200000
-0.1549900000
-0.1631400000
-0.1707700000
-0.1778700000
-0.1844500000
-0.1904900000
-0.1960000000
-0.2010000000
-0.2054800000
-0.2094700000
-0.2129700000
-0.2159900000
-0.2185700000
-0.2207100000
-0.2224400000
-0.2237800000
-0.2247400000
-0.2253600000
-0.2256600000
-0.2256500000
-0.2253600000
-0.2248100000
-0.2240200000
-0.2230200000
-0.2218200000
-0.2204400000
-0.2189000000
-0.2172100000
-0.2153900000
-0.2134500000
-0.2114100000
-0.2092700000
-0.2070500000
-0.2047500000
-0.2023700000
-0.1999200000
-0.1974100000
-0.1948300000
-0.1921800000
-0.1894700000
