0.9536800000
-0.7166100000
0.2586000000
0.2020800000
0.7857700000
-0.2347700000
0.9937700000
-0.8068000000
0.1253300000
0.3835400000
0.4106500000
0.4936700000
0.3660800000
0.6244900000
0.1214000000
1.1059000000
-0.8192700000
0.1601700000
0.3180700000
0.5393700000
0.2421100000
0.8581000000
-0.3377100000
0.8549400000
-0.6222500000
0.3696400000
0.0604860000
1.0820000000
-0.8091500000
0.1654500000
0.3141700000
0.5486400000
0.2243900000
0.8928600000
-0.4056700000
0.7567900000
-0.4893900000
0.5464400000
-0.1736500000
0.9780200000
-0.7494600000
0.2149200000
0.2599000000
0.6656300000
-0.0016278000
1.3300000000
-1.2619000000
-0.4802000000
-0.4472900000
-0.0004979300
0.7755100000
-0.3186100000
0.8461100000
-0.5977000000
0.4069700000
0.0093056000
1.1877000000
-1.0144000000
-0.1306100000
0.2707800000
0.4743700000
0.3289600000
0.6779600000
0.0119480000
1.3187000000
-1.2358000000
-0.4414600000
-0.3683600000
0.1530600000
0.5556200000
0.1319700000
1.0535000000
-0.7249100000
0.2943900000
0.1370900000
0.9141400000
-0.4855000000
0.6317300000
-0.3166800000
0.7775000000
-0.4800900000
0.5725900000
-0.2134500000
0.9234300000
-0.6765500000
0.3115700000
0.1320500000
0.9313100000
-0.5172000000
0.5864200000
-0.2555100000
0.8588500000
-0.5877900000
0.4301800000
-0.0251980000
1.1723000000
-1.0054000000
-0.1231000000
0.2880100000
0.4488300000
0.3810000000
0.5767000000
0.2101000000
0.9311800000
-0.4779500000
0.6530800000
-0.3492100000
0.7328900000
-0.4205100000
0.6515700000
-0.3179300000
0.7853100000
-0.4939900000
0.5528700000
-0.1868800000
0.9587400000
-0.7233000000
0.2497600000
0.2137500000
0.7615000000
-0.1876800000
1.0617000000
-0.8987300000
0.0030075000
0.5455200000
0.0741170000
1.1468000000
-0.9124400000
0.0222400000
0.5059700000
0.1509600000
0.9963500000
-0.6183100000
0.4470500000
-0.0691420000
1.1060000000
-0.9147500000
-0.0020749000
0.5391000000
0.0824930000
1.1293000000
-0.8785800000
0.0710620000
0.4399000000
0.2877000000
0.7308600000
-0.0986180000
1.1978000000
-1.0855000000
-0.2465200000
0.0381460000
0.8118900000
-0.3611400000
0.7920000000
-0.5269800000
0.5001400000
-0.1137200000
1.0567000000
-0.8533200000
0.0777310000
0.4412000000
0.2888300000
0.7295900000
-0.0958910000
1.2018000000
-1.0910000000
-0.2537600000
0.0231150000
0.8338200000
-0.4059400000
0.7268100000
-0.4385500000
0.6178700000
-0.2696500000
0.8505200000
-0.5807200000
0.4380400000
-0.0350310000
1.1595000000
-0.9886100000
-0.1009100000
0.3341500000
0.3814900000
0.5185500000
0.3092100000
0.7336200000
-0.0925520000
1.2095000000
-1.1024000000
-0.2693100000
-0.0090115000
0.8500300000
-0.4495500000
0.6607800000
-0.3480900000
0.7386300000
-0.4297100000
0.6388000000
-0.3008200000
0.8080100000
-0.5240200000
0.5131600000
-0.1343900000
1.0281000000
-0.8149900000
0.1285700000
0.3739400000
0.4285900000
0.4583700000
0.4350700000
0.4895600000
0.3852900000
0.5897900000
0.1900000000
0.9719000000
-0.5572300000
0.5386600000
-0.1943400000
0.9389500000
-0.6933900000
0.2907200000
0.1590900000
0.8749100000
-0.4078000000
0.7441900000
-0.4690300000
0.5747500000
-0.2115800000
0.9276800000
-0.6828500000
0.3029900000
0.1434800000
0.9075700000
-0.4711300000
0.6528600000
-0.3454300000
0.7392000000
-0.4293600000
0.6396900000
-0.3021600000
0.8061800000
-0.5215800000
0.5164000000
-0.1386700000
1.0225000000
-0.8075200000
0.1384400000
0.3608900000
0.4557100000
0.4057300000
0.5381200000
0.2880700000
0.7793500000
-0.1808600000
1.0822000000
-0.9302000000
-0.0402310000
0.4665100000
0.1868200000
0.9156500000
-0.4632000000
0.6703800000
-0.3712500000
0.7040600000
-0.3825300000
0.7017300000
-0.3842100000
0.6977100000
-0.3782200000
0.7058900000
-0.3891200000
0.6914400000
-0.3700100000
0.7167100000
-0.4034100000
0.6725600000
-0.3450600000
0.7496800000
-0.4469800000
0.6149700000
-0.2689400000
0.8502900000
-0.5799600000
0.4392100000
-0.0366440000
1.1573000000
-0.9857500000
-0.0971250000
0.3420100000
0.3700200000
0.5419700000
0.2636500000
0.8227800000
-0.2668900000
0.9576700000
-0.7614800000
0.1843100000
0.3059300000
0.5720800000
0.1804300000
