-0.9872800000
0.8180200000
0.4688600000
0.0570650000
-0.9139200000
-0.3238500000
-0.9239200000
-0.3938300000
0.7833300000
0.9109700000
0.7425200000
-0.5361600000
0.7584500000
-0.7153300000
-0.5653500000
0.1814700000
-0.1174900000
-0.5998400000
0.9463000000
0.4297600000
-0.9668900000
-0.4377500000
0.6985100000
-0.1757000000
0.9768700000
0.2120400000
-0.2941200000
0.7590700000
0.2392500000
-0.2490200000
0.7602600000
-0.2426900000
-0.1577500000
-0.8749600000
0.4854900000
-0.3849300000
0.4570000000
0.8522200000
-0.7078200000
-0.2802600000
-0.3258800000
0.9982300000
-0.7032500000
0.5264900000
0.7439900000
0.2446100000
-0.7752700000
0.0172310000
-0.3969400000
0.6750900000
-0.9258100000
0.2954500000
-0.3847200000
0.0023484000
-0.5297500000
0.5031400000
-0.5506900000
0.2295000000
-0.7673300000
-0.4903600000
0.5079000000
0.2432300000
0.0158340000
0.1264800000
-0.3341700000
-0.3662200000
0.9048500000
-0.1588400000
0.4161200000
-0.1971400000
0.6733400000
0.7486000000
-0.2070700000
-0.2369000000
0.3791000000
-0.4516600000
0.9271100000
-0.0246550000
-0.3827700000
0.8627200000
-0.2386600000
0.9407300000
0.9237000000
0.6135100000
-0.8195500000
-0.2476600000
-0.4851600000
-0.1205300000
0.1733100000
0.8866500000
-0.1324700000
0.2228900000
-0.3496500000
0.0247750000
-0.5015300000
0.8627600000
0.3931800000
-0.3664800000
0.2324100000
0.1423800000
0.9229000000
-0.8830500000
0.5278700000
-0.1145800000
0.2796400000
-0.1559200000
-0.5055900000
-0.9809400000
0.5400700000
-0.9789800000
0.3570800000
-0.5311900000
0.2971300000
-0.1016200000
0.1549700000
0.6069200000
0.4401900000
0.1929400000
0.7573300000
0.3787000000
0.7567400000
0.5391700000
-0.2335700000
0.3711500000
-0.0216290000
0.4828000000
0.3584600000
0.6740400000
0.6282000000
0.2123300000
0.5480300000
0.6624500000
-0.2586000000
-0.2377200000
0.8037800000
0.7160300000
0.2977800000
0.8013600000
0.4999400000
0.4261100000
-0.3918300000
0.4935200000
0.5514700000
0.6099000000
0.6247300000
-0.2034900000
-0.0826930000
0.1833200000
-0.9183700000
0.6502900000
0.5712000000
0.9541900000
-0.9577900000
0.5055200000
0.2064700000
0.2051400000
-0.2115200000
0.9528200000
0.0728390000
0.1972300000
0.8131900000
-0.7242000000
-0.5580500000
0.3707600000
-0.6743400000
0.3644400000
-0.8784100000
0.6332000000
0.2312500000
0.5835000000
0.8365500000
-0.9969000000
-0.1437500000
-0.0168210000
-0.7176000000
-0.6229200000
0.6437000000
0.6804800000
0.8922500000
0.0047787000
0.3152300000
-0.6048300000
0.0133750000
-0.4345700000
-0.3424800000
-0.2469700000
0.8006600000
0.7369700000
0.1828300000
0.8537500000
-0.9855600000
-0.3442200000
0.7045200000
0.9429100000
-0.4420300000
0.8537100000
0.2382700000
0.8136700000
0.8676400000
0.5271800000
0.3023000000
0.7747300000
0.8999700000
-0.2046400000
0.6355000000
0.7977500000
-0.2394500000
-0.4585300000
-0.5350600000
-0.8039200000
0.4782600000
0.1432600000
-0.2436500000
-0.9455100000
0.8959200000
-0.2638400000
-0.3854900000
-0.8688000000
0.0023239000
-0.9424800000
-0.2736600000
0.6272300000
-0.1406900000
-0.3975600000
-0.5033900000
-0.5237500000
-0.7016500000
-0.7234900000
-0.5938700000
0.7512200000
-0.2987300000
-0.7317800000
0.9630500000
0.0526700000
-0.7787000000
0.4500700000
0.4039400000
-0.9853100000
-0.1786200000
-0.0446610000
-0.6131400000
-0.9920100000
-0.7186500000
-0.2968900000
0.1182500000
-0.5944200000
-0.3546700000
-0.9367800000
-0.2306500000
-0.4568900000
-0.0327350000
-0.9616400000
-0.2348500000
0.8355200000
0.6036400000
-0.5477600000
0.5373200000
-0.2019500000
-0.1467300000
-0.1098000000
0.6709600000
0.7993700000
-0.9543800000
-0.2677300000
0.2997100000
-0.8490000000
0.8980500000
-0.4454500000
-0.5981400000
-0.8830900000
-0.0444110000
-0.4207200000
0.9072700000
0.4291400000
0.4884800000
-0.1935500000
-0.9754000000
0.4567500000
0.4112500000
-0.0429770000
-0.3168000000
-0.5405300000
-0.6089900000
0.7588800000
0.4583200000
0.9712600000
0.0197890000
-0.5017900000
0.5934300000
-0.1500300000
0.4199500000
0.1283400000
-0.8550600000
0.9617300000
-0.2159000000
-0.6672800000
0.9810900000
-0.7413300000
0.5421300000
-0.4444200000
0.6856600000
-0.0425250000
-0.7172400000
-0.7174800000
-0.7290300000
-0.7900200000
0.1011900000
0.7203700000
-0.7169700000
-0.1891900000
0.2459600000
-0.0842320000
-0.1156700000
0.3156200000
0.6473300000
0.1830400000
-0.2455200000
-0.4565200000
-0.7020400000
0.5514300000
0.7404100000
0.0170550000
0.6483600000
0.9508600000
-0.8930500000
0.5136700000
-0.6783300000
-0.6292800000
-0.3449100000
0.9999100000
-0.9247900000
-0.8980200000
-0.9687500000
0.2015800000
-0.0585470000
0.0067858000
0.0484430000
0.1878300000
0.8603900000
0.5355800000
0.4417200000
-0.4704700000
0.7386600000
0.7192500000
0.3584300000
0.0729610000
0.2630000000
0.2123700000
-0.6994100000
-0.9269200000
-0.7620300000
0.6416700000
0.5480400000
0.9752200000
-0.8090200000
0.5175700000
0.7733800000
0.2099000000
-0.1923400000
-0.9917800000
-0.7137200000
0.5909800000
0.5756500000
-0.9902700000
0.5604100000
0.8285000000
-0.8409900000
0.5658000000
-0.6761800000
-0.5636700000
0.4580900000
-0.8781500000
0.8956200000
0.6045000000
-0.1347200000
-0.0989500000
-0.2113000000
0.6146200000
-0.0268450000
0.8153800000
0.0369140000
0.4108400000
0.9948600000
0.5606900000
-0.4118300000
0.7838800000
0.3239600000
0.7453600000
-0.8167400000
-0.8843400000
0.9026900000
-0.5446800000
-0.3870200000
-0.5911400000
0.7509100000
0.4710700000
-0.8048400000
-0.9616600000
-0.6574900000
-0.4681100000
0.4050400000
-0.5721800000
-0.6983000000
0.4265800000
-0.3807100000
-0.6131600000
0.6185200000
-0.5651400000
-0.2401500000
-0.1469200000
0.7767800000
-0.6396200000
-0.0650610000
0.5193400000
0.5320200000
-0.2921300000
-0.7573800000
0.2381400000
0.3673000000
-0.7072400000
-0.6484600000
-0.6115400000
-0.1102200000
-0.4069900000
-0.2931700000
0.7491800000
-0.6048400000
0.5276700000
0.5937400000
-0.9356000000
-0.6871700000
0.7527200000
-0.6305800000
-0.9667700000
-0.5852300000
-0.0439630000
-0.2785600000
-0.8847300000
0.3803900000
-0.7173300000
-0.2168000000
0.3138200000
0.3871900000
-0.4218800000
0.4948900000
-0.5648300000
0.6576600000
0.8337800000
-0.6204100000
0.7744200000
-0.2552900000
-0.6718400000
0.3873500000
0.1212500000
-0.1498000000
0.2496000000
0.9880600000
0.2916200000
-0.7814500000
0.1939300000
-0.5961000000
0.7979500000
-0.5874500000
0.6985700000
0.9486700000
0.2216600000
-0.5049600000
-0.7815700000
0.2314700000
0.3035300000
-0.6219900000
0.1780000000
-0.4361200000
0.2056900000
-0.9424700000
-0.1093200000
0.6577100000
0.0598700000
0.2320800000
0.5227000000
-0.9966500000
-0.7510200000
-0.4474600000
-0.4328000000
-0.0503520000
-0.2603200000
0.7576500000
-0.1683600000
0.3952500000
0.9913500000
-0.3406500000
0.6161500000
-0.3981500000
-0.7614100000
0.3487000000
0.5612900000
-0.3481600000
0.5565200000
-0.5502000000
0.7111000000
-0.5423000000
-0.4863100000
0.6218900000
0.0287330000
0.9196400000
0.4356200000
-0.4795600000
0.5094300000
0.0866770000
0.7860100000
0.5131300000
0.1376200000
0.9332400000
0.9440200000
0.1530000000
0.9722200000
-0.4647100000
-0.3188900000
0.4735200000
0.4889600000
-0.0223500000
0.3676900000
-0.2960500000
0.2137600000
0.6450900000
-0.0124480000
0.7930200000
0.2551700000
0.4856200000
0.6638000000
0.3022700000
0.4362000000
-0.8011900000
0.4508600000
-0.4707700000
-0.2223300000
-0.2887500000
-0.7169800000
-0.2544200000
0.0100380000
0.7010100000
-0.0745780000
0.5651800000
0.9486200000
-0.5263500000
-0.3605900000
-0.5158400000
0.2864600000
0.5420400000
0.1348200000
-0.1582400000
0.3897100000
-0.2275900000
0.8493100000
0.2961200000
0.9185300000
-0.2840500000
-0.0319590000
0.8734700000
0.3776700000
-0.5245600000
-0.2093000000
0.2329600000
-0.5640400000
0.1001800000
-0.2311100000
-0.1999800000
0.9968300000
-0.2553700000
-0.0855010000
0.9797500000
0.6431100000
0.7941700000
-0.4309600000
0.8281500000
0.7166800000
0.9133100000
-0.7575300000
0.2427400000
-0.3045000000
0.1993000000
-0.4418800000
-0.6598700000
-0.4695200000
0.8268300000
0.5319100000
-0.1394800000
-0.2044500000
-0.2241600000
0.5983200000
-0.0927100000
-0.1758000000
-0.6155200000
-0.9924900000
0.1891100000
-0.7753900000
-0.0313680000
0.7977900000
0.4483800000
-0.1284800000
0.5942800000
0.1215700000
-0.7403100000
-0.4096900000
0.3195000000
-0.2410000000
-0.4601600000
-0.8955800000
0.1560100000
0.0780960000
-0.9870600000
0.5584700000
0.2227300000
-0.9903600000
-0.5379700000
0.2556000000
-0.1415800000
0.4940800000
0.0594000000
0.3441300000
-0.2047600000
0.5784800000
0.4578200000
-0.4185500000
0.5025100000
-0.3900000000
-0.8136100000
-0.2847800000
-0.3523100000
0.7720000000
0.9234200000
-0.1487300000
0.2778900000
0.4922600000
-0.6693400000
0.4742400000
0.5738600000
0.8238400000
0.8963000000
0.1914300000
-0.7024500000
-0.0430050000
-0.7823600000
0.8026100000
-0.5471800000
-0.5028700000
0.2664300000
-0.0348950000
-0.4762500000
-0.3531100000
0.7665500000
-0.7760300000
-0.7216600000
-0.8762400000
0.9594200000
0.9795200000
0.2700500000
0.7761500000
0.7622700000
-0.4870300000
0.5498700000
-0.3787200000
0.8222600000
-0.2198700000
0.7120800000
-0.0790500000
-0.5936100000
-0.7353500000
-0.9824600000
-0.1648900000
-0.9029400000
0.6595300000
-0.9703200000
0.7874200000
0.1082200000
0.8920700000
0.9707000000
0.5347500000
-0.5243000000
-0.8979300000
0.0694190000
0.7309700000
-0.6007700000
0.8792100000
0.8141900000
0.1009400000
0.5707800000
-0.8414700000
-0.6646500000
-0.8058800000
-0.4701100000
0.0848590000
0.8412800000
0.2811200000
-0.6904500000
-0.3915900000
0.5133300000
-0.4836300000
-0.3620900000
0.3400900000
-0.1639400000
0.6104300000
-0.5727200000
0.2929700000
-0.1086600000
-0.2538000000
0.3765600000
0.9934900000
0.9198300000
-0.4665900000
0.0185190000
-0.7483200000
0.9293300000
-0.7555600000
-0.7510100000
0.6104500000
-0.1490400000
-0.8969400000
-0.8194200000
0.0692080000
-0.8275900000
0.7454200000
0.2064700000
0.1030100000
-0.2409700000
-0.7687000000
0.4562700000
0.5360700000
-0.3050400000
-0.7300600000
-0.1135800000
-0.9513300000
0.9181700000
-0.3628900000
0.9895400000
-0.8475400000
-0.9918900000
-0.6836000000
0.7689400000
-0.4368300000
0.1150200000
-0.9360100000
0.4302100000
0.5803000000
-0.8655900000
0.0676500000
0.9887200000
-0.6586100000
-0.4778700000
-0.3877800000
0.6862700000
0.1465500000
-0.9862400000
0.2954300000
-0.7087800000
-0.4513100000
0.8762800000
0.3910500000
-0.3642300000
0.4692700000
-0.9914000000
0.7185900000
-0.4197400000
-0.5645700000
0.8920100000
-0.7037500000
0.9640300000
0.1217800000
0.8394500000
0.7115300000
0.6826600000
-0.5879600000
0.2087000000
-0.3500800000
0.1914600000
-0.0777630000
-0.9598300000
0.1232400000
-0.6611600000
-0.1318300000
0.3814600000
-0.7263900000
-0.4109200000
-0.3957300000
0.9644500000
-0.4072100000
0.0543290000
-0.8842500000
0.4361400000
0.1803100000
0.3861800000
0.5638100000
-0.0331990000
0.0202790000
-0.8193000000
0.8349900000
-0.2822300000
0.6044900000
-0.3502400000
-0.4989100000
0.7552600000
-0.9960100000
-0.3341800000
-0.5288100000
0.3388400000
0.8962000000
0.4182800000
0.0962700000
0.0151990000
-0.5562500000
-0.5492000000
-0.9427000000
0.0595630000
-0.9311200000
0.6761800000
0.5714000000
-0.4987600000
-0.5837900000
0.2507200000
-0.2304700000
0.4663900000
0.6913800000
0.1037200000
-0.8283100000
0.6612000000
0.8631400000
0.7725400000
-0.0010950000
-0.4034500000
-0.7680700000
-0.9801700000
0.3502400000
0.4225400000
-0.3010000000
0.9694600000
-0.8625600000
0.9014000000
-0.9791800000
0.9184600000
0.5000600000
0.5203500000
-0.4581800000
-0.5895300000
0.4105000000
-0.1770300000
0.7294300000
0.1226900000
-0.5245200000
0.3712700000
-0.0308350000
-0.2500300000
-0.3157300000
-0.4919000000
0.6303800000
0.8605500000
-0.7129500000
-0.5195200000
0.3681600000
-0.4057800000
0.1394800000
0.2403400000
-0.5435500000
0.6076900000
-0.5377900000
-0.5536500000
0.7623500000
0.7391000000
0.0489850000
-0.7153100000
-0.2961700000
0.2921500000
0.1719600000
0.2127900000
0.4261300000
-0.0846310000
-0.3852200000
-0.4284200000
-0.1638500000
-0.0645490000
-0.4551200000
0.8043300000
0.3824900000
0.5125800000
0.4217800000
0.9811900000
0.8241500000
-0.4802600000
0.2657600000
0.6369500000
-0.7430900000
0.8129600000
-0.5710800000
0.9724200000
-0.1351700000
0.1528500000
0.9823900000
0.9864800000
-0.8930800000
0.0622650000
0.8940000000
0.4851300000
-0.4330600000
-0.3672200000
0.1264900000
-0.0259660000
-0.4081300000
0.6424400000
-0.5166400000
0.7899300000
0.4156200000
-0.7096800000
-0.0936760000
0.4411500000
0.4853900000
-0.3837100000
-0.0306600000
0.6909100000
0.1650700000
0.3424400000
-0.7794700000
-0.5749400000
0.9364200000
-0.9297800000
0.4563400000
-0.3759100000
0.0782720000
-0.4781700000
-0.5722400000
0.3500100000
0.6242500000
-0.2203400000
0.7624800000
0.9387900000
0.3228000000
-0.7722500000
0.8272100000
0.9174300000
-0.7212100000
0.6667200000
-0.4988200000
-0.1472400000
0.3217900000
0.0521970000
0.2695000000
-0.5675200000
-0.2507500000
-0.4135600000
-0.7109800000
0.5466500000
-0.4230700000
0.7527400000
-0.5876600000
-0.8126500000
-0.1646100000
-0.5500900000
0.6998600000
0.5250400000
0.3821200000
0.2069100000
-0.4885700000
0.6384800000
0.9281400000
0.9430500000
-0.1663500000
0.7766800000
0.0963640000
-0.4022000000
0.2260400000
-0.9680800000
-0.4626600000
0.0630270000
-0.7109200000
-0.3485800000
-0.0106280000
-0.5489000000
0.6596200000
0.2399700000
-0.3991800000
-0.7413700000
-0.2713400000
-0.4821200000
-0.7247200000
-0.9315200000
-0.8471700000
-0.8959800000
-0.1372400000
-0.5439000000
0.6646900000
-0.5464400000
0.0113070000
0.0327690000
-0.9713800000
0.7407700000
-0.9048200000
-0.8578000000
0.0770910000
-0.3269000000
-0.2921100000
0.4906000000
-0.4867300000
-0.3907600000
-0.3249600000
0.4875000000
-0.6059900000
-0.9247800000
0.0689800000
-0.8417600000
0.5248700000
-0.5073600000
0.4520300000
0.5388200000
0.7186000000
-0.4623100000
-0.0729250000
0.3445300000
0.8767400000
0.5399700000
-0.6818500000
0.1020600000
-0.6484000000
0.2841300000
-0.6626700000
0.5772900000
0.5452300000
-0.3026400000
-0.4776300000
0.4076400000
-0.7703300000
-0.8963300000
-0.5627700000
-0.5025200000
0.4551700000
0.0816770000
0.7509000000
0.4575100000
-0.6282900000
0.3299200000
-0.1271000000
0.9604800000
-0.3216200000
0.7790300000
-0.8322800000
-0.0534590000
-0.4919900000
-0.9220900000
0.4987400000
0.3929200000
-0.9033200000
-0.1942900000
0.5278700000
-0.0258120000
0.1812300000
-0.0803530000
-0.4957900000
-0.8139200000
0.4561200000
-0.0628810000
-0.8475700000
0.8769700000
-0.8147900000
-0.1644700000
-0.1725900000
-0.7508600000
0.3098200000
-0.8808100000
-0.2125200000
0.2382900000
0.9330500000
0.0857440000
-0.1480100000
0.4667400000
0.4958100000
-0.8957100000
0.5529100000
-0.1411000000
0.5315500000
-0.3152300000
-0.1469200000
0.6385200000
0.9268200000
-0.3861800000
-0.5886800000
0.0061085000
0.9998900000
0.6660100000
-0.4251100000
-0.8520500000
-0.4567800000
0.8424500000
-0.9331600000
0.4407600000
-0.1198500000
-0.2408000000
0.9559300000
0.2959300000
-0.2884500000
0.0026535000
0.5975900000
-0.3564900000
0.4778600000
-0.5545000000
0.5064900000
0.5533900000
0.8649200000
0.7309800000
-0.3433900000
0.6309100000
-0.3491800000
-0.7308200000
-0.8458500000
-0.1496700000
0.4446000000
0.3392000000
0.8714900000
-0.8481500000
-0.8411300000
-0.8647800000
-0.3603000000
-0.9310700000
-0.8900000000
0.4548000000
-0.2227600000
0.0606450000
-0.7453000000
-0.2270200000
0.4343700000
0.4667900000
-0.6649000000
-0.1960600000
0.9536200000
-0.5375600000
-0.7456100000
0.5777700000
0.5983000000
-0.3909300000
-0.2916800000
-0.2007100000
0.6028800000
0.7192100000
0.6617900000
0.7478000000
0.2097300000
0.9872100000
-0.0387310000
-0.9438200000
-0.8415900000
-0.5817500000
0.4867600000
0.9732400000
0.9838000000
0.6568600000
-0.1563200000
0.6798800000
0.7464100000
0.8885100000
-0.7338900000
-0.4235500000
-0.5318300000
-0.5075800000
-0.8581100000
-0.2838000000
0.2499900000
-0.4349600000
-0.3496600000
-0.7816800000
0.3360900000
-0.4449100000
0.7450700000
0.3922900000
-0.6897000000
-0.7936500000
-0.9401400000
-0.8921400000
-0.1135400000
-0.2087200000
0.0127330000
0.0037167000
0.4659500000
-0.6954600000
-0.5222400000
0.6443900000
0.3206900000
-0.1662200000
0.3341100000
-0.5916600000
-0.0778180000
0.1122400000
0.4769300000
-0.2505800000
0.4739300000
-0.6332700000
0.5966400000
-0.2088000000
0.6879800000
0.8653900000
0.6642800000
0.5140100000
-0.9669900000
-0.1391600000
-0.8274100000
-0.2391200000
-0.8099100000
-0.1887700000
-0.7074700000
-0.4582200000
0.6347200000
-0.2025900000
-0.8701100000
0.9986800000
0.0744020000
0.4827000000
0.7346200000
0.6876100000
0.6135300000
-0.3516500000
-0.1294600000
0.1346300000
0.7362500000
0.1953700000
-0.4194400000
0.4769600000
0.2563200000
-0.0866060000
0.4122400000
0.4483900000
0.0596320000
0.2365600000
-0.2743200000
-0.3689600000
-0.1489000000
-0.6257400000
-0.8163700000
-0.7775000000
0.5234000000
0.7321800000
-0.2755800000
0.3565400000
0.4144100000
-0.9814500000
0.9146500000
0.5450800000
-0.7691500000
0.8622800000
0.3679300000
-0.1940000000
-0.6222700000
-0.4261800000
-0.7602600000
-0.8015000000
-0.8493000000
-0.2285800000
0.2525800000
-0.8420200000
0.1826000000
0.9077900000
-0.7598900000
0.5195900000
0.8118100000
0.0950180000
0.9637400000
-0.4772500000
0.7944000000
-0.5690900000
-0.6395200000
-0.3707100000
-0.6018300000
-0.9605600000
-0.2077700000
0.0828990000
0.9726300000
-0.7205300000
0.0758100000
0.1318300000
-0.3740500000
-0.5757900000
0.7247700000
-0.8039400000
0.0988860000
-0.0194830000
0.5439700000
0.6482600000
0.4480000000
-0.4631500000
-0.0914400000
-0.8262100000
-0.1570900000
-0.2116500000
0.7540800000
-0.0945600000
-0.1533600000
0.4380100000
-0.3548700000
-0.3518800000
-0.0230490000
0.6111800000
0.1108800000
-0.4106600000
0.0110170000
-0.8424000000
-0.2520700000
-0.5677900000
-0.8324800000
0.4714300000
-0.6899100000
0.6691200000
-0.0847330000
-0.1124400000
-0.9114900000
0.2340400000
-0.8116000000
-0.7492300000
-0.6793600000
-0.5048900000
0.3894200000
0.9153300000
-0.0281660000
0.6107500000
0.8120600000
0.2373400000
0.0530840000
-0.9788300000
0.7964700000
0.2189200000
-0.5912000000
-0.3593000000
-0.6903300000
-0.4422200000
-0.3174800000
0.8152200000
0.1788100000
-0.7045300000
0.9380500000
0.9764000000
-0.2477300000
0.3893400000
0.9966100000
-0.3067700000
0.0831400000
-0.6715300000
-0.3233400000
-0.4323100000
0.1063100000
0.6855600000
0.1356500000
-0.0835680000
-0.5243800000
0.6932600000
-0.3475500000
0.7818000000
-0.3253900000
-0.8457700000
-0.8065400000
0.4336500000
0.3021700000
0.5725300000
0.5340700000
0.0585910000
0.7440800000
-0.3130500000
0.5867800000
0.0332690000
-0.8468200000
-0.5851900000
0.7218200000
-0.4383100000
-0.6612500000
0.3634800000
0.9263200000
0.5943700000
-0.4852900000
-0.2247900000
-0.1287100000
0.7948800000
-0.4761400000
-0.4112300000
0.3799600000
0.0708870000
-0.6055100000
-0.8336300000
-0.8671700000
-0.5136700000
0.6758200000
0.5371900000
0.5512100000
0.1567400000
0.4125000000
0.9018100000
0.7441400000
0.8218400000
0.6183600000
0.8498300000
-0.9084900000
0.9263700000
0.9207200000
-0.4444900000
-0.5926000000
0.1536100000
-0.2233100000
0.8737700000
-0.5363800000
-0.9560100000
0.3981100000
-0.8961100000
-0.8403500000
0.2895000000
-0.3813500000
0.6785500000
0.4075700000
0.0536660000
-0.0274490000
0.6703000000
-0.1886500000
-0.5889500000
-0.4943500000
-0.1279800000
-0.2263500000
-0.5606100000
-0.1983800000
-0.1066100000
0.1365500000
0.9898600000
0.6248200000
-0.8006200000
-0.5683000000
0.6335400000
-0.1742900000
0.6882900000
0.1441700000
-0.9391500000
-0.2746400000
0.1258900000
-0.0962650000
0.0783420000
-0.8971400000
0.6959000000
-0.0624900000
-0.2731900000
0.5651400000
0.3240100000
-0.2941500000
0.2898500000
-0.4655700000
-0.8012200000
-0.1130200000
-0.1527000000
-0.4019200000
-0.9935700000
-0.8978500000
-0.1982300000
0.3155100000
0.7143000000
-0.7638100000
0.5849500000
-0.6981300000
0.5604400000
-0.7123800000
-0.9014000000
0.1544400000
-0.3123300000
0.7153100000
0.1435500000
0.7209800000
-0.4757500000
0.1096300000
0.6127400000
0.3805000000
-0.9847900000
0.5664400000
0.1752100000
0.6842000000
-0.6730000000
0.8681600000
-0.8054400000
-0.9803100000
-0.0216230000
0.5804700000
-0.0499420000
0.6284600000
0.5818500000
-0.8525500000
-0.8413300000
-0.2207400000
-0.0269300000
-0.6185700000
-0.3166300000
0.4037100000
-0.8823100000
0.9474600000
-0.9474400000
-0.1139500000
0.8093700000
-0.8480700000
0.4957900000
0.6832700000
-0.3479500000
-0.0123670000
0.1422700000
-0.8932300000
-0.4898700000
-0.7148800000
0.8016400000
-0.7949900000
0.5766600000
-0.0730230000
0.6971300000
0.6248000000
0.9314600000
-0.9988100000
-0.9552800000
0.6891600000
0.7278900000
-0.3724200000
0.4825400000
0.7275800000
0.4509200000
0.6360700000
0.3778200000
0.0101080000
0.8928100000
-0.1181600000
0.0838210000
0.7849800000
-0.8367700000
0.3289000000
-0.2364800000
-0.5182300000
0.0372120000
0.9078100000
-0.5748400000
0.7295700000
-0.1318000000
0.6728400000
0.8930900000
0.1619000000
-0.9798000000
0.4806900000
-0.9757000000
-0.6072800000
-0.5450200000
-0.1399800000
-0.5992200000
0.9243000000
-0.3541100000
0.6839900000
-0.1491100000
-0.1665900000
0.0682890000
-0.7591200000
-0.2710000000
-0.7211900000
0.9820300000
0.8955900000
0.1490100000
0.3660100000
-0.4410600000
-0.8230500000
-0.9817800000
-0.9579100000
0.9199400000
-0.6092700000
0.0402500000
0.4843200000
-0.0559630000
-0.5658500000
-0.2327400000
0.2911000000
0.5622100000
-0.9135700000
-0.3515000000
0.3514300000
0.5611700000
-0.4214500000
0.6179900000
0.5326800000
0.7873500000
-0.9767000000
0.5977200000
-0.0614850000
0.6188600000
0.7958200000
-0.8498200000
-0.9288300000
-0.7819100000
0.4567200000
0.0942430000
-0.0538160000
-0.4910500000
0.9956200000
-0.5816100000
0.8111000000
0.1284200000
0.3702900000
-0.5709400000
0.1561800000
0.9972400000
0.5749900000
-0.0593530000
0.4574300000
0.0419470000
-0.9925900000
-0.4286000000
0.4524200000
-0.2480500000
-0.9708900000
0.2513600000
0.5316000000
0.6050200000
0.5923600000
-0.6278400000
-0.2652700000
-0.4690700000
0.3141600000
0.1030700000
0.3601600000
-0.7962400000
-0.4634700000
0.4726900000
0.5507300000
0.1215400000
0.6700200000
-0.9928000000
-0.0079001000
-0.7765400000
0.7251100000
0.8950800000
-0.4514700000
0.1752400000
-0.5335700000
-0.6856700000
-0.0395270000
-0.3249300000
0.9512800000
0.2410500000
-0.7417000000
0.3307000000
0.2349600000
0.0638720000
-0.5007200000
0.4456700000
0.4337200000
-0.5515500000
0.1231300000
-0.4880200000
-0.2084900000
-0.0352640000
-0.6747800000
0.9294500000
-0.7248400000
-0.3780400000
0.9978000000
0.2751200000
0.9647300000
0.9336300000
-0.0299070000
-0.6387900000
-0.1528000000
-0.0669290000
-0.8687700000
0.6034800000
0.7381000000
0.3934800000
-0.7176500000
0.2029900000
0.4611600000
0.7763500000
0.1896300000
-0.9326900000
-0.2913000000
0.2549800000
-0.4783500000
0.3819400000
-0.7371500000
0.6785900000
-0.7805800000
-0.9267800000
-0.3943800000
-0.2835900000
-0.2186700000
0.7304300000
0.3277600000
0.7443500000
0.2412900000
-0.6804700000
-0.6064300000
-0.2447600000
0.3911400000
-0.1105600000
-0.1411500000
-0.3474800000
-0.1134500000
-0.7142900000
0.8903000000
-0.6712200000
-0.2435300000
-0.1454900000
0.7913500000
0.1429900000
-0.7035300000
0.2512700000
-0.2802300000
0.1806500000
0.1238800000
0.0732050000
0.3630300000
-0.5604000000
-0.7168500000
-0.0477100000
0.1417100000
-0.3335500000
-0.0006812700
0.5499000000
0.9998600000
0.2428800000
0.0795490000
0.9772400000
0.5401600000
0.4260100000
0.0208090000
-0.2637500000
-0.8311900000
0.2728500000
-0.2919000000
0.0564190000
0.2341600000
-0.5162800000
0.1865000000
0.8260100000
-0.0124040000
0.6716500000
0.3838500000
-0.5619000000
0.1517100000
-0.1961200000
-0.2429200000
-0.6536600000
-0.7797700000
0.3368500000
-0.5483300000
-0.8967700000
0.1466800000
-0.7055400000
-0.0146520000
-0.2506300000
-0.2990600000
-0.3575300000
0.9701800000
-0.1650300000
0.3334700000
0.7044800000
0.1616200000
0.4036600000
0.2856000000
0.1129000000
-0.5606000000
0.0446480000
0.4047800000
-0.2271900000
-0.8069900000
0.9937600000
0.1130800000
0.5523600000
-0.5370400000
-0.0671030000
0.2002900000
0.2279700000
-0.4326400000
0.6425500000
-0.7381800000
-0.5630900000
0.1690300000
0.9463000000
0.4681800000
0.7708900000
0.3879300000
-0.0908260000
-0.5196700000
0.9800600000
-0.0438840000
0.4371500000
-0.8871900000
-0.9784100000
-0.2095100000
0.7002200000
0.5937700000
0.5402900000
-0.5862000000
-0.3141600000
-0.0032719000
-0.9902900000
0.2753100000
-0.8300500000
-0.6248800000
-0.3831900000
-0.2085900000
0.2128500000
-0.6194300000
-0.7882900000
-0.8049700000
0.8724700000
-0.8011500000
-0.4249800000
-0.6849800000
-0.4324700000
-0.5774700000
0.5364700000
0.4922000000
0.3650900000
0.1311700000
0.5228400000
-0.6050700000
0.5662800000
-0.5731000000
-0.7909600000
-0.1254900000
0.9620600000
-0.7121600000
0.6514700000
-0.4007900000
-0.6881800000
-0.2090500000
-0.1121400000
0.4464900000
0.2241800000
-0.1288800000
0.2836800000
-0.0076817000
0.8942300000
-0.6322700000
-0.5630800000
0.3853100000
-0.1384600000
0.8656600000
-0.8913600000
0.8777700000
0.6273300000
-0.4887400000
-0.2963000000
0.1140200000
0.4163000000
0.7180000000
-0.6574900000
-0.4034100000
-0.0405320000
0.7726200000
0.7538900000
-0.5790100000
0.5388100000
-0.2586100000
-0.4165900000
0.2883400000
0.1825400000
-0.1060500000
-0.4280400000
-0.1050500000
0.3564200000
-0.2435600000
0.3615500000
0.5528200000
-0.7309300000
-0.6987600000
-0.6787300000
0.0159080000
-0.6266400000
0.0031631000
-0.8375000000
0.1265700000
-0.7481100000
0.5557700000
0.8570300000
0.0422970000
0.8933900000
-0.8042800000
0.5470800000
0.7566700000
-0.8390600000
-0.7146500000
0.8866200000
-0.6238800000
-0.5609700000
0.3926400000
-0.9597100000
0.2209800000
-0.1943200000
-0.0616540000
-0.2149000000
0.2109200000
-0.9926800000
0.0956240000
-0.8390700000
-0.2100200000
0.1256300000
-0.4700000000
0.7115900000
-0.3159900000
-0.8541200000
0.8872600000
0.0996980000
0.9647400000
0.9861900000
-0.3715800000
0.8742900000
0.2106400000
0.1483100000
0.5967800000
0.0854370000
0.8609600000
-0.0617290000
0.5207500000
0.2812500000
0.9675200000
-0.8331900000
0.6137300000
0.9334200000
0.0678850000
0.9349900000
0.3772300000
0.0466700000
0.3852700000
-0.8276500000
-0.3549400000
-0.3519700000
0.5039700000
0.1471500000
-0.8556000000
-0.0346910000
0.9548000000
-0.7129400000
-0.4252000000
-0.3384200000
0.1495700000
-0.9941800000
-0.2091300000
-0.8489100000
0.3525700000
-0.4105900000
-0.9241300000
-0.8602200000
0.3266300000
-0.3188700000
0.7061400000
-0.6278200000
0.0551010000
0.0790370000
0.3669100000
0.6117800000
0.1186900000
0.9051700000
-0.7953300000
0.8407900000
-0.8025800000
-0.8874600000
0.5296100000
-0.8491700000
0.0031246000
0.6603300000
0.5159500000
-0.4731800000
-0.8149800000
0.5510700000
-0.1099900000
-0.6140000000
0.4435500000
0.8237300000
0.5124000000
-0.0928530000
-0.5882800000
0.8612900000
-0.3330600000
0.3214400000
0.7958100000
0.4677000000
0.6286000000
0.9454300000
-0.1774600000
-0.5228200000
-0.9636000000
0.7443000000
-0.5063800000
-0.7484400000
0.9059300000
-0.1787000000
-0.0091586000
-0.3706100000
-0.4614800000
0.0714160000
0.2804500000
-0.4074300000
0.3483900000
-0.8303100000
-0.6576900000
0.2039700000
-0.9579200000
0.1698400000
0.4439200000
-0.9901000000
-0.5998700000
-0.0004521400
0.4009000000
-0.0623130000
0.7007600000
-0.3907400000
0.7904000000
0.1694800000
0.5124000000
-0.1643600000
-0.3175100000
-0.3540800000
-0.3489400000
-0.5606600000
0.9599600000
0.0565730000
0.8289900000
0.8373800000
-0.2294200000
0.1228900000
-0.6385800000
-0.6436700000
-0.2057800000
-0.5992500000
0.4804300000
0.6498800000
0.4506400000
-0.0501750000
0.7071900000
-0.3222900000
-0.8095500000
-0.1515300000
0.9860400000
0.9644900000
-0.7207700000
-0.0238930000
0.4291900000
0.7855100000
-0.6211800000
-0.1916900000
0.1972600000
-0.6324400000
0.6234900000
0.9181500000
-0.6509000000
0.1033400000
0.3989300000
0.8766000000
0.9915500000
0.9346000000
-0.1348900000
0.8731400000
0.8424100000
0.3224800000
-0.1182700000
0.2579600000
-0.4548400000
-0.5360200000
-0.9122800000
-0.9626100000
-0.7019000000
-0.8205700000
0.7164300000
-0.9978200000
-0.4047300000
-0.2456500000
-0.9107600000
-0.6075800000
0.3999600000
0.1288100000
0.9456000000
-0.6012900000
0.6386900000
0.4564200000
0.9882700000
-0.0960280000
0.0631220000
0.8976500000
0.8760900000
0.5241800000
-0.0614650000
0.9558100000
0.3781100000
0.9027200000
-0.0591290000
0.2173600000
-0.8369500000
-0.5949100000
0.8698400000
-0.6495300000
-0.5769200000
-0.3136700000
0.1095400000
-0.9191000000
0.7523000000
-0.1033000000
-0.1065800000
0.7093600000
0.2405800000
-0.6216400000
0.0348590000
-0.1323600000
-0.5514400000
-0.1162500000
0.2528000000
0.3771400000
0.7647900000
-0.1015900000
0.6429500000
-0.0132920000
-0.0119930000
0.4320200000
-0.9713300000
0.7945800000
0.4839600000
-0.0114380000
-0.2457400000
-0.7265500000
-0.1026700000
-0.8485800000
-0.8971600000
0.4732200000
-0.6671000000
0.0935950000
-0.9522100000
0.2451300000
-0.0388520000
-0.9806200000
-0.9419200000
0.7121200000
0.6443600000
-0.2927700000
-0.6242100000
0.9665400000
-0.5877700000
0.5764000000
-0.5049600000
-0.7846200000
0.9317300000
-0.3825500000
0.5044600000
0.3987700000
0.1698000000
-0.1417100000
0.3002900000
0.4544000000
0.5410600000
0.9650800000
0.1274800000
0.4940600000
-0.3403100000
0.4462100000
-0.4797800000
0.3989400000
0.9694700000
-0.1810600000
0.9473600000
0.2075700000
0.6891800000
-0.9878900000
0.5538900000
-0.7095400000
0.7891100000
0.6110600000
0.0996300000
0.4823900000
-0.4671000000
-0.5879000000
0.3615200000
-0.9078100000
0.4246700000
-0.5461400000
-0.8989700000
-0.9974700000
-0.4500500000
0.0173850000
0.1906000000
-0.5644700000
-0.9841400000
-0.3954000000
0.4408500000
-0.6814800000
0.3000600000
-0.8755400000
-0.9425200000
0.8517800000
-0.1944900000
-0.8022500000
0.6453300000
0.1166400000
0.2885100000
-0.9553100000
0.0522980000
0.9719200000
-0.9999100000
0.5317500000
-0.9502600000
-0.9487600000
0.1692200000
0.0726370000
0.8161100000
0.3841100000
-0.3130700000
-0.0114850000
0.1753600000
-0.6451800000
0.4926000000
-0.9053200000
0.2136800000
-0.6848200000
0.2973600000
-0.1969600000
-0.3271500000
0.8352100000
0.8859400000
-0.3417900000
-0.4225000000
-0.9046400000
-0.3150200000
-0.5918300000
-0.8473700000
0.3090000000
-0.6008600000
-0.6073700000
0.0005595100
-0.5963700000
0.7301300000
-0.7816200000
-0.6483400000
-0.6484600000
-0.7498900000
0.5647600000
0.0021235000
-0.3102000000
0.4899500000
0.6346700000
0.8729500000
-0.3767200000
0.4625300000
-0.1881800000
-0.7970000000
0.7906000000
-0.3906200000
-0.7492500000
0.7902700000
0.0204880000
0.3403800000
-0.9480100000
0.7038600000
-0.3053300000
0.2919500000
0.7501200000
-0.7389400000
-0.9621200000
0.6671600000
0.9046900000
-0.8767600000
0.2361300000
0.6977800000
-0.4271800000
0.4079300000
0.0846200000
0.2028700000
-0.4020400000
0.8511100000
0.6476000000
0.1408800000
-0.2616200000
0.8792500000
-0.3720500000
0.8740000000
-0.6102400000
-0.2353600000
0.3416300000
-0.3055300000
-0.9591000000
0.4790800000
-0.1673600000
-0.7630400000
-0.4746600000
0.3530700000
0.9978600000
0.0907370000
-0.9901500000
0.5630200000
0.7177300000
0.8556400000
0.7195800000
-0.0829570000
0.7421400000
-0.2653100000
0.8982400000
0.7993700000
0.9688300000
-0.9165100000
0.3002800000
0.8759100000
-0.6140800000
-0.8729800000
-0.1999100000
0.0963110000
0.6992500000
0.3725800000
-0.0151180000
-0.6160600000
-0.6916200000
-0.0843070000
-0.9435000000
0.5849000000
-0.9182900000
0.4590300000
0.9929600000
0.6392700000
0.1485900000
-0.6148900000
-0.4650200000
0.3865000000
-0.1555300000
-0.0675570000
0.5769000000
0.0039046000
-0.3752000000
0.0604440000
-0.1245200000
-0.8239600000
-0.2980100000
-0.7352700000
0.2939300000
0.0699010000
0.8203200000
-0.8798700000
0.0514370000
0.5078500000
-0.6169300000
-0.7763100000
0.5679300000
-0.7355700000
-0.6822200000
-0.0234810000
-0.6444300000
-0.8894500000
-0.9479200000
0.3159100000
-0.4307200000
0.8171400000
-0.3142300000
0.6967200000
-0.2061200000
-0.3023400000
0.8998600000
0.6311400000
-0.4596200000
-0.8177900000
-0.6016100000
0.7101900000
0.1717800000
-0.8864600000
-0.8010500000
0.6965700000
-0.7547600000
0.6800300000
-0.7308200000
-0.9577800000
0.5968800000
-0.2227200000
0.7250100000
-0.7655400000
-0.6292200000
-0.4024300000
0.3267700000
0.0120390000
0.3425000000
0.4770000000
0.9305300000
-0.6323100000
0.7883200000
-0.6773500000
-0.1739300000
0.6946200000
0.5566000000
0.8541600000
-0.1482000000
-0.7232900000
-0.3066400000
0.3749700000
0.0651280000
0.6055800000
-0.0795820000
0.4675100000
-0.2580900000
-0.6200800000
0.3988000000
0.5869300000
0.5593200000
0.5527500000
0.0998130000
-0.4443000000
0.5807700000
-0.9563500000
0.5778900000
0.6600600000
-0.3390900000
0.8631900000
-0.3272600000
-0.2616300000
0.8319200000
0.0874020000
0.9730200000
-0.5262300000
0.9858900000
-0.4116100000
0.0764660000
0.8924000000
-0.8313600000
-0.7329000000
0.0944140000
0.6462300000
0.5668100000
0.8100100000
-0.1836100000
0.0951200000
0.6746600000
0.9986100000
0.0026343000
-0.3261200000
0.9362500000
-0.3937500000
0.2970100000
-0.1782800000
-0.3448100000
0.7795100000
-0.7031200000
0.6686300000
-0.3110900000
-0.5338600000
-0.5649600000
0.6722500000
0.4840300000
-0.8370900000
0.9993700000
0.4759300000
0.9255100000
-0.9431200000
0.9195000000
0.0924550000
-0.1041000000
-0.7474600000
0.3868400000
-0.3115800000
-0.8011500000
-0.9290100000
0.0574120000
-0.2418100000
0.9209800000
0.8848700000
0.0904060000
-0.5398700000
0.3282200000
0.4501300000
-0.7048100000
0.2749200000
0.6442600000
0.1150600000
0.7550800000
-0.1456700000
0.8702800000
0.9151100000
-0.3577900000
0.6281600000
-0.5406700000
-0.9656500000
0.3631900000
0.0949110000
-0.8391600000
0.2147900000
0.0411660000
-0.1307800000
0.0341380000
-0.2468000000
0.1062900000
0.4055300000
-0.2864100000
0.3763200000
0.3580000000
0.1847500000
0.9739000000
0.2815100000
-0.7072300000
-0.2125500000
-0.4745700000
-0.1049600000
-0.0711680000
-0.1183600000
0.7293100000
-0.4156200000
0.6324500000
-0.4560500000
-0.7987100000
0.0711590000
-0.0380110000
-0.8543200000
-0.5787100000
-0.4620800000
-0.2333600000
-0.0058322000
-0.0225910000
0.3209700000
0.5121300000
-0.5853500000
0.0905750000
0.2942400000
-0.6817800000
-0.7281800000
-0.4844400000
0.0780040000
-0.9793500000
0.0996640000
-0.9389400000
-0.8261200000
-0.6415900000
0.2692200000
0.7656400000
0.1686700000
0.8581800000
-0.5141400000
0.9019700000
-0.6323900000
-0.6592700000
-0.4327900000
0.0432520000
0.9316200000
-0.2027000000
-0.7127800000
0.2914100000
-0.2567800000
0.3129600000
-0.1618400000
-0.0131330000
-0.7242700000
-0.7538600000
-0.1283500000
0.9020600000
0.9322400000
0.1122600000
0.6720100000
0.4603300000
0.6921900000
0.1682000000
-0.3200800000
0.3528000000
-0.4321200000
-0.6779200000
-0.3249800000
-0.4177800000
0.2473300000
0.8064900000
0.6691400000
0.2058000000
0.8333300000
-0.1851900000
-0.4946900000
-0.2252000000
-0.8817500000
0.3620800000
-0.5732300000
-0.3467700000
-0.0929740000
-0.6147100000
0.5710300000
-0.6855000000
0.7946800000
0.2435200000
-0.7247000000
0.8402400000
-0.0347800000
-0.5454100000
-0.6654000000
0.6130100000
0.8523900000
-0.1103700000
0.1289000000
0.0892830000
0.1882700000
0.3802800000
-0.6432100000
-0.5095500000
-0.0214440000
-0.4026700000
0.3474000000
0.8344300000
0.2828000000
-0.9344800000
0.2320600000
0.2556500000
0.6709400000
0.9966900000
0.4841700000
-0.5072600000
0.4835300000
0.6242900000
0.4832800000
0.5357800000
0.8796800000
0.8042600000
-0.8665400000
0.1339000000
0.4166100000
-0.0677020000
0.1307900000
0.2495300000
0.1313000000
0.0521670000
0.6925600000
-0.1209900000
0.5409600000
-0.0797290000
0.0012766000
-0.5208200000
-0.5448000000
-0.4391200000
-0.3253400000
0.0130050000
0.5718700000
-0.5055600000
-0.9361500000
0.0559580000
0.4876600000
0.1702400000
-0.7882700000
-0.4770300000
0.5688700000
0.9492300000
-0.3271500000
-0.4196900000
0.2503600000
-0.2000200000
0.2815600000
0.2430900000
-0.3671100000
0.0268920000
-0.0202490000
-0.3237900000
0.0674730000
0.0239460000
0.4595600000
-0.2106700000
-0.7791300000
-0.8055800000
0.6143800000
-0.0562040000
-0.6256200000
-0.8295900000
-0.8576800000
0.8448100000
0.9792800000
0.7373700000
0.9497800000
0.8976700000
-0.9334100000
0.1539500000
-0.6279200000
0.5000300000
-0.0673310000
0.3693100000
-0.9931700000
-0.2154300000
-0.7624300000
-0.1698200000
-0.2089600000
0.0175750000
-0.6171500000
0.3291200000
-0.4052900000
0.3371000000
-0.3449900000
-0.3272900000
-0.7327300000
-0.9537000000
-0.3566000000
-0.8193600000
0.9869700000
0.0826770000
-0.4408700000
0.2728400000
-0.4141300000
-0.3007600000
-0.8097600000
0.2859600000
0.0672910000
0.9670800000
-0.3589600000
0.9289500000
0.9004400000
-0.2297700000
0.2216300000
0.9753300000
0.3200800000
-0.4955600000
-0.8171300000
0.4368400000
-0.0257320000
-0.4809000000
-0.4847000000
-0.2996000000
0.6742300000
-0.1812500000
-0.3037300000
-0.8527000000
0.2211900000
0.3174400000
0.7271300000
0.8300100000
0.5835000000
-0.0220620000
-0.7934600000
0.3614500000
0.8499400000
-0.9859500000
-0.8159700000
0.0029043000
0.8123100000
0.4254800000
-0.8991900000
-0.6162600000
0.5813200000
0.2060900000
-0.2920000000
0.3892300000
-0.2085500000
0.9267700000
0.2576000000
-0.4708000000
0.4956300000
-0.7399400000
-0.1001300000
-0.9680100000
0.7249100000
-0.3930000000
0.8406700000
-0.7775600000
-0.4482900000
-0.3722600000
-0.4734500000
0.7900400000
0.1907600000
-0.7043000000
0.1652800000
-0.1820900000
-0.3262900000
0.1030600000
-0.9584300000
0.1377200000
0.6367400000
-0.2779400000
0.7186400000
0.2403100000
0.8635400000
-0.4320600000
-0.8724300000
0.3142200000
-0.7579400000
-0.9703500000
-0.6132400000
-0.6180300000
0.8290600000
0.0429490000
-0.1485400000
-0.4332800000
-0.1722600000
0.8215800000
0.2672800000
0.2375500000
0.1534400000
0.8014200000
-0.5317700000
0.5443300000
0.6098400000
-0.3948600000
0.8074700000
-0.4203800000
0.6783500000
-0.9212700000
0.9734500000
0.9914400000
0.2970100000
-0.1727700000
0.2577900000
0.7256600000
0.1865700000
-0.2632300000
-0.1638300000
0.7844100000
0.5855500000
-0.6442000000
0.8969200000
0.5078300000
-0.8516300000
0.6685000000
0.2003800000
-0.5244700000
-0.7357200000
0.6938700000
-0.1715600000
0.5816200000
-0.6845800000
0.3114600000
-0.5632000000
0.7453500000
-0.8910200000
0.5589800000
0.6969700000
-0.0517290000
0.5863700000
-0.9517300000
0.2034100000
0.6871700000
-0.6863300000
0.9333700000
-0.8592100000
-0.7683200000
0.8819700000
-0.7306600000
-0.1561400000
-0.2949500000
0.8368900000
-0.4526700000
0.0535070000
-0.7066700000
-0.9237900000
-0.0698050000
0.7940900000
0.2317300000
0.7032100000
0.1560200000
0.9240700000
0.7771300000
-0.7606500000
-0.2985900000
-0.4083700000
0.5862200000
0.6046700000
0.6859700000
-0.9401500000
0.8175800000
-0.8501000000
0.3898800000
0.6793400000
-0.3331200000
-0.7302700000
0.4197300000
0.3854100000
-0.4593000000
0.5611800000
-0.2582700000
-0.8191300000
0.7067800000
0.9036500000
-0.3574000000
-0.7798000000
-0.1032400000
0.8187600000
0.9482000000
0.4802400000
-0.5819500000
-0.7635900000
0.2880800000
-0.2782900000
-0.4032500000
0.7746900000
0.1840500000
-0.7553500000
0.8830400000
-0.6817200000
0.3447400000
-0.8979400000
0.0309400000
0.0116240000
-0.6327600000
-0.8397600000
0.1759100000
0.5203100000
0.9224400000
-0.4900800000
-0.9029200000
-0.7822200000
-0.8420100000
0.2763100000
-0.0587340000
0.8582400000
0.3962700000
-0.4137100000
0.1667100000
-0.0876850000
-0.1261900000
0.2759700000
0.2488700000
0.1726100000
0.6895600000
-0.5563500000
-0.5856400000
-0.8790800000
-0.6227800000
0.6986300000
-0.9941100000
-0.0581480000
0.7130100000
-0.3778000000
0.2538900000
-0.8491700000
-0.0050930000
0.4012700000
0.1412300000
-0.3976200000
-0.8545300000
-0.0171360000
-0.0108510000
0.8238200000
-0.3644000000
0.6947800000
-0.4374900000
-0.9151400000
-0.7700300000
0.0245340000
0.3476700000
0.1673300000
-0.6337700000
0.1867200000
0.2825000000
-0.0782490000
0.8623300000
-0.7638900000
-0.7071700000
0.6761300000
-0.3670500000
-0.9318600000
0.2932400000
0.4307000000
0.7156200000
-0.4917200000
-0.3344600000
0.7932500000
0.0982630000
-0.4945600000
-0.1039700000
0.5941900000
0.6061800000
0.1239200000
0.7541900000
-0.2709500000
0.1698900000
-0.6515700000
-0.9048500000
0.2184300000
-0.8874100000
-0.6239400000
-0.5112300000
-0.2588600000
-0.6376800000
0.4346100000
0.4968500000
0.6145000000
-0.1754000000
0.0094734000
-0.7809800000
0.1074200000
-0.5293000000
0.1331900000
0.5237700000
0.9509600000
0.8616500000
0.9609200000
-0.1880700000
-0.9426700000
0.5649000000
0.2007900000
0.6006200000
0.6931200000
0.9133000000
-0.7837700000
0.8141700000
-0.8270500000
0.6825900000
-0.1725100000
0.7065700000
-0.7232700000
-0.0577100000
0.0658560000
0.8480100000
0.4316700000
-0.8848300000
0.6833900000
-0.2461400000
-0.3190100000
-0.4337900000
0.3699800000
0.2884200000
-0.5984300000
0.2198300000
0.6569400000
-0.7605100000
0.1813200000
-0.5555900000
0.2222400000
-0.7626300000
0.5094200000
-0.2186200000
-0.3430500000
0.2972800000
0.3248100000
-0.9214900000
0.4361700000
-0.7788900000
0.6578900000
-0.9149100000
-0.8882200000
-0.4731800000
-0.2848500000
0.5426400000
0.1624600000
0.4743400000
0.0071052000
0.1069000000
0.2872400000
-0.3249600000
0.3309800000
0.8190300000
-0.5083200000
0.6385400000
-0.0018307000
-0.7679100000
-0.2165200000
0.9739900000
-0.2260800000
0.2335900000
0.9866300000
-0.0956810000
-0.1113000000
-0.6866700000
0.9722100000
-0.7911200000
0.9063200000
-0.3328200000
0.8042900000
0.2972400000
-0.3359200000
0.1322800000
-0.7875500000
-0.4208500000
0.7438400000
-0.2985600000
0.0204720000
0.0344810000
0.0677840000
-0.7573100000
-0.0387040000
-0.4921500000
0.4672400000
0.9126000000
0.1031700000
0.0466010000
-0.7705800000
0.8825700000
-0.6795800000
0.3005800000
-0.1150700000
-0.0619900000
0.1341200000
0.1402200000
0.7180700000
-0.9811000000
0.5197700000
-0.2262400000
-0.3767600000
-0.1572400000
-0.6656300000
0.8175300000
-0.6257400000
0.2866500000
-0.2281500000
-0.5877000000
-0.2725900000
0.5573300000
-0.9565500000
-0.7785200000
-0.6357600000
0.7624300000
0.1676200000
-0.8847000000
0.9017200000
-0.7221900000
0.1649300000
-0.0835910000
-0.9215900000
0.8874400000
-0.8288600000
0.9404400000
-0.6297000000
0.6717800000
0.5376100000
-0.4149100000
0.6915400000
0.6509800000
-0.9613200000
-0.9633700000
0.6388800000
-0.4091700000
-0.9168000000
-0.6981200000
0.6890600000
0.9796300000
0.7164600000
-0.3892900000
-0.8155500000
-0.9094300000
-0.7252200000
-0.8162600000
-0.9186100000
0.8526900000
-0.3730800000
-0.9141200000
0.4691600000
-0.9003000000
0.7245100000
0.7637200000
-0.2228200000
0.9959800000
-0.9254900000
-0.6198500000
0.2473700000
-0.4949800000
0.9428800000
-0.9937900000
-0.9967800000
-0.8077900000
-0.5781800000
0.4885300000
0.6949800000
0.5096900000
0.2834800000
0.5065000000
0.7476600000
-0.1041000000
0.3662900000
0.2701800000
-0.1585900000
0.9792700000
0.6557400000
-0.9893500000
-0.0658450000
-0.6542900000
-0.6083400000
-0.3722400000
-0.1753200000
-0.6263300000
-0.6922000000
0.1599200000
-0.1421000000
-0.2751900000
0.8616200000
-0.7960700000
0.4127200000
0.6098400000
-0.4933600000
0.0450190000
0.6297700000
0.5081700000
0.8916000000
0.8885600000
0.0069111000
0.1542500000
0.5343300000
0.5620100000
-0.3080200000
-0.9209700000
-0.7889100000
0.8259500000
-0.2276600000
-0.3603100000
-0.0989800000
0.3417400000
-0.4176500000
0.5861600000
-0.4051000000
-0.5825300000
-0.6435600000
-0.6500400000
0.8602600000
0.4554000000
-0.1622600000
0.8888700000
-0.9633300000
-0.8166200000
-0.9111400000
0.4729100000
0.1803700000
-0.5984600000
-0.2497100000
-0.8211200000
-0.8636400000
-0.5462100000
-0.0746950000
0.6067700000
-0.0151820000
0.8426700000
0.6995900000
0.0728080000
-0.3086500000
0.4736400000
0.4589800000
0.1435300000
0.3169700000
-0.7194500000
0.2516900000
0.4417500000
0.1756300000
-0.1298300000
0.6871400000
-0.0959110000
0.0292630000
-0.1792100000
0.0451370000
0.6103200000
-0.2760800000
-0.1174000000
0.9999100000
0.9266000000
-0.7031100000
0.7839500000
-0.2333200000
0.5549600000
-0.8139200000
0.4647200000
0.6286900000
0.3182800000
-0.6078900000
-0.7708300000
0.6906400000
-0.4235100000
0.0003293800
-0.4641400000
-0.7186200000
0.0905750000
0.2910600000
-0.0861250000
0.4960600000
-0.6963900000
-0.2254900000
0.1232200000
0.9995500000
-0.7931500000
-0.8499800000
-0.5580200000
-0.6204600000
-0.1269100000
-0.9362000000
-0.7143800000
-0.5137500000
-0.5504100000
-0.9701000000
-0.8034600000
0.3093300000
-0.8550400000
0.8540800000
0.4417400000
0.3765000000
-0.2063200000
0.2980000000
0.4575000000
-0.8331100000
-0.0139960000
0.7692000000
-0.0949220000
0.6491200000
-0.2153700000
0.3504000000
-0.8117300000
-0.6882000000
0.5433000000
-0.5201700000
-0.4436600000
-0.5985800000
-0.3889200000
-0.5709000000
0.8286600000
-0.7498500000
-0.7933000000
0.9945800000
-0.0504620000
-0.1089300000
-0.7309800000
0.3433300000
0.3167900000
0.3043400000
-0.9383800000
0.5837100000
0.3980000000
-0.8209500000
0.2298900000
-0.3058600000
-0.6293900000
0.2640600000
-0.2268900000
0.7094500000
-0.2874200000
-0.7313700000
-0.2306800000
-0.2049300000
-0.2982500000
-0.6239000000
0.1654400000
-0.6689300000
0.4983000000
0.9984700000
-0.6749800000
-0.4478000000
-0.1742500000
-0.6978800000
-0.9904900000
0.6528900000
-0.8137300000
-0.3447900000
-0.9396800000
0.8727200000
-0.8951700000
-0.2124100000
0.0556410000
-0.8453800000
-0.3093600000
0.6330800000
0.1500800000
0.3179500000
-0.2195200000
-0.2073100000
0.5304700000
-0.4150600000
0.0934950000
-0.6331700000
0.2959200000
-0.4611600000
-0.7732600000
-0.1006600000
0.1524000000
-0.6295300000
-0.5458200000
0.8366700000
0.3259000000
-0.6331800000
0.1518400000
0.9839100000
-0.0718430000
0.5327600000
0.1504100000
-0.0924420000
0.3318500000
0.9129300000
-0.6372100000
0.4264600000
-0.4800100000
0.4556200000
0.6055200000
-0.3450900000
0.0773530000
0.0783860000
-0.5650000000
0.1031500000
0.0503930000
-0.4177700000
0.5663000000
-0.2036200000
-0.2265100000
-0.9106800000
0.1605600000
0.5927500000
0.3750100000
-0.7510100000
0.7672800000
-0.8672200000
-0.9125900000
-0.3502200000
-0.1925000000
0.7227400000
-0.8746000000
0.5411600000
-0.7582800000
-0.4137400000
0.3091000000
-0.9923300000
-0.1719200000
0.5400100000
-0.0693610000
-0.6380800000
0.2493600000
-0.9758900000
-0.3820400000
0.2434500000
-0.2986700000
0.3232100000
0.2569000000
-0.3499000000
-0.7409100000
-0.5263200000
0.1022600000
0.6289500000
0.7852200000
-0.8891500000
-0.0107640000
-0.9119600000
0.6083100000
-0.1682400000
0.4387500000
0.0339880000
-0.7686100000
0.0001938800
-0.7413900000
-0.5319200000
0.0987650000
-0.0551220000
-0.4347300000
-0.4963000000
0.6375400000
-0.8498900000
-0.1105800000
-0.4617700000
-0.9245100000
-0.2410800000
0.2244000000
-0.4523400000
-0.5532500000
-0.4384000000
-0.2290000000
-0.7600900000
-0.9094000000
-0.3654600000
-0.2872200000
0.7468400000
0.0819500000
-0.6697500000
-0.4149700000
-0.3533800000
0.7778100000
0.6609000000
-0.2597800000
-0.1805300000
-0.0880550000
0.0623980000
0.7158000000
0.4673200000
0.2617100000
0.5870900000
-0.7079600000
-0.6608400000
-0.7010500000
-0.4950400000
-0.1484700000
0.5848200000
-0.9475500000
0.4955200000
0.2283400000
-0.2877200000
0.3261300000
0.0248060000
-0.6858200000
-0.6601100000
-0.4379100000
0.0652010000
-0.1691300000
-0.5234700000
0.0367490000
-0.3554200000
0.7985100000
0.4374900000
0.8371400000
-0.1355600000
-0.3871800000
0.7451100000
-0.9245200000
-0.3339800000
0.8708600000
0.5124800000
-0.7303100000
0.8986900000
-0.3855100000
0.7254600000
0.8203100000
0.9664100000
0.3862000000
0.9081100000
0.5771800000
0.6096100000
-0.2284000000
-0.7859200000
-0.9429900000
-0.7634800000
0.1177100000
0.3627500000
0.6757000000
0.4945900000
0.5038800000
-0.6312900000
0.7237100000
-0.6854300000
-0.0194810000
0.5861000000
0.6474500000
-0.2840900000
-0.7191300000
-0.4074100000
-0.9999200000
0.7191700000
-0.9234400000
-0.2382800000
-0.8215100000
0.8245600000
0.4203100000
0.1858700000
-0.1056300000
0.7474200000
-0.0516750000
-0.5048200000
-0.5207000000
0.6046300000
0.0577920000
-0.6891800000
0.9120000000
0.0557130000
0.3603300000
0.1392100000
-0.3221900000
0.5155300000
0.8721000000
0.6754900000
0.7457300000
-0.6269900000
0.1948100000
0.1299500000
0.1254900000
-0.8608100000
0.2849900000
-0.1410300000
-0.2137200000
0.0860360000
0.9635500000
0.0095404000
0.3449700000
-0.0771470000
-0.6140100000
0.2930700000
-0.3848600000
-0.2667400000
0.9824100000
-0.6367200000
0.7140500000
-0.9069400000
-0.8893300000
0.9564100000
0.3536000000
0.9674800000
-0.2955500000
-0.3894500000
0.4845400000
-0.3244900000
0.2838600000
0.7839800000
0.4183000000
0.3912000000
0.8852100000
-0.3252900000
-0.9635700000
0.8288700000
0.8601400000
0.3268600000
-0.4945000000
-0.9738400000
-0.9462900000
0.9093900000
0.1070000000
0.3833000000
0.1430000000
-0.5439100000
0.5645000000
-0.4932000000
0.7519700000
0.3937800000
0.2545900000
0.9615900000
-0.5920800000
0.8817800000
0.1380100000
0.2555700000
-0.4251800000
0.0156430000
0.5298600000
0.9191000000
-0.6243500000
0.4830600000
0.7423900000
-0.6970000000
-0.5617800000
0.1664200000
-0.9494700000
0.2127500000
-0.3109100000
0.4757100000
-0.7608300000
0.6540600000
0.7230600000
0.5419200000
0.0028028000
-0.8932600000
0.9214600000
-0.9446300000
-0.4049100000
0.4645800000
0.7483400000
-0.6935500000
-0.5370300000
0.1169400000
-0.0168440000
-0.5570900000
-0.9572700000
-0.8161400000
-0.8031000000
0.3060500000
-0.2618900000
0.3517200000
-0.7194200000
0.7063300000
-0.7942500000
0.9833300000
0.8902500000
0.4780800000
-0.9881700000
-0.8400700000
0.8668900000
-0.1382700000
0.0521330000
0.1929300000
0.5622800000
0.1939400000
-0.4391000000
-0.7343800000
0.0605780000
0.1413400000
-0.5009900000
-0.5296900000
-0.4675500000
-0.1836800000
0.9334400000
-0.0247450000
0.2576900000
0.9894300000
-0.6825000000
-0.7703300000
-0.9436900000
0.5440500000
-0.6294700000
0.5740700000
0.3310800000
0.8278400000
0.4435800000
0.9227900000
-0.6834900000
0.6576900000
-0.1593500000
-0.1413700000
0.0176240000
0.2131500000
0.4386600000
0.5057300000
-0.1525000000
0.9489300000
0.6473500000
0.0096352000
-0.0615490000
-0.4573300000
-0.3479900000
-0.7054700000
-0.8442500000
0.6994400000
0.0662920000
-0.5455500000
0.9351000000
0.1794700000
0.3054500000
-0.3323500000
0.2074300000
0.2219300000
-0.0125250000
-0.5127200000
0.7536700000
0.9830500000
0.1654900000
-0.6215400000
-0.2618700000
0.6995500000
-0.6539600000
0.8292600000
-0.5477900000
-0.7095700000
0.3123300000
-0.8947800000
-0.6709900000
0.6234000000
-0.4836500000
-0.6472100000
0.4184600000
-0.8658300000
-0.0138800000
0.7168200000
-0.3901900000
0.0559710000
0.7045600000
-0.3915000000
0.0576280000
0.2879300000
0.5527300000
0.4724500000
-0.3199200000
0.6381300000
-0.8158800000
-0.5326600000
-0.3629300000
0.2709500000
-0.1211000000
0.6581400000
-0.6515700000
-0.9935100000
0.1583600000
-0.3845000000
0.9756200000
-0.2126300000
0.9125700000
0.8671900000
0.3015000000
-0.6285200000
0.4409000000
0.2551000000
-0.5728300000
0.4345400000
0.4133700000
-0.4869400000
0.0608110000
0.0435820000
0.4745600000
-0.1499100000
-0.1427000000
-0.3106000000
-0.2564600000
-0.2540900000
-0.4708400000
0.6230600000
-0.2237900000
0.8036100000
0.2733800000
0.6160100000
-0.6854200000
0.1670400000
-0.6053300000
0.2334900000
0.2658500000
0.1896700000
-0.1720800000
-0.1135400000
-0.2195100000
0.7536600000
-0.7777800000
0.7795800000
0.4460700000
-0.8487100000
-0.2480000000
-0.1830900000
0.8451100000
-0.2366700000
0.3273000000
0.9424700000
0.1664200000
-0.9580000000
0.8365600000
0.0792850000
0.5470700000
0.5228800000
-0.0114570000
-0.5555700000
0.5793800000
-0.4302800000
0.2914800000
0.9042000000
0.8915200000
-0.1571300000
0.9980800000
-0.9352600000
-0.9667300000
0.0897580000
0.5641100000
-0.9481100000
-0.8803300000
0.3258200000
0.1371900000
0.6688900000
-0.2762100000
-0.2464300000
0.1759400000
0.9586700000
0.2306200000
0.3539600000
0.9640200000
0.2116600000
-0.1665100000
-0.5490500000
0.1803400000
0.9102200000
0.0710290000
-0.2120400000
-0.6941900000
0.3158100000
-0.1363200000
0.7869700000
0.6179000000
-0.9265300000
-0.1701700000
-0.0778130000
0.1979300000
0.5526300000
0.1164900000
-0.2244200000
0.1024400000
-0.2381800000
0.8356600000
0.8989000000
-0.1975600000
-0.3179000000
-0.9052400000
-0.4567200000
-0.3965400000
-0.7305500000
-0.3319400000
-0.9411300000
0.3478000000
0.1253700000
-0.4453200000
-0.4277300000
0.4129600000
-0.8236800000
0.4235400000
0.4338600000
-0.0824540000
0.1906900000
0.9014400000
0.5697300000
-0.4961400000
-0.5548400000
0.7531500000
0.2315000000
0.7692600000
0.9287000000
0.7395100000
0.9159300000
0.1184600000
0.8807900000
-0.5783000000
0.5392800000
-0.3696100000
0.5776900000
-0.0630710000
-0.0356740000
0.4328200000
0.3347900000
0.8696900000
0.9621800000
-0.6512500000
0.4972300000
0.8613200000
-0.3747300000
0.1301900000
0.0431220000
0.7467200000
0.1299100000
-0.5617900000
0.0167820000
0.0480180000
-0.9610100000
0.2985600000
-0.0338700000
0.7395200000
-0.8390100000
0.8296800000
0.3946400000
0.6746300000
0.5470100000
-0.3195700000
0.9979500000
0.5763400000
0.5618800000
-0.5612500000
-0.9132500000
0.9276200000
0.5356700000
-0.9808500000
0.8520300000
0.1026400000
0.0424980000
-0.9273600000
-0.2076700000
-0.3592300000
0.4023500000
0.3376100000
0.2751900000
-0.9243700000
0.1260900000
0.8090400000
-0.8561900000
-0.0665930000
0.9466000000
0.7656500000
0.3402300000
0.1665000000
0.3545300000
0.5128600000
-0.3745500000
0.9260900000
0.7851900000
0.7578500000
-0.8911600000
0.2655800000
-0.3472400000
-0.1017100000
0.5036100000
0.3885700000
0.1336200000
-0.2828000000
0.0989200000
-0.9848900000
0.8702300000
-0.0096184000
0.3427200000
0.0839070000
0.2248000000
0.1701100000
-0.9599800000
-0.3717100000
0.6704300000
-0.0412790000
0.2232100000
-0.5284700000
0.0279850000
-0.9856100000
0.3451600000
-0.9609100000
0.0501680000
-0.8245800000
-0.7445300000
0.7297200000
0.3995500000
-0.7877900000
-0.3639000000
-0.0984320000
-0.3495700000
0.7456100000
-0.5907000000
0.1012800000
0.1309300000
0.6016600000
0.0692380000
-0.3234600000
-0.3795000000
-0.2323100000
-0.4074000000
0.9001300000
0.4933000000
0.8679800000
0.0868370000
-0.5313700000
-0.8053800000
-0.0485150000
0.6043600000
-0.5610800000
0.9777200000
-0.0825350000
0.8302200000
-0.5753400000
0.1853700000
-0.5658700000
0.9254700000
-0.5492600000
0.6398700000
0.3717700000
0.7048900000
0.3578000000
-0.5241100000
-0.7959800000
-0.0171990000
0.9316700000
0.5127400000
-0.3174200000
-0.0177320000
-0.8036700000
-0.2160200000
0.7863800000
0.6972000000
-0.2267800000
0.5234100000
-0.9850400000
0.4477800000
-0.1119600000
0.3609700000
0.8604700000
-0.0215950000
-0.9530800000
-0.3977700000
0.7056700000
0.1297100000
0.0747980000
-0.8738200000
-0.3616200000
0.3101900000
-0.5527800000
-0.6200300000
-0.8724700000
0.3334600000
0.4820800000
0.3838400000
-0.8771800000
-0.7165500000
0.9990800000
-0.5048400000
-0.7751700000
0.0760670000
-0.2150100000
0.3063500000
0.7604300000
0.5180500000
0.8167300000
0.7516800000
-0.4682000000
-0.9655300000
0.2672800000
0.1864600000
-0.1091100000
0.1226900000
0.0478900000
0.8875800000
-0.3870900000
0.1079000000
0.9789900000
-0.5125400000
-0.2904300000
0.7010300000
0.2060000000
0.1948800000
-0.6005800000
0.0808800000
-0.6551300000
-0.8290100000
0.8359500000
0.2623500000
-0.1578600000
0.9109600000
0.5820800000
0.9391800000
0.8493500000
-0.3283400000
0.9569600000
-0.2937200000
-0.4818500000
-0.5321200000
0.6734600000
-0.8043300000
0.8534400000
-0.1712500000
-0.2303400000
0.6628800000
-0.9653000000
0.2486000000
0.2485200000
0.8519200000
0.1967000000
-0.9345700000
-0.0618350000
0.7394200000
-0.5085600000
0.6625600000
-0.3551100000
-0.4061100000
0.5088600000
0.4309700000
-0.7477600000
0.4394800000
0.3354000000
-0.9885800000
0.8895700000
0.9494700000
-0.3158200000
-0.0417560000
0.2022000000
0.3386000000
0.8014300000
-0.4155500000
-0.1195100000
-0.6511200000
0.5596000000
-0.8269000000
0.2222700000
-0.3087100000
-0.5619500000
-0.6211400000
0.4473000000
-0.2684900000
-0.4803000000
-0.4278400000
-0.7679800000
0.4908300000
-0.5963300000
-0.5347300000
0.8259000000
0.8707800000
-0.7242700000
-0.8577500000
-0.1609500000
0.9970100000
0.0486180000
0.8103900000
0.1599500000
0.2077700000
-0.0099100000
-0.5580600000
0.6994300000
-0.7607000000
0.9613000000
-0.7521800000
0.5891600000
0.0133220000
-0.1037100000
-0.9806100000
0.9654300000
-0.0035920000
-0.3709100000
0.0459640000
0.5109400000
-0.5905800000
0.1410900000
-0.6491900000
-0.9608000000
-0.1122800000
0.9327000000
-0.1709300000
-0.8058100000
0.8192200000
0.6395700000
-0.7584600000
0.5484400000
-0.3464500000
-0.7093600000
-0.1379300000
-0.1287300000
0.4845500000
-0.2125100000
0.3265300000
-0.0150660000
0.7843900000
-0.7751700000
-0.2467500000
0.7890800000
0.0252410000
0.2331100000
-0.0871870000
0.6532200000
0.7188400000
-0.4408300000
-0.9589400000
-0.9279200000
0.4064600000
-0.6301200000
-0.3475500000
0.6631000000
0.7725100000
-0.3560800000
-0.6944400000
0.4857200000
-0.4328500000
-0.9061200000
0.8717700000
0.1314400000
-0.1507000000
-0.8083800000
-0.5055600000
-0.8819200000
-0.3871700000
0.8325500000
0.6156500000
-0.7113200000
0.9101300000
0.5880600000
-0.5182800000
-0.8030600000
-0.9979200000
-0.0802430000
-0.6445600000
0.8714100000
-0.1721800000
0.1220200000
0.8492300000
-0.9550200000
-0.9753600000
-0.8620700000
-0.7593500000
-0.3626400000
-0.8757800000
0.8290100000
-0.5425000000
-0.8806700000
0.5509300000
-0.4397800000
0.6910700000
0.8288200000
0.0178630000
0.2301000000
-0.7392800000
0.9821900000
-0.3030900000
0.5025800000
-0.0043314000
-0.7985900000
0.0352640000
0.6853000000
-0.1426600000
0.2583900000
0.8038200000
0.1627900000
-0.2359500000
0.3110500000
-0.1332500000
0.5469800000
-0.9587000000
-0.9039800000
0.8233100000
-0.6425000000
-0.4649300000
0.0037530000
-0.9239200000
-0.2725700000
0.9574600000
0.0913780000
-0.2110200000
0.2133600000
-0.5459700000
-0.1617000000
-0.0848890000
-0.1839400000
0.3439300000
0.5113900000
0.9010300000
-0.4681100000
0.4109500000
0.8703800000
0.5393200000
0.3587900000
0.1588700000
0.1516600000
-0.9994100000
0.9815800000
-0.5988300000
-0.5953900000
-0.7120500000
0.6137200000
0.7291400000
0.6685400000
-0.8706900000
0.1248700000
-0.7556200000
0.6914800000
-0.2437600000
-0.8874200000
-0.7862200000
-0.0788060000
-0.4908200000
0.7931800000
0.9731800000
0.1591700000
-0.9026700000
0.8858300000
0.1192000000
-0.5728700000
-0.1916600000
0.8528100000
-0.7642300000
-0.3635200000
0.8095600000
0.3705000000
0.9984400000
0.8583000000
-0.5722600000
0.0579620000
0.1601500000
0.9973700000
-0.3885400000
-0.2258500000
0.1965600000
-0.3582000000
-0.2891500000
0.3114400000
0.2927500000
0.2786900000
0.5631500000
-0.0968070000
0.9598400000
0.0189310000
0.1766200000
0.4581100000
-0.5431700000
0.9760200000
-0.2004400000
-0.2972500000
-0.3910800000
0.0235030000
-0.9917700000
-0.7080100000
0.5057200000
-0.4231800000
-0.4170100000
-0.7183200000
-0.8638300000
-0.3492200000
-0.9857600000
0.6202500000
0.5669100000
0.0794320000
-0.9897400000
-0.5890600000
-0.3484000000
0.4004500000
0.4120100000
0.5944300000
0.6435400000
-0.0034599000
-0.1506700000
-0.2619900000
0.6735900000
0.9480500000
-0.1868600000
-0.5555400000
-0.9677100000
-0.3384800000
-0.8285200000
0.9873300000
0.1315500000
-0.9890200000
-0.4633200000
0.9344300000
0.9727600000
-0.7580000000
0.3171100000
-0.2548800000
0.2904000000
0.8252200000
-0.4513900000
-0.4962500000
-0.4092100000
0.4527100000
0.6176700000
-0.8757000000
0.1250100000
0.9878200000
0.7716200000
0.2586600000
-0.7298300000
-0.2510200000
-0.8436800000
0.3240400000
0.1540200000
0.6697500000
0.5176000000
-0.6600700000
-0.1183400000
0.2303800000
0.0769300000
0.9693300000
-0.3887100000
-0.9688500000
-0.6583500000
-0.7302000000
0.5695000000
-0.4227300000
-0.9046800000
0.9845300000
-0.9607900000
-0.0124920000
0.0394950000
-0.2030700000
0.9833800000
-0.3985000000
0.3692000000
-0.9396000000
0.0735810000
0.6827300000
0.6250700000
-0.4864400000
0.4300200000
-0.7072900000
0.5819000000
-0.0376230000
-0.2211300000
-0.3376000000
-0.0609640000
-0.6232900000
0.3027900000
-0.9723900000
0.9714200000
0.5851900000
-0.6349900000
-0.2814700000
-0.6533100000
-0.0989120000
-0.4065800000
0.5388500000
0.3982600000
-0.4500400000
0.2430300000
0.9956100000
0.9999800000
0.9943600000
0.6881100000
-0.9518200000
0.8164700000
0.3495800000
-0.5278900000
-0.2911100000
-0.6724200000
0.5984400000
-0.0826480000
0.9374100000
-0.9894100000
0.2614900000
-0.9618100000
0.8997300000
-0.3056200000
-0.6393400000
0.6313400000
0.9260200000
-0.3598700000
-0.2728600000
-0.5935300000
0.0053598000
0.0820820000
-0.4562100000
0.4176500000
-0.5001000000
0.7946200000
-0.7813400000
-0.0331140000
-0.5517200000
-0.7801800000
-0.5351400000
-0.0924400000
0.3599000000
0.7942200000
0.5159400000
-0.6779400000
-0.1066000000
-0.6489100000
0.4046300000
0.6852600000
-0.8704700000
0.0333220000
0.0424850000
0.0536770000
0.1545800000
-0.0238190000
-0.3200600000
0.6958200000
0.6060600000
0.4740100000
-0.0078559000
-0.0346920000
0.9289700000
-0.7876400000
0.0772370000
0.1161400000
0.0176850000
-0.7744400000
-0.0961450000
0.0990010000
-0.0887340000
0.9924400000
0.6532300000
0.7697700000
-0.3929000000
0.5205000000
-0.0328640000
-0.3443600000
0.3562700000
-0.1811900000
0.7146800000
-0.3664800000
0.6252800000
-0.8629200000
0.8474700000
-0.5103800000
-0.0522270000
-0.1516600000
0.0891770000
0.8000900000
-0.8618400000
-0.9681900000
-0.6069800000
-0.4057600000
0.3871400000
0.6221100000
-0.1687300000
0.1324700000
0.3486800000
0.1908400000
-0.5578200000
0.7342000000
-0.2955500000
0.7066800000
-0.7564300000
0.7038300000
-0.8863200000
-0.7606200000
0.2126600000
0.1661100000
-0.2517100000
-0.5341100000
-0.8270200000
0.3497300000
-0.0399050000
-0.6913300000
0.7482900000
0.5580700000
-0.4434100000
-0.3751800000
0.4000000000
0.7739600000
-0.1314500000
0.6966100000
-0.0959090000
0.0571870000
-0.8523800000
0.0449260000
-0.9260000000
0.6374200000
-0.8710200000
0.7817900000
0.9981900000
-0.5138000000
0.5135200000
0.7509300000
0.8903700000
0.4637000000
-0.6509200000
-0.0180240000
-0.9306000000
-0.6376000000
-0.1098300000
0.1577700000
0.4177200000
-0.3964700000
0.4934300000
-0.8741800000
-0.3135900000
-0.4407600000
0.0884770000
-0.9626600000
0.5779400000
-0.5656600000
0.9573600000
0.4089300000
0.8475900000
-0.5333000000
0.9021400000
0.3053700000
0.4171800000
-0.3742100000
0.6259700000
0.7040000000
0.0691580000
0.3307200000
0.3824500000
-0.1235100000
0.1159200000
0.2459900000
0.2716200000
-0.9242300000
0.5101200000
-0.3413200000
-0.5957700000
0.9342400000
-0.2349800000
-0.2691700000
0.6380000000
0.8973400000
-0.4325500000
0.1794100000
-0.6627200000
-0.3459700000
-0.7045600000
0.4487100000
-0.5164000000
0.6649800000
0.9221800000
-0.9476200000
-0.6556100000
0.9033300000
-0.8756900000
0.2590700000
0.9897500000
0.2301300000
-0.2221700000
-0.0530700000
0.0517600000
0.9370600000
-0.0728150000
0.1983200000
-0.8933800000
-0.9828200000
-0.1930900000
0.7305200000
-0.1671600000
0.5133100000
-0.8104100000
-0.5909000000
0.7954600000
0.0141200000
-0.6415500000
-0.5528100000
-0.9945900000
-0.0079387000
0.5739500000
0.4040700000
-0.7906100000
0.1740800000
-0.1777900000
-0.1085400000
-0.2722300000
0.6922200000
0.1425600000
0.0776120000
0.4208900000
-0.0340190000
0.2498000000
-0.9769600000
0.3598300000
-0.3354200000
-0.8702500000
0.6146700000
-0.7550400000
0.7610700000
-0.6097200000
-0.7493400000
-0.1528800000
0.5542200000
0.8037200000
-0.1550800000
0.0578190000
-0.2421400000
0.3504600000
0.2317200000
0.3375300000
0.4558700000
-0.1961900000
0.6265300000
0.0605770000
0.1256400000
-0.3944900000
-0.2118300000
-0.2358400000
0.2023600000
-0.9744400000
0.6179300000
-0.4851200000
0.5610800000
0.0623590000
0.0653670000
0.6248200000
0.8899800000
-0.5854100000
-0.9080700000
0.7154800000
0.0724750000
0.0791050000
-0.4850100000
0.4160700000
0.8858300000
0.1960300000
0.1276200000
0.9617900000
0.8396700000
0.3603600000
0.4933200000
-0.7634300000
0.9905100000
-0.5431200000
-0.2187700000
-0.7192300000
-0.8427000000
0.7062000000
-0.9478400000
-0.2698300000
-0.9642800000
0.9737400000
-0.2787200000
-0.4007900000
-0.1324100000
-0.9732300000
0.5946800000
0.8479900000
0.2009400000
-0.8819000000
-0.7439100000
-0.0727220000
-0.2422000000
-0.6737100000
0.9336800000
0.4322000000
-0.0697540000
-0.3596900000
0.6235400000
-0.2269300000
0.0109300000
-0.2980900000
-0.0175910000
0.3534900000
-0.8397200000
0.8308000000
-0.6606500000
0.4645900000
0.4356600000
0.1146700000
-0.7752200000
0.8757100000
-0.0169560000
-0.9771100000
-0.3715800000
0.9959300000
0.8535500000
-0.3645000000
0.9247900000
-0.2058000000
-0.8260700000
0.7710500000
0.2522600000
-0.3035700000
-0.1474800000
-0.7102500000
0.8320500000
0.2306400000
0.3332200000
0.4800400000
0.0097173000
-0.6811000000
0.7038900000
0.3411600000
-0.1606000000
0.7721500000
-0.4034400000
-0.6279600000
-0.1906800000
-0.8032900000
-0.8227900000
-0.7019100000
0.9448000000
-0.7864600000
-0.0453820000
-0.7356800000
-0.6074300000
0.9960100000
0.0023660000
-0.9398100000
-0.2354000000
-0.3606500000
-0.7968600000
0.5456700000
-0.9358700000
0.8854400000
-0.4371000000
-0.4087500000
0.1178400000
0.4643000000
-0.5343500000
-0.8530900000
0.1546100000
0.4478300000
0.6732000000
0.4949500000
0.4599300000
0.6976100000
0.6769400000
-0.6782900000
0.0257220000
0.3156500000
-0.8041600000
0.4488200000
-0.6131200000
-0.6662000000
-0.8005300000
-0.4473300000
-0.2767600000
0.5056800000
0.9162600000
-0.4694100000
0.6812700000
0.1477400000
-0.9695900000
0.0270070000
-0.0927860000
0.5396000000
-0.9649900000
-0.5388600000
0.2606300000
-0.6907500000
0.6198200000
-0.7251400000
0.6391600000
0.3746200000
0.2408200000
-0.5009800000
-0.0043062000
-0.3741700000
-0.6704800000
-0.8380800000
0.4539900000
0.2256800000
0.9604900000
-0.9445800000
0.9935800000
-0.8553500000
0.1108400000
0.9427200000
0.3589600000
-0.9649500000
-0.9541200000
0.0740290000
0.2030600000
0.7595400000
-0.3547600000
-0.4928200000
-0.7999300000
-0.4118000000
0.9459200000
0.0533790000
-0.8617800000
0.0416440000
-0.0849560000
0.1418600000
0.2486300000
0.7879100000
0.4362800000
0.4748000000
0.5155100000
0.1052600000
-0.9425700000
0.1585600000
0.9775100000
-0.9988300000
0.7021800000
-0.4567500000
-0.6058500000
-0.5713900000
0.5711300000
-0.9547500000
-0.4127000000
-0.1731100000
0.5650200000
0.2431700000
0.8115900000
0.9648900000
0.6793400000
0.9692100000
-0.5280400000
-0.8232400000
-0.1453200000
-0.4363000000
0.1463300000
-0.8290300000
0.4909500000
-0.1525400000
-0.6066300000
0.3171500000
0.3669600000
-0.5061800000
-0.6076800000
0.6904900000
-0.8638100000
-0.0081648000
0.7739800000
0.3356400000
-0.8651200000
-0.0590700000
-0.7856400000
-0.2381200000
-0.0329150000
-0.9834200000
0.7907800000
0.6414500000
0.8970700000
-0.8768000000
-0.3428100000
0.3214400000
0.4247200000
0.2230700000
-0.8390000000
0.9160200000
-0.4804800000
0.5125500000
0.3752700000
-0.8314100000
0.5557000000
-0.4274500000
-0.2025700000
-0.5633000000
0.4895300000
0.5741300000
0.6187700000
-0.2774600000
0.7370900000
0.2288500000
0.8963900000
0.2515600000
-0.1086000000
0.7251700000
-0.0876680000
0.5671600000
0.2438100000
-0.2588200000
-0.0195420000
-0.4478100000
-0.2835900000
-0.2807800000
0.8465400000
-0.1560700000
0.8969000000
0.2004900000
-0.3405700000
0.0474970000
0.2848500000
-0.5051400000
0.1666200000
0.3863600000
-0.4358100000
-0.6544300000
-0.3615700000
0.9214400000
-0.5395900000
0.6187700000
-0.3719600000
0.5498300000
-0.9498100000
0.5098600000
-0.7402300000
-0.9880500000
-0.9799000000
-0.1043600000
-0.0454320000
0.4190100000
0.2591500000
-0.4236300000
0.1189200000
0.6408200000
0.2955500000
-0.6492400000
0.2437900000
-0.5607600000
-0.7474100000
0.2988600000
0.9943200000
-0.4408000000
-0.5988700000
0.8626300000
0.0283570000
0.2961200000
0.9451500000
0.3224900000
-0.7924900000
0.5373500000
-0.7987800000
0.8518100000
0.3746000000
-0.1635200000
-0.2692700000
0.4023300000
0.9419400000
-0.0745850000
0.4429600000
0.8545200000
-0.0590610000
-0.6410500000
-0.2090200000
-0.9801900000
-0.1066800000
0.8485500000
0.7914800000
0.7265100000
0.9834000000
-0.0509180000
0.2254400000
-0.9960300000
-0.3567600000
0.2116200000
0.1129900000
-0.0587230000
-0.9595500000
0.8590600000
-0.2828500000
0.1698200000
0.2046900000
