0.4054900000
0.6581900000
0.5027700000
0.8064800000
0.8366800000
0.7313700000
0.3988700000
0.4559100000
0.9044600000
0.1805400000
0.7031600000
0.9627500000
0.1619000000
0.6007500000
0.6824200000
0.3820200000
0.4306700000
0.8510000000
0.0497840000
0.3457800000
0.0636820000
0.7999700000
0.4099100000
0.4544800000
0.8860000000
0.1267700000
0.5546500000
0.5931100000
0.1493500000
0.7882500000
0.2626900000
0.0188680000
0.7875400000
0.4231900000
0.5007100000
0.0080924000
0.4435600000
0.4025000000
0.6889100000
0.5987700000
0.0774460000
0.5684800000
0.6987200000
0.4549700000
0.6408700000
0.3908100000
0.4808900000
0.9899700000
0.4096100000
0.3186800000
0.4790000000
0.0848660000
0.6962900000
0.0728960000
0.4959100000
0.4865900000
0.8838800000
0.0853360000
0.4317600000
0.2787300000
0.3316600000
0.7019000000
0.7347600000
0.4785600000
0.6932800000
0.5220000000
0.8448000000
0.9331600000
0.9995700000
0.1385900000
0.4962000000
0.4015500000
0.6284800000
0.4187000000
0.5723100000
0.2284400000
0.0411140000
0.9057100000
0.7533700000
0.4207700000
0.5106300000
0.0408370000
0.5320600000
0.6327200000
0.2877100000
0.1766600000
0.2234900000
0.5293700000
0.3779000000
0.5256900000
0.1415800000
0.8200900000
0.3690700000
0.3212400000
0.5402100000
0.2647700000
0.1766500000
0.2577600000
0.6322200000
0.6349800000
0.2187800000
0.9684600000
0.7021900000
0.2165300000
0.9237300000
0.5713700000
0.8613600000
0.9406200000
0.0120200000
0.1699400000
0.5775600000
0.6013200000
0.1557100000
0.8014800000
0.2933900000
0.1041300000
0.9974500000
0.9517000000
0.9376400000
0.9375700000
0.9490100000
0.9833800000
0.0770500000
0.3273400000
0.9757700000
0.5626200000
0.7911500000
0.7369600000
0.4401700000
0.5770200000
0.2164600000
0.0015528000
0.8049300000
0.4932400000
0.7018400000
0.5323700000
0.8714300000
0.0035548000
0.1945200000
0.6599900000
0.8127800000
0.7354900000
0.4244300000
0.5305300000
0.0959990000
0.6789400000
0.0066903000
0.3065900000
0.9930100000
0.6445900000
0.0206720000
0.3682300000
0.1633500000
0.0677150000
0.0812250000
0.2488300000
0.7350700000
0.9569600000
0.1283200000
0.5050800000
0.4423000000
0.7418700000
0.7085000000
0.3795500000
0.4095200000
0.7908500000
0.8956000000
0.9162700000
0.9166100000
0.9027400000
0.8608900000
0.7454400000
0.4267600000
0.5325500000
0.0992070000
0.6867400000
0.0259710000
0.3602100000
0.1335800000
0.9894700000
0.8882600000
0.7551400000
0.4382400000
0.5621700000
0.1742000000
0.8864700000
0.5218900000
0.7396900000
0.6179300000
0.1089300000
0.6498400000
0.9025600000
0.0107570000
0.1951800000
0.6546000000
0.7956300000
0.6871700000
0.2885000000
0.1475500000
0.1349900000
0.3054400000
0.8342300000
0.1699400000
0.7159900000
0.0165840000
0.3168000000
0.0133800000
0.6907400000
0.1385600000
0.6958300000
0.0004931100
0.2789400000
0.9163300000
0.4555800000
0.5196100000
0.0263370000
0.4800100000
0.4926000000
0.9184300000
0.1827600000
0.6995800000
0.9487700000
0.1218000000
0.4925300000
0.4134900000
0.6680300000
0.5221400000
0.8589700000
0.9755500000
0.1182900000
0.4583600000
0.3157100000
0.4114800000
0.8866500000
0.1805100000
0.7154400000
0.9996500000
0.2662600000
0.8791400000
0.3630100000
0.2679000000
0.3885500000
0.8887700000
0.2165900000
0.8222500000
0.2668400000
0.0133440000
0.7647500000
0.3606200000
0.3245000000
0.5616600000
0.3243700000
0.3373800000
0.6517500000
0.5761100000
0.0302590000
0.4436400000
0.3792300000
0.6190200000
0.4197700000
0.5816400000
0.2550900000
0.1139300000
0.0841320000
0.1988300000
0.5814500000
0.5708000000
0.0611960000
0.5405700000
0.6346800000
0.2860600000
0.1704800000
0.2074000000
0.4900600000
0.2839200000
0.2818700000
0.5447600000
0.3364900000
0.3878600000
0.7857300000
0.9083800000
0.9572100000
0.0303620000
0.2110000000
0.6811900000
0.8519700000
0.8412000000
0.7194500000
0.3605100000
0.3468300000
0.6287800000
0.4937800000
0.7973600000
0.8183600000
0.6811700000
0.2584700000
0.0607000000
0.9193800000
0.7716900000
0.4656400000
