0.9878100000
0.1986700000
0.2955200000
0.3894200000
0.1565200000
0.5646400000
0.6442200000
0.7173600000
0.7833300000
0.7020300000
0.8912100000
0.9320400000
-0.9004700000
0.9854500000
0.9974900000
0.9995700000
0.9916600000
0.9738500000
-0.2279000000
0.9093000000
0.8632100000
0.8085000000
0.7457100000
0.6754600000
0.5984700000
0.5155000000
0.4273800000
0.3349900000
0.2392500000
0.1411200000
0.0415810000
-0.2884100000
-0.1577500000
-0.2555400000
-0.3507800000
-0.4425200000
-0.5298400000
-0.6118600000
0.7366400000
-0.7568000000
-0.8182800000
-0.8715800000
-0.9161700000
-0.9516000000
-0.9775300000
-0.9936900000
0.7375100000
-0.9961600000
-0.9824500000
-0.9589200000
-0.9258100000
-0.8834500000
-0.8322700000
-0.7727600000
-0.7055400000
-0.6312700000
-0.6669500000
-0.4646000000
0.5218400000
-0.2794200000
-0.1821600000
-0.0830890000
0.0168140000
0.1165500000
0.2151200000
0.3115400000
0.4048500000
0.4941100000
0.5784400000
0.4880900000
0.7289700000
0.7936700000
-0.6251800000
0.8987100000
0.5856800000
0.9679200000
0.9881700000
0.9985400000
0.9989400000
0.9893600000
0.9698900000
0.9407300000
0.9021700000
0.8546000000
0.7984900000
0.7344000000
0.6629700000
0.5849200000
0.5010200000
0.4121200000
0.3191000000
0.2228900000
0.1244500000
0.0247750000
-0.0751510000
-0.1743300000
-0.2717600000
-0.3664800000
-0.4575400000
-0.5440200000
-0.4864700000
-0.6998700000
-0.7676900000
-0.8278300000
-0.8797000000
-0.1348900000
-0.9566400000
-0.9809400000
0.8951600000
-0.9999900000
-0.9945500000
-0.9791800000
-0.9540200000
-0.9193300000
-0.8754500000
0.9897400000
-0.7619800000
-0.6935300000
-0.6181400000
-0.5365700000
-0.4496500000
-0.3582300000
-0.2632300000
-0.1656000000
0.5958500000
0.0336230000
0.1332300000
0.2315100000
0.3274700000
0.4201700000
0.5086600000
0.5920700000
0.6695700000
0.5232000000
0.8037800000
0.8591600000
0.9059500000
0.9437000000
0.9720100000
0.9906100000
0.9993100000
0.9980300000
0.9867700000
0.9656600000
0.9349000000
0.8947900000
-0.5350300000
0.7882500000
0.7228800000
0.6502900000
0.5712000000
0.4864000000
-0.3036900000
0.3031200000
-0.1524700000
-0.5869700000
0.8381900000
-0.0919070000
-0.1908600000
-0.5947600000
-0.3820700000
-0.4724200000
-0.1087300000
-0.6381100000
-0.7117900000
-0.7783500000
0.6398500000
-0.0682430000
-0.9291200000
-0.9614000000
-0.9597300000
-0.9969000000
-0.9997700000
-0.9926600000
-0.9756300000
-0.9488400000
-0.9125800000
-0.8672000000
-0.8131600000
-0.1665400000
-0.6813100000
-0.6048300000
-0.5223100000
-0.4345700000
-0.3424800000
0.9763000000
-0.1490000000
-0.0495360000
0.0504230000
0.7431800000
0.2478300000
0.3433100000
0.4353700000
0.5230700000
0.6055400000
0.6819600000
0.7515700000
0.8136700000
0.8676400000
0.9129500000
0.9491200000
0.9758200000
0.9927700000
0.9997900000
0.9968300000
0.9839100000
0.9611500000
0.6082900000
0.8871600000
0.8366600000
-0.4296700000
0.7111600000
0.5504700000
0.5573200000
0.4716400000
-0.2061900000
0.2870500000
0.1899900000
0.4823800000
-0.5566000000
-0.8540500000
-0.0102750000
-0.3039600000
-0.6982400000
-0.4871700000
0.7277400000
-0.6509600000
-0.7234900000
-0.7888000000
-0.8462200000
-0.8951900000
-0.9352100000
-0.9658900000
-0.9869200000
-0.9980800000
-0.9992800000
-0.9904900000
-0.9718000000
-0.9434000000
-0.9055800000
-0.8587100000
-0.8032600000
-0.7397800000
-0.6689100000
-0.9162300000
-0.5079000000
-0.4193600000
-0.3266400000
-0.2306500000
-0.9997000000
0.0530480000
0.0672080000
0.1664800000
0.2640900000
0.3590600000
0.4504400000
0.5373200000
0.6188400000
0.6941600000
0.7625600000
0.8233300000
0.8758800000
0.9196800000
-0.4163100000
0.9793600000
-0.9573600000
0.9999900000
0.9953500000
0.9807600000
0.9563800000
0.9224300000
0.8792700000
-0.2942200000
0.7671200000
0.6992400000
0.6243800000
0.5432800000
0.4567500000
0.3656500000
0.2709100000
0.9702300000
0.0742650000
-0.0256630000
-0.1253400000
-0.2237600000
-0.3199400000
-0.4129300000
-0.5017900000
-0.5856400000
-0.6636300000
-0.7350000000
-0.7990200000
0.6849000000
-0.9025500000
-0.9410300000
-0.9701100000
-0.9894900000
-0.9989800000
-0.9985000000
-0.9880300000
-0.9677000000
-0.9376900000
-0.9258100000
-0.8499700000
-0.7931300000
-0.7283600000
-0.6563200000
-0.5777200000
-0.4933400000
-0.4040400000
-0.0687420000
-0.2142500000
0.6486500000
-0.0159260000
0.0839740000
-0.1398900000
0.8153200000
-0.9358700000
0.7899300000
0.5514300000
0.6319600000
0.7061700000
0.2757300000
0.8327600000
0.8838700000
0.1839000000
0.9591800000
0.9826200000
0.9962400000
0.9999100000
0.9935900000
0.9773400000
0.9513300000
0.7516300000
0.8711400000
0.5729300000
0.7562200000
0.6871200000
0.6111600000
0.5290800000
0.4417200000
-0.7122600000
0.2546800000
-0.9855800000
0.0574870000
-0.7104000000
-0.1420000000
-0.2401100000
-0.3358200000
0.3144900000
-0.5162600000
-0.5991800000
-0.6761200000
-0.7463000000
-0.8090200000
-0.8636600000
-0.3189000000
-0.9465900000
0.2356000000
-0.9917800000
-0.2598000000
-0.9974300000
-0.4241400000
-0.9633200000
-0.9317200000
-0.8908000000
-0.5963200000
-0.7827700000
-0.7167400000
-0.6435400000
-0.5639100000
-0.4786500000
-0.3886000000
-0.2946700000
-0.1978000000
-0.0989500000
0.0008881600
0.1007200000
0.1995400000
0.2963700000
-0.4200700000
0.4802000000
-0.1455100000
0.6449000000
0.7179700000
0.7838800000
0.8419500000
0.4887500000
0.5001600000
0.1822800000
0.9856000000
0.9975600000
0.9995500000
0.9915500000
0.9736500000
0.9460100000
0.9089300000
0.8627600000
0.8079700000
0.7451100000
-0.4088700000
0.5977600000
0.2006400000
0.1784900000
-0.1477100000
0.2383900000
0.1402400000
0.0406930000
-0.0592610000
-0.5413000000
-0.2564000000
-0.3516100000
-0.4433200000
-0.5305900000
-0.6125600000
-0.6884100000
-0.7573800000
-0.8187900000
-0.8720100000
0.2955300000
-0.9518700000
-0.9777200000
-0.9937900000
-0.9999300000
-0.9960900000
-0.9822900000
0.8917900000
0.3417500000
-0.2792800000
-0.8317700000
-0.7722000000
-0.7049100000
-0.6305800000
0.1742500000
-0.4638200000
-0.3730500000
-0.2785600000
-0.1812900000
-0.0822040000
0.0177020000
0.1174300000
0.2159900000
0.3123900000
0.4056600000
0.4948900000
0.5791600000
0.6576600000
0.7295800000
0.7942100000
0.6969900000
0.8991000000
0.3518000000
0.9681400000
0.9883000000
0.9985900000
0.9989000000
0.9892300000
0.6747200000
0.9404300000
0.9017900000
0.0586780000
0.7979500000
0.7337900000
0.6623000000
0.5842000000
0.5002500000
0.4113100000
0.3182600000
0.2220200000
0.1235700000
0.2042100000
-0.0760370000
0.1659300000
-0.2726200000
-0.3673100000
-0.4583300000
0.8493200000
-0.6257600000
-0.7005100000
-0.7682500000
-0.8283200000
-0.8801200000
0.5537800000
-0.9568900000
-0.9811100000
-0.9955200000
-0.9999900000
-0.9944600000
-0.5944100000
-0.2456300000
-0.3523200000
-0.8750200000
-0.8223200000
-0.7614100000
-0.6928800000
-0.6174400000
-0.5358200000
-0.4488500000
0.6364600000
-0.2623700000
-0.1647300000
-0.0654360000
0.0345110000
0.1341100000
0.2323700000
0.3283100000
0.4209700000
0.5094300000
0.5927900000
0.6702300000
0.7409700000
0.8043100000
0.8596200000
0.9520000000
0.9439900000
0.9722200000
0.9907300000
0.9993400000
0.9979700000
0.9866300000
0.9654300000
0.9345800000
0.8943900000
0.8452700000
0.7877100000
0.7222700000
0.6496100000
0.5704700000
0.4856200000
0.3959300000
0.3022700000
0.2783000000
0.1068700000
0.0070751000
-0.0927910000
-0.1917300000
-0.6250900000
-0.3828900000
0.0292380000
-0.5587900000
-0.6387900000
-0.7124100000
-0.6045200000
-0.2444200000
-0.0053049000
-0.9294500000
-0.9616400000
0.8411500000
-0.9969700000
-0.9997600000
-0.9925500000
-0.9754300000
-0.9485600000
-0.9122200000
-0.8667600000
-0.8126400000
-0.7504000000
-0.6806600000
-0.6041300000
-0.5215500000
-0.4337700000
-0.3416500000
-0.2461100000
-0.1481200000
-0.0486490000
0.0513100000
0.1507600000
0.2486900000
0.3441500000
-0.8201500000
-0.1914300000
0.6062500000
0.6826100000
0.7521600000
0.8141900000
0.7042600000
0.9133100000
0.9494000000
0.9760100000
0.9928700000
0.9998100000
0.9967600000
0.9837500000
0.9609100000
0.5597700000
0.0827990000
0.8361700000
0.7772400000
0.7105400000
0.6367400000
0.5565800000
-0.3957800000
0.3804300000
0.2862000000
0.1891100000
0.0901380000
0.1491800000
-0.1095200000
-0.2082100000
-0.3048100000
-0.3983700000
-0.4879500000
-0.5726500000
-0.6516400000
-0.7241100000
-0.7893400000
-0.6986000000
-0.8955800000
0.6479200000
-0.9661200000
-0.9870600000
-0.9981400000
-0.9992400000
-0.9903600000
-0.4684900000
-0.9431100000
-0.9052000000
-0.8582500000
-0.8027300000
0.0730170000
-0.6682500000
-0.5906400000
-0.5071300000
-0.7981300000
-0.3258000000
-0.2297800000
-0.2514900000
-0.0318480000
0.0680940000
0.1673600000
0.2649500000
0.3598900000
-0.7737500000
0.5380700000
0.6195300000
0.6948000000
0.7631300000
0.8238400000
0.8763100000
0.9200300000
0.9545500000
0.9795400000
0.9947400000
1.0000000000
-0.3398000000
-0.9386900000
0.9561200000
-0.5764200000
0.8788500000
0.1142900000
0.7665500000
0.9443800000
0.2730100000
0.5425300000
0.4025600000
0.3648300000
0.2700500000
0.1725800000
0.0733800000
-0.0265510000
-0.1262200000
-0.2246200000
-0.3207800000
-0.4137400000
-0.1138800000
-0.5863600000
-0.6643000000
-0.7356000000
-0.7995600000
-0.8555200000
-0.9029400000
-0.9413300000
0.0344830000
-0.9896200000
-0.9990200000
-0.4488600000
-0.9878900000
-0.9674700000
-0.9373800000
-0.8979300000
-0.8495000000
-0.0694980000
-0.7277500000
-0.6556500000
-0.5769900000
-0.0596830000
-0.4032300000
-0.3098500000
-0.2133800000
-0.1147800000
0.9043200000
0.0848590000
0.1839100000
0.2811200000
0.3755200000
0.4661700000
0.5521700000
0.6326400000
0.7068000000
0.7738900000
0.8332500000
0.8842900000
0.9264800000
0.9594300000
0.9827800000
0.9828200000
0.9999000000
0.3183100000
0.9771500000
0.9510500000
0.9154500000
0.8707000000
0.8172500000
0.7556400000
0.6864800000
-0.1259100000
0.5283300000
-0.1476800000
0.3491200000
0.2538200000
0.1559900000
0.0566010000
-0.0433550000
-0.1428800000
-0.2409700000
-0.1112000000
-0.4289900000
-0.5170200000
-0.5998900000
-0.6767700000
-0.9137900000
-0.8095400000
-0.8641000000
-0.0621220000
-0.9468700000
-0.9742500000
-0.9918900000
-0.0816040000
-0.9973700000
-0.9851500000
-0.9630800000
0.4770200000
-0.7047000000
-0.8405100000
-0.7822200000
-0.7161200000
-0.6428600000
-0.5631800000
-0.4778700000
0.0809210000
0.0411790000
-0.1969300000
-0.0980660000
0.0017763000
0.1016000000
0.2004100000
0.2972200000
0.3910500000
0.4809800000
0.5661100000
0.6455800000
0.7185900000
0.7844300000
0.0880020000
-0.9585300000
0.1651600000
0.9640300000
-0.0556190000
0.9976200000
0.9995200000
0.9914300000
-0.7879200000
0.9457200000
0.9085600000
-0.6191200000
0.8074500000
0.4986900000
0.6741500000
-0.5567900000
0.5139800000
0.4257700000
0.3333100000
0.2375200000
0.1393600000
0.0398060000
-0.0601470000
-0.1595000000
-0.2572600000
-0.3524500000
-0.4441100000
-0.5313400000
-0.6132600000
-0.6890500000
-0.7579600000
-0.8193000000
-0.8724500000
-0.9168800000
-0.9521500000
-0.9779000000
-0.9938900000
-0.9999400000
-0.9960100000
-0.9821200000
-0.9584200000
-0.9251400000
-0.0418080000
-0.8312800000
-0.7716400000
-0.7042800000
-0.6667600000
-0.5492000000
-0.4630300000
-0.3722300000
-0.2777100000
-0.1804200000
-0.0813190000
0.0185900000
0.1183100000
0.2168500000
-0.3020200000
0.4064700000
0.4956600000
0.5798900000
0.6583200000
0.7301800000
0.7947500000
0.8513700000
0.8994900000
-0.0574960000
0.9683600000
-0.3397000000
0.9986400000
0.9988600000
0.9891000000
0.9694600000
0.9401300000
0.9014000000
0.8536800000
0.7974200000
0.7331900000
0.6616400000
0.5834800000
0.4994800000
0.4105000000
0.3174100000
0.2211600000
0.1226900000
0.0230000000
-0.0769220000
-0.1760800000
0.7341200000
-0.3681300000
-0.4591100000
-0.5455100000
-0.6264600000
-0.7011400000
-0.7688200000
-0.8288200000
-0.8805400000
-0.9234600000
-0.9571500000
-0.9812800000
0.3104200000
-0.8041400000
-0.9943700000
-0.9788200000
-0.9534900000
-0.9186300000
-0.8745900000
-0.8218200000
-0.7608300000
-0.6922400000
-0.6167400000
-0.5350700000
-0.4480600000
-0.3565700000
-0.2615200000
-0.1638500000
-0.0645490000
0.0353980000
0.1349900000
0.2332400000
0.8235800000
0.4217800000
0.5101900000
-0.0576700000
0.6708900000
0.7415700000
0.8048400000
0.8600700000
0.9067100000
0.7390500000
0.9724200000
-0.7976100000
0.9993700000
0.9979100000
0.9864800000
0.9651900000
0.9342600000
0.8940000000
0.8448000000
0.7871600000
0.7216500000
0.6489400000
0.5790700000
0.4848500000
0.3951100000
0.3014300000
0.2047300000
0.1059900000
0.0061869000
-0.0936760000
0.3649200000
-0.2896000000
-0.3837100000
-0.4739900000
-0.5595300000
-0.6394700000
-0.7130300000
-0.7794700000
-0.8381100000
-0.8099200000
-0.3256400000
-0.9618800000
0.9596900000
-0.9970400000
-0.9997400000
-0.9924400000
-0.9752300000
-0.9482800000
-0.9118500000
-0.8663200000
-0.8121200000
-0.4841000000
-0.6800100000
-0.6034200000
-0.5207900000
-0.4329700000
-0.3408100000
-0.2452500000
-0.1472400000
-0.0477610000
0.0521970000
0.1516300000
-0.2387800000
0.3449800000
0.4369600000
0.5245800000
0.6069500000
0.6832600000
0.7639700000
-0.0283600000
0.8685300000
0.9136700000
0.9496800000
0.9762100000
0.9929800000
0.9998300000
0.9966900000
0.9835900000
0.9606600000
0.9281400000
0.8863400000
0.8356800000
0.7766800000
0.7099100000
0.6360500000
0.5558400000
-0.6418500000
0.3796100000
0.2853500000
0.4965300000
0.0892530000
-0.0106280000
-0.1104000000
-0.2090700000
-0.8009300000
-0.3991800000
-0.4887300000
0.7782400000
-0.6523100000
-0.7247200000
-0.7898900000
-0.8471700000
-0.8959800000
-0.9358400000
-0.9663500000
-0.9872000000
-0.0707980000
-0.9992100000
0.0948380000
-0.9713800000
-0.9428100000
-0.9048200000
-0.8578000000
-0.8022000000
-0.0514350000
-0.6675900000
-0.5899200000
-0.5063700000
-0.4177500000
-0.3249600000
-0.2289200000
-0.1305900000
-0.0309600000
-0.4624400000
0.1682300000
0.2658000000
0.3607200000
0.4520300000
0.5388200000
0.6202300000
0.6954400000
0.7637100000
0.8243400000
-0.2008200000
0.9203700000
0.9548100000
0.9797200000
0.7983900000
1.0000000000
0.9951800000
0.5201300000
-0.1489200000
0.9217500000
0.8784300000
0.8263300000
-0.9165800000
0.6979700000
0.6229900000
0.5417800000
0.4551700000
0.3640000000
0.2692000000
0.1717000000
0.0724940000
-0.0274390000
-0.1271000000
-0.2254900000
-0.3216200000
-0.4145400000
-0.5033300000
0.9763400000
-0.6649600000
-0.7362000000
-0.8000900000
-0.8559800000
-0.9033200000
-0.9416300000
-0.9705400000
-0.9897400000
-0.9990600000
-0.9984000000
-0.9877600000
-0.9672500000
-0.9370700000
-0.8975400000
-0.8490300000
-0.7920400000
-0.7271400000
-0.6549800000
-0.5762600000
-0.4918000000
-0.4024100000
-0.3090100000
-0.2125200000
-0.5824900000
-0.0141500000
0.0857440000
0.1847800000
0.2819700000
0.1671900000
0.4669600000
0.0361020000
0.6333300000
0.7074300000
0.7631400000
0.8337400000
0.0845150000
0.9268200000
0.9596800000
0.9829500000
0.9963900000
0.9998900000
0.9933900000
0.9769600000
0.9507800000
0.4438000000
0.8702700000
0.9016200000
-0.5123100000
0.6858300000
0.6097500000
-0.4733600000
0.4401300000
0.3110600000
0.2529600000
0.1551100000
0.0337380000
-0.0442430000
-0.1437600000
-0.9627800000
-0.3375000000
-0.4297900000
-0.5177800000
-0.6006000000
0.6364500000
-0.7474800000
-0.8100600000
0.8552400000
-0.0549130000
-0.9471600000
-0.9744500000
-0.9920000000
-0.9996500000
-0.9973000000
-0.9293000000
-0.9628400000
-0.9310700000
-0.8900000000
-0.8400300000
-0.7816700000
-0.7209900000
0.2613500000
-0.5624400000
-0.4770900000
-0.3869600000
0.5442000000
0.3350600000
-0.6422100000
0.3590900000
-0.7343900000
0.2012800000
0.2980600000
-0.9154200000
0.4957500000
0.0272600000
0.6462500000
0.7192100000
0.1546500000
0.8429100000
0.8924100000
0.9330000000
0.9642700000
-0.8504700000
0.9976800000
0.9994900000
0.9913200000
0.0882110000
0.9454400000
0.9081900000
0.8618600000
0.8069300000
0.7439300000
0.6735000000
0.5963400000
0.5132200000
0.5569300000
0.3324800000
0.2366600000
0.1384800000
0.3511300000
-0.0610340000
-0.1603800000
-0.4780900000
-0.3532800000
0.7644400000
-0.0480770000
-0.0315610000
-0.4470100000
-0.8555100000
-0.8198100000
-0.8728800000
-0.5838500000
-0.9524200000
-0.9780900000
-0.9939900000
-0.9999500000
-0.9959300000
-0.8331100000
-0.9581700000
-0.9248000000
-0.8822000000
-0.1095200000
-0.7710700000
-0.7810400000
-0.6292000000
0.9865200000
-0.4622400000
-0.3714000000
-0.2768600000
-0.1795400000
0.3656100000
0.0194780000
0.1192000000
0.2177200000
0.8277300000
-0.2654300000
0.4964300000
0.5806100000
0.6589900000
0.7307900000
0.7952900000
0.8518400000
0.8998700000
0.9616900000
0.9685900000
0.9885700000
0.9986800000
0.9988200000
0.9889700000
0.9692400000
-0.9109300000
0.9010200000
0.8532100000
-0.0120960000
0.7325900000
0.6609700000
0.5827500000
0.4987100000
0.4096900000
0.6948500000
0.2202900000
0.1218100000
0.0221120000
-0.0778080000
-0.1769500000
-0.2743200000
0.3750600000
-0.4599000000
-0.3851600000
-0.6271500000
0.6660800000
0.8414800000
-0.8293200000
-0.8809600000
-0.9238000000
0.6974300000
-0.9814500000
-0.3138600000
-0.9999700000
0.9452000000
-0.9786300000
-0.9532200000
-0.9182800000
-0.8741600000
-0.8213100000
-0.0145230000
-0.0803600000
-0.6160400000
-0.5343200000
-0.6073400000
0.5095200000
-0.2606600000
-0.4309400000
-0.0636630000
0.0362860000
0.1358700000
0.2341000000
0.3299900000
0.4225800000
0.5109500000
0.5942200000
0.6715500000
0.7421600000
0.8053700000
0.8605200000
0.9070800000
0.9445700000
0.9726300000
0.9909700000
0.9994000000
0.9978600000
0.9863400000
0.9649600000
0.9339500000
-0.7445600000
0.1537600000
0.7866100000
0.7210400000
0.6482600000
0.5690100000
0.4840700000
0.3942900000
0.3005800000
0.2706400000
0.1051000000
0.0052988000
-0.0945600000
-0.1934700000
-0.2904500000
-0.3845300000
-0.4747700000
-0.5602600000
-0.6401600000
-0.7136500000
-0.7800200000
-0.8386000000
0.7053400000
-0.9301100000
-0.9621300000
-0.9845400000
0.6555900000
-0.9997100000
-0.9923300000
-0.9750400000
0.4950300000
-0.9114900000
-0.8658700000
-0.8116000000
-0.7492300000
-0.6793600000
-0.6027100000
-0.5200300000
-0.4321600000
-0.3399800000
-0.2443900000
-0.1463600000
-0.0468740000
0.0530840000
0.1525100000
0.0059879000
0.3458200000
0.4377600000
0.5253300000
0.6076600000
0.6839100000
0.7533300000
0.8152200000
0.8689700000
0.9140300000
0.9499600000
0.9764000000
0.9930800000
0.9998400000
0.9966100000
0.6382100000
0.9604100000
0.9278000000
0.8859200000
0.3970600000
0.7761200000
0.7092900000
0.6353700000
0.5551000000
-0.6798200000
0.3787900000
0.2845000000
0.1873700000
0.0883690000
-0.0115160000
-0.1112800000
-0.2099400000
-0.3065000000
0.2113400000
-0.4895000000
-0.5741100000
-0.6529800000
-0.0832280000
-0.8204200000
-0.8476400000
-0.8963700000
-0.9361500000
-0.9665700000
-0.9873400000
-0.9982400000
-0.7252100000
-0.9901200000
-0.6102600000
-0.9425100000
-0.9044400000
-0.5809500000
-0.8016700000
-0.1040200000
-0.6669300000
-0.5892100000
-0.5056000000
-0.4169400000
-0.3241200000
-0.3253400000
-0.0316210000
-0.0300720000
0.5434100000
0.1691100000
0.2666600000
-0.9671100000
0.4528200000
0.5395700000
0.6209300000
0.6960800000
0.7642800000
0.8248400000
0.8771600000
0.9207200000
0.9550800000
0.9798900000
0.9949200000
1.0000000000
-0.1592100000
0.9802400000
0.9555900000
0.9214000000
0.8780000000
0.2171700000
0.7654000000
0.6973300000
0.6222900000
0.5410400000
0.4543700000
-0.0176160000
-0.0781620000
0.3251100000
0.0716080000
-0.0283270000
-0.1279800000
0.1748600000
-0.3224600000
-0.4153500000
-0.5040900000
-0.5878000000
0.9499700000
-0.7368000000
-0.8006200000
0.2203800000
-0.9037000000
-0.9419300000
-0.9707500000
-0.9898700000
-0.9991000000
-0.9983500000
-0.9876200000
-0.9670200000
-0.9367600000
-0.8971400000
-0.8485600000
-0.7915000000
-0.7265300000
-0.6543000000
-0.5755400000
-0.4910200000
-0.0393040000
-0.5840900000
-0.2116500000
-0.1130200000
-0.0132620000
0.0866290000
0.1856500000
0.2828200000
0.3771700000
0.4677500000
0.5536500000
0.6340200000
0.7080500000
-0.8798100000
0.8342300000
0.8851100000
0.9271500000
0.9599300000
0.9831100000
0.9617400000
0.9998700000
0.9932900000
-0.0689390000
0.9505000000
0.9147400000
-0.6507000000
0.8162300000
0.7544800000
0.6851800000
0.6090400000
-0.2621700000
0.4393300000
0.3474500000
0.2521000000
0.1542400000
0.0548270000
-0.0451300000
-0.1446400000
-0.2427000000
-0.3383300000
-0.2091500000
-0.5185400000
-0.6013100000
-0.6780800000
0.8453100000
-0.8288200000
-0.8650000000
-0.9107700000
-0.9474400000
-0.9746500000
-0.9921200000
-0.9996700000
-0.9972400000
-0.9848400000
-0.9626000000
-0.9307500000
-0.8895900000
-0.8395500000
-0.7811100000
-0.7148800000
-0.6415000000
0.0894670000
-0.3208700000
-0.3861400000
-0.2921200000
-0.1951900000
-0.0962980000
0.0035526000
0.1033700000
0.2021500000
0.2989100000
0.3926900000
0.4825400000
-0.8893400000
0.6469300000
0.9457200000
0.7855300000
0.8433900000
0.6729800000
0.9333200000
0.9645000000
0.8106100000
0.9977400000
-0.0315400000
0.9912000000
0.9730300000
0.9451500000
0.9078100000
0.8614100000
0.8064000000
-0.0845370000
0.6728400000
-0.8143900000
0.5124500000
0.4241700000
0.5210400000
0.2358000000
0.1376000000
-0.9109000000
-0.0619200000
-0.1612500000
-0.2589700000
-0.3541100000
0.4723100000
-0.5328500000
0.0947110000
-0.6903400000
-0.1891300000
-0.8203100000
-0.6938900000
-0.9175800000
-0.9526900000
-0.9782700000
-0.9940800000
-0.9999600000
-0.2385300000
-0.9817800000
-0.9579100000
-0.9244700000
-0.8817800000
-0.8302900000
-0.7705000000
-0.7030200000
-0.6285100000
-0.5477200000
-0.4614500000
-0.3705800000
-0.8986400000
-0.1786700000
0.4769000000
0.0203660000
0.1200800000
0.2185900000
0.3149200000
-0.6610700000
0.4972000000
0.5813300000
0.6596600000
0.7314000000
0.7958200000
0.8523000000
-0.6830600000
0.9392300000
0.9688100000
0.9887100000
0.9987300000
0.9987700000
0.9888400000
-0.1324200000
0.9395200000
0.9006300000
0.8527500000
0.7963400000
0.7319800000
0.3972200000
0.5820300000
0.1496000000
0.4088800000
0.3157300000
0.2194300000
0.1209300000
0.0212240000
0.2786600000
-0.1778200000
-0.6247300000
0.2098800000
-0.4606900000
-0.5470000000
-0.6278400000
-0.7024100000
-0.7699600000
-0.5824700000
-0.8813800000
-0.9241400000
-0.9576600000
-0.9816200000
0.3906200000
-0.9999700000
-0.9941800000
-0.9784500000
-0.9529500000
-0.9179200000
-0.8231200000
-0.8208000000
-0.2161200000
-0.6909600000
-0.6153400000
-0.5335700000
-0.4464700000
-0.3715200000
-0.2598000000
-0.1621000000
-0.0627770000
0.0371730000
0.1367500000
0.2349600000
0.3308300000
-0.1171100000
0.5117200000
0.5949300000
0.6722000000
-0.2515300000
0.5173900000
-0.2434200000
0.9074500000
0.9448600000
0.9728400000
0.9910900000
0.8648600000
-0.3534700000
0.9861900000
-0.7454700000
0.9336300000
0.8932000000
0.8438500000
0.7860600000
0.7204200000
0.6475800000
0.5682800000
0.4832900000
0.3934800000
0.2997300000
0.2029900000
0.9350400000
0.0044106000
-0.0954440000
-0.1943400000
-0.2913000000
-0.3853500000
-0.7460600000
-0.5610000000
-0.6408400000
-0.7142800000
0.9097000000
-0.8390800000
-0.7065400000
-0.9304300000
-0.9623700000
-0.9846900000
-0.9971700000
-0.9996900000
-0.9922200000
-0.9748400000
-0.9477200000
-0.9111200000
-0.8398700000
-0.8110800000
-0.7486400000
-0.6787100000
0.2339700000
-0.5192800000
-0.4313600000
-0.3391400000
-0.2435300000
0.3120200000
0.0850580000
0.0539700000
-0.4300100000
0.2512700000
0.3466500000
0.7486900000
0.5260900000
0.6083600000
0.6845600000
-0.7470000000
0.8157300000
0.8694000000
0.9143900000
0.9502400000
0.9765900000
0.9931900000
-0.8102200000
0.9965400000
0.9832700000
0.5968000000
0.9274700000
0.8855100000
0.3996500000
0.7755600000
0.9173900000
0.5632300000
0.5543600000
0.4685000000
0.1667500000
0.5065700000
0.1865000000
0.0874840000
-0.0124040000
-0.1121700000
-0.2108100000
-0.3073500000
-0.4008100000
-0.4902700000
-0.5748400000
-0.6536600000
-0.7259400000
-0.7909800000
-0.0597750000
-0.8967700000
-0.9364600000
-0.9668000000
-0.9874800000
-0.9983000000
-0.9991300000
-0.9899900000
-0.9709500000
-0.9422200000
-0.9040700000
-0.8568800000
-0.8011300000
-0.7373800000
-0.6662600000
-0.5884900000
-0.5048300000
-0.4161300000
-0.3232800000
-0.2271900000
-0.1288300000
-0.0291840000
0.0707520000
-0.6390200000
0.2675100000
-0.0059225000
0.4536100000
0.5403100000
0.6216200000
0.6967200000
0.4599900000
0.8253400000
0.8775900000
0.9210700000
0.9553400000
0.9800700000
0.9950100000
1.0000000000
0.9853800000
0.9800600000
0.9553300000
0.9210600000
0.8775800000
-0.7813700000
-0.4248200000
0.6967000000
0.6216000000
0.5402900000
-0.0180180000
0.3623400000
0.2674800000
0.1699500000
0.0707220000
-0.0292150000
-0.1288600000
-0.2272200000
-0.3233000000
-0.4161600000
-0.8265600000
-0.5885100000
-0.6662900000
-0.7374000000
-0.8011500000
-0.8569000000
-0.9040800000
-0.9422300000
-0.9709600000
-0.9899900000
-0.9991400000
-0.9982900000
-0.9874800000
0.0257580000
-0.9364500000
-0.8967500000
-0.8480900000
-0.7909600000
-0.7259200000
0.9073300000
-0.5748100000
-0.4902500000
-0.4007900000
-0.3073200000
-0.5473800000
0.2111800000
-0.0123740000
0.0875140000
0.1865300000
-0.6631400000
0.3779900000
0.5369500000
0.5543900000
0.6347000000
0.7086800000
0.7755800000
0.8347200000
0.8855300000
0.9274800000
0.9601700000
0.9832700000
0.5139600000
0.9998600000
0.9931800000
0.9765800000
0.9502300000
0.9143800000
0.8693900000
0.8157200000
0.7538900000
0.6845400000
0.6083400000
0.5260600000
0.4385300000
0.3466200000
0.2512500000
0.1533600000
0.0539400000
-0.0460170000
0.1256600000
-0.2435600000
-0.3391700000
-0.4313900000
-0.5193000000
-0.6020200000
-0.1041600000
-0.7486600000
-0.8111000000
-0.8654400000
0.4951600000
-0.9477300000
-0.6860400000
-0.9922300000
-0.9996900000
-0.9971700000
-0.9846900000
-0.3008100000
-0.9304200000
-0.8891800000
0.2876500000
0.5590000000
-0.7142600000
-0.8721000000
-0.5609700000
0.6819600000
-0.3853200000
-0.2912700000
-0.2733800000
-0.0954140000
0.0044408000
0.1042500000
0.2030200000
0.2997600000
0.3935000000
0.4833200000
0.5683000000
-0.7581700000
0.7204400000
0.7860800000
0.8438600000
0.8932100000
0.9336400000
0.9647400000
0.9861900000
0.9978000000
0.9994300000
-0.5669700000
0.9728300000
0.9448600000
0.9074400000
0.8609600000
0.8058800000
0.7427400000
0.6721800000
0.5949100000
0.5116900000
0.4233600000
0.3308000000
-0.9821100000
0.1367200000
0.0371430000
-0.0628070000
-0.1621300000
-0.2598300000
-0.3549400000
-0.3156700000
0.5824100000
-0.6153600000
-0.6909800000
-0.7597000000
0.5594900000
-0.8737400000
-0.9179400000
-0.7080800000
-0.9784600000
-0.9941800000
-0.9999700000
-0.9957700000
-0.9816100000
-0.9576600000
-0.9241300000
-0.8813700000
-0.8298000000
-0.7699400000
-0.7023900000
-0.6278200000
-0.5469700000
-0.4606700000
-0.3697500000
-0.2751500000
-0.1777900000
-0.0786630000
0.0212540000
0.1209600000
0.2194500000
0.3157600000
0.4089100000
0.4979700000
-0.7266400000
0.6603300000
0.7320000000
0.7963600000
0.8527600000
0.9006500000
0.9395300000
0.9690300000
0.9888400000
0.9987700000
0.9987300000
0.9887000000
0.9688000000
0.9392200000
0.9002500000
0.8522800000
0.7958100000
0.7313800000
-0.6263800000
0.5813100000
0.4577400000
-0.6854000000
0.3148900000
0.2185600000
0.1200500000
0.5414400000
-0.0795790000
-0.1787000000
-0.1006200000
-0.3706100000
-0.4614800000
-0.5477400000
-0.6285300000
-0.7030400000
-0.7705200000
-0.8303100000
-0.8818000000
-0.9244800000
-0.9579200000
0.8808900000
-0.9958500000
-0.9999600000
-0.9940800000
-0.9782700000
-0.9526800000
-0.9175700000
-0.8291400000
-0.8203000000
-0.7591000000
-0.6903200000
-0.6146400000
-0.5328200000
-0.4456800000
-0.3540800000
0.7087800000
-0.1612200000
-0.0618900000
0.3974800000
0.1376300000
0.2358300000
0.3316700000
0.4241900000
0.5124800000
0.5956500000
0.6728600000
0.4068100000
0.8064200000
-0.6891800000
0.9078300000
0.9451600000
0.9351200000
0.6183400000
0.4184600000
0.9977400000
0.9860400000
0.9917000000
0.9333100000
0.8928000000
0.8433700000
0.7855100000
0.7198100000
0.6469100000
0.5675500000
-0.5277800000
0.3926600000
0.2988800000
-0.3224600000
0.3428100000
0.0035225000
-0.0963280000
-0.1952200000
-0.2921500000
-0.3861700000
-0.4388200000
-0.5617300000
-0.6415200000
-0.7149000000
-0.7811300000
-0.8395600000
-0.8896000000
-0.9307600000
-0.9626100000
-0.9848400000
-0.9972400000
-0.9996700000
-0.9921100000
-0.9746400000
-0.9474300000
-0.9107600000
-0.8649800000
-0.8105600000
-0.7480500000
-0.6780600000
-0.6012900000
-0.5185200000
0.7715400000
-0.7916900000
0.0043221000
-0.1446100000
0.6409500000
0.0548570000
0.1542700000
0.2521300000
0.3474800000
0.4393600000
0.5268500000
0.6090700000
0.6852000000
0.7545000000
0.8162500000
0.8698400000
0.9147500000
0.9505100000
0.9767800000
0.5306100000
0.9998700000
0.9964700000
-0.0877010000
0.9599200000
0.9271400000
0.8851000000
0.0117060000
0.7750000000
0.7080300000
0.6339900000
0.5536200000
0.7439100000
0.3771400000
0.2828000000
0.1856200000
0.0865990000
0.9202500000
0.6632900000
-0.2116800000
-0.3081900000
-0.4016300000
-0.4910500000
-0.5755600000
-0.6543300000
-0.7265500000
-0.7915200000
-0.8485800000
-0.8971600000
-0.9367700000
-0.9670300000
-0.0041801000
-0.9983500000
-0.9991000000
-0.9898600000
-0.2549600000
-0.9419200000
0.8687100000
-0.8564200000
0.4598600000
-0.7367800000
-0.6656000000
-0.5877700000
-0.5040700000
-0.4153300000
-0.3224300000
-0.2263200000
0.8194100000
-0.0282970000
0.0716380000
0.1708600000
-0.1273100000
0.3632000000
0.4544000000
0.2910500000
-0.3593300000
0.6973500000
0.7654200000
0.8258500000
0.8780200000
0.7749500000
0.6330200000
-0.7843000000
0.9950900000
1.0000000000
0.9949100000
0.2845000000
0.9550700000
0.9207100000
0.8771500000
0.8248300000
0.7642600000
0.6960600000
0.6209000000
-0.4277300000
0.4527900000
0.3615200000
0.2666300000
0.1690800000
0.0698360000
-0.0301020000
-0.1297400000
-0.2280800000
-0.3241400000
-0.7914800000
-0.5056300000
-0.5892300000
-0.6669500000
-0.4300000000
0.9941600000
-0.8573500000
-0.9044600000
-0.9425200000
-0.9711700000
-0.9901200000
0.8041900000
-0.9982400000
-0.0048968000
-0.9665700000
-0.9361400000
-0.8963600000
-0.3004600000
-0.7904100000
-0.7253100000
-0.6529600000
-0.5740800000
0.1112800000
-0.3999700000
0.3533100000
0.0705710000
-0.1112500000
-0.0114850000
0.0883990000
0.1874000000
0.2845300000
0.0797260000
0.4693100000
0.5551300000
0.6353900000
0.7093100000
0.7761400000
0.8352100000
-0.0409560000
0.9278200000
0.9604200000
0.9834300000
0.9966200000
0.9998400000
0.9930800000
0.9763900000
0.9499500000
0.9140200000
0.8689500000
-0.3517900000
0.7533100000
-0.4798600000
0.6076300000
0.5253100000
0.4377400000
0.3457900000
0.2503900000
0.9691700000
0.0530530000
-0.0469040000
0.8571000000
-0.2444200000
-0.3400000000
-0.6949500000
-0.5200600000
-0.6027300000
-0.6793800000
-0.0106450000
-0.8116200000
-0.8658900000
-0.9115000000
-0.9480100000
-0.9750400000
-0.9923400000
-0.9997200000
-0.9971000000
-0.9079600000
-0.9621200000
-0.9300900000
-0.8887800000
-0.8385800000
-0.7800000000
-0.7136300000
-0.0887360000
-0.5602400000
-0.4747400000
0.6193500000
-0.5257700000
-0.1934400000
-0.0945300000
0.0053289000
0.1051300000
0.2038900000
0.3006100000
0.3943200000
0.4841000000
0.5690300000
-0.6527400000
-0.5172800000
0.7866300000
0.8443400000
0.8936100000
0.1505300000
0.9649700000
0.0002824500
0.9978600000
0.9994000000
0.9909600000
0.9726200000
0.9445600000
0.9070700000
0.8605100000
0.8053500000
0.7421400000
0.6715200000
0.5941900000
0.5109300000
0.4225600000
0.3299600000
0.2340700000
0.7471700000
0.0362560000
-0.0636930000
-0.1630100000
-0.2606900000
-0.3557700000
-0.4472900000
-0.5343500000
-0.6160600000
-0.6916200000
-0.7602700000
-0.8213300000
-0.8741800000
-0.9182900000
-0.9532300000
-0.9786400000
-0.9942700000
-0.3076900000
-0.9956800000
-0.9814400000
0.7198400000
-0.9237900000
-0.8809500000
0.2826700000
-0.7693700000
-0.7017500000
-0.6271200000
-0.5462300000
-0.4598800000
-0.3689300000
-0.2742900000
-0.1769200000
-0.0777780000
0.0221420000
0.1218400000
0.2203200000
0.3166000000
0.4097200000
0.4987400000
0.8282900000
0.6609900000
0.7326100000
0.7969000000
-0.8969800000
0.9010300000
0.9398300000
0.9692400000
0.9889700000
0.9988200000
0.9986800000
0.9885700000
0.9685800000
0.9389100000
0.4294600000
0.8518200000
0.7952700000
0.7307700000
-0.1384700000
0.5805900000
0.4964000000
0.4072600000
0.3140400000
0.2176900000
0.1191700000
0.0194480000
-0.0804640000
-0.1795700000
0.7072200000
0.2576500000
-0.4622700000
-0.5484800000
-0.6292200000
-0.7036700000
0.4036200000
-0.8308000000
-0.8822200000
-0.9248200000
-0.9581700000
-0.9819600000
-0.2859400000
-0.9999500000
-0.9939800000
-0.9780800000
-0.9524100000
-0.9172200000
0.1713000000
-0.9060700000
-0.2571900000
-0.6896800000
-0.5210300000
-0.5320700000
-0.4448800000
-0.3532500000
-0.2580900000
-0.1603500000
-0.0610040000
0.0389480000
0.1385100000
0.2366900000
0.3325000000
0.4250000000
0.5132400000
0.5963600000
0.6735200000
0.7439500000
0.8069400000
0.8618800000
0.9082000000
0.9454500000
0.9732500000
0.9913200000
-0.9584400000
0.9976800000
0.9858900000
0.9642600000
0.9329900000
-0.5804700000
0.8428900000
0.7849600000
0.7191900000
0.6462300000
-0.0194620000
0.4817400000
0.3918400000
0.8944300000
0.2012500000
0.1024500000
0.0026343000
-0.0972120000
-0.1960900000
-0.2930000000
-0.3869900000
-0.4771100000
-0.5624700000
-0.6422000000
-0.7155200000
-0.7816900000
-0.8400400000
-0.8900100000
-0.9310800000
-0.9628500000
-0.9850000000
-0.9973100000
-0.9996500000
-0.9920000000
-0.9744400000
0.7101500000
-0.9103900000
-0.8645400000
-0.8100400000
-0.7474600000
-0.6774000000
-0.6005800000
-0.5177600000
-0.4297600000
-0.4568200000
-0.2418100000
-0.1437300000
-0.0442130000
0.2614700000
0.1551400000
0.2529900000
0.3483200000
0.4401600000
0.5276000000
0.6097700000
0.4906800000
0.7550800000
0.8167600000
0.8702800000
0.9151100000
0.9507900000
0.9769700000
0.9933900000
0.9998900000
0.9963900000
0.9829400000
0.9596700000
0.9268100000
0.8846900000
0.8337200000
0.7744300000
0.8352700000
0.6333100000
0.5528800000
0.4669300000
0.4462600000
0.3161000000
0.1847500000
0.7396900000
-0.0141090000
-0.1139300000
0.8681600000
-0.3090400000
-0.4024400000
-0.8867400000
-0.5762900000
0.6051500000
0.7502900000
-0.7920600000
-0.8490500000
-0.8975500000
-0.9370800000
0.1229000000
-0.4360000000
0.0804360000
-0.9990600000
-0.9897400000
-0.9705300000
-0.9416200000
-0.9033100000
-0.1176200000
-0.8000700000
-0.7361800000
-0.8992300000
-0.5870500000
-0.5033000000
-0.4145200000
-0.3215900000
-0.2254600000
-0.1270700000
-0.0274090000
0.0725240000
0.1717300000
0.2692200000
0.3640300000
0.4551900000
0.5418100000
0.6230100000
0.6979900000
0.7660000000
0.8263500000
0.8784400000
0.6276100000
0.9558600000
0.9804200000
0.9951800000
1.0000000000
0.1894500000
0.1534900000
0.9548100000
0.9203600000
-0.3158400000
0.8243200000
0.7636900000
0.6954200000
0.6202100000
-0.3846500000
0.4520000000
-0.7313800000
-0.2417800000
0.1682000000
0.0689500000
-0.0309900000
-0.1306200000
-0.2289500000
-0.3249800000
-0.4177800000
-0.5063900000
-0.5899500000
-0.6676100000
-0.7386000000
-0.8022100000
-0.8578100000
-0.9048400000
0.4218500000
-0.9713900000
-0.9902400000
-0.9992100000
-0.9981900000
-0.9872000000
-0.9663400000
-0.0137540000
-0.8959600000
-0.8471500000
-0.7898700000
-0.7247000000
-0.6522900000
-0.5733600000
-0.4887000000
-0.3991600000
-0.3056300000
-0.2090400000
-0.1103700000
-0.0105970000
0.0892830000
0.1882700000
0.2853800000
0.3796400000
0.4701000000
0.5558600000
0.6360800000
0.7099300000
0.7767000000
0.8406200000
0.8863500000
0.9281500000
0.9606700000
0.9835900000
0.9966900000
0.2301500000
0.9929700000
0.1386200000
0.9496700000
-0.1610400000
0.8685100000
0.8146900000
0.7527200000
0.6832400000
0.6069300000
-0.5428900000
0.4369400000
0.3449500000
0.2495300000
0.1516000000
0.0521670000
-0.0477920000
-0.1472700000
-0.2452800000
-0.3408400000
-0.4329900000
-0.5208200000
-0.6034400000
-0.6800300000
-0.7498300000
-0.8121400000
-0.8663300000
-0.9118700000
-0.9482900000
-0.9752400000
-0.9924500000
-0.9997400000
-0.9970400000
-0.9843700000
-0.9618800000
-0.9297700000
-0.8883700000
-0.8381000000
-0.7794500000
-0.7130100000
-0.6394500000
-0.5595000000
-0.3017300000
-0.3836800000
-0.2895800000
-0.1925700000
-0.0936450000
0.0062171000
0.1060200000
0.2047600000
0.3014500000
0.3951400000
0.7679600000
-0.8748900000
0.6489600000
0.7216700000
0.7871800000
0.8448100000
-0.2260100000
0.9342700000
-0.5296400000
0.9864900000
0.9979200000
0.9993700000
0.9908400000
0.9724200000
0.9442700000
0.2948300000
0.8600500000
0.8048200000
0.7415500000
-0.8246600000
0.5934800000
-0.0409180000
0.4217500000
0.2843400000
0.9115600000
0.1349600000
0.5697600000
-0.0645790000
-0.1638800000
-0.2615500000
-0.3566000000
-0.0601760000
0.6261100000
-0.6167600000
-0.6922700000
-0.7608500000
-0.8218400000
-0.8746100000
-0.9186400000
-0.9534900000
-0.9788200000
0.9920200000
-0.9999800000
-0.9956000000
-0.9812700000
-0.9571400000
0.8784500000
-0.8805200000
-0.8288000000
0.0354510000
-0.7011200000
-0.1687800000
-0.5454900000
-0.4590900000
-0.3681000000
-0.2734400000
-0.1760500000
-0.0768920000
0.0230300000
0.1227200000
-0.6871900000
0.3961200000
0.4105300000
0.4995100000
0.5835000000
0.6616600000
0.7332100000
0.7974300000
0.8536900000
0.9014200000
0.9401400000
0.9694600000
0.9891000000
0.9988600000
0.9986400000
0.9884300000
0.9683600000
0.9386000000
0.8994700000
0.8513500000
0.7947300000
0.7301600000
-0.3545500000
0.5798600000
-0.9861400000
0.4064500000
0.3132000000
0.2168200000
0.1182800000
0.0185600000
0.0214260000
-0.1804500000
-0.2777400000
-0.3722600000
-0.4630600000
-0.5492300000
-0.6299100000
0.1088700000
-0.7716600000
-0.2759700000
-0.8826400000
-0.9251500000
-0.2582300000
-0.9821300000
-0.9960100000
-0.0087551000
-0.9938900000
0.8523900000
-0.9521400000
-0.9168600000
-0.8724300000
-0.8192800000
-0.7579400000
-0.6890300000
-0.6132400000
-0.5313200000
0.0400840000
-0.3524200000
-0.2572300000
-0.1594700000
-0.0601170000
0.0398360000
0.1393900000
0.2375500000
-0.3105400000
0.4258000000
0.5140000000
0.7475900000
0.7287500000
0.7445400000
0.8074700000
0.8623300000
0.9085700000
0.9457300000
0.9734500000
0.1359500000
0.9995200000
0.9976200000
0.9857500000
0.9640200000
0.9326700000
0.8920000000
0.8424100000
0.7844100000
0.7185700000
0.6455500000
0.5660800000
0.8484800000
0.3910300000
0.2971900000
0.2003800000
0.1015700000
0.0017462000
-0.0980960000
-0.1969600000
-0.2938500000
-0.3878100000
-0.4778900000
-0.5632000000
-0.6428800000
-0.7161400000
-0.7822400000
0.4851000000
-0.8904100000
-0.9314000000
-0.9223800000
-0.9851500000
-0.9973700000
-0.9996200000
-0.9918900000
-0.9742400000
-0.3728100000
-0.9100200000
-0.8640900000
-0.8095200000
-0.7468700000
-0.6767500000
0.1705400000
-0.5170000000
-0.4289600000
-0.3366300000
-0.2409400000
-0.1428500000
-0.0433250000
0.0566310000
0.2504900000
0.2538500000
0.3491500000
0.4409500000
-0.0813430000
0.6104800000
0.6865000000
0.8761900000
0.1598600000
0.8707200000
0.9154600000
0.9510600000
0.9771600000
0.9934900000
0.8101100000
0.9963200000
0.9827800000
0.9594200000
-0.5542700000
0.8842700000
0.8332300000
0.7738700000
0.7067800000
0.6326200000
0.5521400000
0.4661500000
0.4210800000
0.2810900000
0.1838800000
0.0848290000
-0.8757300000
-0.1148100000
-0.2134100000
-0.3098800000
-0.4032500000
-0.4925900000
-0.5770100000
-0.6556700000
-0.4650200000
-0.7926000000
-0.8495200000
-0.8979400000
-0.9373900000
0.3539700000
-0.8265800000
-0.9984500000
-0.9990200000
-0.9896100000
-0.9703100000
-0.9413200000
-0.3632800000
0.4269500000
-0.7995400000
-0.7355800000
-0.6642800000
-0.5863300000
-0.5025300000
-0.4137100000
-0.1767300000
-0.3695800000
-0.1261900000
0.5430200000
0.0734100000
0.1726100000
0.2700800000
0.3648500000
0.4559800000
0.5425600000
0.6237100000
0.6986300000
0.7665700000
0.8268500000
0.8788600000
0.9221000000
0.9561200000
0.9806000000
0.9952700000
1.0000000000
0.9947300000
0.5137200000
0.9545400000
0.9200100000
0.8762900000
0.8238200000
0.7631100000
0.0201770000
0.6195100000
-0.8816900000
0.4512100000
0.3598600000
0.2649200000
-0.5699100000
-0.4005100000
0.5779200000
-0.1315000000
-0.8613700000
-0.3258200000
-0.4185800000
-0.5071600000
-0.5906700000
-0.6682700000
-0.7392000000
0.9335800000
0.6174300000
-0.9052100000
-0.9431200000
-0.7889900000
-0.9903700000
-0.9992400000
-0.9981300000
-0.9870500000
-0.9661100000
-0.9355100000
-0.8955700000
-0.8466800000
-0.7893300000
-0.6105900000
-0.6516100000
-0.5726300000
-0.4879200000
-0.2517500000
-0.3047800000
-0.2081800000
-0.1094900000
-0.0097093000
0.0901680000
0.1891400000
0.2862300000
0.3804600000
0.4708800000
0.5566000000
0.6367600000
0.7105600000
0.7772500000
0.8361900000
0.8867600000
0.9284800000
0.9609200000
0.9837500000
0.9967600000
0.7715900000
0.9928700000
0.9760100000
0.9493900000
0.9133000000
0.1927200000
-0.9096100000
0.7521400000
0.6825900000
0.6062200000
0.1895900000
0.4615000000
0.3441200000
0.2486700000
0.1507300000
0.4409600000
-0.0486790000
-0.1481500000
-0.8639200000
-0.3416700000
-0.4337900000
-0.5215800000
-0.6041500000
-0.6806900000
-0.7504200000
0.1098300000
-0.8667700000
-0.9122300000
-0.9485700000
-0.9754400000
-0.9925600000
-0.9997600000
-0.9969700000
-0.1179300000
-0.9616300000
-0.9294400000
-0.8879600000
-0.0761860000
-0.7788900000
-0.7123900000
-0.4623400000
-0.5587600000
-0.4731800000
-0.3828600000
-0.2887200000
-0.1917000000
-0.5966500000
0.0988240000
0.1069000000
0.2056300000
0.9430200000
0.3959500000
-0.6313800000
0.3840700000
0.6496400000
0.7222900000
-0.9592300000
0.1525000000
0.8944100000
0.9345900000
-0.9317900000
0.9866300000
-0.5795900000
0.9993400000
0.7660200000
0.9722100000
0.9439800000
0.9063200000
0.8596000000
0.5053400000
0.7409500000
0.6702100000
0.5927600000
0.5094000000
0.4209500000
0.3282900000
0.2323400000
0.1340800000
0.0344810000
-0.0654660000
-0.1647600000
-0.2624000000
-0.3574300000
-0.4488800000
-0.7824200000
-0.6174600000
-0.1313900000
-0.7614300000
-0.8223400000
-0.8750400000
-0.2668200000
-0.9537600000
-0.9790000000
-0.9944600000
-0.9999900000
-0.4420200000
-0.9811000000
-0.9568800000
-0.9231100000
-0.8801000000
-0.8283100000
-0.7682400000
0.9596900000
-0.6257400000
-0.5447400000
-0.4770100000
-0.3672800000
-0.2725900000
-0.1751700000
-0.0760070000
0.0239180000
0.1236000000
0.2220500000
0.3182900000
0.9344500000
0.5002800000
-0.6576100000
0.6623300000
-0.4913400000
0.0452710000
0.8541500000
0.9018000000
0.9404400000
0.9696800000
0.9892300000
0.9989000000
0.8735500000
0.9883000000
0.9681300000
0.9383000000
-0.1785100000
-0.1703200000
-0.6282500000
0.7295600000
0.6576300000
0.9266000000
0.4948600000
0.4056300000
-0.5985500000
0.2159600000
0.1174000000
0.0176720000
-0.0822340000
-0.1813200000
-0.2785900000
-0.3730800000
0.1287900000
0.6537800000
-0.6306000000
-0.7049300000
-0.7722200000
-0.8317900000
-0.8830500000
-0.9254900000
-0.9586800000
-0.9822900000
-0.9960900000
0.1207200000
-0.9937900000
0.9563700000
-0.9518700000
-0.2405500000
-0.8720000000
-0.8187700000
-0.7573600000
-0.6883900000
-0.6125400000
-0.5305600000
-0.4432900000
-0.3515900000
-0.2563700000
-0.1585900000
-0.0592310000
0.0407230000
0.1402700000
0.2384200000
0.3341800000
0.4266000000
0.5147700000
0.5977800000
0.6748300000
-0.8552400000
0.8079900000
0.8627800000
0.9089400000
0.9460200000
0.9736500000
0.9915500000
0.9995500000
0.9975600000
0.9856000000
0.9637900000
0.9323500000
0.8916000000
0.8419300000
0.7838600000
0.7179500000
-0.0490990000
0.5653500000
0.4801800000
0.3902100000
0.2963400000
0.7920900000
0.1006900000
0.7262600000
-0.0989800000
-0.1978300000
-0.2947000000
-0.3886300000
0.2783900000
-0.5639300000
-0.6435600000
-0.7167600000
-0.7827900000
-0.8410100000
-0.8908200000
0.9792200000
-0.3026500000
-0.9853000000
-0.5807400000
-0.9996000000
-0.4711800000
-0.9740400000
-0.9465800000
-0.9096500000
-0.8636400000
-0.8090000000
-0.7462800000
0.8851600000
-0.5991600000
0.8468400000
0.7616400000
0.9291600000
-0.2400800000
-0.1419700000
-0.0424380000
0.0575180000
0.1569000000
0.2547100000
0.3499800000
0.4417500000
0.5291100000
0.6111800000
0.6871400000
0.7562400000
0.8177800000
0.3159000000
0.9158200000
0.9513400000
0.9773500000
0.9935900000
0.9999100000
0.9962400000
0.9826100000
0.9591700000
0.9261400000
-0.6128800000
0.8327400000
0.7733100000
0.7061500000
0.6319300000
0.5514000000
0.4653600000
0.3746700000
0.2802400000
0.1830100000
-0.5933400000
-0.0159560000
-0.1157000000
-0.2725000000
0.0735510000
-0.4040700000
-0.4933700000
0.1691900000
-0.6563400000
-0.3584400000
-0.7931500000
-0.8499800000
-0.8983300000
-0.9377000000
-0.9677000000
-0.9880400000
-0.9985000000
-0.9989800000
-0.9894800000
-0.9701000000
-0.9410200000
-0.9025400000
-0.2852600000
-0.7990000000
-0.7349800000
-0.6636100000
-0.5856100000
-0.3570400000
-0.4129000000
-0.7623400000
-0.2237300000
-0.1253100000
-0.0256330000
0.0742960000
0.1734800000
0.2709300000
0.3656800000
-0.6440700000
0.5433000000
0.6244000000
0.6992600000
0.7671400000
0.8273400000
0.8792900000
0.9224400000
0.9563800000
0.9807700000
0.9953500000
0.9999900000
0.9946400000
0.9793500000
0.9542800000
0.9196700000
0.8758700000
0.8233200000
-0.9171600000
0.6941400000
0.6188100000
0.5373000000
0.4504100000
0.3590300000
0.2640600000
-0.7248600000
0.0671780000
-0.0327660000
-0.1323800000
-0.2306800000
-0.3266600000
-0.7739300000
-0.5079200000
0.5676500000
-0.6689300000
-0.7398000000
-0.8032700000
0.4304800000
-0.9055900000
-0.9434100000
-0.9718100000
-0.9970600000
-0.9992800000
-0.9980800000
-0.9869100000
-0.9658800000
-0.9352000000
-0.8951700000
-0.8462000000
0.3492700000
0.1015900000
-0.6509400000
-0.5719000000
-0.4871500000
-0.3975300000
-0.5736400000
-0.2073100000
-0.1086100000
-0.0088212000
0.9106400000
0.1900200000
-0.7912900000
0.3812800000
0.4716700000
0.5573400000
0.6374500000
0.7769000000
0.7778100000
0.8366700000
-0.6079200000
0.9288100000
0.6185900000
0.9839100000
0.9968300000
0.9997900000
0.9927600000
0.6385600000
0.2716700000
0.9129300000
0.8676300000
0.8136600000
-0.0483630000
0.6819400000
0.6055200000
0.5230400000
0.4353400000
0.3432900000
0.2478100000
0.1498500000
0.0503930000
-0.8329300000
-0.1490300000
-0.2470000000
-0.3425100000
-0.4345900000
-0.5223300000
-0.6048600000
-0.6813400000
-0.7510100000
0.9615000000
-0.8672200000
-0.9125900000
-0.9488500000
-0.9756300000
-0.1422000000
-0.9997800000
-0.9969000000
-0.9840600000
-0.0186870000
-0.0745230000
-0.5049100000
-0.8371300000
-0.7783300000
-0.7117600000
-0.6380800000
-0.5580300000
-0.4724000000
0.0055326000
-0.2878700000
0.9868200000
-0.0918770000
0.0079933000
0.1077800000
0.2065000000
-0.4692200000
0.3967700000
0.4864300000
0.5712200000
0.6503100000
0.7229000000
0.7882700000
-0.1782200000
0.8948000000
0.9349100000
0.9656700000
0.9867800000
0.9980300000
0.9993100000
0.9906000000
0.9720000000
0.9436900000
0.9059400000
0.5790600000
0.2892500000
0.7403600000
-0.5172600000
0.5920500000
0.5086400000
0.4201400000
0.3274500000
0.2314800000
0.1332000000
0.0335930000
-0.0663520000
0.4821000000
-0.2632600000
-0.3582600000
0.7302100000
-0.5366000000
-0.6181600000
-0.6935500000
-0.7620000000
-0.8228500000
-0.8754700000
-0.9193400000
-0.9540300000
-0.9791800000
-0.9945600000
0.7222500000
-0.9954300000
-0.9809300000
-0.9566300000
-0.9227600000
-0.8796800000
-0.8278100000
-0.7676700000
-0.6998500000
-0.6250500000
0.8638000000
-0.4575100000
-0.0633840000
-0.2717300000
0.7075600000
-0.0794970000
-0.1143900000
0.1244800000
0.2229200000
0.3191300000
0.4121500000
0.5010500000
0.5849400000
0.6629900000
-0.4990100000
0.7985100000
0.8546100000
0.9021800000
-0.9392400000
0.1562400000
0.9893600000
0.9989400000
0.9985400000
0.9881600000
0.9679100000
0.9379900000
0.8986900000
-0.1483300000
0.7936500000
0.7289500000
0.6569600000
0.5784200000
0.4940900000
0.4048200000
0.3115100000
-0.9185200000
0.1165200000
0.0167840000
-0.0831190000
-0.1821900000
0.3960900000
-0.3739000000
-0.4646300000
-0.8730700000
-0.6312900000
-0.7055600000
-0.7727800000
-0.8322800000
0.3723200000
-0.3423800000
-0.9589300000
-0.9824600000
-0.9961700000
-0.9999200000
-0.9936900000
-0.3796700000
-0.9515900000
-0.9161500000
0.8290200000
-0.7422400000
-0.7567800000
-0.8086700000
0.7071600000
-0.5298100000
-0.4424900000
-0.7054000000
-0.2555100000
-0.1577200000
-0.0583440000
0.0416110000
0.1411500000
0.2392800000
0.3350200000
0.4274100000
0.5155300000
0.4157200000
0.6754900000
0.7457300000
0.8085100000
0.8632200000
0.9093100000
0.9679500000
0.9738500000
0.9916700000
0.9995700000
0.3552700000
0.9854400000
0.9635500000
0.9320300000
0.8911900000
0.8414500000
-0.9801600000
0.3770200000
0.5448600000
0.5646200000
0.4794000000
0.3893900000
0.2954900000
0.1986400000
0.0998030000
-0.0000301440
-0.0998630000
-0.1987000000
-0.2955500000
-0.3894500000
-0.4794500000
-0.5646700000
-0.6442400000
-0.6195800000
0.6382000000
0.1503100000
-0.8912200000
-0.9320500000
0.1967900000
-0.5132600000
-0.9975000000
-0.9995700000
-0.9916600000
-0.9738400000
-0.9462900000
-0.9092800000
-0.4045900000
0.0941230000
-0.7456900000
-0.6754400000
-0.5984500000
-0.5154800000
-0.4273500000
-0.0704370000
-0.2392200000
-0.1410900000
0.1670800000
0.0584040000
0.1577800000
0.1722500000
0.3508100000
0.4425500000
0.5298600000
0.6118800000
-0.9611100000
0.6770300000
0.8182900000
0.9148800000
0.9161800000
0.9516100000
0.3840300000
0.3574600000
-0.1487100000
0.6787400000
0.9824500000
0.9589200000
0.9258000000
0.8834400000
0.8322500000
0.7727500000
0.7055200000
0.6312400000
0.5506600000
0.4645800000
0.3738500000
0.2793900000
0.1821300000
0.0830590000
-0.0168440000
-0.1165800000
-0.2151500000
-0.3115700000
-0.4048800000
-0.4941400000
-0.5784600000
-0.6570100000
-0.4053100000
-0.7936900000
-0.8504500000
-0.8987200000
-0.9380100000
-0.9679300000
-0.9881700000
-0.9985400000
-0.9989400000
-0.9893500000
-0.9698800000
-0.0759440000
-0.3833000000
-0.8545800000
-0.7984700000
-0.7343800000
-0.6629500000
-0.5848900000
-0.1537700000
-0.4520900000
-0.3190700000
-0.2228600000
-0.1244200000
-0.0247450000
0.0751810000
-0.2774200000
0.2717900000
-0.6093800000
0.4575600000
0.5440500000
0.6250900000
0.6999000000
0.7677100000
0.8278400000
0.8797100000
0.9227900000
0.9566400000
0.9809400000
0.9954400000
0.1603100000
0.3183800000
-0.9879900000
0.9205600000
0.9193200000
0.8754400000
-0.1197700000
0.7619600000
0.9807900000
0.6181100000
0.5365500000
0.1631300000
0.3582000000
0.2632000000
0.1655700000
0.0662920000
-0.0336530000
-0.2917500000
-0.2315400000
-0.3275000000
-0.4201900000
-0.5086900000
-0.5921000000
-0.6695900000
0.5760400000
-0.8038000000
-0.8591800000
-0.9059700000
-0.9437100000
-0.9720100000
-0.4903300000
-0.9993100000
-0.9980200000
-0.9867700000
-0.9388600000
-0.9348800000
-0.8947800000
0.6494800000
-0.7882300000
-0.7228600000
-0.2439400000
-0.5711700000
-0.4863700000
0.1043000000
-0.3030900000
-0.2064400000
0.9818400000
-0.0079330000
0.0919370000
0.1908900000
0.2879300000
0.3821000000
0.4724500000
-0.1413400000
0.4887700000
0.7118100000
0.7783700000
0.8371600000
0.7880000000
0.9291400000
0.9614100000
-0.1209500000
0.9969000000
0.9997700000
0.9926600000
0.9756200000
0.9488300000
0.9125700000
0.8671900000
0.8131400000
0.7509700000
0.6812900000
0.6048100000
0.5222800000
0.4345400000
0.3424500000
0.2469400000
-0.7563300000
0.0495060000
-0.0504530000
0.4351900000
-0.2478600000
-0.3433400000
-0.4353900000
-0.5230900000
-0.6055600000
-0.6819900000
0.2919500000
-0.8136900000
-0.8676600000
-0.9129600000
-0.9491300000
-0.9758300000
0.7332500000
-0.9997900000
-0.9968300000
-0.9839000000
-0.3344100000
-0.4179200000
-0.8871400000
-0.8366400000
-0.7777800000
-0.7111400000
-0.6374000000
-0.5572900000
0.0550050000
-0.3812200000
-0.2870200000
-0.1899600000
-0.0909920000
0.0088815000
0.1086700000
0.2073700000
0.3039900000
0.3975800000
0.4872000000
0.5719500000
0.6509900000
0.7235200000
0.7888200000
0.8462400000
0.8952000000
0.9352200000
0.9659000000
0.4770700000
0.9980800000
0.9992700000
0.1601300000
0.9717900000
0.9433900000
0.9055700000
0.8586900000
0.8032400000
0.7397600000
-0.7304100000
0.5913300000
0.5078700000
0.4193300000
-0.0595080000
-0.1551200000
0.1323200000
0.0327050000
-0.0672380000
0.8867400000
-0.2641200000
-0.3590900000
-0.6276100000
-0.5373500000
-0.6188600000
-0.2637400000
-0.7625800000
-0.7101700000
-0.8759000000
-0.9196900000
-0.9542900000
0.1101300000
-0.9946500000
-0.9999900000
-0.9953500000
-0.9807600000
-0.9563700000
-0.9224200000
0.8775900000
-0.8273100000
-0.7671000000
-0.2952400000
-0.6243500000
-0.5432500000
-0.4567200000
-0.3656200000
-0.2708800000
-0.1734200000
-0.0742350000
0.0256930000
0.1253700000
0.2237900000
0.3199700000
0.4129600000
-0.1188200000
0.5856600000
0.6636600000
0.7350200000
0.7990400000
0.8550800000
0.9025700000
0.9410400000
-0.9693400000
0.2298600000
0.9989800000
0.9984900000
-0.7221000000
0.9676900000
0.9376800000
0.8983000000
-0.3351200000
0.7931100000
0.7283400000
0.6562900000
0.5776900000
0.4933100000
0.4040100000
-0.3403400000
0.2142200000
0.1156400000
0.0158960000
-0.0840040000
-0.1830700000
-0.2803000000
-0.3747300000
-0.4654200000
-0.5514500000
-0.6319800000
-0.7061900000
-0.7733500000
-0.8327800000
-0.8838800000
-0.9261600000
-0.9591800000
-0.1391700000
-0.9962400000
-0.9999100000
-0.9935900000
-0.9773400000
-0.9801800000
-0.9158000000
-0.8711300000
-0.8177500000
-0.7562000000
-0.6871000000
-0.6111300000
-0.5290600000
-0.4417000000
-0.3499200000
-0.2546500000
-0.1568400000
-0.0574570000
0.0424980000
0.1420300000
0.2401400000
0.1432600000
0.4282100000
0.5162900000
0.5992100000
0.6761400000
0.7463200000
0.8090400000
0.8636700000
0.9096800000
0.9466000000
0.9740600000
0.9917800000
-0.2258000000
0.9974300000
0.9852900000
0.9633100000
0.9317100000
0.8907900000
0.9606500000
0.7827600000
0.7167200000
-0.3239400000
-0.5415400000
0.3238100000
0.3885700000
0.2946400000
0.3581400000
0.0989200000
-0.0009183000
-0.1007500000
-0.1995700000
-0.2964000000
-0.3902600000
-0.4802300000
-0.5654000000
-0.6449200000
-0.7359500000
-0.7839000000
-0.8419700000
-0.8916200000
0.8690700000
0.5221500000
-0.2729700000
-0.9975600000
0.2440500000
-0.9915500000
-0.2340600000
-0.9460000000
0.0772370000
0.1227600000
-0.8079600000
-0.7450900000
-0.6747900000
-0.5977400000
-0.7013500000
-0.4265500000
-0.3341200000
-0.2383600000
0.4676600000
-0.0781330000
0.0592910000
0.1586500000
0.2564300000
0.8200800000
-0.8492600000
0.5306100000
0.4529700000
0.6884300000
0.7574000000
0.8188000000
0.8720300000
0.9165300000
0.9518800000
0.9777200000
-0.9106700000
0.9999300000
0.9960800000
0.9822800000
0.9586600000
0.9254700000
0.8830200000
0.8317600000
0.7721800000
0.7048900000
0.6305500000
0.5499200000
0.2918600000
0.3730200000
0.2785300000
0.1812600000
-0.7293100000
-0.0177320000
-0.1174600000
-0.2160200000
-0.3124100000
-0.4056900000
-0.4949100000
-0.5791900000
-0.6576800000
-0.7296000000
-0.7942300000
-0.8509200000
-0.8991100000
-0.9383200000
-0.9681500000
-0.9883100000
-0.9985900000
-0.9989000000
-0.9892200000
-0.9696700000
0.4098900000
-0.9181100000
-0.8541200000
-0.7979300000
-0.7337700000
-0.6622800000
-0.5841700000
-0.5002300000
-0.4112800000
-0.3182300000
-0.2219900000
-0.1235400000
-0.0238570000
0.0760670000
0.1752300000
0.2726400000
0.3673300000
-0.6470500000
0.5447900000
0.6257900000
0.7005300000
0.7682700000
0.8283400000
0.8801300000
0.9231300000
0.9569000000
0.9811100000
0.9955200000
0.9999900000
0.9944600000
0.9789900000
0.9537400000
-0.9331900000
0.8750100000
0.8223100000
0.7613900000
0.6928600000
0.6174200000
0.5358000000
0.4488300000
-0.0567760000
0.2623500000
0.1647000000
0.0654060000
-0.0345410000
-0.1341400000
-0.2401100000
0.4176600000
-0.4210000000
-0.5094500000
-0.5928100000
-0.6702500000
-0.7409900000
-0.8043300000
-0.8596300000
-0.9063400000
-0.9440000000
-0.9722200000
-0.9907300000
-0.9993400000
-0.9979700000
-0.9866200000
-0.9654200000
-0.9345700000
-0.8943800000
-0.8452600000
-0.7876900000
-0.7222500000
-0.6495900000
-0.5704400000
-0.4856000000
-0.3502600000
-0.3022400000
-0.2055700000
-0.1068400000
-0.0070449000
0.0928210000
-0.7828900000
0.0381560000
0.3829200000
-0.7176900000
0.5588100000
0.6388100000
-0.1901900000
0.7789300000
0.8376400000
0.8879900000
-0.5876000000
0.9616500000
0.9842300000
0.9969700000
0.9997500000
0.1810800000
-0.5485700000
0.9485500000
0.9122100000
0.8667400000
0.8126200000
0.7503800000
0.1688800000
0.6041000000
0.5215300000
0.4244100000
0.3416200000
0.2460800000
0.1480900000
0.0486180000
-0.0513400000
-0.1507900000
-0.2487200000
-0.9532900000
-0.4361900000
-0.5238500000
-0.6062700000
-0.6826300000
0.0679210000
-0.4440800000
0.3222600000
-0.9133200000
-0.9494100000
-0.9760200000
-0.9928800000
-0.9998100000
-0.9967600000
-0.9837400000
-0.9609000000
-0.9284500000
0.2617200000
0.7694300000
-0.7772200000
-0.1405700000
-0.6367100000
-0.5565500000
-0.4708300000
-0.3804000000
-0.2861700000
-0.1890900000
-0.0901080000
-0.5680400000
0.1095500000
0.9297300000
0.3048400000
-0.0839430000
-0.8373500000
0.6302900000
0.6516600000
0.7241300000
0.7893600000
0.8467100000
0.8956000000
0.9355300000
-0.7573800000
0.7431800000
0.7034300000
0.9992400000
0.9903600000
0.5436800000
-0.3112300000
0.9051900000
0.8582400000
0.8027100000
-0.8551900000
0.8009200000
0.5906200000
-0.8887400000
-0.9796900000
0.2692200000
0.2297500000
0.1314400000
0.0318180000
-0.0681240000
0.8288700000
-0.2649700000
-0.3599200000
-0.4512600000
-0.5381000000
-0.6195600000
-0.6948300000
-0.7631500000
-0.8238500000
-0.8763200000
0.8545800000
-0.9545600000
0.9350300000
-0.9947400000
-1.0000000000
-0.9952600000
-0.9805800000
-0.9561100000
-0.9220800000
-0.8788400000
-0.9742800000
-0.7322000000
-0.6985800000
-0.1577400000
-0.5425000000
0.9222800000
0.7413300000
-0.2700200000
-0.5378600000
-0.0733500000
0.2640500000
0.1262500000
-0.1251600000
0.3208100000
0.4137600000
0.5025800000
0.5863800000
0.4655000000
0.7356200000
0.7995700000
0.8555400000
0.9029500000
0.9413400000
0.9703300000
-0.3918400000
0.9990200000
0.2692000000
0.9878900000
0.9674600000
0.4153900000
0.8979100000
0.8494800000
0.7925700000
0.7277300000
0.6556200000
0.5769700000
0.4925400000
0.4032000000
0.3098200000
-0.5498400000
0.1147500000
0.7946500000
-0.0848890000
-0.1839400000
-0.2811500000
-0.3755500000
-0.4662000000
-0.5521900000
-0.3780500000
-0.7068200000
-0.7739100000
-0.8332700000
0.1091100000
-0.9265000000
-0.9594400000
-0.9827900000
-0.9963200000
-0.9999000000
-0.9934900000
-0.9771500000
-0.9510500000
-0.9154400000
-0.8706900000
-0.2094700000
-0.7556200000
-0.6864500000
-0.5388800000
-0.5283000000
-0.4409000000
-0.3490900000
-0.2537900000
-0.1559600000
-0.0565710000
0.0433850000
0.1429100000
0.2410000000
0.3366900000
0.4290100000
0.5170500000
0.5999200000
0.6767900000
0.7469100000
0.9606000000
0.8641200000
0.9100500000
0.8744300000
0.5689700000
0.9919000000
0.9996200000
0.9973700000
0.6930800000
0.6597300000
0.9313800000
0.8903900000
0.0469900000
-0.2445500000
-0.0697130000
0.6428300000
0.3295400000
0.4778400000
0.3877500000
0.2937900000
0.1969000000
0.6303900000
-0.0018065000
-0.1016300000
0.9113800000
-0.2972500000
-0.3910800000
-0.4810100000
-0.5065500000
-0.6456000000
-0.7186100000
-0.7844500000
-0.8424500000
-0.8920300000
-0.9326900000
-0.9640400000
0.3814400000
-0.9976200000
-0.9995200000
0.8421100000
-0.9734400000
-0.9457100000
-0.9085400000
-0.8623000000
-0.8074300000
-0.7445000000
-0.6741300000
-0.5970200000
-0.5139500000
-0.6153400000
-0.3332900000
-0.2374900000
-0.1393300000
0.0604360000
0.0601770000
0.1595300000
0.2572900000
0.3524700000
0.4441400000
0.5313700000
0.6132900000
0.6890800000
0.7579800000
0.8193100000
0.8724600000
0.9168900000
0.9521600000
0.9779100000
-0.2519200000
0.9999400000
0.9960000000
0.9821100000
0.9584100000
0.9251300000
0.8826100000
0.8312600000
0.0039245000
0.7042600000
-0.0414500000
0.5491800000
0.4630000000
0.3722000000
-0.6421200000
0.1803900000
0.0812890000
-0.0186200000
-0.1183400000
-0.2168800000
-0.3132600000
-0.4065000000
-0.4956800000
-0.5799100000
-0.6583500000
-0.7302000000
-0.7947700000
-0.8513900000
-0.8995000000
-0.9386200000
-0.0911610000
-0.9884400000
-0.9986400000
-0.1477300000
-0.9890900000
-0.9719400000
-0.9401200000
0.5602700000
0.4645400000
-0.7974000000
-0.7331700000
-0.6616200000
-0.5834500000
-0.4994600000
-0.4231100000
0.7362500000
-0.2211300000
-0.1226600000
-0.0229690000
0.1639900000
0.1761100000
0.2735000000
0.3681600000
0.4591400000
0.1140300000
0.6264800000
0.7011600000
0.7688400000
0.8288400000
0.8805500000
0.4996200000
0.9571600000
0.9812900000
0.9956100000
0.9999800000
0.9943600000
0.9788100000
0.9534800000
-0.9307100000
-0.4832300000
0.3859000000
0.7608100000
0.6922200000
0.6167200000
0.5350500000
0.4480300000
0.3565400000
0.2614900000
0.1638200000
0.0645190000
-0.0354280000
-0.1350200000
-0.2332700000
-0.3291800000
-0.4218100000
-0.5102200000
-0.2005200000
-0.6709100000
-0.7415900000
-0.8048600000
-0.1878800000
-0.9067200000
0.2579700000
-0.9724300000
-0.2674200000
-0.9993700000
-0.4690700000
-0.9864800000
0.3239800000
-0.9342500000
-0.9485400000
-0.1107700000
-0.7871400000
-0.7216300000
-0.6489100000
0.3510200000
-0.4848200000
-0.3950800000
-0.3733500000
-0.2047000000
-0.1059600000
-0.9524900000
0.0937060000
0.1926300000
0.2896300000
0.3837400000
-0.4553200000
-0.5821100000
0.6395000000
0.7130500000
0.7794800000
0.8381300000
0.8884000000
0.9297900000
0.5077100000
-0.8879100000
0.9970400000
0.9997300000
0.9924400000
0.9037100000
0.5715900000
0.9118400000
0.8663000000
0.8121000000
0.7556500000
0.6799900000
0.6033900000
0.5207700000
0.4329400000
0.3407800000
0.2452200000
0.1472100000
0.0477310000
0.2485000000
0.5894200000
-0.2495800000
-0.3450100000
0.4192900000
0.9356600000
-0.6069800000
-0.3860000000
-0.7527600000
-0.8147200000
-0.8685400000
-0.9136800000
-0.9496900000
-0.9762100000
0.4783000000
0.7714500000
-0.9966800000
-0.9835800000
-0.9606500000
-0.9281200000
-0.8863200000
-0.2315400000
0.4712900000
0.9074100000
0.8312400000
-0.5558100000
-0.4700500000
-0.3795800000
-0.2853200000
-0.1882100000
-0.0892230000
0.0106580000
0.1104300000
0.2091000000
0.3056900000
0.3992100000
0.4887500000
0.5925600000
-0.7856400000
0.7247400000
0.7899100000
0.8471800000
-0.2423100000
0.9358500000
0.9663500000
0.9872100000
0.9981900000
0.9992100000
-0.5371700000
0.9713700000
0.9428000000
-0.2136700000
0.8577800000
0.8021800000
0.7385600000
0.6675700000
0.5899000000
0.5063400000
0.4177200000
0.3249300000
0.2288900000
0.1305600000
0.0309300000
0.8049800000
-0.1682600000
-0.2658300000
-0.3607400000
-0.4520500000
-0.5388400000
-0.6202500000
-0.6954600000
-0.7637300000
-0.6661700000
-0.8767500000
-0.9203900000
-0.9548200000
-0.9797200000
-0.9948300000
-1.0000000000
-0.9951800000
-0.9804100000
-0.9558500000
-0.9217300000
-0.8784100000
-0.8263100000
-0.7659600000
-0.6979500000
-0.2389200000
-0.5417600000
-0.4551400000
-0.3639700000
0.4412700000
-0.1716700000
0.4499500000
0.3218400000
0.1271300000
0.2255200000
0.3216500000
0.4145700000
-0.7723200000
0.5871000000
-0.3961100000
0.7362200000
0.8001100000
0.8560000000
0.9033300000
0.9416400000
0.9705400000
0.9897500000
0.9990600000
0.5088400000
0.9877500000
0.1220900000
0.9370600000
0.8975200000
-0.0181040000
0.7920300000
0.7271200000
0.6549500000
0.5762400000
0.4917700000
0.4023800000
0.3089800000
-0.2801700000
0.1138700000
0.0141200000
-0.0857740000
-0.1848100000
-0.2820000000
-0.3763700000
-0.4669900000
-0.5529300000
-0.6333500000
-0.7074500000
-0.7744700000
-0.8337600000
-0.8847100000
-0.9268300000
-0.9596900000
-0.9829500000
-0.7507100000
-0.9998900000
-0.9933900000
-0.9769600000
-0.9507700000
-0.9150800000
-0.8702500000
-0.8167300000
-0.7550400000
-0.6858100000
-0.6097200000
-0.5275500000
-0.4401000000
-0.3482600000
0.8196300000
-0.1550800000
-0.0556840000
0.0442730000
0.1437900000
0.2418600000
0.3375300000
-0.5536800000
0.5178100000
0.6006300000
0.6774500000
0.7475000000
0.8100800000
0.8645700000
0.9104200000
0.9471700000
0.9744600000
0.9920100000
0.9996500000
0.9973000000
0.9849900000
0.9628300000
0.9310600000
0.8899800000
0.8400100000
0.7816500000
0.7154800000
0.6421500000
0.5624200000
0.4770600000
0.3869400000
0.2929400000
0.1960300000
0.2866400000
-0.0026946000
-0.1025100000
-0.2013100000
-0.2980900000
-0.3907400000
-0.4817900000
-0.5668600000
-0.6462800000
-0.7192300000
-0.7850000000
-0.8429200000
0.8462900000
-0.9330100000
-0.9642800000
-0.9859000000
-0.9976800000
-0.3876300000
-0.9913100000
-0.9543900000
-0.4851100000
-0.9081700000
-0.8618500000
0.7061000000
-0.7439100000
-0.5424300000
-0.5963100000
-0.5131900000
-0.4249400000
-0.5680100000
-0.2366300000
-0.1384500000
-0.0388880000
0.0610640000
0.1604100000
-0.5882300000
0.3533100000
0.4449400000
0.5321200000
0.6139900000
-0.4085000000
0.4056500000
0.8198200000
0.8728900000
0.9172400000
0.9524300000
0.9780900000
0.9939900000
0.9999500000
0.9959300000
0.9819500000
0.9581600000
-0.1907900000
0.8821900000
0.8307700000
-0.5576900000
0.7036300000
0.6291700000
0.5484300000
0.4622100000
0.3713800000
0.2768300000
0.1795100000
0.0804040000
-0.0195080000
-0.1192300000
-0.2177500000
-0.3141000000
-0.4073100000
-0.4964500000
-0.5806400000
-0.6590200000
-0.7308100000
0.8773900000
-0.8518500000
-0.8998900000
-0.9389300000
-0.9685900000
-0.9885800000
0.2754300000
-0.9988100000
-0.9889600000
-0.9692300000
-0.9398100000
-0.9010100000
-0.8532000000
-0.7968600000
-0.7325700000
-0.6609500000
-0.5827300000
-0.8206800000
-0.4096600000
-0.3165400000
-0.2202600000
-0.1217800000
-0.0220820000
0.9130000000
0.1769800000
0.2743500000
0.3689800000
0.4599300000
0.5462800000
0.6271700000
0.7018000000
0.7694100000
0.8293400000
0.8809700000
0.9238100000
0.9574200000
0.7496600000
-0.5391200000
-0.9955500000
-0.1621000000
0.9786300000
0.9532100000
0.9182600000
-0.3653500000
-0.3621000000
0.1488900000
0.3678900000
-0.8276000000
0.5343000000
0.4472400000
0.3557100000
0.2606300000
0.6045600000
0.0636330000
-0.0363160000
-0.1359000000
0.7893600000
-0.3300200000
-0.4226100000
0.7184200000
-0.5942400000
-0.6715700000
-0.7421800000
-0.8053800000
-0.8605400000
0.4462300000
-0.9445800000
-0.9726400000
-0.2884700000
-0.9994100000
-0.9978500000
-0.2913700000
-0.9649500000
-0.9339400000
-0.8935800000
0.9859600000
-0.7865900000
-0.7210200000
-0.6482400000
-0.9372300000
-0.4840400000
-0.3942700000
-0.3005500000
-0.0902930000
-0.1050700000
-0.0052686000
0.0945900000
0.1935000000
0.2904800000
0.3845600000
0.4748000000
0.5602900000
0.6401800000
0.7136800000
0.7800400000
0.4459200000
0.8888100000
0.9301200000
0.9621400000
0.9845400000
0.9971100000
0.6477800000
0.9923300000
0.9750300000
-0.8187500000
0.9114800000
0.8658600000
-0.7247600000
0.9236100000
0.6793400000
-0.8861100000
-0.7751400000
0.4321400000
0.3399500000
0.2443600000
0.1463300000
0.0468440000
0.2165500000
-0.1525400000
-0.2504400000
-0.3458400000
-0.4377900000
-0.5253600000
-0.6076800000
-0.4369400000
-0.7533500000
-0.8152400000
0.3491000000
-0.9140400000
-0.9499700000
-0.9764100000
-0.9930900000
-0.9998400000
-0.5963800000
-0.9834200000
-0.9604100000
-0.9277900000
-0.8859100000
-0.8351800000
-0.7761000000
0.6677300000
-0.6353400000
-0.5550800000
-0.4692600000
0.5991400000
-0.2844700000
-0.1873400000
-0.0883390000
0.0115460000
-0.3339700000
0.2099700000
0.3065300000
0.4000300000
0.4895300000
0.9926800000
0.0296910000
0.7253500000
0.7904500000
0.8476500000
0.8963900000
-0.9778700000
0.9624400000
0.9873500000
0.9982500000
-0.2197200000
-0.8609900000
-0.7371000000
-0.4056100000
0.9044300000
0.8573200000
0.8359600000
0.0067950000
0.6669000000
0.5891800000
0.5055700000
0.2029500000
0.3240900000
0.2280200000
0.1296800000
0.0300420000
-0.0698960000
-0.1691400000
-0.2666900000
-0.9931600000
-0.4528400000
-0.5395900000
-0.6209500000
-0.6961000000
-0.7643000000
-0.8248600000
0.0206580000
-0.9207300000
-0.9550900000
-0.9799000000
-0.9949200000
-1.0000000000
-0.9950900000
-0.9802300000
-0.9555900000
-0.9213900000
-0.8779900000
-0.7935100000
-0.5796700000
-0.6973100000
-0.5690800000
-0.5259400000
-0.4543500000
-0.3631400000
-0.2683100000
-0.1708000000
-0.0715780000
0.0283570000
0.5056700000
0.2263800000
0.3224900000
0.4153800000
0.7426100000
0.5878200000
0.6656500000
0.9701500000
0.8006400000
0.8564500000
0.9037100000
0.9419400000
0.9707600000
0.9898700000
-0.6896200000
0.9983400000
0.9876100000
-0.3813900000
0.9367500000
0.8971300000
-0.0090581000
0.7914800000
0.7265100000
0.6542800000
0.5755100000
0.4910000000
-0.2394200000
0.3081300000
0.0812690000
0.1129900000
-0.1107400000
-0.0866590000
-0.1856800000
-0.2828500000
0.8063600000
-0.4677700000
