0.5115000000
0.5206300000
-0.9748600000
-1.0190000000
0.4727900000
0.4930700000
1.2522000000
0.1446000000
-0.3120000000
-1.2973000000
0.2601500000
-0.0254840000
1.2906000000
-0.2930400000
-0.3527300000
-1.1873000000
0.7118200000
-0.4924100000
0.8367700000
-1.1239000000
-0.4480100000
-0.3332800000
1.2732000000
0.0236860000
0.3634300000
-1.2646000000
-0.4832700000
0.2476900000
1.1449000000
0.7668400000
0.6302400000
-0.6615700000
-1.1838000000
0.1529200000
0.4805400000
1.2573000000
0.4512600000
0.0868070000
-1.2181000000
-0.5569900000
0.5916700000
0.8885400000
1.0827000000
0.3703700000
-0.4875300000
-1.2633000000
0.2455200000
0.1773700000
1.3068000000
-0.0137270000
-0.1953100000
-1.3042000000
0.2684400000
-0.1547800000
1.2626000000
-0.4638600000
-0.4309000000
-1.0627000000
0.9217900000
-0.5487200000
0.5569300000
-1.2274000000
-0.1348500000
-0.3914100000
1.2802000000
-0.3662300000
-0.0774180000
-1.2518000000
0.4631400000
-0.5023500000
1.0192000000
-0.9751100000
-0.4914500000
-0.5399400000
1.2405000000
-0.1783400000
0.3187200000
-1.2973000000
-0.2351500000
-0.0136680000
1.3005000000
0.2173700000
0.2963600000
-1.2361000000
-0.5837000000
0.4251500000
0.9879400000
1.0037000000
0.5664700000
-0.4193600000
-1.2413000000
-0.0459220000
0.4763600000
1.2194000000
0.6268000000
0.2879600000
-1.0389000000
-0.9259600000
0.6740300000
0.4147800000
1.2055000000
-0.1740000000
-0.6245400000
-1.0969000000
0.8590400000
-0.3177100000
0.8239400000
-1.1208000000
-0.6057700000
-0.1449800000
1.2086000000
0.4305500000
0.6653600000
-0.9221700000
-1.0441000000
0.2975100000
0.6115400000
1.2261000000
0.4522800000
-0.0570190000
-1.2518000000
-0.3809000000
0.5338500000
1.0485000000
0.9406400000
0.4524200000
-0.6229400000
-1.2225000000
0.3091000000
0.2450700000
1.2982000000
0.0090476000
-0.2333200000
-1.3003000000
0.2943500000
-0.1494300000
1.2564000000
-0.4820900000
-0.4562400000
-1.0364000000
0.9549300000
-0.5334600000
0.5269900000
-1.2361000000
-0.1179300000
-0.3812200000
1.2810000000
-0.3704300000
-0.0932990000
-1.2465000000
0.4867200000
-0.5133700000
0.9965900000
-0.9983400000
-0.4815600000
-0.5158300000
1.2467000000
-0.1615400000
0.3144200000
-1.2975000000
-0.2464300000
0.0053306000
1.2962000000
0.2533400000
0.3230600000
-1.2144000000
-0.6456500000
0.4610100000
0.9167200000
1.0683000000
0.5183000000
-0.3630400000
-1.2564000000
-0.0621690000
0.4411500000
1.2290000000
0.6043400000
0.3016000000
-1.0467000000
-0.9200400000
0.6614500000
0.4381900000
1.2099000000
-0.1313000000
-0.5970400000
-1.1315000000
0.8068400000
-0.3158900000
0.8766200000
-1.0837000000
-0.6341500000
-0.1893600000
1.2038000000
0.4061800000
0.6783400000
-0.9283000000
-1.0359000000
0.2832700000
0.6348600000
1.2157000000
0.4885400000
-0.0409250000
-1.2357000000
-0.4379700000
0.5821300000
0.9807600000
1.0089000000
0.4073700000
-0.5697700000
-1.2410000000
0.2997300000
0.1978100000
1.3003000000
-0.0425190000
-0.2530900000
-1.2895000000
0.3688900000
-0.2226100000
1.2074000000
-0.6376700000
-0.5473300000
-0.8584000000
1.1075000000
-0.4033500000
0.4116900000
-1.2736000000
-0.1209600000
-0.2576400000
1.3047000000
-0.2151800000
-0.0231180000
-1.2997000000
0.2452300000
-0.2956200000
1.2273000000
-0.6080300000
-0.4505900000
-0.9532800000
1.0376000000
-0.5385000000
0.3945400000
-1.2500000000
0.0453150000
-0.4511900000
1.2296000000
-0.6000900000
-0.2866800000
-1.0576000000
0.9032700000
-0.6685800000
0.4536500000
-1.2066000000
0.1212200000
-0.5999100000
1.1339000000
-0.8014200000
-0.3087800000
-0.8863800000
1.0751000000
-0.6441900000
0.1938000000
-1.2000000000
0.4116300000
-0.6877500000
0.9168700000
-1.0422000000
-0.2678200000
-0.6377500000
1.2130000000
-0.5057700000
0.0242450000
-1.2253000000
0.4760600000
-0.6075500000
0.9360400000
-1.0448000000
-0.3703800000
-0.5490800000
1.2481000000
-0.3149500000
0.1559900000
-1.2972000000
0.1125900000
-0.3020500000
1.2632000000
-0.4941500000
-0.3221800000
-1.1040000000
0.8498500000
-0.6160800000
0.5804600000
-1.2075000000
-0.0847950000
-0.4780700000
1.2480000000
-0.5118400000
-0.1607000000
-1.1657000000
0.6991700000
-0.6543600000
0.7082400000
-1.1626000000
-0.1690500000
-0.5117000000
1.2491000000
-0.4701200000
-0.0755330000
-1.2136000000
0.5617800000
-0.6062500000
0.8730200000
-1.0911000000
-0.3462700000
-0.4952300000
1.2625000000
-0.2789800000
0.1430100000
-1.3024000000
0.0927170000
-0.2637700000
1.2780000000
-0.4298000000
-0.2855100000
-1.1553000000
0.7596500000
-0.5920800000
0.7054900000
-1.1774000000
-0.2385300000
-0.4246500000
1.2786000000
-0.3044500000
0.0353700000
-1.2894000000
0.2588400000
-0.3691200000
1.1939000000
-0.6995300000
-0.4660200000
-0.8678700000
1.1040000000
-0.4920900000
0.3246200000
-1.2637000000
0.0818690000
-0.4280700000
1.2287000000
-0.6078300000
-0.3187500000
-1.0349000000
0.9377200000
-0.6517100000
0.4238000000
-1.2139000000
0.1372600000
-0.5904200000
1.1329000000
-0.8061300000
-0.3228300000
-0.8726300000
1.0878000000
-0.6264600000
0.1911400000
-1.2076000000
0.3956400000
-0.6689100000
0.9429400000
-1.0264000000
-0.2989000000
-0.6361500000
1.2165000000
-0.4749900000
0.0583100000
-1.2442000000
0.4024400000
-0.5590400000
1.0192000000
-0.9722400000
-0.4319100000
-0.5993300000
1.2311000000
-0.3059200000
0.2227200000
-1.2992000000
0.0165580000
-0.2442300000
1.2952000000
-0.3328800000
-0.1869100000
-1.2330000000
0.5633300000
-0.5076500000
0.9469900000
-1.0441000000
-0.4810700000
-0.4447200000
1.2580000000
-0.0783960000
0.3461000000
-1.2851000000
-0.3663900000
0.1247600000
1.2394000000
0.5210200000
0.5210100000
-0.9679700000
-1.0253000000
0.4715000000
0.4845200000
1.2538000000
0.1360000000
-0.3140100000
-1.2965000000
0.2711200000
-0.0374930000
1.2863000000
-0.3193400000
-0.3732900000
-1.1671000000
0.7550200000
-0.5079200000
0.7836400000
-1.1530000000
-0.3956600000
-0.3274300000
1.2826000000
-0.0243050000
0.2962600000
-1.2898000000
-0.3578100000
0.1652400000
1.2307000000
0.5611600000
0.5253700000
-0.9358600000
-1.0528000000
0.4599300000
0.4516300000
1.2605000000
0.1093600000
-0.3137700000
-1.2949000000
0.2969200000
-0.0707070000
1.2739000000
-0.3869900000
-0.4222700000
-1.1105000000
0.8559100000
-0.5281700000
0.6583900000
-1.2036000000
-0.2642900000
-0.3402700000
1.2936000000
-0.1758700000
0.1127600000
-1.3134000000
0.0277680000
-0.1492300000
1.3093000000
-0.2231600000
-0.1429400000
-1.2774000000
0.4057400000
-0.3753400000
1.1251000000
-0.8280300000
-0.5562600000
-0.6644800000
1.1977000000
-0.2395600000
0.3775700000
-1.2881000000
-0.2467900000
-0.0596830000
1.3028000000
0.1690300000
0.2799000000
-1.2555000000
-0.5204500000
0.3735400000
1.0611000000
0.9168100000
0.5993100000
-0.5116600000
-1.2235000000
0.0266840000
0.4790100000
1.2362000000
0.5654900000
0.2200700000
-1.1118000000
-0.8101600000
0.6806600000
0.5603500000
1.1916000000
-0.0129710000
-0.5758000000
-1.1841000000
0.6947800000
-0.2468800000
1.0126000000
-0.9447600000
-0.7097600000
-0.3420200000
1.1875000000
0.3036100000
0.7025500000
-0.9742100000
-0.9880400000
0.2600100000
0.7173100000
1.1746000000
0.5825100000
-0.0331240000
-1.1938000000
-0.5429600000
0.6813400000
0.8239100000
1.1043000000
0.2285200000
-0.5715500000
-1.2349000000
0.4773000000
-0.0178900000
1.2264000000
-0.4992400000
-0.5943800000
-0.9296500000
1.0518000000
-0.3834400000
0.5263500000
-1.2536000000
-0.2764100000
-0.1798300000
1.3033000000
0.0420220000
0.2346000000
-1.2935000000
-0.3454800000
0.2122700000
1.2201000000
0.6044700000
0.5252800000
-0.9026300000
-1.0786000000
0.4483000000
0.4190900000
1.2665000000
0.0824670000
-0.3146400000
-1.2924000000
0.3241900000
-0.1043500000
1.2586000000
-0.4555200000
-0.4689800000
-1.0450000000
0.9455900000
-0.5191400000
0.5540800000
-1.2332000000
-0.1641600000
-0.3516200000
1.2910000000
-0.2897700000
-0.0224570000
-1.2845000000
0.3186100000
-0.3867900000
1.1612000000
-0.7677600000
-0.5047500000
-0.7736900000
1.1583000000
-0.3914100000
0.3203400000
-1.2837000000
-0.0197980000
-0.2949200000
1.2895000000
-0.3605100000
-0.1699500000
-1.2282000000
0.5692400000
-0.5292100000
0.9269800000
-1.0598000000
-0.4532100000
-0.4466600000
1.2622000000
-0.1105800000
0.3070800000
-1.2962000000
-0.2874600000
0.0655220000
1.2774000000
0.3711500000
0.4085800000
-1.1257000000
-0.8310900000
0.5270100000
0.6877300000
1.1935000000
0.2938200000
-0.3370400000
-1.2926000000
0.1418300000
0.1537200000
1.3144000000
0.0602150000
-0.0745760000
-1.3189000000
0.0381400000
0.0242740000
1.3198000000
-0.0061036000
-0.0323300000
-1.3196000000
0.0487650000
-0.0320200000
1.3180000000
-0.0909690000
-0.0878790000
-1.3100000000
0.2060900000
-0.1821100000
1.2725000000
-0.4378300000
-0.3750300000
-1.1083000000
0.8534700000
-0.5708800000
0.6210800000
-1.2080000000
-0.1794000000
-0.4043500000
1.2806000000
-0.3384000000
-0.0289920000
-1.2708000000
0.3752400000
-0.4478500000
1.1027000000
-0.8690900000
-0.5105000000
-0.6590300000
1.2055000000
-0.2839800000
0.3166800000
-1.2955000000
-0.1262700000
-0.1531100000
1.3148000000
-0.0750400000
0.0544470000
-1.3189000000
0.0032309000
-0.0587080000
1.3187000000
-0.0806490000
-0.0476430000
-1.3148000000
0.1432900000
-0.1407600000
1.2947000000
-0.3255400000
-0.2807000000
-1.2033000000
0.6633000000
-0.5174500000
0.8600700000
-1.1083000000
-0.4358100000
-0.3770500000
1.2727000000
-0.0440440000
0.3209900000
-1.2868000000
-0.3690100000
0.1538500000
1.2300000000
0.5582500000
0.5328200000
-0.9325800000
-1.0552000000
0.4512000000
0.4565000000
1.2611000000
0.1245000000
-0.2994900000
-1.2984000000
0.2643500000
-0.0437510000
1.2868000000
-0.3206500000
-0.3688800000
-1.1686000000
0.7517100000
-0.5095400000
0.7855300000
-1.1520000000
-0.3953700000
-0.3300800000
1.2825000000
-0.0279420000
0.2942400000
-1.2907000000
-0.3518300000
0.1598700000
1.2345000000
0.5491800000
0.5180700000
-0.9499400000
-1.0413000000
0.4711100000
0.4593600000
1.2577000000
0.1066300000
-0.3252400000
-1.2924000000
0.3137200000
-0.0802060000
1.2672000000
-0.4153600000
-0.4461500000
-1.0819000000
0.8980600000
-0.5254900000
0.6100100000
-1.2186000000
-0.2178700000
-0.3445000000
1.2937000000
-0.2278000000
0.0498000000
-1.3050000000
0.1628100000
-0.2622700000
1.2623000000
-0.4938900000
-0.3611700000
-1.0839000000
0.8853700000
-0.5985300000
0.5540300000
-1.2170000000
-0.0757080000
-0.4618900000
1.2519000000
-0.5025500000
-0.1672700000
-1.1679000000
0.6979100000
-0.6478000000
0.7157700000
-1.1616000000
-0.1836400000
-0.5024700000
1.2539000000
-0.4463800000
-0.0572330000
-1.2283000000
0.5166800000
-0.5774100000
0.9299700000
-1.0537000000
-0.4024600000
-0.5059200000
1.2573000000
-0.2336200000
0.2122000000
-1.3068000000
-0.0436890000
-0.1551000000
1.3136000000
-0.1600600000
-0.0551490000
-1.3048000000
0.2320100000
-0.2475800000
1.2473000000
-0.5408300000
-0.4270200000
-1.0164000000
0.9748600000
-0.5638200000
0.4667500000
-1.2380000000
-0.0140320000
-0.4493800000
1.2443000000
-0.5451500000
-0.2289600000
-1.1195000000
0.8014700000
-0.6683000000
0.5838900000
-1.1917000000
-0.0275190000
-0.5511000000
1.2068000000
-0.6375700000
-0.2183600000
-1.0676000000
0.8707000000
-0.7112300000
0.4483700000
-1.1896000000
0.1778600000
-0.6599400000
1.0722000000
-0.8854500000
-0.2894600000
-0.8159100000
1.1216000000
-0.6256900000
0.1141200000
-1.1930000000
0.4895500000
-0.6981600000
0.8512400000
-1.0839000000
-0.2244600000
-0.6079600000
1.2203000000
-0.5174400000
-0.0234860000
-1.2082000000
0.5458200000
-0.6359500000
0.8610500000
-1.0934000000
-0.3055300000
-0.5269900000
1.2544000000
-0.3555300000
0.0810030000
-1.2832000000
0.2515900000
-0.4038400000
1.1816000000
-0.7287700000
-0.4572800000
-0.8483600000
1.1167000000
-0.4900900000
0.3010700000
-1.2643000000
0.1094500000
-0.4394500000
1.2162000000
-0.6439000000
-0.3436400000
-0.9949000000
0.9857800000
-0.6371200000
0.3668400000
-1.2195000000
0.1897500000
-0.5982400000
1.1060000000
-0.8514000000
-0.3433900000
-0.8136200000
1.1308000000
-0.5766400000
0.1615600000
-1.2240000000
0.3789000000
-0.6253200000
0.9870200000
-0.9961000000
-0.3578500000
-0.6305600000
1.2217000000
-0.4125300000
0.1265500000
-1.2740000000
0.2513200000
-0.4467200000
1.1617000000
-0.7702600000
-0.4480900000
-0.8165400000
1.1361000000
-0.4796200000
0.2716200000
-1.2664000000
0.1356300000
-0.4433900000
1.2063000000
-0.6704800000
-0.3654000000
-0.9612900000
1.0217000000
-0.6167800000
0.3310900000
-1.2260000000
0.2108700000
-0.5896200000
1.1016000000
-0.8604100000
-0.3582200000
-0.7934000000
1.1446000000
-0.5499200000
0.1639500000
-1.2348000000
0.3474800000
-0.5930100000
1.0287000000
-0.9575200000
-0.3920200000
-0.6533600000
1.2136000000
-0.4009400000
0.1667700000
-1.2805000000
0.1873900000
-0.4067200000
1.2043000000
-0.6772000000
-0.4088300000
-0.9274300000
1.0564000000
-0.5708800000
0.3243800000
-1.2415000000
0.1681500000
-0.5331400000
1.1519000000
-0.7822800000
-0.3679600000
-0.8640500000
1.1002000000
-0.5826800000
0.2229800000
-1.2301000000
0.3083900000
-0.6023400000
1.0444000000
-0.9374600000
-0.3767300000
-0.6912200000
1.1979000000
-0.4512500000
0.1506800000
-1.2659000000
0.2605100000
-0.4804500000
1.1407000000
-0.8085500000
-0.4418600000
-0.7834300000
1.1547000000
-0.4627800000
0.2490500000
-1.2700000000
0.1464800000
-0.4350800000
1.2062000000
-0.6713000000
-0.3746600000
-0.9547300000
1.0290000000
-0.6077500000
0.3293500000
-1.2292000000
0.2029300000
-0.5787800000
1.1117000000
-0.8463700000
-0.3621400000
-0.8052100000
1.1380000000
-0.5541700000
0.1745900000
-1.2347000000
0.3386000000
-0.5926600000
1.0340000000
-0.9514400000
-0.3911700000
-0.6618800000
1.2103000000
-0.4099300000
0.1657200000
-1.2783000000
0.1980900000
-0.4189300000
1.1953000000
-0.6988300000
-0.4163700000
-0.9043100000
1.0754000000
-0.5560900000
0.3063100000
-1.2457000000
