-0.0206850000
-0.0331000000
-0.0142830000
-0.0141120000
-0.0081218000
0.0096326000
0.0019606000
-0.0128900000
0.0031239000
-0.0109380000
-0.0104370000
0.0010875000
0.0010087000
-0.0192630000
-0.0069023000
0.0231360000
0.0052758000
0.0088595000
-0.0020730000
0.0035292000
-0.0056836000
0.0170300000
0.0076941000
-0.0138470000
0.0198400000
0.0000000000
-0.0089283000
-0.0036240000
0.0040008000
0.0111620000
0.0137620000
-0.0172690000
-0.0136240000
-0.0057764000
-0.0005337200
0.0142360000
-0.0041439000
0.0068470000
0.0047129000
-0.0148870000
0.0009842900
0.0082150000
-0.0042121000
0.0067608000
0.0260120000
-0.0155110000
0.0065719000
0.0345760000
-0.0078516000
0.0080648000
-0.0043455000
0.0002855300
0.0275940000
-0.0013200000
-0.0432610000
-0.0236530000
-0.0057401000
0.0067059000
-0.0037945000
0.0023082000
-0.0040242000
0.0173220000
0.0065833000
-0.0138750000
-0.0511880000
0.0172790000
0.0054912000
-0.0370330000
-0.0269580000
-0.0296240000
0.0067424000
-0.0035737000
0.0029928000
0.0295260000
-0.0270390000
0.0031415000
-0.0457700000
0.0106580000
-0.0194230000
-0.0136030000
0.0115090000
0.0349350000
0.0384740000
0.0235040000
0.0011885000
0.0330250000
0.0176190000
-0.0049808000
0.0319400000
-0.0693230000
0.0232880000
0.0633970000
-0.0220620000
-0.0582030000
-0.0770230000
-0.0372640000
0.0029700000
-0.0241890000
0.0577240000
0.0973320000
0.0153390000
0.0694950000
0.0278680000
-0.0476760000
0.0509530000
-0.0170440000
0.0798990000
-0.0219970000
-0.1157600000
0.0640750000
0.0751510000
0.0313250000
0.0900150000
0.0427650000
0.0110550000
0.0065749000
-0.0103360000
0.0082561000
0.0307550000
-0.0477710000
-0.0738570000
0.0361730000
-0.0853670000
0.0880140000
0.0522660000
0.0074982000
0.0080733000
0.0596720000
0.0285520000
-0.0284030000
0.0389330000
0.0239460000
-0.0006975300
0.0033901000
-0.0009276400
-0.0056773000
-0.0138630000
-0.0037452000
0.0028458000
0.0030738000
-0.0181530000
-0.0083044000
-0.0009701200
0.0126350000
0.0010537000
-0.0256980000
0.0410890000
0.0356990000
0.0012728000
-0.0056033000
0.0079627000
0.0095621000
0.0021972000
0.0223240000
0.0106310000
-0.0125160000
-0.0107660000
-0.0008431900
-0.0130940000
-0.0033342000
0.0096120000
-0.0192260000
-0.0117340000
-0.0023080000
0.0398620000
-0.0034252000
-0.0029899000
0.0123040000
0.0087030000
-0.0075117000
0.0150110000
-0.0042659000
0.0107170000
-0.0050188000
0.0077341000
0.0239430000
-0.0076774000
-0.0118850000
-0.0052848000
0.0137340000
0.0029276000
0.0008046600
-0.0041148000
0.0099819000
-0.0107050000
0.0118400000
0.0079555000
0.0058632000
-0.0016598000
-0.0264270000
0.0157800000
0.0180940000
-0.0306810000
0.0335220000
-0.0312290000
0.0199440000
0.0000000000
0.0173500000
0.0010617000
0.0022015000
-0.0161750000
0.0024389000
0.0006191100
0.0365020000
-0.0229370000
0.0100850000
-0.0029864000
-0.0048619000
0.0024339000
-0.0179880000
-0.0127870000
-0.0115140000
0.0062778000
-0.0086475000
0.0076810000
0.0032739000
-0.0107430000
-0.0116310000
-0.0141120000
-0.0116720000
-0.0105200000
0.0129360000
0.0217390000
-0.0181920000
0.0133300000
0.0291590000
-0.0185620000
0.0117520000
-0.0229960000
-0.0128570000
-0.0184430000
0.0082046000
-0.0435110000
0.0367300000
0.0112320000
0.0054377000
-0.0108170000
0.0378680000
0.0350080000
0.0125390000
0.0016628000
-0.0069126000
-0.0133080000
-0.0004549500
-0.0210280000
-0.0202290000
0.0298990000
-0.0225960000
-0.0268930000
0.0840320000
0.0194140000
0.0300300000
-0.0378310000
0.0359820000
0.0235770000
0.0048068000
-0.0125160000
0.0162920000
-0.0103170000
0.0346870000
-0.0024799000
0.0094126000
0.0027453000
-0.0029985000
-0.0165620000
-0.0012146000
-0.0007368700
-0.0005530100
-0.0260770000
0.0049463000
-0.0106020000
-0.0013713000
0.0006097100
-0.0035109000
0.0270040000
-0.0012287000
-0.0100730000
-0.0183830000
0.0085117000
-0.0023211000
-0.0212530000
-0.0014408000
-0.0199950000
-0.0299430000
-0.0270720000
0.0811720000
-0.0117500000
0.0274980000
0.0156920000
0.0621830000
0.0005652700
-0.0211310000
0.0041399000
-0.0185650000
-0.0056152000
-0.0039088000
0.0121560000
-0.0048299000
-0.0017621000
-0.0117530000
-0.0118930000
0.0000000000
0.0036802000
-0.0086209000
0.0323270000
0.0077668000
0.0165700000
-0.0079267000
0.0100680000
-0.0080175000
0.0123570000
-0.0052671000
-0.0189110000
-0.0106750000
-0.0063047000
0.0023274000
0.0080121000
-0.0316850000
-0.0159200000
0.0047109000
-0.0104480000
-0.0185500000
0.0257830000
-0.0095908000
0.0364440000
-0.0033642000
0.0087607000
0.0010017000
-0.0103240000
-0.0020627000
0.0041959000
-0.0066014000
0.0192320000
-0.0155130000
0.0162510000
-0.0269940000
0.0201840000
-0.0213590000
0.0107930000
-0.0033085000
-0.0149870000
-0.0245350000
0.0130000000
-0.0394390000
-0.0059714000
0.0513860000
0.0194150000
-0.0156170000
0.0102490000
-0.0147390000
-0.0144130000
-0.0197060000
0.0012331000
-0.0151810000
-0.0154150000
0.0144060000
-0.0201190000
-0.0247070000
0.0057722000
-0.0010088000
-0.0174780000
0.0018812000
-0.0020952000
-0.0171830000
0.0106550000
-0.0117450000
-0.0340080000
0.0059358000
0.0017470000
-0.0097145000
0.0048241000
-0.0055474000
-0.0041241000
0.0124560000
-0.0146840000
0.0141010000
-0.0073419000
-0.0079884000
-0.0171440000
0.0035633000
-0.0371760000
0.0382840000
0.0035007000
-0.0315770000
0.0050178000
-0.0535870000
0.0167470000
-0.0162490000
-0.0363550000
0.0913780000
0.0365540000
0.0029490000
-0.0228190000
0.0622590000
-0.0430260000
0.0079249000
-0.0029362000
0.0362930000
-0.0014407000
0.0129350000
0.0041317000
-0.0158010000
0.0041801000
0.0418260000
-0.0098832000
0.0039483000
-0.0174650000
0.0010233000
-0.0238040000
0.0023103000
-0.0059829000
0.0109340000
0.0047114000
-0.0147260000
-0.0126830000
0.0112820000
-0.0205440000
-0.0070028000
-0.0091866000
-0.0038718000
-0.0103680000
-0.0129500000
-0.0105670000
0.0062596000
0.0071993000
0.0028839000
-0.0041423000
0.0053492000
-0.0026013000
-0.0046620000
-0.0109000000
0.0088421000
-0.0060588000
-0.0070916000
-0.0096301000
0.0007661700
-0.0085569000
-0.0067820000
0.0130390000
0.0010070000
0.0118160000
-0.0049859000
-0.0114420000
-0.0108440000
0.0106520000
-0.0013976000
-0.0106670000
0.0209350000
-0.0056006000
-0.0056322000
0.0000000000
-0.0037240000
-0.0128740000
0.0052869000
-0.0007326200
-0.0147660000
0.0136420000
-0.0144360000
0.0090404000
0.0036326000
-0.0014711000
-0.0086743000
-0.0043655000
-0.0080867000
0.0108670000
-0.0031283000
-0.0057358000
-0.0120770000
0.0034872000
0.0022174000
-0.0229130000
0.0035477000
0.0110760000
0.0015216000
-0.0094715000
-0.0090456000
-0.0130440000
0.0103550000
-0.0087873000
-0.0029813000
0.0085018000
-0.0005714700
-0.0344700000
-0.0118500000
-0.0038174000
-0.0236070000
0.0131720000
0.0044622000
-0.0075589000
0.0043106000
-0.0102540000
-0.0107550000
0.0085236000
-0.0081857000
0.0010691000
-0.0118800000
0.0232870000
-0.0156900000
0.0064740000
-0.0197210000
-0.0009161200
-0.0178590000
0.0077839000
0.0140770000
-0.0003423900
-0.0466750000
0.0673490000
0.0010058000
0.0093391000
0.0066728000
-0.0031930000
-0.0080273000
-0.0003335600
-0.0025610000
-0.0108170000
-0.0121320000
-0.0108960000
-0.0041025000
0.0091067000
0.0093088000
-0.0002842600
0.0034058000
0.0034507000
0.0022563000
-0.0050273000
0.0010188000
0.0022038000
-0.0087877000
-0.0049665000
0.0319330000
0.0062991000
-0.0020953000
-0.0039267000
-0.0162570000
-0.0059880000
-0.0055112000
-0.0076637000
-0.0277080000
0.0099842000
0.0105800000
0.0098393000
0.0419370000
-0.0018135000
-0.0002200500
0.0120310000
-0.0040853000
-0.0102040000
-0.0044211000
0.0041454000
-0.0134940000
-0.0024629000
0.0000000000
-0.0095732000
-0.0019257000
0.0083555000
0.0081747000
-0.0056480000
-0.0150290000
-0.0015382000
0.0019367000
0.0110920000
0.0009000400
0.0003935100
0.0033106000
-0.0250150000
-0.0036828000
-0.0083363000
0.0033081000
-0.0091383000
0.0004676700
0.0067568000
-0.0116780000
0.0037519000
-0.0131340000
-0.0013645000
-0.0104440000
0.0012590000
0.0025133000
0.0039963000
-0.0190500000
0.0067723000
0.0013249000
-0.0101620000
0.0045495000
0.0032025000
-0.0278330000
-0.0026709000
-0.0137780000
-0.0019568000
-0.0010114000
-0.0070452000
0.0017819000
-0.0017819000
-0.0015936000
-0.0053091000
0.0018582000
0.0101910000
-0.0143600000
-0.0036709000
0.0028992000
-0.0087230000
0.0054366000
-0.0011625000
-0.0001292500
-0.0079811000
-0.0087680000
0.0068117000
0.0000652720
-0.0039894000
-0.0105400000
-0.0001987000
-0.0040487000
-0.0020638000
-0.0120010000
-0.0075830000
0.0012226000
-0.0044901000
-0.0061555000
0.0006172600
-0.0083999000
-0.0010377000
0.0135430000
-0.0014350000
-0.0013001000
0.0062795000
0.0022428000
-0.0120200000
-0.0165580000
0.0002793900
0.0025806000
-0.0074111000
-0.0046423000
0.0091934000
-0.0030784000
0.0024495000
0.0053679000
-0.0004172500
-0.0153500000
-0.0060928000
-0.0072748000
0.0099007000
-0.0121940000
0.0095681000
-0.0105010000
-0.0080756000
0.0136610000
-0.0228980000
-0.0116860000
-0.0007395400
-0.0125820000
-0.0130450000
-0.0069310000
0.0052598000
-0.0090885000
-0.0005372000
0.0035249000
-0.0103800000
-0.0038721000
0.0012407000
0.0102540000
0.0299970000
0.0035667000
-0.0061754000
-0.0009706900
0.0064041000
-0.0145800000
0.0048837000
0.0030683000
-0.0209150000
0.0004577000
-0.0272130000
-0.0036902000
0.0119630000
0.0019412000
-0.0031078000
0.0220110000
-0.0121770000
-0.0156090000
0.0135260000
-0.0144660000
-0.0161900000
-0.0171040000
0.0097522000
0.0116420000
-0.0068412000
0.0076336000
0.0323450000
0.0156750000
0.0194400000
-0.0155220000
0.0078655000
-0.0092201000
0.0057819000
0.0050784000
-0.0022373000
-0.0451270000
0.0865170000
-0.0007882800
-0.0057517000
0.0513650000
-0.0225820000
0.0476080000
0.0220660000
0.0050187000
0.0000000000
-0.0143410000
-0.0155540000
-0.0047675000
0.0105790000
-0.0080241000
0.0002013900
-0.0145370000
-0.0031378000
0.0199540000
-0.0220740000
-0.0139260000
0.0091224000
0.0006189600
0.0005498700
-0.0160700000
-0.0313500000
-0.0018751000
-0.0060095000
-0.0150730000
0.0075649000
-0.0077861000
-0.0064361000
-0.0107450000
-0.0026291000
-0.0052790000
0.0003780000
-0.0010588000
-0.0060717000
-0.0046545000
0.0051873000
-0.0051873000
0.0101960000
0.0077675000
-0.0168940000
-0.0217800000
-0.0237830000
-0.0018408000
-0.0045767000
0.0057776000
-0.0074690000
-0.0060643000
0.0045315000
0.0195870000
-0.0030130000
-0.0063730000
-0.0046460000
-0.0183940000
0.0138070000
-0.0166730000
0.0027028000
0.0067659000
-0.0004875700
0.0097870000
0.0016888000
-0.0035418000
-0.0010489000
-0.0050174000
0.0132170000
0.0031176000
-0.0054422000
-0.0017671000
0.0080868000
-0.0029549000
-0.0052927000
-0.0003216700
0.0011254000
-0.0086336000
-0.0018656000
0.0019466000
-0.0012162000
-0.0119980000
-0.0074999000
-0.0069733000
0.0287400000
-0.0277410000
-0.0084410000
0.0327760000
0.0156340000
-0.0018408000
0.0150270000
-0.0171120000
-0.0148810000
-0.0155190000
0.0060229000
-0.0193520000
-0.0189640000
-0.0068611000
0.0011181000
-0.0029270000
-0.0008625200
0.0031016000
-0.0026702000
0.0007759600
0.0078122000
-0.0186440000
0.0039997000
0.0167800000
0.0110320000
-0.0051614000
-0.0098036000
-0.0054978000
-0.0031923000
-0.0229010000
-0.0083460000
-0.0004458900
-0.0167300000
-0.0064607000
-0.0127710000
-0.0000924680
-0.0040771000
0.0025038000
-0.0150240000
0.0040347000
-0.0045049000
-0.0042419000
-0.0214840000
-0.0103810000
-0.0032234000
-0.0064782000
0.0119420000
0.0194650000
0.0031442000
0.0084309000
0.0120020000
-0.0127570000
0.0000000000
0.0036749000
-0.0042415000
0.0169520000
0.0000928630
-0.0060541000
0.0092989000
0.0076530000
0.0026602000
0.0051170000
-0.0069508000
0.0075886000
0.0072602000
-0.0028071000
-0.0050909000
-0.0115500000
0.0051499000
0.0112190000
-0.0124120000
-0.0314380000
-0.0034175000
-0.0245480000
0.0107600000
-0.0025099000
-0.0154880000
-0.0001963500
0.0200240000
0.0128130000
0.0091739000
-0.0000941490
-0.0086998000
0.0035079000
0.0222750000
0.0165230000
0.0013647000
-0.0136390000
-0.0221800000
-0.0039656000
-0.0200680000
0.0000000000
-0.0069741000
0.0051384000
-0.0556950000
0.0563720000
0.0235890000
-0.0266860000
0.0260250000
0.0160210000
0.0101720000
0.0128890000
0.0120080000
0.0038515000
0.0293350000
0.0133660000
0.0103120000
-0.0097121000
-0.0104130000
0.0116110000
0.0097852000
0.0099419000
-0.0025183000
-0.0097125000
0.0018654000
0.0058280000
-0.0027831000
-0.0019443000
-0.0093514000
0.0032404000
-0.0086359000
-0.0163630000
-0.0122960000
-0.0042508000
0.0004436400
0.0131310000
-0.0082638000
-0.0035373000
-0.0030166000
-0.0111690000
-0.0086635000
0.0085737000
0.0165760000
0.0075725000
-0.0023712000
-0.0114960000
0.0054994000
-0.0012392000
-0.0098795000
0.0103220000
-0.0019495000
0.0057489000
-0.0053942000
0.0133000000
0.0007871600
-0.0166620000
-0.0023140000
-0.0140880000
-0.0076198000
0.0005462000
-0.0055670000
0.0010062000
-0.0043980000
0.0069546000
-0.0070465000
0.0020183000
-0.0071744000
0.0039615000
-0.0253270000
-0.0039686000
0.0020808000
-0.0139860000
0.0007662100
0.0009569400
0.0003825200
-0.0002868800
0.0023881000
0.0036191000
0.0058768000
0.0008502200
-0.0017958000
0.0047188000
0.0170830000
-0.0125740000
-0.0125440000
-0.0155920000
-0.0149580000
0.0089626000
-0.0000969890
0.0010664000
0.0026126000
-0.0103940000
0.0223060000
0.0127150000
0.0063910000
-0.0026266000
0.0190730000
0.0159080000
0.0120810000
-0.0033212000
-0.0065852000
0.0040645000
0.0036889000
-0.0075724000
-0.0073566000
0.0039121000
-0.0040033000
-0.0141390000
-0.0045410000
-0.0137480000
0.0289580000
0.0166930000
0.0232980000
0.0092739000
0.0055580000
-0.0038178000
-0.0127740000
0.0018474000
-0.0115800000
-0.0007115500
-0.0052634000
-0.0054711000
0.0030532000
-0.0090066000
-0.0001809600
-0.0083599000
-0.0119330000
0.0100150000
-0.0179890000
0.0071419000
0.0197660000
0.0007246400
-0.0086392000
-0.0004567700
-0.0004569800
-0.0106610000
-0.0063027000
-0.0072789000
-0.0143390000
-0.0030450000
-0.0114060000
0.0025993000
0.0094733000
-0.0034345000
0.0084694000
-0.0064645000
-0.0022916000
-0.0005737200
0.0008604600
-0.0089273000
-0.0078409000
0.0001943400
0.0038790000
-0.0031020000
-0.0102460000
0.0054779000
-0.0009759900
-0.0030316000
-0.0107330000
-0.0012878000
0.0045495000
0.0145960000
0.0058179000
-0.0189350000
0.0014769000
-0.0139700000
-0.0016975000
0.0012984000
0.0043820000
-0.0076111000
-0.0135290000
0.0012679000
-0.0056214000
-0.0158230000
0.0059991000
-0.0122530000
-0.0192340000
-0.0207930000
0.0149540000
0.0088304000
0.0080704000
0.0238280000
0.0074515000
0.0020448000
-0.0026560000
0.0189960000
-0.0038065000
-0.0188130000
-0.0135700000
0.0015848000
-0.0117020000
0.0041174000
0.0027806000
-0.0226030000
-0.0039864000
-0.0079454000
0.0000000000
-0.0104650000
-0.0186780000
-0.0130980000
-0.0042990000
0.0087473000
-0.0028325000
-0.0093832000
-0.0229410000
-0.0033755000
-0.0015815000
-0.0054612000
-0.0119360000
0.0003788600
0.0020221000
-0.0134270000
0.0074434000
0.0132110000
0.0045519000
0.0004902300
-0.0003501400
0.0042285000
-0.0121750000
0.0121750000
-0.0040301000
-0.0093689000
0.0060723000
0.0051623000
-0.0022625000
-0.0143940000
-0.0282910000
-0.0075342000
-0.0023846000
0.0009840200
0.0081180000
-0.0043263000
-0.0032018000
0.0122000000
0.0040217000
-0.0173530000
0.0000000000
-0.0014895000
-0.0072080000
-0.0029078000
-0.0268770000
0.0106180000
-0.0055173000
-0.0017949000
-0.0000382250
-0.0067247000
-0.0042937000
-0.0264480000
-0.0023309000
-0.0120180000
-0.0150760000
-0.0021548000
0.0069523000
0.0080616000
0.0109280000
0.0025377000
0.0007295400
-0.0015924000
0.0018576000
0.0000000000
-0.0006630200
0.0116050000
-0.0108890000
-0.0056095000
-0.0008668200
0.0131480000
-0.0019770000
-0.0052913000
-0.0041601000
0.0057239000
0.0086365000
-0.0016950000
-0.0004603900
-0.0008424000
0.0041000000
-0.0018902000
-0.0079676000
0.0043742000
-0.0082224000
0.0034905000
-0.0152730000
0.0002421200
0.0135720000
0.0016439000
0.0106330000
-0.0078288000
0.0185190000
-0.0117650000
-0.0056314000
-0.0394410000
0.0000000000
-0.0004942300
-0.0063092000
-0.0070727000
0.0002643900
-0.0152110000
-0.0063489000
-0.0162960000
-0.0048816000
0.0085309000
0.0035212000
0.0138060000
0.0055316000
-0.0206010000
0.0090947000
0.0054655000
0.0001981900
-0.0034455000
0.0024542000
-0.0020566000
0.0050982000
0.0286010000
0.0041644000
0.0005056800
-0.0011757000
-0.0118760000
0.0035099000
0.0030989000
-0.0009217900
-0.0190370000
-0.0409650000
-0.0165640000
0.0655910000
0.0274790000
-0.0001760200
-0.0204800000
-0.0350790000
0.0490930000
0.0107100000
0.0212130000
0.0308330000
0.0053235000
0.0160660000
0.0184720000
0.0065712000
-0.0059318000
-0.0007993200
-0.0069626000
0.0046101000
-0.0007524800
-0.0315020000
-0.0110000000
-0.0032371000
-0.0010210000
-0.0026674000
-0.0020637000
0.0104430000
-0.0042649000
-0.0035054000
-0.0192320000
-0.0232530000
-0.0053683000
-0.0029404000
-0.0202720000
-0.0054685000
0.0200390000
0.0135640000
-0.0038896000
-0.0024063000
-0.0030810000
-0.0021322000
-0.0201650000
0.0061381000
0.0261990000
-0.0081434000
0.0347000000
0.0140380000
-0.0026513000
0.0130330000
-0.0038611000
0.0024085000
0.0043514000
-0.0260820000
0.0003286100
0.0196630000
0.0014937000
0.0021850000
0.0203970000
-0.0050699000
-0.0060875000
-0.0110520000
-0.0029885000
-0.0026094000
-0.0089649000
0.0049472000
-0.0037211000
0.0001042800
-0.0080218000
-0.0324480000
-0.0064676000
0.0009966900
0.0211850000
0.0128370000
0.0069140000
0.0112280000
0.0190520000
-0.0055307000
-0.0081477000
-0.0039631000
-0.0067487000
0.0031334000
-0.0088666000
-0.0089855000
-0.0195370000
0.0026244000
0.0089783000
-0.0217750000
-0.0348950000
0.0203040000
0.0066225000
-0.0311500000
-0.0214500000
0.0059702000
-0.0228760000
-0.0079605000
-0.0022118000
-0.0101270000
-0.0157810000
-0.0012361000
0.0040383000
0.0018840000
-0.0071447000
-0.0130340000
-0.0019225000
0.0051390000
-0.0187640000
0.0078507000
0.0049668000
-0.0184650000
-0.0020747000
-0.0216510000
-0.0188230000
-0.0064093000
0.0030524000
0.0061100000
0.0037138000
0.0077282000
0.0116830000
-0.0069089000
-0.0024652000
0.0224630000
-0.0001270300
0.0129060000
-0.0180800000
-0.0148100000
0.0112600000
0.0052244000
-0.0047760000
0.0036918000
0.0068837000
0.0045997000
-0.0035705000
0.0174000000
0.0078394000
0.0084061000
-0.0054320000
-0.0006464400
0.0015231000
-0.0008920300
-0.0081884000
0.0031906000
-0.0131690000
-0.0217160000
-0.0135910000
-0.0013969000
0.0103810000
-0.0035615000
-0.0189380000
-0.0169080000
-0.0007532800
0.0003013800
0.0090326000
-0.0032737000
-0.0206520000
-0.0083438000
-0.0027281000
0.0049018000
-0.0051080000
-0.0137910000
0.0077062000
-0.0210190000
0.0086497000
0.0227580000
0.0085191000
-0.0103690000
-0.0133750000
-0.0230400000
-0.0399720000
-0.0126060000
-0.0078256000
0.0006041500
0.0029588000
-0.0062672000
0.0007571700
0.0012481000
-0.0073977000
-0.0137060000
-0.0028027000
0.0033237000
-0.0148880000
0.0026204000
-0.0092608000
-0.0048806000
0.0005544700
0.0067084000
-0.0250290000
-0.0124570000
0.0282210000
0.0094817000
-0.0010425000
0.0011998000
0.0008645400
0.0079228000
-0.0069805000
-0.0081763000
0.0111350000
0.0110700000
0.0056723000
0.0109450000
-0.0067976000
0.0044351000
0.0170590000
0.0053487000
-0.0101040000
-0.0272930000
0.0075038000
-0.0025400000
-0.0146920000
-0.0144550000
0.0032281000
0.0015608000
-0.0027875000
0.0006728700
0.0007910300
-0.0125120000
0.0023193000
-0.0012189000
0.0079066000
0.0141820000
-0.0038604000
-0.0133410000
0.0127720000
0.0118930000
-0.0092442000
-0.0130950000
0.0116440000
0.0197010000
-0.0007890900
-0.0179900000
0.0021932000
-0.0106390000
-0.0175300000
0.0173720000
-0.0210000000
-0.0045130000
-0.0242260000
-0.0061911000
-0.0120330000
-0.0151830000
0.0023179000
-0.0002572800
-0.0205810000
0.0204520000
0.0127640000
0.0051320000
-0.0107800000
0.0021271000
0.0043252000
-0.0197210000
-0.0092346000
-0.0250510000
0.0092466000
0.0003760500
-0.0168160000
-0.0263440000
-0.0057897000
0.0309410000
0.0080963000
-0.0111180000
0.0106040000
-0.0083709000
-0.0056500000
-0.0072332000
-0.0070560000
0.0077862000
-0.0181860000
0.0006270200
-0.0200730000
0.0016803000
-0.0400200000
-0.0139540000
-0.0063847000
-0.0027164000
0.0000000000
0.0185410000
-0.0080427000
-0.0010723000
-0.0117710000
-0.0066363000
0.0051457000
-0.0031908000
-0.0225210000
-0.0015317000
0.0002338100
0.0036300000
-0.0012172000
0.0034663000
-0.0193990000
0.0059851000
0.0199010000
0.0087870000
-0.0045627000
0.0100410000
0.0084875000
0.0009274900
-0.0051245000
0.0051245000
0.0041257000
0.0035370000
-0.0057853000
0.0039187000
0.0053663000
0.0020050000
-0.0087424000
-0.0138400000
-0.0008603200
0.0055286000
-0.0065670000
-0.0001774000
-0.0052093000
0.0017056000
-0.0075570000
-0.0050871000
0.0104030000
-0.0016072000
0.0114490000
-0.0077539000
0.0253930000
0.0063042000
-0.0012577000
-0.0002467900
-0.0012101000
-0.0064955000
-0.0114320000
0.0095148000
0.0152590000
-0.0280750000
0.0094461000
-0.0078572000
-0.0191080000
0.0120520000
0.0109300000
0.0227600000
0.0064087000
0.0317010000
0.0053478000
0.0026281000
-0.0151350000
-0.0319570000
-0.0150970000
-0.0131280000
-0.0086025000
0.0037648000
-0.0054482000
0.0131120000
0.0019634000
-0.0213750000
0.0029756000
-0.0013071000
-0.0154560000
-0.0070311000
0.0027765000
-0.0020424000
-0.0218610000
-0.0015550000
-0.0089211000
-0.0040691000
0.0146520000
-0.0026555000
-0.0131940000
0.0112040000
-0.0248780000
0.0088994000
0.0053726000
0.0043966000
0.0151040000
0.0266100000
-0.0362860000
-0.0042916000
-0.0204400000
-0.0048430000
0.0036828000
-0.0225860000
-0.0062959000
0.0096827000
-0.0035847000
0.0244680000
-0.0070333000
-0.0125830000
0.0032308000
-0.0242450000
-0.0312910000
0.0951320000
0.0366590000
0.0140390000
0.0287720000
0.0006472000
0.0141090000
0.0030867000
0.0023454000
0.0209600000
-0.0151690000
0.0021328000
-0.0068750000
-0.0072418000
0.0079972000
-0.0067457000
-0.0045965000
0.0288240000
0.0213380000
-0.0141820000
0.0005464700
0.0162800000
0.0072880000
-0.0040682000
0.0025126000
-0.0027689000
-0.0089405000
-0.0078595000
0.0126910000
0.0288260000
0.0070446000
-0.0101180000
0.0099826000
0.0188960000
0.0108400000
0.0037184000
-0.0072747000
0.0097169000
-0.0052844000
-0.0079352000
-0.0047561000
-0.0050016000
-0.0009141100
0.0042957000
-0.0043626000
0.0064925000
-0.0100010000
0.0030398000
-0.0079542000
0.0065026000
0.0196740000
0.0074885000
0.0069146000
-0.0003240700
-0.0133780000
-0.0322690000
0.0222100000
0.0198650000
0.0321990000
-0.0083501000
0.0229000000
0.0083670000
-0.0159290000
0.0045770000
-0.0005813600
-0.0038288000
-0.0166070000
0.0077705000
0.0103790000
0.0079824000
0.0211690000
-0.0098951000
-0.0219660000
0.0085008000
0.0172960000
0.0271500000
0.0054096000
-0.0088800000
0.0247220000
0.0047369000
0.0133550000
0.0094337000
0.0076817000
0.0099414000
0.0096234000
-0.0009545100
-0.0067072000
-0.0316490000
-0.0132550000
-0.0120810000
0.0056016000
-0.0020847000
0.0153100000
-0.0022306000
0.0067342000
0.0148800000
-0.0148990000
-0.0042924000
-0.0137090000
-0.0015977000
-0.0114930000
-0.0056971000
0.0149060000
0.0263860000
0.0029462000
0.0089937000
-0.0029386000
0.0143470000
0.0026001000
-0.0036979000
0.0130950000
0.0068851000
-0.0050126000
-0.0097308000
0.0075460000
-0.0080832000
-0.0082798000
-0.0020948000
-0.0164230000
0.0271870000
0.0091818000
0.0003486500
-0.0018180000
-0.0155780000
-0.0034597000
0.0013666000
0.0142280000
0.0201210000
-0.0041480000
-0.0180780000
-0.0125540000
-0.0236920000
-0.0121660000
-0.0120810000
-0.0165510000
-0.0224690000
-0.0015528000
-0.0038311000
-0.0096113000
-0.0025524000
0.0038986000
-0.0058327000
0.0086022000
-0.0079155000
-0.0066584000
-0.0122420000
-0.0033340000
-0.0045838000
0.0132040000
-0.0104940000
0.0103040000
0.0004217600
-0.0027024000
-0.0011423000
-0.0277480000
-0.0077988000
-0.0052993000
-0.0013899000
0.0023816000
-0.0093382000
0.0002667500
0.0217870000
-0.0024387000
0.0019383000
0.0058359000
-0.0281680000
-0.0226140000
-0.0048593000
0.0037663000
-0.0025778000
-0.0142860000
0.0336730000
0.0102530000
0.0005542200
0.0059661000
-0.0016316000
-0.0192720000
0.0043100000
-0.0122830000
0.0256770000
-0.0131030000
-0.0260200000
-0.0141420000
-0.0075108000
0.0019709000
-0.0035457000
-0.0060402000
-0.0012551000
-0.0132140000
-0.0065523000
-0.0243660000
-0.0302450000
-0.0103920000
0.0009796100
-0.0060217000
-0.0070497000
0.0010437000
0.0099901000
-0.0187910000
-0.0047733000
-0.0001057400
-0.0041062000
-0.0030309000
0.0000532520
-0.0059552000
-0.0056406000
0.0037371000
0.0123220000
0.0059463000
-0.0007380700
-0.0044134000
0.0081246000
-0.0011566000
0.0005259000
0.0066028000
-0.0050792000
0.0014688000
0.0043153000
-0.0061779000
0.0033293000
0.0028747000
0.0009129400
-0.0140470000
0.0016644000
-0.0151610000
-0.0085050000
0.0008375500
0.0182510000
0.0124910000
-0.0119880000
-0.0034516000
-0.0010378000
0.0109090000
0.0060126000
0.0051437000
-0.0157760000
0.0116260000
0.0148480000
0.0046015000
-0.0107010000
0.0168630000
0.0005606200
-0.0126650000
-0.0075103000
-0.0089825000
-0.0058664000
-0.0011087000
-0.0201970000
-0.0039698000
-0.0005954800
-0.0063013000
0.0218300000
0.0169440000
-0.0224230000
0.0110890000
0.0282280000
0.0113770000
0.0066282000
0.0154470000
0.0160700000
0.0120670000
0.0034109000
0.0179020000
-0.0027792000
-0.0152920000
0.0214340000
0.0221410000
-0.0022919000
0.0194180000
0.0094567000
-0.0020737000
0.0112630000
-0.0127760000
-0.0030100000
-0.0192690000
0.0246040000
0.0436940000
0.0020051000
-0.0239110000
-0.0145100000
-0.0074585000
0.0062940000
-0.0102930000
-0.0092114000
-0.0051544000
-0.0019541000
-0.0058854000
-0.0025495000
-0.0046056000
0.0010486000
0.0044617000
0.0138620000
-0.0208650000
0.0179570000
0.0055346000
-0.0074629000
0.0054996000
-0.0050401000
-0.0061743000
-0.0210420000
-0.0053244000
-0.0116460000
-0.0010808000
0.0006726400
0.0032607000
-0.0293910000
-0.0168790000
-0.0023594000
-0.0027177000
0.0019132000
-0.0067629000
0.0270770000
0.0089304000
-0.0070346000
-0.0345080000
-0.0021155000
-0.0290720000
-0.0035788000
0.0028956000
-0.0112080000
0.0021243000
-0.0003183500
-0.0155090000
-0.0090687000
0.0073155000
-0.0046541000
0.0093672000
-0.0001343500
0.0099469000
-0.0103230000
-0.0251260000
0.0000826960
-0.0093882000
-0.0218280000
-0.0037609000
0.0059766000
-0.0123050000
-0.0042606000
-0.0125120000
0.0175480000
0.0252540000
0.0080006000
0.0094235000
0.0061696000
0.0050988000
0.0105780000
-0.0253730000
0.0028390000
0.0020347000
0.0089964000
0.0107220000
0.0073789000
0.0185140000
0.0073994000
-0.0254590000
-0.0133970000
0.0063441000
-0.0260360000
0.0126250000
-0.0199720000
0.0213070000
0.0312920000
0.0229130000
-0.0037222000
0.0039802000
0.0107750000
0.0497510000
0.0381810000
0.0061506000
0.0027369000
-0.0136900000
-0.0053210000
0.0071510000
0.0140580000
-0.0012257000
0.0138340000
-0.0049418000
0.0100640000
-0.0142700000
0.0026681000
-0.0110870000
0.0198920000
-0.0265100000
-0.0051806000
-0.0024237000
0.0080951000
0.0293380000
0.0079339000
0.0116840000
0.0160480000
0.0097628000
-0.0673630000
-0.0112440000
-0.0223470000
-0.0091578000
0.0071166000
0.0027127000
-0.0003117000
-0.0034833000
0.0003127900
-0.0074614000
0.0091920000
-0.0008889600
-0.0004568000
-0.0093258000
-0.0104680000
0.0051133000
0.0173220000
-0.0038689000
0.0010588000
0.0071419000
-0.0189240000
-0.0088735000
0.0057047000
0.0139890000
-0.0025311000
0.0005067300
0.0104630000
-0.0007642200
0.0123700000
-0.0133020000
0.0047950000
-0.0118500000
0.0159590000
0.0239800000
0.0090986000
-0.0076419000
0.0026306000
-0.0098890000
-0.0048294000
0.0015890000
-0.0069590000
0.0024893000
0.0085942000
0.0098573000
-0.0018668000
-0.0039294000
-0.0149090000
0.0062802000
-0.0163920000
-0.0097357000
0.0039248000
0.0186930000
-0.0067979000
0.0074072000
-0.0124000000
0.0093494000
-0.0108450000
-0.0132480000
-0.0132310000
-0.0020756000
0.0006109100
-0.0060277000
-0.0080195000
0.0199900000
0.0057389000
0.0097074000
-0.0026817000
0.0089271000
0.0145790000
-0.0237460000
0.0025149000
-0.0142140000
-0.0082351000
-0.0065782000
0.0144250000
0.0005096200
0.0073484000
0.0126840000
0.0080527000
-0.0119840000
0.0207210000
0.0107460000
-0.0260140000
-0.0091355000
-0.0174030000
0.0041122000
-0.0030886000
-0.0081196000
0.0246670000
0.0041123000
0.0148020000
-0.0384620000
0.0743660000
0.0197840000
0.0276750000
0.0184300000
0.0040051000
0.0052943000
0.0066048000
-0.0065417000
-0.0097661000
-0.0093477000
0.0057513000
0.0036814000
0.0223480000
0.0114210000
-0.0089108000
0.0383920000
-0.0025954000
-0.0059146000
-0.0063140000
0.0045227000
0.0103410000
0.0051704000
0.0044134000
-0.0314740000
-0.0143270000
0.0027870000
0.0111730000
0.0074338000
-0.0044821000
-0.0030332000
-0.0013669000
0.0048473000
0.0131600000
0.0013426000
-0.0057637000
0.0062842000
0.0144260000
0.0038788000
0.0098945000
-0.0002140600
-0.0131850000
-0.0004339400
-0.0052617000
0.0034450000
0.0101080000
0.0029696000
-0.0070280000
-0.0013171000
0.0099435000
-0.0019886000
-0.0077975000
-0.0098034000
0.0219820000
-0.0048499000
-0.0037754000
-0.0160620000
0.0114060000
-0.0089398000
-0.0027255000
-0.0153770000
-0.0087165000
0.0018146000
-0.0141550000
-0.0169180000
-0.0159280000
0.0162010000
0.0054470000
0.0003342300
-0.0384280000
-0.0193730000
0.0027402000
-0.0157920000
0.0198670000
0.0312010000
-0.0178400000
0.0426050000
0.0175920000
0.0081145000
0.0030134000
0.0086459000
0.0165190000
0.0138840000
-0.0337730000
0.0356160000
0.0205670000
0.0053220000
0.0322110000
0.0017178000
0.0053720000
-0.0095438000
-0.0116930000
-0.0069623000
-0.0075757000
-0.0127300000
0.0043372000
-0.0099002000
0.0038649000
-0.0091892000
0.0207140000
-0.0069142000
0.0004181000
0.0036225000
0.0034963000
0.0443190000
0.0196760000
-0.0006195600
0.0090955000
-0.0004036600
0.0024721000
-0.0113590000
0.0109910000
0.0219690000
0.0138360000
-0.0055080000
-0.0053847000
-0.0058778000
0.0081647000
0.0004431300
-0.0125000000
0.0089491000
0.0100720000
-0.0040542000
-0.0045999000
0.0037837000
0.0140880000
-0.0153650000
-0.0286120000
-0.0147440000
0.0066837000
-0.0295880000
-0.0038659000
0.0326230000
0.0215360000
-0.0167900000
0.0098254000
0.0188360000
-0.0019517000
0.0161490000
0.0109340000
0.0008169200
0.0348170000
0.0253630000
-0.0041039000
-0.0000787840
0.0069563000
-0.0120270000
0.0000316750
0.0102880000
-0.0041153000
-0.0336610000
-0.0185000000
0.0230310000
0.0313620000
-0.0035555000
0.0168780000
-0.0025913000
0.0093405000
0.0099554000
0.0129010000
0.0083748000
-0.0209100000
0.0439750000
0.0257330000
-0.0174860000
0.0003036000
-0.0014755000
0.0079304000
-0.0062959000
-0.0154680000
0.0197080000
-0.0253450000
-0.0034600000
0.0035486000
0.0077628000
-0.0236070000
-0.0059105000
-0.0087264000
-0.0170500000
-0.0127420000
0.0132220000
0.0094388000
-0.0033772000
-0.0301430000
0.0054052000
-0.0023197000
-0.0191410000
0.0002254300
0.0052831000
-0.0149900000
-0.0270080000
0.0004508700
-0.0266470000
-0.0004630500
0.0227090000
-0.0133700000
0.0190050000
0.0288440000
0.0206830000
0.0050336000
0.0052440000
0.0040441000
0.0045107000
-0.0097806000
-0.0011172000
0.0055577000
-0.0004384700
-0.0009245400
-0.0152440000
-0.0035082000
-0.0111160000
-0.0264660000
-0.0142150000
0.0011265000
-0.0006387700
-0.0246150000
-0.0064318000
0.0298690000
0.0073634000
0.0096295000
0.0392250000
-0.0730080000
0.0001711900
-0.0532040000
0.0247830000
-0.0001056700
0.0068979000
-0.0013828000
0.0223090000
0.0069304000
-0.0051676000
0.0074614000
-0.0390410000
-0.0201070000
0.0273690000
-0.0401080000
-0.0410240000
0.0055328000
-0.0260340000
0.0063411000
0.0139130000
0.0359870000
0.0029108000
-0.0068051000
0.0061285000
0.0026489000
0.0000182440
0.0250960000
0.0125530000
-0.0068050000
-0.0419610000
-0.0434530000
0.0478890000
-0.0077807000
0.0451820000
0.0105070000
-0.0000525220
-0.0072747000
-0.0008998300
0.0103430000
0.0126900000
0.0101940000
0.0008363100
-0.0005290100
-0.0166440000
0.0119730000
-0.0378530000
-0.0028002000
-0.0028798000
0.0123900000
-0.0195990000
0.0386650000
0.0302440000
0.0227440000
-0.0019609000
0.0128160000
0.0111410000
-0.0400360000
0.0026114000
0.0315130000
-0.0294920000
-0.0403270000
0.0291700000
0.0540050000
0.0266710000
-0.0022593000
0.0131870000
0.0132890000
0.0062997000
-0.0027361000
0.0064278000
-0.0131560000
0.0106260000
-0.0099255000
0.0054674000
0.0077848000
0.0239660000
-0.0240260000
0.0073523000
0.0038715000
-0.0075334000
0.0196610000
-0.0131240000
0.0010854000
0.0139740000
0.0268920000
0.0140100000
0.0083348000
-0.0125640000
-0.0382710000
-0.0286000000
0.0118160000
0.0153300000
-0.0163310000
-0.0106650000
0.0239770000
0.0124540000
-0.1138800000
-0.0412740000
0.0000000000
-0.0238680000
0.0159980000
0.0031998000
-0.0030970000
0.0326890000
0.0052440000
0.0225140000
-0.0105900000
-0.0359690000
0.0040985000
-0.0010441000
-0.0266020000
0.0216360000
0.0019116000
-0.0256430000
-0.0056165000
0.0010457000
0.0017404000
0.0198170000
-0.0377840000
-0.0299570000
-0.0316160000
-0.0700280000
-0.0085178000
-0.0183550000
-0.0260380000
0.0020419000
0.0062697000
0.0140270000
0.0009365100
0.0108410000
0.0443150000
-0.0546780000
-0.0721750000
-0.0267930000
-0.0065405000
-0.0272870000
0.0001424600
-0.0516670000
-0.0101770000
-0.0011119000
-0.0003793300
-0.0023551000
-0.0020557000
-0.0007624500
-0.0009920500
0.0078585000
-0.0125270000
0.0090107000
-0.0066101000
0.0056214000
-0.0100440000
-0.0288250000
-0.0130860000
-0.0000801550
0.0109750000
-0.0114820000
0.0147280000
0.0136310000
0.0105460000
0.0154620000
0.0036644000
-0.0027028000
0.0035853000
-0.0018163000
0.0051376000
0.0097740000
-0.0102770000
0.0058388000
0.0101680000
-0.0016337000
-0.0141460000
0.0021837000
-0.0048507000
0.0091039000
0.0052291000
-0.0037821000
0.0061635000
-0.0077353000
0.0133680000
0.0076819000
0.0037580000
-0.0125740000
0.0085713000
0.0080134000
-0.0112960000
0.0058468000
-0.0240450000
-0.0419960000
0.0474030000
0.0112190000
0.0289430000
0.0402630000
0.0044387000
0.0079810000
0.0379090000
-0.0562160000
-0.0514460000
-0.0429190000
-0.0013698000
0.0074854000
0.0082047000
0.0042141000
-0.0033898000
0.0127520000
-0.0030614000
-0.0010886000
0.0038295000
0.0175020000
-0.0293090000
0.0098572000
0.0022458000
-0.0050664000
-0.0106360000
0.0021513000
-0.0017757000
-0.0216860000
0.0059936000
0.0066654000
-0.0208270000
-0.0046791000
0.0164480000
0.0070864000
-0.0197580000
0.0793000000
0.0133830000
-0.0515660000
-0.0568840000
-0.0297850000
-0.0371270000
-0.0030891000
0.0068394000
0.0139530000
-0.0158550000
0.0194020000
-0.0301510000
0.0130690000
-0.0656320000
-0.0555430000
-0.0214410000
-0.0305060000
0.0289590000
0.0077109000
0.0181410000
-0.0088076000
-0.0080225000
0.0125150000
0.0172740000
0.0458130000
0.0052318000
-0.0031299000
-0.0820930000
-0.0263810000
0.0279210000
-0.0095658000
-0.0133900000
-0.0550130000
-0.0833980000
-0.0278820000
0.0120500000
0.0135690000
0.0336320000
0.0096272000
-0.0018818000
-0.0059218000
0.0032740000
0.0128110000
-0.0615190000
-0.0007629200
-0.0174380000
0.0534910000
0.0476200000
0.0210800000
0.0075661000
0.0892140000
0.0116000000
0.0027714000
0.0010450000
0.0235880000
0.0069960000
-0.0292020000
0.0181480000
-0.0074988000
0.0028489000
0.0346800000
-0.0132720000
0.0478060000
0.0177740000
0.0187980000
0.0097808000
0.0422080000
0.0310210000
0.0178560000
-0.0035260000
0.0247380000
-0.0294430000
0.0000000000
0.0147070000
-0.0049522000
0.0344940000
0.0057767000
0.0246230000
0.0173980000
0.0433220000
0.0297050000
0.0136460000
0.0023634000
0.0047925000
-0.0030960000
-0.0019243000
-0.0064622000
-0.0120170000
0.0178990000
0.0137080000
-0.0015957000
-0.0044528000
-0.0248830000
-0.0060058000
-0.0151960000
-0.0088036000
0.0080927000
0.0130390000
0.0058538000
0.0236570000
-0.0281290000
-0.0092619000
-0.0171920000
-0.0294610000
-0.0306800000
-0.0019476000
-0.0040698000
0.0094167000
-0.0234500000
-0.0060446000
0.0114890000
0.0345360000
-0.0479050000
-0.0494650000
0.0172700000
0.0027024000
0.0091095000
0.0003646000
-0.0008752700
-0.0035820000
0.0092576000
-0.0138080000
-0.0360530000
0.0153390000
0.0360210000
0.0147430000
-0.0064458000
-0.0027581000
0.0411240000
0.0131890000
0.0131290000
-0.0438500000
-0.0297590000
-0.0621090000
0.0421930000
-0.0048433000
-0.0040707000
0.0682070000
0.0100780000
0.0033064000
-0.0438120000
0.0406210000
0.0253400000
0.0056119000
0.0255120000
0.0135140000
0.0398090000
0.0109230000
0.0000000000
0.0025038000
0.0178130000
-0.0058689000
0.0210510000
-0.0007674500
0.0040079000
0.0067806000
0.0051669000
0.0154190000
0.0069961000
0.0055732000
-0.0093693000
0.0144240000
-0.0325970000
0.0145920000
0.0358590000
0.0020050000
-0.0197080000
-0.0555270000
-0.0061407000
0.0290560000
0.0009096500
-0.0270990000
0.0003974600
0.0175680000
-0.0022085000
-0.0068914000
-0.0152860000
-0.0133720000
-0.0037171000
0.0137830000
0.0448420000
-0.0000383830
-0.0355530000
0.0331520000
-0.0285290000
-0.0462020000
0.0036006000
-0.0023576000
0.0247240000
0.0222330000
-0.0227380000
0.0034498000
-0.0480200000
-0.0021788000
-0.0275450000
-0.0024410000
-0.0275880000
0.0893990000
0.0593340000
0.0143180000
0.0212870000
-0.0402170000
0.0097021000
0.0315030000
0.0342210000
-0.1331700000
-0.0198870000
-0.0053665000
-0.0378460000
-0.0241780000
0.0478490000
-0.0336040000
-0.0321640000
-0.0493110000
-0.0690120000
0.0446810000
-0.0595600000
-0.0717420000
-0.0384670000
0.0101530000
0.1283300000
0.0197320000
0.0198630000
0.0004635100
-0.0194810000
-0.0064620000
-0.0068316000
0.0012845000
-0.0297100000
-0.0179740000
-0.0022200000
-0.0146320000
-0.0334970000
-0.0555400000
0.0699280000
0.0786480000
0.0497870000
0.0225590000
-0.0019785000
-0.0198350000
-0.0335770000
-0.0313250000
0.0095264000
0.0127800000
0.0070771000
-0.0066756000
-0.0068468000
0.0331150000
-0.0439590000
0.0138700000
0.0458470000
0.0434680000
0.0124050000
-0.0048339000
0.0016671000
0.0260140000
-0.0036082000
0.0311930000
0.0080562000
0.0201770000
0.0318260000
0.0078511000
0.0156590000
-0.0037271000
0.0037669000
-0.0627400000
-0.0395770000
0.0725360000
0.0053144000
0.0070084000
0.0224980000
0.0187840000
-0.0003885700
0.0117260000
-0.0069187000
0.0019706000
0.0209900000
0.0110710000
-0.0019646000
-0.0216010000
-0.0030859000
-0.0110410000
-0.0019623000
0.0019429000
0.0386460000
0.0027973000
0.0170420000
0.0021580000
0.0046476000
0.0159460000
-0.0063192000
-0.0288490000
-0.0062104000
-0.0094827000
-0.0129060000
0.0039216000
0.0154030000
0.0304940000
-0.0062257000
0.0139270000
0.0334860000
0.0402270000
0.0143000000
-0.0130630000
-0.1023300000
-0.0413960000
-0.0660210000
0.0025725000
0.0144270000
0.0693950000
0.0472890000
-0.0008115900
-0.0252510000
0.0575090000
0.0517630000
-0.0133770000
-0.0078653000
0.0147180000
0.0309240000
0.0384290000
0.0256680000
0.0056626000
-0.0056323000
0.0252180000
0.0036945000
0.0318220000
0.0199750000
0.0067282000
0.0034027000
0.0003465600
0.0011636000
-0.0082154000
-0.0078613000
-0.0004502900
0.0021792000
0.0090732000
-0.0094665000
0.0012637000
0.0163110000
-0.0011603000
0.0001796500
-0.0013966000
0.0014104000
0.0079140000
0.0118970000
0.0037455000
-0.0039487000
-0.0018988000
-0.0010730000
-0.0072973000
0.0017371000
-0.0092259000
