4.3173000000
2.2030000000
0.8954100000
0.3683300000
0.2013200000
0.2342600000
0.4993200000
1.2432000000
2.9339000000
4.8308000000
5.7347000000
6.1172000000
0.0513340000
0.3199400000
0.9030700000
2.2714000000
4.4042000000
5.5841000000
6.1205000000
0.2117900000
0.7964500000
2.0960000000
4.2608000000
5.5258000000
6.1038000000
0.2201700000
0.8381300000
2.1995000000
4.3696000000
5.5980000000
6.1934000000
0.4160800000
1.3261000000
3.2063000000
5.0219000000
5.8849000000
0.0769420000
0.6290200000
1.7695000000
3.8902000000
5.3304000000
5.9554000000
6.2586000000
0.2539400000
0.7837100000
2.0194000000
4.1561000000
5.4436000000
5.9868000000
6.2379000000
0.1604300000
0.5259300000
1.3934000000
3.2453000000
4.9936000000
5.7812000000
6.0877000000
6.1999000000
6.2290000000
6.2038000000
6.0994000000
5.8122000000
5.0712000000
3.3938000000
1.4669000000
0.5346300000
0.1118600000
6.0839000000
5.5748000000
4.4151000000
2.2993000000
0.9296400000
0.3613900000
0.1467000000
0.0782010000
0.0878180000
0.1851400000
0.4665500000
1.1978000000
2.8602000000
4.8003000000
5.7443000000
6.1752000000
0.2150300000
0.7514600000
1.9706000000
4.1109000000
5.4267000000
5.9869000000
6.2551000000
0.2121500000
0.6629100000
1.7291000000
3.7827000000
5.2383000000
5.8290000000
5.9809000000
5.8351000000
5.2561000000
3.8214000000
1.7580000000
0.6771400000
0.2228400000
6.2727000000
6.0290000000
5.5337000000
4.3571000000
2.2430000000
0.9113600000
0.3700300000
0.1903300000
0.1998200000
0.4078000000
1.0124000000
2.4650000000
4.5438000000
5.6368000000
6.1274000000
0.1796300000
0.6937300000
1.8472000000
3.9628000000
5.3464000000
5.9243000000
6.1509000000
6.2457000000
0.0198570000
0.0970380000
0.2711100000
0.7129700000
1.8089000000
3.8767000000
5.2738000000
5.8243000000
5.9320000000
5.6956000000
4.9048000000
3.1324000000
1.3692000000
0.5858300000
0.3553100000
0.4726700000
1.0453000000
2.4830000000
4.5327000000
5.5985000000
6.0319000000
6.2166000000
0.0516530000
0.2215000000
0.6110400000
1.5743000000
3.5376000000
5.1151000000
5.7727000000
5.9416000000
5.7756000000
5.1235000000
3.5547000000
1.5844000000
0.6141100000
0.2200300000
0.0442000000
6.1957000000
5.9768000000
5.4562000000
4.1996000000
2.0717000000
0.8209100000
0.3019100000
0.0802500000
6.2219000000
6.0192000000
5.5556000000
4.4270000000
2.3388000000
0.9699200000
0.4258500000
0.2948900000
0.4545600000
1.0533000000
2.5211000000
4.5703000000
5.6296000000
6.0809000000
0.0482060000
0.3468400000
0.9854000000
2.4575000000
4.5615000000
5.6769000000
6.2226000000
0.4244200000
1.3213000000
3.1871000000
5.0075000000
5.8710000000
0.0508580000
0.5646900000
1.6137000000
3.6618000000
5.2128000000
5.8865000000
6.1738000000
0.0686330000
0.3152800000
0.8720000000
2.1943000000
4.3285000000
5.5354000000
6.0624000000
0.0871460000
0.4821200000
1.3408000000
3.1731000000
4.9739000000
5.8087000000
6.1867000000
0.1851700000
0.6509300000
1.7226000000
3.7828000000
5.2448000000
5.8453000000
6.0217000000
5.9395000000
5.5203000000
4.4102000000
2.3454000000
0.9952900000
0.4840800000
0.4382600000
0.8168200000
1.9243000000
3.9700000000
5.2788000000
5.7438000000
5.6952000000
5.0919000000
3.5598000000
1.6216000000
0.6820200000
0.3728500000
0.4279500000
0.8980500000
2.1503000000
4.2392000000
5.4381000000
5.8889000000
5.9555000000
5.7002000000
4.8943000000
3.1050000000
1.3522000000
0.5757200000
0.3436500000
0.4484900000
0.9869400000
2.3597000000
4.4371000000
5.5522000000
5.9996000000
6.1672000000
6.2190000000
6.2067000000
6.1179000000
5.8646000000
5.2049000000
3.6640000000
1.6241000000
0.5828600000
0.0920030000
5.9762000000
5.2750000000
3.7280000000
1.6276000000
0.5256000000
6.2085000000
5.5336000000
4.1774000000
1.9609000000
0.6692600000
6.2812000000
5.6081000000
4.3099000000
2.0917000000
0.7408200000
0.0648430000
5.7369000000
4.6061000000
2.4810000000
0.9695000000
0.2825700000
6.1577000000
5.6244000000
4.4789000000
2.3605000000
0.9462000000
0.3431100000
0.0764250000
6.1693000000
5.8653000000
5.1555000000
3.5422000000
1.5390000000
0.5352100000
0.0414830000
5.8724000000
5.0208000000
3.2165000000
1.3373000000
0.4309700000
6.2256000000
5.6794000000
4.5656000000
2.4625000000
0.9874700000
0.3471100000
0.0469280000
6.0768000000
5.6187000000
4.5439000000
2.4832000000
1.0344000000
0.4451400000
0.2864500000
0.4103200000
0.9330800000
2.2593000000
4.3577000000
5.5184000000
5.9866000000
6.1627000000
6.2185000000
6.2096000000
6.1273000000
5.8896000000
5.2684000000
3.7979000000
1.7172000000
0.6257700000
0.1200700000
6.0173000000
5.3687000000
3.9278000000
1.7792000000
0.6090100000
0.0108540000
5.7067000000
4.5744000000
2.4515000000
0.9652600000
0.3012000000
6.2170000000
5.7835000000
4.8708000000
2.9706000000
1.2406000000
0.4565300000
0.1133500000
6.1664000000
5.8199000000
5.0264000000
3.2819000000
1.3975000000
0.4981500000
0.0765740000
6.0147000000
5.4043000000
4.0240000000
1.8713000000
0.6739100000
0.1005100000
5.9106000000
5.0736000000
3.3011000000
1.3698000000
0.4182900000
6.1562000000
5.4843000000
4.0957000000
1.8914000000
0.6360700000
6.2580000000
5.5716000000
4.2321000000
2.0057000000
0.6863000000
0.0005212700
5.5985000000
4.2807000000
2.0547000000
0.7139100000
0.0278840000
5.6529000000
4.4054000000
2.2046000000
0.8096400000
0.1386700000
5.8891000000
4.9724000000
3.0893000000
1.2585000000
0.3792700000
6.1535000000
5.5152000000
4.1821000000
1.9864000000
0.7055600000
0.0731800000
5.7971000000
4.7707000000
2.7460000000
1.1066000000
0.3614900000
6.2532000000
5.8318000000
4.9741000000
3.1504000000
1.3180000000
0.4536700000
0.0276570000
5.9125000000
5.1518000000
3.4862000000
1.4828000000
0.4754100000
6.2090000000
5.5852000000
4.3187000000
2.1287000000
0.7870700000
0.1537500000
5.9568000000
5.1559000000
3.4519000000
1.4425000000
0.4248700000
6.1027000000
5.3177000000
3.7104000000
1.5645000000
0.4185600000
5.9622000000
4.9073000000
2.8713000000
1.1023000000
0.2255500000
5.8556000000
4.7879000000
2.7231000000
1.0646000000
0.2807600000
6.0572000000
5.3264000000
3.7782000000
1.6355000000
0.4908000000
6.1006000000
5.2456000000
3.5294000000
1.4350000000
0.3315100000
5.8366000000
4.6267000000
2.4204000000
0.8744300000
0.0956010000
5.6954000000
4.4575000000
2.2519000000
0.8232200000
0.1278200000
5.8431000000
4.8491000000
2.8645000000
1.1534000000
0.3565300000
6.1919000000
5.6528000000
4.5243000000
2.4134000000
0.9680300000
0.3464500000
0.0644430000
6.1300000000
5.7598000000
4.8899000000
3.0356000000
1.2871000000
0.4987000000
0.1885500000
0.0658210000
0.0088710000
6.2440000000
6.1567000000
5.9433000000
5.3964000000
4.0746000000
1.9493000000
0.7532800000
0.2412600000
6.2514000000
5.9465000000
5.3111000000
3.8498000000
1.7380000000
0.6122100000
0.0611320000
5.8543000000
4.9485000000
3.0705000000
1.2635000000
0.4096300000
6.2372000000
5.7357000000
4.7137000000
2.6917000000
1.1045000000
0.4106600000
0.1160000000
6.2203000000
5.9785000000
5.4367000000
4.1459000000
2.0114000000
0.7813100000
0.2554600000
6.2655000000
5.9746000000
5.3801000000
4.0003000000
1.8635000000
0.6841800000
0.1369000000
6.0093000000
5.3280000000
3.8303000000
1.6970000000
0.5558400000
6.2255000000
5.5543000000
4.2170000000
2.0000000000
0.6922200000
0.0227250000
5.6591000000
4.4280000000
2.2371000000
0.8322800000
0.1669100000
5.9509000000
5.1254000000
3.3840000000
1.4026000000
0.4070200000
6.0905000000
5.2994000000
3.6756000000
1.5429000000
0.4097100000
5.9581000000
4.9039000000
2.8679000000
1.1022000000
0.2287900000
5.8653000000
4.8129000000
2.7655000000
1.0854000000
0.2897700000
6.0631000000
5.3349000000
3.7942000000
1.6463000000
0.4955200000
6.1034000000
5.2494000000
3.5360000000
1.4384000000
0.3320400000
5.8348000000
4.6209000000
2.4112000000
0.8686700000
0.0895690000
5.6831000000
4.4287000000
2.2143000000
0.7999100000
0.1027700000
5.7914000000
4.7247000000
2.6580000000
1.0563000000
0.3251400000
6.1966000000
5.6984000000
4.6481000000
2.5999000000
1.0673000000
0.4105700000
0.1529800000
0.0477650000
6.2735000000
6.2063000000
6.0624000000
5.6994000000
4.7851000000
2.8736000000
1.2268000000
0.5215000000
0.3143600000
0.4164300000
0.9230000000
2.2270000000
4.3233000000
5.4944000000
5.9559000000
6.0959000000
6.0497000000
5.7722000000
5.0057000000
3.2818000000
1.4182000000
0.5429700000
0.1844300000
0.0092677000
6.1266000000
5.8047000000
5.0224000000
3.2877000000
1.4074000000
0.5138800000
0.1118900000
6.1047000000
5.6369000000
4.5669000000
2.5074000000
1.0404000000
0.4361400000
0.2542700000
0.3239500000
0.7119300000
1.7532000000
3.7779000000
5.2084000000
5.7593000000
5.8100000000
5.4050000000
4.2305000000
2.1698000000
0.9350500000
0.5049000000
0.5584600000
1.1419000000
2.6348000000
4.6130000000
5.5962000000
5.9453000000
5.9628000000
5.6653000000
4.7885000000
2.9146000000
1.2657000000
0.5707400000
0.4159900000
0.6653400000
1.5320000000
3.3980000000
5.0103000000
5.6667000000
5.7450000000
5.3108000000
4.0502000000
2.0010000000
0.8607000000
0.4786800000
0.5572700000
1.1647000000
2.6909000000
4.6526000000
5.6162000000
5.9611000000
5.9894000000
5.7281000000
4.9399000000
3.1774000000
1.3791000000
0.5625200000
0.2792500000
0.2716200000
0.5322700000
1.3004000000
3.0322000000
4.8732000000
5.7270000000
6.0530000000
6.1508000000
6.1165000000
5.9164000000
5.3577000000
4.0000000000
1.8855000000
0.7219400000
0.2191900000
6.2171000000
5.8657000000
5.1088000000
3.4295000000
1.4662000000
0.4975200000
0.0060423000
5.8038000000
4.8571000000
2.9209000000
1.2036000000
0.4196000000
0.0430270000
5.9926000000
5.3726000000
3.9627000000
1.8209000000
0.6480000000
0.0786680000
5.8711000000
4.9798000000
3.1241000000
1.2859000000
0.4073200000
6.2081000000
5.6506000000
4.5020000000
2.3754000000
0.9421800000
0.3178400000
0.0060216000
5.9834000000
5.3823000000
3.9973000000
1.8573000000
0.6765000000
0.1217800000
5.9717000000
5.2320000000
3.6244000000
1.5524000000
0.4803700000
6.1536000000
5.4144000000
3.9116000000
1.7127000000
0.5037000000
6.0606000000
5.1136000000
3.2460000000
1.2742000000
0.2586900000
5.7822000000
4.5423000000
2.3167000000
0.8256700000
0.0696130000
5.6663000000
4.4013000000
2.1843000000
0.7849300000
0.0923400000
5.7751000000
4.6883000000
2.6018000000
1.0292000000
0.3135300000
6.1895000000
5.6886000000
4.6277000000
2.5703000000
1.0537000000
0.4062300000
0.1539400000
0.0549750000
0.0109620000
6.2611000000
6.2060000000
6.0737000000
5.7334000000
4.8705000000
3.0202000000
1.2909000000
0.5228000000
0.2539700000
0.2364000000
0.4530300000
1.1073000000
2.6562000000
4.6716000000
5.6878000000
6.1433000000
0.1760400000
0.6671400000
1.7770000000
3.8656000000
5.2919000000
5.8814000000
6.0798000000
6.0762000000
5.8670000000
5.2536000000
3.7831000000
1.7142000000
0.6350400000
0.1490700000
6.0948000000
5.5701000000
4.3912000000
2.2634000000
0.9052400000
0.3336200000
0.0894770000
6.2179000000
5.9978000000
5.4962000000
4.2865000000
2.1661000000
0.8736300000
0.3478700000
0.1630100000
0.1404400000
0.2578400000
0.6302500000
1.5920000000
3.5535000000
5.1147000000
5.7556000000
5.8932000000
5.6506000000
4.8168000000
2.9884000000
1.3126000000
0.6036800000
0.4624100000
0.7672600000
1.7663000000
3.7462000000
5.1577000000
5.6668000000
5.5977000000
4.8955000000
3.2101000000
1.4562000000
0.6957800000
0.5763000000
1.0017000000
2.2696000000
4.3031000000
5.4192000000
5.7748000000
5.6436000000
4.9154000000
3.2079000000
1.4341000000
0.6509500000
0.4737400000
0.7527700000
1.7154000000
3.6677000000
5.1178000000
5.6489000000
5.5874000000
4.8849000000
3.1973000000
1.4540000000
0.7038700000
0.6009200000
1.0634000000
2.3998000000
4.4119000000
5.4687000000
5.7982000000
5.6616000000
4.9426000000
3.2500000000
1.4492000000
0.6410200000
0.4308600000
0.6383500000
1.4417000000
3.2367000000
4.9368000000
5.6619000000
5.8049000000
5.4876000000
4.4560000000
2.4571000000
1.0905000000
0.6107300000
0.7044300000
1.4457000000
3.1792000000
4.8751000000
5.5842000000
5.6498000000
5.1235000000
3.6805000000
1.7244000000
0.7563900000
0.4747300000
0.6501700000
1.4309000000
3.2019000000
4.9126000000
5.6433000000
5.7769000000
5.4255000000
4.3178000000
2.2870000000
1.0104000000
0.5809800000
0.7003500000
1.4642000000
3.2224000000
4.8999000000
5.5949000000
5.6546000000
5.1263000000
3.6826000000
1.7238000000
0.7533700000
0.4670300000
0.6309300000
1.3847000000
3.1213000000
4.8781000000
5.6487000000
5.8265000000
5.5633000000
4.6408000000
2.7208000000
1.2093000000
0.6332300000
0.6488800000
1.2688000000
2.8435000000
4.7119000000
5.5803000000
5.8022000000
5.5615000000
4.6601000000
2.7601000000
1.2324000000
0.6479800000
0.6671600000
1.3051000000
2.9079000000
4.7423000000
5.5771000000
5.7631000000
5.4522000000
4.4027000000
2.4008000000
1.0737000000
0.6256600000
0.7632400000
1.5921000000
3.4207000000
4.9738000000
5.5609000000
5.4869000000
4.6982000000
2.9095000000
1.3509000000
0.7681300000
0.8801800000
1.7631000000
3.6276000000
5.0250000000
5.4708000000
5.1908000000
4.0231000000
2.0836000000
1.0156000000
0.7972800000
1.2944000000
2.7537000000
4.5912000000
5.4360000000
5.5314000000
4.9439000000
3.3830000000
1.5831000000
0.7830600000
0.6885000000
1.2293000000
2.7124000000
4.6116000000
5.5159000000
5.7260000000
5.4074000000
4.3206000000
2.3097000000
