0.9114900000
0.2895000000
0.2212300000
0.3407200000
0.5951400000
0.5254200000
0.8045700000
0.0242580000
0.2336900000
0.5141500000
0.4777900000
0.7426400000
0.8928000000
0.8096400000
0.3336000000
0.4497700000
0.7497200000
0.9739400000
0.1653300000
0.3996900000
0.8956300000
0.3690500000
0.4936700000
0.8267000000
0.1110600000
0.5088900000
0.6939400000
0.3989000000
0.6018800000
0.2329300000
0.2824800000
0.4864400000
0.9575600000
0.4948100000
0.7189700000
0.6459500000
0.9955500000
0.4302700000
0.5838600000
0.0409840000
0.6903500000
0.0200620000
0.4437300000
0.6007900000
0.0860220000
0.8356200000
0.3352400000
0.4418300000
0.7323600000
0.9355900000
0.0457450000
0.0983300000
0.1533300000
0.2680100000
0.4921300000
0.0612720000
0.8316200000
0.3322400000
0.4363900000
0.7230900000
0.9146000000
0.9694400000
0.8493500000
0.4133400000
0.6020000000
0.1763800000
0.1285100000
0.1556800000
0.2548200000
0.4655200000
0.9359100000
0.4427800000
0.6344400000
0.2694800000
0.3607400000
0.6116000000
0.5432100000
0.8307000000
0.0723770000
0.3360100000
0.9192800000
0.4741900000
0.6924300000
0.5463100000
0.8243300000
0.0507520000
0.2826400000
0.6421600000
0.8706100000
0.9989100000
0.0203810000
0.9448200000
0.6807000000
0.0183710000
0.4565000000
0.6306900000
0.2007000000
0.1846600000
0.2897800000
0.5186500000
0.1557300000
0.1060800000
0.1034100000
0.1244300000
0.1861700000
0.3336200000
0.5995500000
0.6041800000
0.9473700000
0.3227800000
0.2975700000
0.4869300000
0.9135400000
0.3539500000
0.4425100000
0.7250300000
0.9094200000
0.9377700000
0.7396500000
0.1413000000
0.8798200000
0.4373000000
0.6380200000
0.3163100000
0.4610200000
0.7901700000
0.0559500000
0.3594100000
0.1950100000
0.2579400000
0.4539800000
0.8632800000
0.2370500000
0.0803630000
0.9931100000
0.8009500000
0.2733900000
0.2935000000
0.4934600000
0.9593700000
0.4946400000
0.7183600000
0.6420800000
0.9878300000
0.4072700000
0.5313300000
0.8927200000
0.2453400000
0.0554550000
0.9171400000
0.5771900000
0.8486400000
0.0749440000
0.3160400000
0.7448300000
0.0467420000
0.4333000000
0.5517000000
0.9248200000
0.3196400000
0.3198400000
0.5277800000
0.0698460000
0.8372800000
0.3445400000
0.4635700000
0.7730700000
0.0163130000
0.2614100000
0.6516100000
0.8984100000
0.0992400000
0.3161800000
0.6584800000
0.8826500000
0.0072328000
0.0333330000
0.9807100000
0.7885600000
0.2458300000
0.2164200000
0.3454400000
0.6060300000
0.5895100000
0.9149500000
0.2399300000
0.9625800000
0.6417800000
0.9461700000
0.2604300000
0.9787200000
0.6823100000
0.0158010000
0.4425900000
0.6007300000
0.0882270000
0.8434600000
0.3552700000
0.4859200000
0.8188300000
0.0995240000
0.4746500000
0.6173800000
0.0953790000
0.8534800000
0.3799300000
0.5360700000
0.9444500000
0.4024100000
0.5471600000
0.9487100000
0.4038900000
0.5483300000
0.9506000000
0.4089000000
0.5589900000
0.9813600000
0.5030900000
0.7278800000
0.6713800000
0.0474600000
0.5960500000
0.8610000000
0.0814530000
0.3168100000
0.7207800000
0.0002522900
0.3019000000
0.0366140000
0.8404000000
0.3634200000
0.5053600000
0.8648600000
0.1949100000
0.8610600000
0.3682600000
0.5080400000
0.8672200000
0.1985900000
0.8746100000
0.4037000000
0.5775300000
0.0723550000
0.8081800000
0.2690100000
0.2741000000
0.4582000000
0.8430300000
0.1802900000
0.8443300000
0.3288700000
0.4209700000
0.6955500000
0.8387000000
0.6547700000
0.9872600000
0.3824500000
0.4590000000
0.7442600000
0.9448900000
0.0569600000
0.1247800000
0.2209700000
0.4122800000
0.7716000000
0.0503860000
0.3812800000
0.3428900000
0.5534000000
0.1446000000
0.0584600000
0.9692800000
0.7374600000
0.1292100000
0.8315900000
0.3118600000
0.3831700000
0.6359200000
0.6140200000
0.9548800000
0.3335500000
0.3283400000
0.5391000000
0.1101600000
0.9602400000
0.6846900000
0.0233530000
0.4692300000
0.6551100000
0.3009600000
0.4254800000
0.7179900000
0.9168400000
0.9954300000
0.9421200000
0.6869000000
0.0306580000
0.4956100000
0.7030500000
0.5182400000
