187.9400000000
187.9700000000
202.9700000000
238.2500000000
209.8200000000
3.9500000000
15.6500000000
42.5330000000
42.4670000000
42.4500000000
42.3830000000
42.5000000000
42.4500000000
42.5670000000
41.3000000000
33.2670000000
4.7833000000
5.3167000000
5.0167000000
69.8000000000
220.9300000000
220.5500000000
220.1200000000
220.3300000000
220.4500000000
220.4700000000
220.0700000000
219.2800000000
217.6700000000
211.5300000000
196.3800000000
172.1500000000
154.8500000000
237.5700000000
217.9200000000
236.7800000000
250.6700000000
249.6200000000
249.5300000000
246.4500000000
246.4800000000
248.9200000000
246.8200000000
249.2700000000
254.2200000000
254.8700000000
254.9300000000
257.3300000000
260.3000000000
262.2800000000
259.8300000000
257.5700000000
259.6300000000
262.8300000000
260.4800000000
257.1800000000
259.1700000000
257.1500000000
256.7800000000
257.1300000000
261.5200000000
264.8800000000
266.2800000000
266.0700000000
263.5500000000
262.8800000000
260.1800000000
257.8800000000
257.7000000000
261.1800000000
265.8800000000
269.5800000000
270.6300000000
269.0700000000
268.5800000000
267.7300000000
267.2200000000
268.8000000000
269.5500000000
271.6800000000
272.6000000000
270.7200000000
269.2700000000
270.0700000000
270.4800000000
271.8000000000
272.4800000000
273.8300000000
273.0200000000
271.9200000000
270.3500000000
270.2200000000
270.6700000000
269.1000000000
273.3500000000
274.8200000000
277.0000000000
281.4000000000
281.5500000000
281.1800000000
283.1300000000
283.9300000000
283.2200000000
280.8700000000
275.8700000000
270.1700000000
269.5700000000
270.7500000000
270.4300000000
274.9500000000
274.1700000000
272.8200000000
275.4700000000
275.1800000000
275.2000000000
275.0800000000
275.6700000000
277.7800000000
269.5500000000
308.7700000000
306.5500000000
311.1800000000
304.7200000000
303.6500000000
303.0500000000
303.4000000000
306.8200000000
307.7200000000
305.9700000000
304.9000000000
305.4300000000
308.5500000000
308.9200000000
308.8200000000
306.4200000000
305.2800000000
304.7000000000
303.9300000000
303.6500000000
302.1700000000
302.6300000000
303.7500000000
304.9800000000
303.2800000000
303.8000000000
307.7300000000
310.4700000000
310.6800000000
307.4000000000
310.2000000000
310.7500000000
310.1300000000
308.6500000000
307.3500000000
307.6700000000
306.8000000000
303.0700000000
304.7000000000
306.4700000000
307.8500000000
310.8200000000
312.8700000000
311.2500000000
314.5700000000
314.7200000000
313.8200000000
316.9000000000
313.2700000000
315.3000000000
315.7200000000
314.8000000000
313.3500000000
315.8700000000
316.9800000000
317.5800000000
317.1500000000
316.6200000000
314.7200000000
313.1300000000
310.3200000000
310.3500000000
310.1300000000
310.6700000000
312.6500000000
313.7700000000
313.2200000000
310.6500000000
308.6200000000
310.1700000000
310.6200000000
309.4700000000
307.9700000000
306.3300000000
305.8200000000
304.4000000000
303.0000000000
300.0500000000
297.5700000000
292.4200000000
297.4000000000
301.4700000000
302.4500000000
292.9000000000
274.5800000000
277.5200000000
279.4200000000
281.8700000000
290.1500000000
270.1800000000
275.7500000000
301.7000000000
298.5500000000
295.0500000000
291.9300000000
289.0700000000
286.2300000000
284.6800000000
281.5200000000
279.1500000000
277.0700000000
274.3800000000
287.5500000000
302.6000000000
299.8500000000
297.0500000000
294.5300000000
278.9500000000
270.0200000000
247.6700000000
280.9200000000
173.6700000000
93.7500000000
88.9000000000
89.0170000000
165.6200000000
313.9300000000
314.7500000000
314.5300000000
314.6800000000
310.2500000000
307.5000000000
309.9200000000
308.1800000000
308.4300000000
308.7800000000
308.7500000000
309.2800000000
309.2200000000
309.6700000000
309.3200000000
310.4500000000
310.8800000000
310.9500000000
310.3800000000
310.8300000000
311.6200000000
310.8300000000
310.9300000000
311.2000000000
311.3700000000
311.6500000000
312.0200000000
312.3000000000
312.2800000000
312.7200000000
312.0000000000
312.5000000000
312.1800000000
311.9700000000
313.4000000000
312.8800000000
312.2500000000
313.2500000000
312.5300000000
313.1200000000
313.9800000000
314.3000000000
313.9800000000
313.9200000000
313.4300000000
313.3700000000
313.8300000000
314.4500000000
314.7500000000
314.2000000000
314.0200000000
314.6300000000
314.9700000000
315.1300000000
315.6700000000
316.0800000000
316.1300000000
315.9800000000
316.1800000000
315.7200000000
316.2200000000
317.2300000000
316.3500000000
316.7700000000
316.1300000000
316.5300000000
316.6700000000
316.5200000000
316.3300000000
316.8200000000
316.9800000000
316.8300000000
316.4300000000
315.9300000000
316.6000000000
316.8300000000
316.3000000000
315.8500000000
316.0200000000
316.2000000000
315.9800000000
316.3700000000
315.7800000000
316.9000000000
316.4300000000
316.3000000000
316.6500000000
316.4000000000
316.0200000000
315.3700000000
315.9800000000
315.3500000000
315.9500000000
315.8300000000
315.1800000000
315.6200000000
315.2200000000
315.8300000000
315.4300000000
315.1800000000
314.6700000000
315.4200000000
314.5200000000
313.0500000000
312.8700000000
313.4500000000
313.0000000000
312.4200000000
311.5700000000
312.3000000000
311.4700000000
310.8000000000
310.5700000000
310.4500000000
311.1500000000
310.1000000000
309.5500000000
309.2500000000
310.3200000000
311.0500000000
310.8500000000
311.5800000000
311.1700000000
311.0500000000
309.9800000000
309.4500000000
309.7500000000
310.2000000000
306.4200000000
306.9300000000
306.8800000000
306.8500000000
305.6200000000
306.7800000000
305.6800000000
306.7000000000
306.9300000000
305.8200000000
306.0200000000
306.0200000000
306.4200000000
304.4000000000
305.9000000000
304.6500000000
304.4300000000
305.4700000000
303.0200000000
305.0200000000
302.0200000000
304.0700000000
303.4300000000
301.3000000000
302.2000000000
299.6000000000
303.7500000000
302.0000000000
300.2300000000
299.3000000000
298.2300000000
302.1300000000
301.9300000000
299.5700000000
301.3200000000
297.2700000000
281.2200000000
291.3300000000
302.4000000000
313.3700000000
315.2700000000
316.1300000000
315.3800000000
315.5800000000
316.8200000000
315.4000000000
315.7300000000
316.0500000000
316.4300000000
316.6200000000
315.7700000000
315.0000000000
316.1500000000
316.2000000000
315.7500000000
316.1300000000
315.5000000000
316.3700000000
315.6800000000
315.7000000000
315.8000000000
316.0200000000
315.6700000000
316.1700000000
315.6200000000
315.7500000000
315.3200000000
315.8700000000
315.8800000000
315.8800000000
315.3000000000
315.5000000000
315.3000000000
315.3800000000
315.5800000000
315.5500000000
314.8200000000
314.7700000000
314.1500000000
314.4000000000
313.4300000000
313.5000000000
313.9800000000
314.3700000000
313.8000000000
313.6200000000
314.0500000000
312.1800000000
311.6300000000
311.1500000000
310.6300000000
310.8000000000
311.2800000000
310.0000000000
309.7700000000
310.0200000000
310.7300000000
309.9200000000
309.1200000000
309.9000000000
310.0500000000
308.5300000000
309.0500000000
309.6000000000
309.9500000000
309.6800000000
308.0700000000
307.4700000000
307.8200000000
307.8200000000
308.0200000000
307.7700000000
306.6800000000
306.4500000000
306.2800000000
306.2000000000
305.7700000000
304.4000000000
304.9000000000
304.5200000000
305.1700000000
305.1800000000
302.7800000000
302.2300000000
300.5000000000
301.5800000000
301.5300000000
301.3700000000
303.5300000000
303.0500000000
302.7500000000
304.1700000000
302.8800000000
296.5200000000
293.5500000000
293.2500000000
294.2700000000
293.5700000000
294.4700000000
295.8800000000
296.5000000000
296.5500000000
300.0000000000
299.5200000000
298.8200000000
300.9800000000
302.6300000000
304.4000000000
297.9300000000
277.2800000000
279.8000000000
276.9700000000
278.3800000000
279.9800000000
282.3500000000
283.7200000000
283.8800000000
284.5500000000
286.8300000000
289.0800000000
290.8500000000
292.8000000000
293.8300000000
295.1300000000
296.6500000000
298.9800000000
299.1700000000
302.1200000000
303.6500000000
304.8300000000
270.8200000000
247.6000000000
252.7700000000
265.1200000000
266.9800000000
261.4700000000
261.9500000000
264.2500000000
273.1200000000
