0.9313500000
0.8627100000
0.7254200000
0.4508400000
0.9016800000
0.8033600000
0.6067100000
0.2134200000
0.4268500000
0.8537000000
0.7073900000
0.4147800000
0.8295600000
0.6591300000
0.3182500000
0.6365100000
0.2730200000
0.5460400000
0.0920710000
0.1841400000
0.3682800000
0.7365600000
0.4731300000
0.9462600000
0.8925100000
0.7850200000
0.5700400000
0.1400900000
0.2801800000
0.5603600000
0.1207100000
0.2414200000
0.4828500000
0.9656900000
0.9313900000
0.8627800000
0.7255600000
0.4511100000
0.9022200000
0.8044400000
0.6088800000
0.2177700000
0.4355300000
0.8710700000
0.7421400000
0.4842700000
0.9685400000
0.9370900000
0.8741700000
0.7483500000
0.4966900000
0.9933800000
0.9867700000
0.9735300000
0.9470700000
0.8941300000
0.7882600000
0.5765300000
0.1530600000
0.3061100000
0.6122300000
0.2244600000
0.4489200000
0.8978400000
0.7956800000
0.5913600000
0.1827100000
0.3654200000
0.7308500000
0.4616900000
0.9233900000
0.8467800000
0.6935500000
0.3871000000
0.7742000000
0.5484000000
0.0968080000
0.1936200000
0.3872300000
0.7744700000
0.5489300000
0.0978620000
0.1957200000
0.3914500000
0.7829000000
0.5657900000
0.1315800000
0.2631600000
0.5263200000
0.0526470000
0.1052900000
0.2105900000
0.4211800000
0.8423500000
0.6847100000
0.3694100000
0.7388300000
0.4776500000
0.9553000000
0.9106100000
0.8212200000
0.6424400000
0.2848700000
0.5697500000
0.1394900000
0.2789900000
0.5579700000
0.1159400000
0.2318800000
0.4637700000
0.9275300000
0.8550700000
0.7101300000
0.4202600000
0.8405300000
0.6810500000
0.3621000000
0.7242100000
0.4484200000
0.8968400000
0.7936800000
0.5873500000
0.1747100000
0.3494100000
0.6988300000
0.3976500000
0.7953100000
0.5906100000
0.1812300000
0.3624600000
0.7249100000
0.4498200000
0.8996400000
0.7992900000
0.5985800000
0.1971500000
0.3943100000
0.7886200000
0.5772400000
0.1544800000
0.3089500000
0.6179100000
0.2358200000
0.4716300000
0.9432700000
0.8865300000
0.7730600000
0.5461200000
0.0922460000
0.1844900000
0.3689800000
0.7379700000
0.4759400000
0.9518800000
0.9037600000
0.8075100000
0.6150200000
0.2300500000
0.4601000000
0.9202000000
0.8404000000
0.6807900000
0.3615800000
0.7231600000
0.4463200000
0.8926500000
0.7853000000
0.5705900000
0.1411800000
0.2823600000
0.5647300000
0.1294600000
0.2589200000
0.5178300000
0.0356670000
0.0713350000
0.1426700000
0.2853400000
0.5706800000
0.1413600000
0.2827200000
0.5654300000
0.1308600000
0.2617200000
0.5234500000
0.0468920000
0.0937840000
0.1875700000
0.3751400000
0.7502700000
0.5005500000
0.0010914000
0.0021828000
0.0043656000
0.0087311000
0.0174620000
0.0349240000
0.0698490000
0.1397000000
0.2794000000
0.5587900000
0.1175800000
0.2351600000
0.4703300000
0.9406500000
0.8813000000
0.7626100000
0.5252100000
0.0504210000
0.1008400000
0.2016800000
0.4033700000
0.8067300000
0.6134600000
0.2269300000
0.4538600000
0.9077200000
0.8154400000
0.6308800000
0.2617600000
0.5235100000
0.0470270000
0.0940530000
0.1881100000
0.3762100000
0.7524300000
0.5048500000
0.0096999000
0.0194000000
0.0388000000
0.0775990000
0.1552000000
0.3104000000
0.6207900000
0.2415900000
0.4831700000
0.9663400000
0.9326900000
0.8653700000
0.7307500000
0.4614900000
0.9229900000
0.8459800000
0.6919500000
0.3839100000
0.7678100000
0.5356200000
0.0712420000
0.1424800000
0.2849700000
0.5699400000
0.1398700000
0.2797400000
0.5594900000
0.1189800000
0.2379600000
0.4759100000
0.9518200000
0.9036500000
0.8073000000
0.6146000000
0.2292000000
0.4584000000
0.9167900000
0.8335800000
0.6671700000
0.3343300000
0.6686700000
0.3373300000
0.6746600000
0.3493300000
0.6986500000
0.3973000000
0.7946000000
0.5892000000
0.1784100000
0.3568100000
0.7136200000
0.4272400000
0.8544800000
0.7089600000
0.4179200000
0.8358400000
0.6716900000
0.3433800000
0.6867600000
0.3735200000
0.7470300000
0.4940700000
0.9881400000
0.9762700000
0.9525400000
0.9050800000
0.8101700000
0.6203400000
0.2406700000
0.4813400000
0.9626800000
0.9253700000
0.8507300000
0.7014600000
0.4029200000
0.8058400000
0.6116800000
0.2233600000
0.4467200000
0.8934400000
0.7868900000
0.5737700000
0.1475400000
0.2950900000
0.5901700000
0.1803400000
0.3606800000
0.7213700000
0.4427400000
0.8854800000
0.7709600000
0.5419100000
0.0838290000
0.1676600000
0.3353200000
0.6706300000
0.3412700000
0.6825300000
0.3650700000
0.7301300000
0.4602700000
0.9205400000
0.8410800000
0.6821500000
0.3643000000
0.7286100000
0.4572100000
0.9144200000
0.8288400000
0.6576900000
0.3153800000
0.6307600000
0.2615100000
0.5230200000
0.0460490000
0.0920970000
0.1841900000
0.3683900000
0.7367800000
0.4735600000
0.9471100000
0.8942300000
0.7884600000
0.5769200000
0.1538300000
0.3076600000
0.6153200000
0.2306500000
0.4613000000
0.9225900000
0.8451800000
0.6903600000
0.3807200000
0.7614400000
0.5228900000
0.0457700000
0.0915400000
0.1830800000
0.3661600000
0.7323200000
0.4646400000
0.9292800000
0.8585600000
0.7171300000
0.4342500000
0.8685000000
0.7370000000
0.4740000000
0.9480100000
0.8960200000
0.7920300000
0.5840600000
0.1681200000
0.3362400000
0.6724800000
0.3449600000
0.6899300000
0.3798600000
0.7597100000
0.5194300000
0.0388500000
0.0777010000
0.1554000000
0.3108000000
0.6216000000
0.2432100000
0.4864200000
0.9728300000
0.9456600000
0.8913300000
0.7826600000
0.5653100000
0.1306300000
0.2612600000
0.5225100000
0.0450270000
0.0900540000
0.1801100000
0.3602200000
0.7204300000
0.4408700000
0.8817300000
0.7634700000
0.5269300000
0.0538670000
0.1077300000
0.2154700000
0.4309300000
0.8618600000
0.7237300000
0.4474600000
0.8949100000
0.7898300000
0.5796500000
0.1593000000
0.3186000000
0.6372100000
0.2744200000
0.5488400000
0.0976710000
0.1953400000
0.3906800000
0.7813700000
0.5627300000
0.1254700000
0.2509300000
0.5018700000
0.0037341000
0.0074682000
0.0149360000
0.0298730000
0.0597460000
0.1194900000
0.2389800000
0.4779600000
0.9559300000
0.9118600000
0.8237200000
0.6474400000
0.2948800000
0.5897500000
0.1795100000
0.3590200000
0.7180400000
0.4360800000
0.8721500000
0.7443000000
0.4886000000
0.9772000000
0.9544100000
0.9088100000
0.8176300000
0.6352500000
0.2705000000
0.5410100000
0.0820120000
0.1640200000
0.3280500000
0.6560900000
0.3121900000
0.6243800000
0.2487600000
0.4975100000
0.9950200000
0.9900400000
0.9800900000
0.9601700000
0.9203500000
0.8406900000
0.6813900000
0.3627800000
0.7255600000
0.4511100000
0.9022300000
0.8044500000
0.6089000000
0.2178100000
0.4356100000
0.8712300000
0.7424500000
0.4849000000
0.9698100000
0.9396200000
0.8792400000
0.7584700000
0.5169500000
0.0338900000
0.0677800000
0.1355600000
0.2711200000
0.5422400000
0.0844830000
0.1689700000
0.3379300000
0.6758700000
0.3517400000
0.7034700000
0.4069400000
0.8138800000
0.6277600000
0.2555200000
0.5110400000
0.0220850000
0.0441710000
0.0883420000
0.1766800000
0.3533700000
0.7067300000
0.4134700000
0.8269300000
0.6538700000
0.3077400000
0.6154800000
0.2309600000
0.4619100000
0.9238300000
0.8476500000
0.6953100000
0.3906200000
0.7812300000
0.5624600000
0.1249200000
0.2498400000
0.4996900000
0.9993700000
0.9987500000
0.9974900000
0.9949900000
0.9899800000
0.9799600000
0.9599100000
0.9198300000
0.8396500000
0.6793000000
0.3586100000
0.7172100000
0.4344300000
0.8688600000
0.7377100000
0.4754300000
0.9508600000
0.9017200000
0.8034300000
0.6068700000
0.2137300000
0.4274700000
0.8549300000
0.7098600000
0.4197200000
0.8394400000
0.6788800000
0.3577700000
0.7155300000
0.4310600000
0.8621200000
0.7242500000
0.4485000000
0.8969900000
0.7939900000
0.5879700000
0.1759400000
0.3518900000
0.7037800000
0.4075600000
0.8151200000
0.6302300000
0.2604700000
0.5209400000
0.0418750000
0.0837490000
0.1675000000
0.3350000000
0.6699900000
0.3399900000
0.6799800000
0.3599500000
0.7199000000
0.4398000000
0.8796000000
0.7592100000
0.5184100000
0.0368210000
0.0736420000
0.1472800000
0.2945700000
0.5891400000
0.1782700000
0.3565500000
0.7131000000
0.4262000000
0.8523900000
0.7047800000
0.4095700000
0.8191300000
0.6382700000
0.2765400000
0.5530700000
0.1061500000
0.2123000000
0.4245900000
0.8491900000
0.6983700000
0.3967500000
0.7934900000
0.5869900000
0.1739700000
0.3479500000
0.6959000000
0.3917900000
0.7835900000
0.5671800000
0.1343600000
0.2687100000
0.5374300000
0.0748580000
0.1497200000
0.2994300000
0.5988600000
0.1977200000
0.3954400000
0.7908800000
0.5817700000
0.1635300000
0.3270700000
0.6541300000
0.3082700000
0.6165300000
0.2330600000
0.4661200000
0.9322400000
0.8644900000
0.7289800000
0.4579600000
0.9159100000
0.8318300000
0.6636500000
0.3273000000
0.6546100000
0.3092200000
0.6184300000
0.2368600000
0.4737300000
0.9474600000
0.8949100000
0.7898300000
0.5796500000
0.1593000000
0.3186100000
0.6372100000
0.2744200000
0.5488400000
0.0976870000
0.1953700000
0.3907500000
0.7814900000
0.5629900000
0.1259700000
0.2519400000
0.5038800000
0.0077613000
0.0155230000
0.0310450000
0.0620900000
0.1241800000
0.2483600000
0.4967200000
0.9934500000
0.9868900000
0.9737900000
0.9475800000
0.8951500000
0.7903000000
0.5806100000
0.1612200000
0.3224300000
0.6448600000
0.2897200000
0.5794400000
0.1588900000
0.3177800000
0.6355600000
0.2711200000
0.5422300000
0.0844680000
0.1689400000
0.3378700000
0.6757500000
0.3514900000
0.7029800000
0.4059600000
0.8119300000
0.6238500000
0.2477100000
0.4954200000
0.9908400000
0.9816700000
0.9633500000
0.9266900000
0.8533800000
0.7067600000
0.4135200000
0.8270400000
0.6540800000
0.3081600000
0.6163300000
0.2326600000
0.4653200000
0.9306400000
0.8612800000
0.7225500000
0.4451000000
0.8902000000
0.7804000000
0.5608000000
0.1216100000
0.2432200000
0.4864400000
0.9728700000
0.9457500000
0.8914900000
0.7829900000
0.5659700000
0.1319500000
0.2638900000
0.5277900000
0.0555760000
0.1111500000
0.2223000000
0.4446100000
0.8892200000
0.7784400000
0.5568800000
0.1137500000
0.2275000000
0.4550100000
0.9100200000
0.8200300000
0.6400700000
0.2801300000
0.5602600000
0.1205200000
0.2410500000
0.4820900000
0.9641900000
0.9283800000
0.8567500000
0.7135100000
0.4270100000
0.8540200000
0.7080400000
0.4160900000
0.8321800000
0.6643500000
0.3287100000
0.6574100000
0.3148300000
0.6296500000
0.2593000000
0.5186100000
0.0372140000
0.0744280000
0.1488600000
0.2977100000
0.5954200000
0.1908500000
0.3817000000
0.7634000000
0.5267900000
0.0535850000
0.1071700000
0.2143400000
0.4286800000
0.8573600000
0.7147100000
0.4294300000
0.8588500000
0.7177000000
0.4354000000
0.8708100000
0.7416200000
0.4832300000
0.9664600000
0.9329200000
0.8658500000
0.7317000000
0.4634000000
0.9267900000
0.8535800000
0.7071600000
0.4143300000
0.8286600000
0.6573100000
0.3146200000
0.6292400000
0.2584800000
0.5169700000
0.0339380000
0.0678760000
0.1357500000
0.2715000000
0.5430100000
0.0860190000
0.1720400000
0.3440800000
0.6881500000
0.3763000000
0.7526100000
0.5052200000
0.0104300000
0.0208600000
0.0417210000
0.0834420000
0.1668800000
0.3337700000
0.6675300000
0.3350700000
0.6701300000
0.3402700000
0.6805300000
0.3610700000
0.7221300000
0.4442700000
0.8885300000
0.7770600000
0.5541300000
0.1082500000
0.2165100000
0.4330100000
0.8660300000
0.7320500000
0.4641100000
0.9282100000
0.8564200000
0.7128400000
0.4256900000
0.8513700000
0.7027500000
0.4054900000
0.8109900000
0.6219700000
0.2439500000
0.4878900000
0.9757800000
0.9515600000
0.9031200000
0.8062500000
0.6124900000
0.2249800000
0.4499700000
0.8999400000
0.7998700000
0.5997400000
0.1994800000
0.3989600000
0.7979200000
0.5958400000
0.1916900000
0.3833700000
0.7667500000
0.5335000000
0.0669990000
0.1340000000
0.2679900000
0.5359900000
0.0719760000
0.1439500000
0.2879000000
0.5758100000
0.1516100000
0.3032300000
0.6064500000
0.2129100000
0.4258200000
0.8516300000
0.7032700000
0.4065400000
0.8130800000
0.6261500000
0.2523100000
0.5046100000
0.0092243000
0.0184490000
0.0368970000
0.0737950000
0.1475900000
0.2951800000
0.5903600000
0.1807200000
0.3614300000
0.7228600000
0.4457300000
0.8914500000
0.7829000000
0.5658000000
0.1316000000
0.2632100000
0.5264200000
0.0528330000
0.1056700000
0.2113300000
0.4226600000
0.8453300000
0.6906600000
0.3813100000
0.7626200000
0.5252500000
0.0504940000
0.1009900000
0.2019700000
0.4039500000
0.8079000000
0.6157900000
0.2315900000
0.4631800000
0.9263600000
0.8527100000
0.7054200000
0.4108400000
0.8216900000
0.6433800000
0.2867500000
0.5735100000
0.1470200000
0.2940300000
0.5880700000
0.1761300000
0.3522700000
0.7045300000
0.4090600000
0.8181200000
0.6362400000
0.2724900000
0.5449800000
0.0899530000
0.1799100000
0.3598100000
0.7196200000
0.4392400000
0.8784900000
0.7569700000
0.5139500000
0.0278900000
0.0557800000
0.1115600000
0.2231200000
0.4462400000
0.8924800000
0.7849600000
0.5699300000
0.1398600000
0.2797100000
0.5594300000
0.1188500000
0.2377000000
0.4754100000
0.9508100000
0.9016300000
0.8032500000
0.6065000000
0.2130000000
0.4260000000
0.8520100000
0.7040200000
0.4080400000
0.8160700000
0.6321400000
0.2642900000
0.5285700000
0.0571460000
0.1142900000
0.2285800000
0.4571700000
0.9143400000
0.8286800000
0.6573500000
0.3147000000
0.6294000000
0.2588100000
0.5176200000
0.0352370000
0.0704750000
0.1409500000
0.2819000000
0.5638000000
0.1275900000
0.2551900000
0.5103800000
0.0207560000
0.0415120000
0.0830250000
0.1660500000
0.3321000000
0.6642000000
