-15.0000000000
-17.0000000000
-17.0000000000
-13.0000000000
-15.0000000000
-13.0000000000
-15.0000000000
-13.0000000000
-13.0000000000
-13.0000000000
-11.0000000000
-13.0000000000
-17.0000000000
-13.0000000000
-11.0000000000
-13.0000000000
-3.0000000000
-5.0000000000
3.0000000000
-1.0000000000
3.0000000000
5.0000000000
7.0000000000
13.0000000000
5.0000000000
-3.0000000000
-7.0000000000
-11.0000000000
-15.0000000000
-17.0000000000
-21.0000000000
-19.0000000000
-19.0000000000
-19.0000000000
-21.0000000000
-17.0000000000
-17.0000000000
-13.0000000000
-11.0000000000
-13.0000000000
-11.0000000000
-3.0000000000
11.0000000000
69.0000000000
223.0000000000
297.0000000000
179.0000000000
-77.0000000000
-133.0000000000
-55.0000000000
-21.0000000000
-21.0000000000
-23.0000000000
-21.0000000000
-23.0000000000
-19.0000000000
-19.0000000000
-19.0000000000
-19.0000000000
-19.0000000000
-23.0000000000
-21.0000000000
-17.0000000000
-17.0000000000
-17.0000000000
-15.0000000000
-15.0000000000
-15.0000000000
-11.0000000000
-11.0000000000
-7.0000000000
-9.0000000000
-7.0000000000
-3.0000000000
-3.0000000000
-1.0000000000
3.0000000000
5.0000000000
5.0000000000
3.0000000000
1.0000000000
-3.0000000000
-7.0000000000
-11.0000000000
-19.0000000000
-19.0000000000
-19.0000000000
-19.0000000000
-21.0000000000
-19.0000000000
-21.0000000000
-21.0000000000
-23.0000000000
-25.0000000000
-21.0000000000
-23.0000000000
-23.0000000000
-21.0000000000
-23.0000000000
-19.0000000000
-21.0000000000
-19.0000000000
-13.0000000000
-15.0000000000
-17.0000000000
-13.0000000000
-15.0000000000
-13.0000000000
-13.0000000000
-15.0000000000
-9.0000000000
-11.0000000000
-15.0000000000
-13.0000000000
-13.0000000000
-11.0000000000
-11.0000000000
-13.0000000000
-11.0000000000
-11.0000000000
-11.0000000000
-9.0000000000
-3.0000000000
-3.0000000000
1.0000000000
5.0000000000
7.0000000000
13.0000000000
13.0000000000
17.0000000000
7.0000000000
1.0000000000
-5.0000000000
-13.0000000000
-13.0000000000
-17.0000000000
-19.0000000000
-19.0000000000
-19.0000000000
-15.0000000000
-21.0000000000
-19.0000000000
-15.0000000000
-15.0000000000
-17.0000000000
-13.0000000000
-11.0000000000
-3.0000000000
23.0000000000
113.0000000000
255.0000000000
261.0000000000
77.0000000000
-133.0000000000
-95.0000000000
-35.0000000000
-19.0000000000
-21.0000000000
-21.0000000000
-21.0000000000
-23.0000000000
-23.0000000000
-23.0000000000
-21.0000000000
-21.0000000000
-21.0000000000
-15.0000000000
-19.0000000000
-21.0000000000
-17.0000000000
-17.0000000000
-17.0000000000
-17.0000000000
-15.0000000000
-11.0000000000
-11.0000000000
-9.0000000000
-5.0000000000
-1.0000000000
-1.0000000000
-1.0000000000
3.0000000000
7.0000000000
3.0000000000
3.0000000000
-1.0000000000
-3.0000000000
-9.0000000000
-15.0000000000
-15.0000000000
-17.0000000000
-21.0000000000
-21.0000000000
-19.0000000000
-23.0000000000
-23.0000000000
-25.0000000000
-23.0000000000
-21.0000000000
-25.0000000000
-23.0000000000
-25.0000000000
-23.0000000000
-23.0000000000
-21.0000000000
-19.0000000000
-17.0000000000
-19.0000000000
-17.0000000000
-19.0000000000
-19.0000000000
-13.0000000000
-17.0000000000
-15.0000000000
-13.0000000000
-15.0000000000
-17.0000000000
-15.0000000000
-15.0000000000
-15.0000000000
-17.0000000000
-17.0000000000
-15.0000000000
-15.0000000000
-15.0000000000
-13.0000000000
-15.0000000000
-13.0000000000
-13.0000000000
-13.0000000000
-5.0000000000
-3.0000000000
-1.0000000000
3.0000000000
5.0000000000
7.0000000000
13.0000000000
5.0000000000
-1.0000000000
-5.0000000000
-13.0000000000
-15.0000000000
-23.0000000000
-21.0000000000
-23.0000000000
-23.0000000000
-21.0000000000
-23.0000000000
-23.0000000000
-21.0000000000
-19.0000000000
-17.0000000000
-15.0000000000
-13.0000000000
-7.0000000000
11.0000000000
75.0000000000
221.0000000000
257.0000000000
109.0000000000
-113.0000000000
-119.0000000000
-43.0000000000
-19.0000000000
-23.0000000000
-25.0000000000
-27.0000000000
-23.0000000000
-25.0000000000
-25.0000000000
-21.0000000000
-23.0000000000
-27.0000000000
-21.0000000000
-25.0000000000
-25.0000000000
-27.0000000000
-23.0000000000
-15.0000000000
-21.0000000000
-21.0000000000
-17.0000000000
-15.0000000000
-15.0000000000
-13.0000000000
-9.0000000000
-3.0000000000
-3.0000000000
-5.0000000000
1.0000000000
-1.0000000000
-1.0000000000
-1.0000000000
-3.0000000000
-5.0000000000
-15.0000000000
-17.0000000000
-19.0000000000
-25.0000000000
-21.0000000000
-25.0000000000
-23.0000000000
-23.0000000000
-25.0000000000
-29.0000000000
-27.0000000000
-29.0000000000
-27.0000000000
-27.0000000000
-29.0000000000
-25.0000000000
-27.0000000000
-25.0000000000
-23.0000000000
-25.0000000000
-25.0000000000
-25.0000000000
-19.0000000000
-19.0000000000
-21.0000000000
-21.0000000000
-21.0000000000
-21.0000000000
-21.0000000000
-23.0000000000
-19.0000000000
-17.0000000000
-21.0000000000
-23.0000000000
-21.0000000000
-19.0000000000
-19.0000000000
-23.0000000000
-21.0000000000
-9.0000000000
-13.0000000000
-11.0000000000
-5.0000000000
-5.0000000000
3.0000000000
3.0000000000
5.0000000000
-5.0000000000
-9.0000000000
-17.0000000000
-19.0000000000
-23.0000000000
-27.0000000000
-27.0000000000
-27.0000000000
-25.0000000000
-23.0000000000
-23.0000000000
-25.0000000000
-21.0000000000
-17.0000000000
-15.0000000000
-15.0000000000
-13.0000000000
11.0000000000
135.0000000000
285.0000000000
275.0000000000
51.0000000000
-143.0000000000
-95.0000000000
-37.0000000000
-25.0000000000
-25.0000000000
-25.0000000000
-31.0000000000
-27.0000000000
-31.0000000000
-27.0000000000
-23.0000000000
-25.0000000000
-27.0000000000
-23.0000000000
-27.0000000000
-23.0000000000
-25.0000000000
-23.0000000000
-23.0000000000
-23.0000000000
-21.0000000000
-21.0000000000
-21.0000000000
-17.0000000000
-15.0000000000
-19.0000000000
-13.0000000000
-15.0000000000
-15.0000000000
-11.0000000000
-11.0000000000
-9.0000000000
-11.0000000000
-11.0000000000
-13.0000000000
-15.0000000000
-21.0000000000
-23.0000000000
-21.0000000000
-25.0000000000
-29.0000000000
-27.0000000000
-23.0000000000
-25.0000000000
-29.0000000000
-25.0000000000
-27.0000000000
-25.0000000000
-23.0000000000
-27.0000000000
-25.0000000000
-27.0000000000
-25.0000000000
-19.0000000000
-17.0000000000
-21.0000000000
-21.0000000000
-17.0000000000
-13.0000000000
-19.0000000000
-21.0000000000
-17.0000000000
-21.0000000000
-19.0000000000
-23.0000000000
-17.0000000000
-17.0000000000
-23.0000000000
-21.0000000000
-19.0000000000
-21.0000000000
-19.0000000000
-19.0000000000
-19.0000000000
-17.0000000000
-17.0000000000
-17.0000000000
-11.0000000000
-9.0000000000
-7.0000000000
-5.0000000000
3.0000000000
7.0000000000
7.0000000000
-5.0000000000
-3.0000000000
-19.0000000000
-27.0000000000
-29.0000000000
-33.0000000000
-27.0000000000
-27.0000000000
-29.0000000000
-27.0000000000
-27.0000000000
-25.0000000000
-25.0000000000
-25.0000000000
-17.0000000000
-19.0000000000
-11.0000000000
23.0000000000
147.0000000000
263.0000000000
209.0000000000
-13.0000000000
-145.0000000000
-81.0000000000
-37.0000000000
-29.0000000000
-33.0000000000
-37.0000000000
-33.0000000000
-27.0000000000
-33.0000000000
-33.0000000000
-35.0000000000
-33.0000000000
-35.0000000000
-27.0000000000
-33.0000000000
-29.0000000000
-27.0000000000
-27.0000000000
-21.0000000000
-21.0000000000
-31.0000000000
-27.0000000000
-25.0000000000
-25.0000000000
-19.0000000000
-19.0000000000
-17.0000000000
-13.0000000000
-7.0000000000
-11.0000000000
-9.0000000000
-13.0000000000
-13.0000000000
-13.0000000000
-19.0000000000
-27.0000000000
-25.0000000000
-27.0000000000
-31.0000000000
-33.0000000000
-27.0000000000
-29.0000000000
-37.0000000000
-31.0000000000
-35.0000000000
-37.0000000000
-35.0000000000
-35.0000000000
-33.0000000000
-33.0000000000
-29.0000000000
-31.0000000000
-27.0000000000
-29.0000000000
-27.0000000000
-31.0000000000
-21.0000000000
-27.0000000000
-33.0000000000
-17.0000000000
-21.0000000000
-23.0000000000
-25.0000000000
-31.0000000000
-27.0000000000
-21.0000000000
-31.0000000000
-29.0000000000
-21.0000000000
-29.0000000000
-23.0000000000
-19.0000000000
-11.0000000000
-15.0000000000
-13.0000000000
-9.0000000000
1.0000000000
3.0000000000
-3.0000000000
5.0000000000
-5.0000000000
-13.0000000000
-25.0000000000
-27.0000000000
-29.0000000000
-23.0000000000
-29.0000000000
-33.0000000000
-29.0000000000
-23.0000000000
-33.0000000000
-23.0000000000
-23.0000000000
-19.0000000000
-19.0000000000
-15.0000000000
3.0000000000
75.0000000000
211.0000000000
247.0000000000
93.0000000000
-123.0000000000
-127.0000000000
-47.0000000000
-25.0000000000
-29.0000000000
-31.0000000000
-31.0000000000
-33.0000000000
-31.0000000000
-25.0000000000
-29.0000000000
-25.0000000000
-21.0000000000
-29.0000000000
-27.0000000000
-27.0000000000
-25.0000000000
-25.0000000000
-23.0000000000
-21.0000000000
-23.0000000000
-21.0000000000
-17.0000000000
-17.0000000000
-13.0000000000
-13.0000000000
-11.0000000000
-7.0000000000
-7.0000000000
-5.0000000000
-3.0000000000
-3.0000000000
-1.0000000000
-3.0000000000
-11.0000000000
-11.0000000000
-17.0000000000
-19.0000000000
-23.0000000000
-23.0000000000
-21.0000000000
-21.0000000000
-21.0000000000
-19.0000000000
-23.0000000000
-25.0000000000
-25.0000000000
-25.0000000000
-21.0000000000
-23.0000000000
-21.0000000000
-17.0000000000
-19.0000000000
-21.0000000000
-19.0000000000
-19.0000000000
-19.0000000000
-19.0000000000
-21.0000000000
-13.0000000000
-15.0000000000
-15.0000000000
-13.0000000000
-15.0000000000
-15.0000000000
-15.0000000000
-15.0000000000
-7.0000000000
-5.0000000000
-1.0000000000
3.0000000000
5.0000000000
11.0000000000
13.0000000000
15.0000000000
11.0000000000
1.0000000000
-1.0000000000
-11.0000000000
-17.0000000000
-15.0000000000
-21.0000000000
-17.0000000000
-15.0000000000
-19.0000000000
-21.0000000000
-15.0000000000
-19.0000000000
-17.0000000000
-11.0000000000
-11.0000000000
-3.0000000000
1.0000000000
25.0000000000
137.0000000000
257.0000000000
225.0000000000
37.0000000000
-127.0000000000
-95.0000000000
-29.0000000000
-13.0000000000
-17.0000000000
-19.0000000000
-23.0000000000
-21.0000000000
-19.0000000000
-17.0000000000
-13.0000000000
-17.0000000000
-15.0000000000
-17.0000000000
-17.0000000000
-13.0000000000
-15.0000000000
-13.0000000000
-7.0000000000
-15.0000000000
-9.0000000000
-15.0000000000
-11.0000000000
-15.0000000000
-7.0000000000
-3.0000000000
-3.0000000000
-1.0000000000
5.0000000000
3.0000000000
3.0000000000
1.0000000000
3.0000000000
9.0000000000
3.0000000000
-1.0000000000
-3.0000000000
-9.0000000000
-13.0000000000
-7.0000000000
1.0000000000
-11.0000000000
-13.0000000000
-11.0000000000
-15.0000000000
-17.0000000000
-11.0000000000
-15.0000000000
-7.0000000000
1.0000000000
-5.0000000000
-9.0000000000
-11.0000000000
-5.0000000000
-1.0000000000
-3.0000000000
-3.0000000000
1.0000000000
5.0000000000
5.0000000000
1.0000000000
1.0000000000
3.0000000000
7.0000000000
-1.0000000000
13.0000000000
11.0000000000
13.0000000000
15.0000000000
23.0000000000
29.0000000000
27.0000000000
27.0000000000
19.0000000000
17.0000000000
5.0000000000
5.0000000000
-5.0000000000
-9.0000000000
-5.0000000000
-9.0000000000
-1.0000000000
-7.0000000000
-7.0000000000
-3.0000000000
-3.0000000000
3.0000000000
1.0000000000
1.0000000000
7.0000000000
19.0000000000
91.0000000000
253.0000000000
305.0000000000
145.0000000000
-75.0000000000
-95.0000000000
-35.0000000000
-3.0000000000
-7.0000000000
-15.0000000000
-11.0000000000
-13.0000000000
-9.0000000000
-3.0000000000
-1.0000000000
-7.0000000000
-11.0000000000
-11.0000000000
-5.0000000000
-9.0000000000
-1.0000000000
-3.0000000000
-1.0000000000
-3.0000000000
-9.0000000000
-5.0000000000
-5.0000000000
-7.0000000000
-1.0000000000
-1.0000000000
5.0000000000
-1.0000000000
5.0000000000
5.0000000000
5.0000000000
11.0000000000
5.0000000000
5.0000000000
15.0000000000
15.0000000000
-9.0000000000
-7.0000000000
-7.0000000000
-5.0000000000
-5.0000000000
-5.0000000000
-5.0000000000
-5.0000000000
-9.0000000000
-5.0000000000
-15.0000000000
-11.0000000000
-11.0000000000
-11.0000000000
-11.0000000000
-5.0000000000
-7.0000000000
-5.0000000000
-7.0000000000
-9.0000000000
-7.0000000000
-1.0000000000
-3.0000000000
-5.0000000000
3.0000000000
3.0000000000
-5.0000000000
-9.0000000000
-1.0000000000
-3.0000000000
3.0000000000
3.0000000000
11.0000000000
13.0000000000
15.0000000000
21.0000000000
15.0000000000
21.0000000000
17.0000000000
5.0000000000
1.0000000000
-5.0000000000
-3.0000000000
-13.0000000000
-15.0000000000
-15.0000000000
-13.0000000000
-19.0000000000
-17.0000000000
-15.0000000000
-15.0000000000
-11.0000000000
-9.0000000000
-5.0000000000
1.0000000000
7.0000000000
59.0000000000
191.0000000000
267.0000000000
161.0000000000
-47.0000000000
-129.0000000000
-55.0000000000
-25.0000000000
-21.0000000000
-21.0000000000
-23.0000000000
-19.0000000000
-23.0000000000
-23.0000000000
-15.0000000000
-21.0000000000
-21.0000000000
-21.0000000000
-23.0000000000
-23.0000000000
-21.0000000000
-17.0000000000
-15.0000000000
-21.0000000000
-21.0000000000
-19.0000000000
-15.0000000000
-11.0000000000
-13.0000000000
-11.0000000000
-7.0000000000
-1.0000000000
-5.0000000000
-3.0000000000
-3.0000000000
-1.0000000000
1.0000000000
1.0000000000
-3.0000000000
-5.0000000000
-11.0000000000
-11.0000000000
-17.0000000000
-17.0000000000
-17.0000000000
-19.0000000000
-9.0000000000
-23.0000000000
-21.0000000000
-19.0000000000
-21.0000000000
-21.0000000000
-23.0000000000
-19.0000000000
-19.0000000000
-21.0000000000
-21.0000000000
-19.0000000000
-15.0000000000
-19.0000000000
-13.0000000000
-13.0000000000
-13.0000000000
-13.0000000000
-11.0000000000
-15.0000000000
-19.0000000000
-15.0000000000
-15.0000000000
-13.0000000000
-11.0000000000
-11.0000000000
-7.0000000000
-5.0000000000
-3.0000000000
-5.0000000000
-3.0000000000
11.0000000000
15.0000000000
9.0000000000
3.0000000000
1.0000000000
-9.0000000000
-15.0000000000
-23.0000000000
-23.0000000000
-21.0000000000
-27.0000000000
-21.0000000000
-23.0000000000
-25.0000000000
-25.0000000000
-17.0000000000
-19.0000000000
-15.0000000000
-9.0000000000
-15.0000000000
-3.0000000000
13.0000000000
99.0000000000
231.0000000000
241.0000000000
59.0000000000
-115.0000000000
-95.0000000000
-35.0000000000
-21.0000000000
-21.0000000000
-25.0000000000
-27.0000000000
-27.0000000000
-23.0000000000
-21.0000000000
-23.0000000000
-23.0000000000
-21.0000000000
-17.0000000000
-23.0000000000
-29.0000000000
-19.0000000000
-21.0000000000
-15.0000000000
-19.0000000000
-9.0000000000
-25.0000000000
-15.0000000000
-9.0000000000
-13.0000000000
-5.0000000000
-3.0000000000
-9.0000000000
3.0000000000
3.0000000000
5.0000000000
5.0000000000
9.0000000000
-1.0000000000
-5.0000000000
-9.0000000000
-1.0000000000
-19.0000000000
-13.0000000000
-9.0000000000
-13.0000000000
-19.0000000000
-19.0000000000
-21.0000000000
-15.0000000000
-19.0000000000
-17.0000000000
-21.0000000000
-17.0000000000
-19.0000000000
-15.0000000000
-17.0000000000
-13.0000000000
-7.0000000000
-13.0000000000
-13.0000000000
-9.0000000000
-13.0000000000
-15.0000000000
-15.0000000000
-15.0000000000
-13.0000000000
-13.0000000000
-9.0000000000
-11.0000000000
-7.0000000000
-7.0000000000
-5.0000000000
-7.0000000000
1.0000000000
1.0000000000
5.0000000000
13.0000000000
7.0000000000
25.0000000000
-1.0000000000
-15.0000000000
-13.0000000000
-19.0000000000
-15.0000000000
-21.0000000000
-17.0000000000
-15.0000000000
-27.0000000000
-17.0000000000
-29.0000000000
-15.0000000000
-11.0000000000
-27.0000000000
-19.0000000000
-13.0000000000
-5.0000000000
-9.0000000000
29.0000000000
149.0000000000
289.0000000000
223.0000000000
19.0000000000
-127.0000000000
-85.0000000000
-31.0000000000
-17.0000000000
-25.0000000000
-21.0000000000
-25.0000000000
-27.0000000000
-25.0000000000
-27.0000000000
-19.0000000000
-25.0000000000
-21.0000000000
-19.0000000000
-19.0000000000
-25.0000000000
-15.0000000000
-21.0000000000
-27.0000000000
-25.0000000000
-17.0000000000
-15.0000000000
-19.0000000000
-17.0000000000
-13.0000000000
-13.0000000000
-9.0000000000
-13.0000000000
-7.0000000000
-3.0000000000
-7.0000000000
-3.0000000000
-7.0000000000
-11.0000000000
-11.0000000000
-15.0000000000
-15.0000000000
-19.0000000000
-17.0000000000
-21.0000000000
-19.0000000000
-27.0000000000
-25.0000000000
-21.0000000000
-19.0000000000
-19.0000000000
-23.0000000000
-31.0000000000
-23.0000000000
-25.0000000000
-19.0000000000
-17.0000000000
-17.0000000000
-13.0000000000
-13.0000000000
-13.0000000000
-11.0000000000
-17.0000000000
-17.0000000000
-13.0000000000
-15.0000000000
-17.0000000000
-17.0000000000
-17.0000000000
-11.0000000000
-17.0000000000
-15.0000000000
-13.0000000000
-7.0000000000
-3.0000000000
-3.0000000000
-1.0000000000
9.0000000000
3.0000000000
-3.0000000000
9.0000000000
3.0000000000
-7.0000000000
-9.0000000000
-19.0000000000
-19.0000000000
-25.0000000000
-25.0000000000
-21.0000000000
-21.0000000000
-21.0000000000
-13.0000000000
-27.0000000000
-19.0000000000
-15.0000000000
-11.0000000000
-21.0000000000
-13.0000000000
1.0000000000
47.0000000000
187.0000000000
261.0000000000
135.0000000000
-77.0000000000
-119.0000000000
-55.0000000000
-21.0000000000
-23.0000000000
-23.0000000000
-23.0000000000
-27.0000000000
-27.0000000000
-25.0000000000
-23.0000000000
-23.0000000000
-21.0000000000
-21.0000000000
-23.0000000000
-29.0000000000
-23.0000000000
-23.0000000000
-19.0000000000
-17.0000000000
-19.0000000000
-21.0000000000
-15.0000000000
-17.0000000000
-13.0000000000
-7.0000000000
-7.0000000000
-13.0000000000
-9.0000000000
-5.0000000000
-1.0000000000
1.0000000000
1.0000000000
-1.0000000000
-1.0000000000
-11.0000000000
-11.0000000000
-15.0000000000
-15.0000000000
-19.0000000000
-17.0000000000
-19.0000000000
-19.0000000000
-19.0000000000
-19.0000000000
-21.0000000000
-17.0000000000
-19.0000000000
-19.0000000000
-23.0000000000
-21.0000000000
-15.0000000000
-17.0000000000
-15.0000000000
-17.0000000000
-15.0000000000
-15.0000000000
-15.0000000000
-11.0000000000
-13.0000000000
-9.0000000000
-13.0000000000
-13.0000000000
-13.0000000000
-15.0000000000
-9.0000000000
-5.0000000000
-5.0000000000
-7.0000000000
-1.0000000000
9.0000000000
5.0000000000
9.0000000000
17.0000000000
13.0000000000
15.0000000000
11.0000000000
3.0000000000
-5.0000000000
-11.0000000000
-9.0000000000
-19.0000000000
-23.0000000000
-13.0000000000
-15.0000000000
-17.0000000000
-17.0000000000
-15.0000000000
-11.0000000000
-11.0000000000
-11.0000000000
-5.0000000000
1.0000000000
25.0000000000
141.0000000000
263.0000000000
215.0000000000
11.0000000000
-121.0000000000
-71.0000000000
-23.0000000000
-21.0000000000
-21.0000000000
-25.0000000000
-21.0000000000
-21.0000000000
-19.0000000000
-21.0000000000
-19.0000000000
-21.0000000000
-15.0000000000
-23.0000000000
-15.0000000000
-23.0000000000
-19.0000000000
-13.0000000000
-17.0000000000
-15.0000000000
-13.0000000000
-13.0000000000
-7.0000000000
-9.0000000000
-7.0000000000
-3.0000000000
-3.0000000000
1.0000000000
1.0000000000
1.0000000000
5.0000000000
3.0000000000
1.0000000000
3.0000000000
-7.0000000000
-13.0000000000
-11.0000000000
-13.0000000000
-15.0000000000
-21.0000000000
-11.0000000000
-9.0000000000
-21.0000000000
-23.0000000000
-23.0000000000
-21.0000000000
-21.0000000000
-21.0000000000
-21.0000000000
-19.0000000000
-15.0000000000
-19.0000000000
-17.0000000000
-19.0000000000
-15.0000000000
-19.0000000000
-15.0000000000
-13.0000000000
-13.0000000000
-17.0000000000
-15.0000000000
-11.0000000000
-11.0000000000
-7.0000000000
-5.0000000000
1.0000000000
3.0000000000
7.0000000000
9.0000000000
9.0000000000
7.0000000000
-3.0000000000
-9.0000000000
-13.0000000000
-19.0000000000
-23.0000000000
-21.0000000000
-23.0000000000
-21.0000000000
-23.0000000000
-21.0000000000
-17.0000000000
-9.0000000000
-21.0000000000
-23.0000000000
-17.0000000000
-9.0000000000
-7.0000000000
51.0000000000
207.0000000000
291.0000000000
179.0000000000
-67.0000000000
-123.0000000000
-59.0000000000
-27.0000000000
-19.0000000000
-21.0000000000
-27.0000000000
-27.0000000000
-25.0000000000
-29.0000000000
-23.0000000000
-23.0000000000
-23.0000000000
-23.0000000000
-21.0000000000
-23.0000000000
-15.0000000000
-23.0000000000
-21.0000000000
-21.0000000000
-17.0000000000
-15.0000000000
-19.0000000000
-19.0000000000
-15.0000000000
-15.0000000000
-11.0000000000
-13.0000000000
-11.0000000000
-9.0000000000
-7.0000000000
-7.0000000000
-5.0000000000
-7.0000000000
-5.0000000000
-5.0000000000
-11.0000000000
-15.0000000000
-17.0000000000
-19.0000000000
-17.0000000000
-19.0000000000
-19.0000000000
-19.0000000000
-19.0000000000
-15.0000000000
-15.0000000000
-23.0000000000
-19.0000000000
-19.0000000000
-13.0000000000
-13.0000000000
-13.0000000000
-15.0000000000
-11.0000000000
-13.0000000000
-7.0000000000
-15.0000000000
-15.0000000000
-13.0000000000
-13.0000000000
-11.0000000000
-15.0000000000
-11.0000000000
-9.0000000000
-5.0000000000
-3.0000000000
-1.0000000000
5.0000000000
9.0000000000
9.0000000000
9.0000000000
7.0000000000
1.0000000000
-1.0000000000
-17.0000000000
-19.0000000000
-13.0000000000
-25.0000000000
-27.0000000000
-23.0000000000
-21.0000000000
-21.0000000000
-21.0000000000
-19.0000000000
-19.0000000000
-15.0000000000
-15.0000000000
-11.0000000000
-1.0000000000
15.0000000000
97.0000000000
233.0000000000
257.0000000000
77.0000000000
-125.0000000000
-91.0000000000
-37.0000000000
-21.0000000000
-19.0000000000
-29.0000000000
-27.0000000000
-23.0000000000
-23.0000000000
-27.0000000000
-27.0000000000
-23.0000000000
-25.0000000000
-21.0000000000
-21.0000000000
-23.0000000000
-17.0000000000
-23.0000000000
-21.0000000000
-21.0000000000
-17.0000000000
-17.0000000000
-13.0000000000
-15.0000000000
-15.0000000000
-5.0000000000
-13.0000000000
-9.0000000000
-5.0000000000
-5.0000000000
-3.0000000000
-5.0000000000
-3.0000000000
-5.0000000000
-11.0000000000
-11.0000000000
-15.0000000000
-19.0000000000
-15.0000000000
-15.0000000000
-21.0000000000
-17.0000000000
-21.0000000000
-19.0000000000
-23.0000000000
-21.0000000000
-21.0000000000
-21.0000000000
-21.0000000000
-19.0000000000
-19.0000000000
-19.0000000000
-15.0000000000
-19.0000000000
-11.0000000000
-11.0000000000
-13.0000000000
-13.0000000000
-11.0000000000
-13.0000000000
-17.0000000000
-17.0000000000
-9.0000000000
-9.0000000000
-15.0000000000
-13.0000000000
-15.0000000000
-9.0000000000
-5.0000000000
-1.0000000000
3.0000000000
3.0000000000
3.0000000000
11.0000000000
9.0000000000
7.0000000000
-1.0000000000
-3.0000000000
-9.0000000000
-17.0000000000
-19.0000000000
-21.0000000000
-21.0000000000
-21.0000000000
-23.0000000000
-23.0000000000
-21.0000000000
-19.0000000000
-21.0000000000
-17.0000000000
-13.0000000000
-13.0000000000
-5.0000000000
1.0000000000
51.0000000000
171.0000000000
257.0000000000
177.0000000000
-33.0000000000
-127.0000000000
-63.0000000000
-21.0000000000
-13.0000000000
-19.0000000000
-19.0000000000
-19.0000000000
-21.0000000000
-17.0000000000
-19.0000000000
-17.0000000000
-17.0000000000
-17.0000000000
-19.0000000000
-17.0000000000
-17.0000000000
-19.0000000000
-17.0000000000
-13.0000000000
-11.0000000000
-11.0000000000
-11.0000000000
-11.0000000000
-9.0000000000
-5.0000000000
-7.0000000000
-5.0000000000
1.0000000000
-1.0000000000
1.0000000000
1.0000000000
1.0000000000
1.0000000000
-5.0000000000
-5.0000000000
-7.0000000000
-13.0000000000
-13.0000000000
-13.0000000000
-17.0000000000
-17.0000000000
-17.0000000000
-15.0000000000
-15.0000000000
-17.0000000000
-19.0000000000
-19.0000000000
-19.0000000000
-13.0000000000
-15.0000000000
-17.0000000000
-13.0000000000
-11.0000000000
-11.0000000000
-11.0000000000
-7.0000000000
-7.0000000000
-11.0000000000
-7.0000000000
-5.0000000000
-11.0000000000
-9.0000000000
-9.0000000000
-7.0000000000
-9.0000000000
-3.0000000000
1.0000000000
3.0000000000
3.0000000000
3.0000000000
13.0000000000
11.0000000000
19.0000000000
11.0000000000
7.0000000000
5.0000000000
-5.0000000000
-17.0000000000
-15.0000000000
-17.0000000000
-15.0000000000
-17.0000000000
-19.0000000000
-13.0000000000
-17.0000000000
-15.0000000000
-17.0000000000
-11.0000000000
-13.0000000000
-9.0000000000
-3.0000000000
3.0000000000
55.0000000000
205.0000000000
289.0000000000
175.0000000000
-59.0000000000
-115.0000000000
-51.0000000000
-17.0000000000
-21.0000000000
-23.0000000000
-23.0000000000
-21.0000000000
-19.0000000000
-21.0000000000
-21.0000000000
-19.0000000000
-19.0000000000
-17.0000000000
-17.0000000000
-15.0000000000
-19.0000000000
-19.0000000000
-15.0000000000
-15.0000000000
-15.0000000000
-13.0000000000
-11.0000000000
-13.0000000000
-11.0000000000
-9.0000000000
-7.0000000000
-3.0000000000
-7.0000000000
-5.0000000000
-1.0000000000
-1.0000000000
3.0000000000
-3.0000000000
-3.0000000000
-7.0000000000
-11.0000000000
-15.0000000000
-15.0000000000
-17.0000000000
-17.0000000000
-19.0000000000
-19.0000000000
-15.0000000000
-15.0000000000
-19.0000000000
-17.0000000000
-17.0000000000
-17.0000000000
-21.0000000000
-17.0000000000
-13.0000000000
-13.0000000000
-11.0000000000
-11.0000000000
-13.0000000000
-11.0000000000
-9.0000000000
-11.0000000000
-9.0000000000
-11.0000000000
-13.0000000000
-13.0000000000
-11.0000000000
-11.0000000000
-15.0000000000
-11.0000000000
-9.0000000000
-11.0000000000
-15.0000000000
-9.0000000000
-5.0000000000
-3.0000000000
-3.0000000000
3.0000000000
9.0000000000
5.0000000000
11.0000000000
9.0000000000
-1.0000000000
-1.0000000000
-13.0000000000
-19.0000000000
-17.0000000000
-21.0000000000
-23.0000000000
-25.0000000000
-23.0000000000
-23.0000000000
-21.0000000000
-21.0000000000
-19.0000000000
-17.0000000000
-17.0000000000
-17.0000000000
-11.0000000000
7.0000000000
59.0000000000
205.0000000000
255.0000000000
121.0000000000
-99.0000000000
-111.0000000000
-45.0000000000
-25.0000000000
-29.0000000000
-31.0000000000
-31.0000000000
-31.0000000000
-31.0000000000
-29.0000000000
-33.0000000000
-29.0000000000
-29.0000000000
-29.0000000000
-25.0000000000
-25.0000000000
-27.0000000000
-25.0000000000
-25.0000000000
-25.0000000000
-21.0000000000
-21.0000000000
-19.0000000000
-17.0000000000
-17.0000000000
-17.0000000000
-15.0000000000
-13.0000000000
-13.0000000000
-11.0000000000
-9.0000000000
-7.0000000000
-9.0000000000
-13.0000000000
-19.0000000000
-21.0000000000
-25.0000000000
-23.0000000000
-25.0000000000
-27.0000000000
-31.0000000000
-31.0000000000
-29.0000000000
-29.0000000000
-31.0000000000
-29.0000000000
-27.0000000000
-31.0000000000
-29.0000000000
-31.0000000000
-33.0000000000
-29.0000000000
-27.0000000000
-29.0000000000
-23.0000000000
-27.0000000000
-25.0000000000
-25.0000000000
-27.0000000000
-23.0000000000
-27.0000000000
-23.0000000000
-23.0000000000
-25.0000000000
-27.0000000000
-23.0000000000
-27.0000000000
-29.0000000000
-29.0000000000
-23.0000000000
-25.0000000000
-25.0000000000
-27.0000000000
-25.0000000000
-23.0000000000
-15.0000000000
-17.0000000000
-11.0000000000
-5.0000000000
-5.0000000000
-3.0000000000
-1.0000000000
-1.0000000000
-15.0000000000
-17.0000000000
-23.0000000000
-25.0000000000
-27.0000000000
-33.0000000000
-31.0000000000
-31.0000000000
-33.0000000000
-31.0000000000
-37.0000000000
-27.0000000000
-27.0000000000
-25.0000000000
-19.0000000000
-23.0000000000
-13.0000000000
-3.0000000000
61.0000000000
205.0000000000
245.0000000000
87.0000000000
-107.0000000000
-109.0000000000
-45.0000000000
-31.0000000000
-33.0000000000
-33.0000000000
-33.0000000000
-35.0000000000
-33.0000000000
-33.0000000000
-35.0000000000
-35.0000000000
-33.0000000000
-29.0000000000
-33.0000000000
-31.0000000000
-29.0000000000
-29.0000000000
-27.0000000000
-27.0000000000
-25.0000000000
-23.0000000000
-23.0000000000
-21.0000000000
-19.0000000000
-19.0000000000
-17.0000000000
-17.0000000000
-17.0000000000
-13.0000000000
-11.0000000000
-13.0000000000
-9.0000000000
-13.0000000000
-17.0000000000
-19.0000000000
-23.0000000000
-21.0000000000
-23.0000000000
-25.0000000000
-29.0000000000
-29.0000000000
-27.0000000000
-33.0000000000
-31.0000000000
-25.0000000000
-27.0000000000
-27.0000000000
-33.0000000000
-29.0000000000
-29.0000000000
-29.0000000000
-23.0000000000
-27.0000000000
-25.0000000000
-21.0000000000
-19.0000000000
-21.0000000000
-19.0000000000
-23.0000000000
-19.0000000000
-19.0000000000
-19.0000000000
-21.0000000000
-21.0000000000
-21.0000000000
-23.0000000000
-21.0000000000
-23.0000000000
-25.0000000000
-19.0000000000
-19.0000000000
-15.0000000000
-13.0000000000
-11.0000000000
-11.0000000000
-3.0000000000
1.0000000000
1.0000000000
-5.0000000000
-9.0000000000
-19.0000000000
-23.0000000000
-31.0000000000
-27.0000000000
-27.0000000000
-27.0000000000
-31.0000000000
-31.0000000000
-31.0000000000
-27.0000000000
-27.0000000000
-25.0000000000
-21.0000000000
-21.0000000000
-15.0000000000
-9.0000000000
49.0000000000
191.0000000000
263.0000000000
159.0000000000
-59.0000000000
-125.0000000000
-67.0000000000
-29.0000000000
-29.0000000000
-31.0000000000
-35.0000000000
-33.0000000000
-29.0000000000
-31.0000000000
-31.0000000000
-31.0000000000
-31.0000000000
-29.0000000000
-31.0000000000
-29.0000000000
-25.0000000000
-27.0000000000
-27.0000000000
-25.0000000000
-23.0000000000
-25.0000000000
-23.0000000000
-19.0000000000
-19.0000000000
-19.0000000000
-17.0000000000
-15.0000000000
-17.0000000000
-13.0000000000
-13.0000000000
-11.0000000000
-9.0000000000
-7.0000000000
-13.0000000000
-13.0000000000
-17.0000000000
-19.0000000000
-23.0000000000
-23.0000000000
-23.0000000000
-25.0000000000
-27.0000000000
-23.0000000000
-25.0000000000
-29.0000000000
-27.0000000000
-27.0000000000
-25.0000000000
-27.0000000000
-27.0000000000
-23.0000000000
-19.0000000000
-19.0000000000
-21.0000000000
-19.0000000000
-17.0000000000
-17.0000000000
-19.0000000000
-15.0000000000
-19.0000000000
-17.0000000000
-19.0000000000
-21.0000000000
-15.0000000000
-17.0000000000
-17.0000000000
-19.0000000000
-17.0000000000
-17.0000000000
-15.0000000000
-17.0000000000
-15.0000000000
-19.0000000000
-17.0000000000
-9.0000000000
-9.0000000000
-5.0000000000
-3.0000000000
1.0000000000
7.0000000000
9.0000000000
7.0000000000
5.0000000000
-7.0000000000
-5.0000000000
-17.0000000000
-19.0000000000
-21.0000000000
-23.0000000000
-23.0000000000
-21.0000000000
-27.0000000000
-23.0000000000
-19.0000000000
-19.0000000000
-17.0000000000
-15.0000000000
-15.0000000000
-13.0000000000
-5.0000000000
27.0000000000
133.0000000000
249.0000000000
199.0000000000
-27.0000000000
-129.0000000000
-61.0000000000
-25.0000000000
-23.0000000000
-27.0000000000
-27.0000000000
-23.0000000000
-27.0000000000
-25.0000000000
-21.0000000000
-27.0000000000
-25.0000000000
-23.0000000000
-21.0000000000
-19.0000000000
-21.0000000000
-21.0000000000
-15.0000000000
-21.0000000000
-17.0000000000
-17.0000000000
-17.0000000000
-15.0000000000
-13.0000000000
-15.0000000000
-9.0000000000
-7.0000000000
-7.0000000000
-7.0000000000
-5.0000000000
1.0000000000
3.0000000000
1.0000000000
-1.0000000000
-7.0000000000
-7.0000000000
-11.0000000000
-11.0000000000
-7.0000000000
-13.0000000000
-13.0000000000
-13.0000000000
-15.0000000000
-17.0000000000
-13.0000000000
-15.0000000000
-13.0000000000
-13.0000000000
-19.0000000000
-13.0000000000
-15.0000000000
-13.0000000000
-11.0000000000
-13.0000000000
-7.0000000000
-11.0000000000
-9.0000000000
-7.0000000000
-9.0000000000
-11.0000000000
-7.0000000000
-7.0000000000
-7.0000000000
-7.0000000000
-11.0000000000
-5.0000000000
-9.0000000000
-7.0000000000
-11.0000000000
-9.0000000000
-3.0000000000
-5.0000000000
-11.0000000000
-9.0000000000
-13.0000000000
-7.0000000000
-3.0000000000
3.0000000000
7.0000000000
5.0000000000
9.0000000000
13.0000000000
15.0000000000
13.0000000000
7.0000000000
-3.0000000000
-5.0000000000
-9.0000000000
-17.0000000000
-19.0000000000
-17.0000000000
-21.0000000000
-19.0000000000
-17.0000000000
-11.0000000000
-15.0000000000
-13.0000000000
-13.0000000000
-9.0000000000
-7.0000000000
1.0000000000
17.0000000000
123.0000000000
249.0000000000
229.0000000000
21.0000000000
-119.0000000000
-67.0000000000
-23.0000000000
-17.0000000000
-19.0000000000
-21.0000000000
-19.0000000000
-13.0000000000
-21.0000000000
-19.0000000000
-23.0000000000
-19.0000000000
-19.0000000000
-15.0000000000
-15.0000000000
-17.0000000000
-15.0000000000
-17.0000000000
-13.0000000000
-15.0000000000
-11.0000000000
-11.0000000000
-9.0000000000
-9.0000000000
-9.0000000000
-7.0000000000
-5.0000000000
-5.0000000000
-3.0000000000
-3.0000000000
-1.0000000000
1.0000000000
-1.0000000000
-1.0000000000
-7.0000000000
-7.0000000000
-7.0000000000
-9.0000000000
-11.0000000000
-11.0000000000
-15.0000000000
-11.0000000000
-15.0000000000
-13.0000000000
-13.0000000000
-17.0000000000
-17.0000000000
-13.0000000000
-15.0000000000
-15.0000000000
-13.0000000000
-11.0000000000
-9.0000000000
-11.0000000000
-7.0000000000
-7.0000000000
-5.0000000000
-7.0000000000
-9.0000000000
-11.0000000000
-7.0000000000
-5.0000000000
-9.0000000000
-7.0000000000
-7.0000000000
-7.0000000000
-5.0000000000
-5.0000000000
-7.0000000000
-1.0000000000
9.0000000000
3.0000000000
3.0000000000
11.0000000000
13.0000000000
17.0000000000
19.0000000000
11.0000000000
3.0000000000
-7.0000000000
-9.0000000000
-15.0000000000
-13.0000000000
-15.0000000000
-17.0000000000
-13.0000000000
-11.0000000000
-17.0000000000
-15.0000000000
-11.0000000000
-9.0000000000
-11.0000000000
-5.0000000000
-1.0000000000
11.0000000000
87.0000000000
235.0000000000
287.0000000000
145.0000000000
-77.0000000000
-105.0000000000
-37.0000000000
-17.0000000000
-13.0000000000
-17.0000000000
-17.0000000000
-19.0000000000
-19.0000000000
-13.0000000000
-13.0000000000
-17.0000000000
-17.0000000000
-15.0000000000
-11.0000000000
-17.0000000000
-13.0000000000
-11.0000000000
-15.0000000000
-15.0000000000
-9.0000000000
-13.0000000000
-11.0000000000
-9.0000000000
-7.0000000000
-5.0000000000
-3.0000000000
-3.0000000000
1.0000000000
3.0000000000
3.0000000000
3.0000000000
7.0000000000
5.0000000000
3.0000000000
-3.0000000000
-5.0000000000
-5.0000000000
-7.0000000000
-11.0000000000
-15.0000000000
-13.0000000000
-11.0000000000
-13.0000000000
-11.0000000000
-11.0000000000
-13.0000000000
-9.0000000000
-13.0000000000
-9.0000000000
-9.0000000000
-11.0000000000
-7.0000000000
-7.0000000000
-5.0000000000
-9.0000000000
-3.0000000000
-1.0000000000
-3.0000000000
-7.0000000000
-3.0000000000
-3.0000000000
-5.0000000000
-7.0000000000
-5.0000000000
-7.0000000000
-9.0000000000
-5.0000000000
-9.0000000000
-5.0000000000
-9.0000000000
-1.0000000000
-3.0000000000
7.0000000000
5.0000000000
9.0000000000
7.0000000000
13.0000000000
11.0000000000
25.0000000000
11.0000000000
5.0000000000
-1.0000000000
-9.0000000000
-13.0000000000
-15.0000000000
-5.0000000000
-23.0000000000
-21.0000000000
-15.0000000000
-11.0000000000
-17.0000000000
-17.0000000000
-9.0000000000
-9.0000000000
-7.0000000000
-3.0000000000
13.0000000000
59.0000000000
193.0000000000
269.0000000000
121.0000000000
-79.0000000000
-115.0000000000
-37.0000000000
-17.0000000000
-21.0000000000
-23.0000000000
-17.0000000000
-21.0000000000
-17.0000000000
-23.0000000000
-13.0000000000
-5.0000000000
-13.0000000000
-23.0000000000
-21.0000000000
-23.0000000000
-17.0000000000
-13.0000000000
-17.0000000000
-17.0000000000
-17.0000000000
-17.0000000000
-11.0000000000
-19.0000000000
5.0000000000
-9.0000000000
-7.0000000000
-7.0000000000
-9.0000000000
-9.0000000000
-1.0000000000
3.0000000000
3.0000000000
1.0000000000
-1.0000000000
-5.0000000000
-9.0000000000
-9.0000000000
-9.0000000000
-17.0000000000
-15.0000000000
-17.0000000000
-15.0000000000
-13.0000000000
-11.0000000000
-17.0000000000
-21.0000000000
-19.0000000000
-19.0000000000
-19.0000000000
-15.0000000000
-13.0000000000
-13.0000000000
-13.0000000000
-13.0000000000
-15.0000000000
-11.0000000000
-15.0000000000
-15.0000000000
-11.0000000000
-11.0000000000
-13.0000000000
-11.0000000000
-11.0000000000
-15.0000000000
-15.0000000000
-11.0000000000
-9.0000000000
-17.0000000000
-15.0000000000
-17.0000000000
-11.0000000000
-5.0000000000
-5.0000000000
-3.0000000000
1.0000000000
3.0000000000
7.0000000000
5.0000000000
3.0000000000
-3.0000000000
-5.0000000000
-15.0000000000
-17.0000000000
-21.0000000000
-27.0000000000
-23.0000000000
-25.0000000000
-27.0000000000
-29.0000000000
-23.0000000000
-25.0000000000
-25.0000000000
-25.0000000000
-19.0000000000
-21.0000000000
-11.0000000000
-3.0000000000
61.0000000000
193.0000000000
253.0000000000
125.0000000000
-77.0000000000
-121.0000000000
-57.0000000000
-27.0000000000
-31.0000000000
-31.0000000000
-29.0000000000
-33.0000000000
-29.0000000000
-31.0000000000
-35.0000000000
-35.0000000000
-31.0000000000
-29.0000000000
-27.0000000000
-29.0000000000
-29.0000000000
-29.0000000000
-29.0000000000
-27.0000000000
-27.0000000000
-25.0000000000
-25.0000000000
-25.0000000000
-21.0000000000
-21.0000000000
-17.0000000000
-17.0000000000
-15.0000000000
-11.0000000000
-7.0000000000
-7.0000000000
-7.0000000000
-11.0000000000
-7.0000000000
-15.0000000000
-21.0000000000
-17.0000000000
-17.0000000000
-23.0000000000
-19.0000000000
-21.0000000000
-19.0000000000
-25.0000000000
-21.0000000000
-23.0000000000
-25.0000000000
-21.0000000000
-27.0000000000
-21.0000000000
-21.0000000000
-23.0000000000
-17.0000000000
-17.0000000000
-17.0000000000
-15.0000000000
-15.0000000000
-19.0000000000
-13.0000000000
-17.0000000000
-17.0000000000
-15.0000000000
-13.0000000000
-17.0000000000
-15.0000000000
-17.0000000000
-19.0000000000
-15.0000000000
-11.0000000000
-5.0000000000
-9.0000000000
-3.0000000000
1.0000000000
5.0000000000
11.0000000000
9.0000000000
11.0000000000
3.0000000000
-5.0000000000
-15.0000000000
-15.0000000000
-19.0000000000
-21.0000000000
-25.0000000000
-23.0000000000
-19.0000000000
-23.0000000000
-23.0000000000
-21.0000000000
-19.0000000000
-19.0000000000
-17.0000000000
-15.0000000000
-5.0000000000
-3.0000000000
59.0000000000
205.0000000000
257.0000000000
99.0000000000
-105.0000000000
-97.0000000000
-37.0000000000
-27.0000000000
-29.0000000000
-29.0000000000
-29.0000000000
-27.0000000000
-27.0000000000
-29.0000000000
-25.0000000000
-23.0000000000
-27.0000000000
-27.0000000000
-25.0000000000
-27.0000000000
-29.0000000000
-23.0000000000
-21.0000000000
-21.0000000000
-23.0000000000
-21.0000000000
-19.0000000000
-19.0000000000
-19.0000000000
-15.0000000000
-13.0000000000
-15.0000000000
-11.0000000000
-9.0000000000
-5.0000000000
-5.0000000000
-5.0000000000
-5.0000000000
-3.0000000000
-9.0000000000
-13.0000000000
-15.0000000000
-15.0000000000
-15.0000000000
-19.0000000000
-19.0000000000
-15.0000000000
-21.0000000000
-23.0000000000
-19.0000000000
-23.0000000000
-23.0000000000
-23.0000000000
-19.0000000000
-17.0000000000
-17.0000000000
-17.0000000000
-21.0000000000
-19.0000000000
-17.0000000000
-15.0000000000
-15.0000000000
-15.0000000000
-15.0000000000
-17.0000000000
-17.0000000000
-15.0000000000
-11.0000000000
-17.0000000000
-17.0000000000
-13.0000000000
-17.0000000000
-15.0000000000
-11.0000000000
-5.0000000000
-5.0000000000
1.0000000000
3.0000000000
9.0000000000
5.0000000000
9.0000000000
3.0000000000
-9.0000000000
-11.0000000000
-17.0000000000
-15.0000000000
-19.0000000000
-21.0000000000
-25.0000000000
-17.0000000000
-21.0000000000
-21.0000000000
-23.0000000000
-17.0000000000
-11.0000000000
-15.0000000000
-13.0000000000
-5.0000000000
7.0000000000
75.0000000000
219.0000000000
271.0000000000
109.0000000000
-99.0000000000
-101.0000000000
-39.0000000000
-19.0000000000
-25.0000000000
-23.0000000000
-23.0000000000
-21.0000000000
-19.0000000000
-21.0000000000
-19.0000000000
-21.0000000000
-19.0000000000
-21.0000000000
-19.0000000000
-21.0000000000
-17.0000000000
-17.0000000000
-15.0000000000
-15.0000000000
-15.0000000000
-9.0000000000
-11.0000000000
-9.0000000000
-11.0000000000
-5.0000000000
-11.0000000000
-9.0000000000
-5.0000000000
-5.0000000000
-5.0000000000
5.0000000000
1.0000000000
-3.0000000000
1.0000000000
-1.0000000000
-7.0000000000
-9.0000000000
-17.0000000000
-13.0000000000
-13.0000000000
-13.0000000000
-15.0000000000
-15.0000000000
-5.0000000000
-9.0000000000
-15.0000000000
-11.0000000000
-11.0000000000
-13.0000000000
-1.0000000000
-19.0000000000
-5.0000000000
-5.0000000000
-7.0000000000
-1.0000000000
-5.0000000000
-9.0000000000
-9.0000000000
-9.0000000000
-3.0000000000
-5.0000000000
-7.0000000000
-3.0000000000
-3.0000000000
1.0000000000
-9.0000000000
-7.0000000000
3.0000000000
3.0000000000
7.0000000000
9.0000000000
13.0000000000
15.0000000000
13.0000000000
-3.0000000000
1.0000000000
-5.0000000000
-23.0000000000
-25.0000000000
-27.0000000000
-39.0000000000
-19.0000000000
-25.0000000000
-19.0000000000
-13.0000000000
-9.0000000000
-15.0000000000
-13.0000000000
-3.0000000000
-13.0000000000
-11.0000000000
21.0000000000
93.0000000000
241.0000000000
307.0000000000
151.0000000000
-81.0000000000
-93.0000000000
-35.0000000000
-19.0000000000
-23.0000000000
-29.0000000000
-25.0000000000
-23.0000000000
-27.0000000000
-27.0000000000
-21.0000000000
-29.0000000000
-27.0000000000
-25.0000000000
-23.0000000000
-25.0000000000
-31.0000000000
-27.0000000000
-29.0000000000
-35.0000000000
-29.0000000000
-27.0000000000
-17.0000000000
-27.0000000000
-23.0000000000
-25.0000000000
-17.0000000000
-17.0000000000
-17.0000000000
-11.0000000000
-9.0000000000
-3.0000000000
-5.0000000000
-15.0000000000
-3.0000000000
-15.0000000000
-21.0000000000
-21.0000000000
-17.0000000000
-21.0000000000
-17.0000000000
-23.0000000000
-21.0000000000
-29.0000000000
-23.0000000000
-27.0000000000
-23.0000000000
-27.0000000000
-29.0000000000
-21.0000000000
-23.0000000000
-25.0000000000
-31.0000000000
-27.0000000000
-27.0000000000
-25.0000000000
-37.0000000000
-23.0000000000
-23.0000000000
-31.0000000000
-27.0000000000
-21.0000000000
-23.0000000000
-23.0000000000
-19.0000000000
-11.0000000000
-27.0000000000
-23.0000000000
-19.0000000000
-15.0000000000
-15.0000000000
-9.0000000000
-5.0000000000
-5.0000000000
-5.0000000000
3.0000000000
5.0000000000
-1.0000000000
-1.0000000000
-17.0000000000
-15.0000000000
-21.0000000000
-27.0000000000
-31.0000000000
-31.0000000000
-25.0000000000
-25.0000000000
-21.0000000000
-23.0000000000
-27.0000000000
-25.0000000000
-17.0000000000
-15.0000000000
-15.0000000000
-19.0000000000
21.0000000000
141.0000000000
277.0000000000
201.0000000000
-11.0000000000
-123.0000000000
-75.0000000000
-37.0000000000
-29.0000000000
-31.0000000000
-31.0000000000
-31.0000000000
-29.0000000000
-27.0000000000
-29.0000000000
-19.0000000000
-27.0000000000
-31.0000000000
-33.0000000000
-29.0000000000
-23.0000000000
-31.0000000000
-29.0000000000
-21.0000000000
-29.0000000000
-23.0000000000
-25.0000000000
-29.0000000000
-15.0000000000
-25.0000000000
-15.0000000000
-15.0000000000
-25.0000000000
-21.0000000000
-15.0000000000
-13.0000000000
-7.0000000000
-7.0000000000
-1.0000000000
-5.0000000000
-15.0000000000
-19.0000000000
-17.0000000000
-23.0000000000
-19.0000000000
-19.0000000000
-17.0000000000
-19.0000000000
-17.0000000000
-21.0000000000
-17.0000000000
-15.0000000000
-17.0000000000
-15.0000000000
-21.0000000000
-23.0000000000
-15.0000000000
-13.0000000000
-13.0000000000
-15.0000000000
-7.0000000000
-3.0000000000
-17.0000000000
-17.0000000000
-9.0000000000
-11.0000000000
-13.0000000000
-17.0000000000
-7.0000000000
-5.0000000000
-17.0000000000
-13.0000000000
-11.0000000000
-5.0000000000
-3.0000000000
-1.0000000000
5.0000000000
9.0000000000
11.0000000000
21.0000000000
11.0000000000
-1.0000000000
-3.0000000000
-9.0000000000
-17.0000000000
-17.0000000000
-21.0000000000
-19.0000000000
-21.0000000000
-5.0000000000
-25.0000000000
-23.0000000000
-17.0000000000
-17.0000000000
-13.0000000000
-13.0000000000
-9.0000000000
1.0000000000
13.0000000000
63.0000000000
205.0000000000
277.0000000000
139.0000000000
-77.0000000000
-107.0000000000
-47.0000000000
-11.0000000000
-5.0000000000
-37.0000000000
-35.0000000000
-25.0000000000
-21.0000000000
-19.0000000000
-21.0000000000
-17.0000000000
-17.0000000000
-13.0000000000
-9.0000000000
-23.0000000000
-19.0000000000
-25.0000000000
-17.0000000000
-13.0000000000
-9.0000000000
-15.0000000000
-13.0000000000
-15.0000000000
-11.0000000000
-9.0000000000
-7.0000000000
5.0000000000
-1.0000000000
-7.0000000000
-1.0000000000
5.0000000000
7.0000000000
7.0000000000
1.0000000000
-1.0000000000
-3.0000000000
-3.0000000000
-7.0000000000
-9.0000000000
-11.0000000000
-7.0000000000
-5.0000000000
-13.0000000000
-17.0000000000
-11.0000000000
-7.0000000000
-7.0000000000
-9.0000000000
-11.0000000000
-9.0000000000
-9.0000000000
-7.0000000000
-9.0000000000
-7.0000000000
-9.0000000000
-3.0000000000
-5.0000000000
-5.0000000000
7.0000000000
-9.0000000000
-15.0000000000
-13.0000000000
-15.0000000000
-7.0000000000
-7.0000000000
-3.0000000000
3.0000000000
1.0000000000
11.0000000000
5.0000000000
3.0000000000
15.0000000000
15.0000000000
11.0000000000
9.0000000000
3.0000000000
-7.0000000000
-7.0000000000
-19.0000000000
-9.0000000000
-21.0000000000
-21.0000000000
-17.0000000000
-19.0000000000
-23.0000000000
-21.0000000000
-13.0000000000
-19.0000000000
-15.0000000000
-11.0000000000
-3.0000000000
7.0000000000
61.0000000000
197.0000000000
273.0000000000
135.0000000000
-67.0000000000
-121.0000000000
-41.0000000000
-27.0000000000
-15.0000000000
-25.0000000000
-25.0000000000
-23.0000000000
-17.0000000000
-21.0000000000
-23.0000000000
-7.0000000000
-29.0000000000
-25.0000000000
-23.0000000000
-15.0000000000
-19.0000000000
-21.0000000000
-13.0000000000
-15.0000000000
-17.0000000000
-9.0000000000
1.0000000000
-17.0000000000
-19.0000000000
-5.0000000000
-15.0000000000
-17.0000000000
-1.0000000000
-3.0000000000
-7.0000000000
3.0000000000
3.0000000000
-1.0000000000
-1.0000000000
-3.0000000000
-5.0000000000
-13.0000000000
-5.0000000000
-9.0000000000
-21.0000000000
-15.0000000000
-9.0000000000
-15.0000000000
-13.0000000000
-17.0000000000
-15.0000000000
-13.0000000000
-17.0000000000
-7.0000000000
-7.0000000000
-9.0000000000
-11.0000000000
-3.0000000000
-3.0000000000
-1.0000000000
-13.0000000000
-11.0000000000
-1.0000000000
-9.0000000000
-1.0000000000
-7.0000000000
-5.0000000000
1.0000000000
3.0000000000
5.0000000000
11.0000000000
11.0000000000
13.0000000000
7.0000000000
13.0000000000
19.0000000000
17.0000000000
7.0000000000
5.0000000000
-5.0000000000
-7.0000000000
-11.0000000000
-7.0000000000
-7.0000000000
-11.0000000000
-11.0000000000
-7.0000000000
-9.0000000000
-13.0000000000
-11.0000000000
-7.0000000000
-3.0000000000
3.0000000000
11.0000000000
51.0000000000
185.0000000000
261.0000000000
125.0000000000
-73.0000000000
-99.0000000000
-35.0000000000
-13.0000000000
-1.0000000000
1.0000000000
-29.0000000000
-27.0000000000
-19.0000000000
-15.0000000000
-13.0000000000
-15.0000000000
-13.0000000000
-15.0000000000
-11.0000000000
-13.0000000000
-15.0000000000
-9.0000000000
-9.0000000000
-13.0000000000
-11.0000000000
-11.0000000000
-7.0000000000
-5.0000000000
-7.0000000000
-3.0000000000
1.0000000000
5.0000000000
1.0000000000
1.0000000000
1.0000000000
3.0000000000
7.0000000000
11.0000000000
11.0000000000
-3.0000000000
1.0000000000
-3.0000000000
-5.0000000000
-3.0000000000
-1.0000000000
-1.0000000000
-9.0000000000
-11.0000000000
-7.0000000000
-3.0000000000
-13.0000000000
-7.0000000000
-5.0000000000
-11.0000000000
-1.0000000000
-7.0000000000
-5.0000000000
-11.0000000000
1.0000000000
-7.0000000000
-1.0000000000
-1.0000000000
-3.0000000000
-7.0000000000
-1.0000000000
-3.0000000000
-1.0000000000
-1.0000000000
9.0000000000
11.0000000000
9.0000000000
9.0000000000
15.0000000000
11.0000000000
19.0000000000
15.0000000000
11.0000000000
9.0000000000
-5.0000000000
-3.0000000000
-7.0000000000
-13.0000000000
-13.0000000000
-7.0000000000
-15.0000000000
-15.0000000000
-21.0000000000
-19.0000000000
-13.0000000000
-7.0000000000
-5.0000000000
-5.0000000000
-1.0000000000
13.0000000000
99.0000000000
253.0000000000
249.0000000000
61.0000000000
-101.0000000000
-83.0000000000
-25.0000000000
-13.0000000000
-19.0000000000
-21.0000000000
-19.0000000000
-19.0000000000
-13.0000000000
-15.0000000000
-11.0000000000
-9.0000000000
-17.0000000000
-23.0000000000
-15.0000000000
-17.0000000000
-13.0000000000
-23.0000000000
-5.0000000000
-13.0000000000
-15.0000000000
-11.0000000000
-13.0000000000
-5.0000000000
-19.0000000000
-9.0000000000
-13.0000000000
-13.0000000000
-5.0000000000
-5.0000000000
-7.0000000000
-1.0000000000
3.0000000000
7.0000000000
-3.0000000000
3.0000000000
-7.0000000000
-15.0000000000
-11.0000000000
-7.0000000000
-13.0000000000
-13.0000000000
-9.0000000000
-15.0000000000
-11.0000000000
-13.0000000000
-11.0000000000
-11.0000000000
1.0000000000
-9.0000000000
-15.0000000000
-13.0000000000
-13.0000000000
-7.0000000000
-5.0000000000
-7.0000000000
-7.0000000000
-7.0000000000
-5.0000000000
-9.0000000000
-7.0000000000
-1.0000000000
5.0000000000
-9.0000000000
-13.0000000000
-7.0000000000
-1.0000000000
3.0000000000
11.0000000000
11.0000000000
13.0000000000
7.0000000000
5.0000000000
-1.0000000000
-9.0000000000
-13.0000000000
-15.0000000000
-21.0000000000
-15.0000000000
-23.0000000000
-21.0000000000
-25.0000000000
-21.0000000000
-19.0000000000
-21.0000000000
-15.0000000000
-13.0000000000
-15.0000000000
-13.0000000000
-5.0000000000
31.0000000000
167.0000000000
263.0000000000
195.0000000000
11.0000000000
-127.0000000000
-75.0000000000
-33.0000000000
-17.0000000000
-11.0000000000
-33.0000000000
-39.0000000000
-27.0000000000
-27.0000000000
-29.0000000000
-29.0000000000
-25.0000000000
-23.0000000000
-25.0000000000
-25.0000000000
-23.0000000000
-25.0000000000
-21.0000000000
-23.0000000000
-19.0000000000
-23.0000000000
-21.0000000000
-19.0000000000
-17.0000000000
-15.0000000000
-15.0000000000
-15.0000000000
-7.0000000000
-11.0000000000
-9.0000000000
-9.0000000000
-5.0000000000
-3.0000000000
-7.0000000000
-11.0000000000
-13.0000000000
-13.0000000000
-19.0000000000
-21.0000000000
-11.0000000000
-27.0000000000
-25.0000000000
-23.0000000000
-23.0000000000
-23.0000000000
-23.0000000000
-23.0000000000
-25.0000000000
-21.0000000000
-19.0000000000
-19.0000000000
-17.0000000000
-15.0000000000
-17.0000000000
-13.0000000000
-13.0000000000
-11.0000000000
-11.0000000000
-7.0000000000
-9.0000000000
-9.0000000000
-9.0000000000
-11.0000000000
-11.0000000000
-11.0000000000
-9.0000000000
-5.0000000000
1.0000000000
-1.0000000000
11.0000000000
3.0000000000
5.0000000000
5.0000000000
9.0000000000
3.0000000000
-1.0000000000
-7.0000000000
-15.0000000000
-21.0000000000
-19.0000000000
-23.0000000000
-23.0000000000
-23.0000000000
-23.0000000000
-17.0000000000
-21.0000000000
-19.0000000000
-17.0000000000
-15.0000000000
-17.0000000000
-3.0000000000
-3.0000000000
17.0000000000
117.0000000000
237.0000000000
217.0000000000
25.0000000000
-125.0000000000
-81.0000000000
-29.0000000000
-17.0000000000
-19.0000000000
-27.0000000000
-19.0000000000
-23.0000000000
-23.0000000000
-27.0000000000
-27.0000000000
-21.0000000000
-21.0000000000
-23.0000000000
-23.0000000000
-23.0000000000
-21.0000000000
-21.0000000000
-21.0000000000
-15.0000000000
-19.0000000000
-19.0000000000
-19.0000000000
-13.0000000000
-13.0000000000
-15.0000000000
-11.0000000000
-5.0000000000
-9.0000000000
-9.0000000000
-5.0000000000
1.0000000000
1.0000000000
-5.0000000000
-3.0000000000
-7.0000000000
-7.0000000000
-11.0000000000
-11.0000000000
-11.0000000000
-11.0000000000
-19.0000000000
-19.0000000000
-11.0000000000
-17.0000000000
-19.0000000000
-17.0000000000
-17.0000000000
-19.0000000000
-17.0000000000
-17.0000000000
-11.0000000000
-13.0000000000
-11.0000000000
-11.0000000000
-9.0000000000
-11.0000000000
-11.0000000000
-5.0000000000
-11.0000000000
-13.0000000000
-15.0000000000
-11.0000000000
-9.0000000000
-11.0000000000
-11.0000000000
-7.0000000000
-5.0000000000
-1.0000000000
5.0000000000
3.0000000000
1.0000000000
7.0000000000
13.0000000000
11.0000000000
9.0000000000
3.0000000000
-3.0000000000
-7.0000000000
-17.0000000000
-19.0000000000
-21.0000000000
-23.0000000000
-17.0000000000
-21.0000000000
-19.0000000000
-17.0000000000
-19.0000000000
-17.0000000000
-9.0000000000
-11.0000000000
-7.0000000000
-5.0000000000
29.0000000000
167.0000000000
277.0000000000
207.0000000000
-5.0000000000
-119.0000000000
-69.0000000000
-25.0000000000
-19.0000000000
-21.0000000000
-23.0000000000
-19.0000000000
-21.0000000000
-19.0000000000
-15.0000000000
-17.0000000000
-19.0000000000
-15.0000000000
-21.0000000000
-13.0000000000
-25.0000000000
-21.0000000000
-21.0000000000
-21.0000000000
-19.0000000000
-17.0000000000
-15.0000000000
-15.0000000000
-17.0000000000
-15.0000000000
-11.0000000000
-11.0000000000
-9.0000000000
-11.0000000000
-9.0000000000
-5.0000000000
-5.0000000000
1.0000000000
3.0000000000
1.0000000000
-5.0000000000
-3.0000000000
-9.0000000000
-11.0000000000
-9.0000000000
-9.0000000000
-9.0000000000
-11.0000000000
-9.0000000000
-11.0000000000
-13.0000000000
-11.0000000000
-13.0000000000
9.0000000000
-15.0000000000
-19.0000000000
-9.0000000000
-7.0000000000
-7.0000000000
-7.0000000000
-3.0000000000
-7.0000000000
-5.0000000000
-5.0000000000
-7.0000000000
-7.0000000000
-9.0000000000
-7.0000000000
-9.0000000000
-7.0000000000
-5.0000000000
-9.0000000000
1.0000000000
-1.0000000000
-1.0000000000
3.0000000000
7.0000000000
13.0000000000
13.0000000000
15.0000000000
9.0000000000
3.0000000000
-5.0000000000
-9.0000000000
-13.0000000000
-15.0000000000
-17.0000000000
-19.0000000000
-23.0000000000
-15.0000000000
-19.0000000000
-17.0000000000
-17.0000000000
-13.0000000000
-9.0000000000
-9.0000000000
-7.0000000000
1.0000000000
37.0000000000
151.0000000000
267.0000000000
219.0000000000
3.0000000000
-121.0000000000
-63.0000000000
-23.0000000000
-23.0000000000
-23.0000000000
-25.0000000000
-23.0000000000
-23.0000000000
-23.0000000000
-21.0000000000
-19.0000000000
-21.0000000000
-19.0000000000
-21.0000000000
-21.0000000000
-17.0000000000
-19.0000000000
-19.0000000000
-19.0000000000
-19.0000000000
-17.0000000000
-17.0000000000
-11.0000000000
-13.0000000000
-9.0000000000
-7.0000000000
-7.0000000000
-9.0000000000
-3.0000000000
-1.0000000000
1.0000000000
5.0000000000
1.0000000000
1.0000000000
-3.0000000000
-7.0000000000
-11.0000000000
-15.0000000000
-17.0000000000
-15.0000000000
-15.0000000000
-17.0000000000
-15.0000000000
-19.0000000000
-17.0000000000
-17.0000000000
-19.0000000000
-15.0000000000
-17.0000000000
-19.0000000000
-19.0000000000
-19.0000000000
-11.0000000000
-15.0000000000
-13.0000000000
-13.0000000000
-15.0000000000
-15.0000000000
-13.0000000000
-13.0000000000
-13.0000000000
-15.0000000000
-15.0000000000
-13.0000000000
-15.0000000000
-17.0000000000
-17.0000000000
-19.0000000000
-15.0000000000
-17.0000000000
-15.0000000000
-7.0000000000
-1.0000000000
-7.0000000000
1.0000000000
5.0000000000
7.0000000000
7.0000000000
7.0000000000
3.0000000000
-7.0000000000
-11.0000000000
-19.0000000000
-19.0000000000
-25.0000000000
-27.0000000000
-25.0000000000
-23.0000000000
-23.0000000000
-23.0000000000
-19.0000000000
-19.0000000000
-17.0000000000
-13.0000000000
-7.0000000000
-3.0000000000
1.0000000000
35.0000000000
171.0000000000
251.0000000000
135.0000000000
-73.0000000000
-131.0000000000
-61.0000000000
-31.0000000000
-27.0000000000
-29.0000000000
-37.0000000000
-29.0000000000
-27.0000000000
-31.0000000000
-25.0000000000
-27.0000000000
-29.0000000000
-27.0000000000
-27.0000000000
-25.0000000000
-27.0000000000
-27.0000000000
-23.0000000000
-21.0000000000
-25.0000000000
-23.0000000000
-25.0000000000
-21.0000000000
-19.0000000000
-13.0000000000
-9.0000000000
-9.0000000000
-11.0000000000
-5.0000000000
-11.0000000000
-3.0000000000
-5.0000000000
-5.0000000000
-7.0000000000
-13.0000000000
-11.0000000000
-17.0000000000
-21.0000000000
-19.0000000000
-17.0000000000
-21.0000000000
-15.0000000000
-23.0000000000
-23.0000000000
-21.0000000000
-21.0000000000
-23.0000000000
-23.0000000000
-21.0000000000
-15.0000000000
-19.0000000000
-17.0000000000
-15.0000000000
-17.0000000000
-15.0000000000
-15.0000000000
-15.0000000000
-9.0000000000
-11.0000000000
-15.0000000000
-11.0000000000
-9.0000000000
-11.0000000000
-13.0000000000
-11.0000000000
-7.0000000000
-9.0000000000
-9.0000000000
-3.0000000000
1.0000000000
5.0000000000
5.0000000000
9.0000000000
9.0000000000
13.0000000000
9.0000000000
1.0000000000
-7.0000000000
-13.0000000000
-17.0000000000
-15.0000000000
-19.0000000000
-19.0000000000
-21.0000000000
-17.0000000000
-19.0000000000
-17.0000000000
-17.0000000000
-11.0000000000
-9.0000000000
-9.0000000000
-7.0000000000
9.0000000000
83.0000000000
247.0000000000
281.0000000000
135.0000000000
-91.0000000000
-111.0000000000
-43.0000000000
-15.0000000000
-17.0000000000
-21.0000000000
-21.0000000000
-19.0000000000
-15.0000000000
-21.0000000000
-17.0000000000
-19.0000000000
-19.0000000000
-19.0000000000
-19.0000000000
-15.0000000000
-13.0000000000
-13.0000000000
-15.0000000000
-9.0000000000
-15.0000000000
-7.0000000000
-11.0000000000
-7.0000000000
-9.0000000000
-9.0000000000
-5.0000000000
-3.0000000000
-5.0000000000
1.0000000000
3.0000000000
7.0000000000
9.0000000000
5.0000000000
5.0000000000
3.0000000000
-3.0000000000
-3.0000000000
-7.0000000000
-7.0000000000
-7.0000000000
-7.0000000000
-9.0000000000
-9.0000000000
-11.0000000000
-11.0000000000
-9.0000000000
-11.0000000000
-11.0000000000
-9.0000000000
-7.0000000000
-3.0000000000
-7.0000000000
-5.0000000000
-5.0000000000
-7.0000000000
-5.0000000000
-9.0000000000
-9.0000000000
-5.0000000000
-7.0000000000
-7.0000000000
-5.0000000000
-7.0000000000
-3.0000000000
-7.0000000000
-9.0000000000
-5.0000000000
-7.0000000000
-1.0000000000
3.0000000000
5.0000000000
9.0000000000
9.0000000000
15.0000000000
17.0000000000
17.0000000000
11.0000000000
5.0000000000
1.0000000000
-3.0000000000
-15.0000000000
-15.0000000000
-11.0000000000
-19.0000000000
-15.0000000000
-13.0000000000
-15.0000000000
-13.0000000000
-9.0000000000
-9.0000000000
-7.0000000000
-7.0000000000
-5.0000000000
3.0000000000
35.0000000000
153.0000000000
273.0000000000
205.0000000000
-15.0000000000
-127.0000000000
-67.0000000000
-19.0000000000
-17.0000000000
-15.0000000000
-15.0000000000
-17.0000000000
-17.0000000000
-17.0000000000
-17.0000000000
-19.0000000000
-13.0000000000
-17.0000000000
-15.0000000000
-17.0000000000
-15.0000000000
-17.0000000000
-11.0000000000
-13.0000000000
-11.0000000000
-9.0000000000
-9.0000000000
-7.0000000000
-5.0000000000
-7.0000000000
-3.0000000000
-3.0000000000
-1.0000000000
1.0000000000
3.0000000000
1.0000000000
5.0000000000
5.0000000000
5.0000000000
-3.0000000000
-3.0000000000
-1.0000000000
-7.0000000000
-9.0000000000
-9.0000000000
-9.0000000000
-9.0000000000
-15.0000000000
-11.0000000000
-11.0000000000
-15.0000000000
-17.0000000000
-13.0000000000
-15.0000000000
-17.0000000000
-17.0000000000
-15.0000000000
-11.0000000000
-11.0000000000
-11.0000000000
-11.0000000000
-11.0000000000
-11.0000000000
-11.0000000000
-11.0000000000
-9.0000000000
-11.0000000000
-13.0000000000
-11.0000000000
-13.0000000000
-9.0000000000
-9.0000000000
-15.0000000000
-17.0000000000
-13.0000000000
-9.0000000000
1.0000000000
-1.0000000000
1.0000000000
1.0000000000
7.0000000000
11.0000000000
9.0000000000
1.0000000000
-1.0000000000
-9.0000000000
-21.0000000000
-23.0000000000
-25.0000000000
-23.0000000000
-23.0000000000
-23.0000000000
-25.0000000000
-23.0000000000
-23.0000000000
-21.0000000000
-23.0000000000
-15.0000000000
-13.0000000000
-7.0000000000
9.0000000000
65.0000000000
209.0000000000
257.0000000000
89.0000000000
-109.0000000000
-109.0000000000
-43.0000000000
-21.0000000000
-27.0000000000
-27.0000000000
-27.0000000000
-31.0000000000
-29.0000000000
-29.0000000000
-29.0000000000
-27.0000000000
-25.0000000000
-25.0000000000
-27.0000000000
-25.0000000000
-23.0000000000
-23.0000000000
-27.0000000000
-23.0000000000
-23.0000000000
-21.0000000000
-19.0000000000
-23.0000000000
-15.0000000000
-19.0000000000
-19.0000000000
-15.0000000000
-15.0000000000
-13.0000000000
-11.0000000000
-5.0000000000
-5.0000000000
-5.0000000000
-13.0000000000
-13.0000000000
-15.0000000000
-15.0000000000
-21.0000000000
-19.0000000000
-17.0000000000
-17.0000000000
-19.0000000000
-19.0000000000
-21.0000000000
-23.0000000000
-21.0000000000
-19.0000000000
-19.0000000000
-19.0000000000
-17.0000000000
-19.0000000000
-15.0000000000
-17.0000000000
-13.0000000000
-15.0000000000
-13.0000000000
-15.0000000000
-15.0000000000
-13.0000000000
-13.0000000000
-15.0000000000
-15.0000000000
-15.0000000000
-13.0000000000
-13.0000000000
-13.0000000000
-13.0000000000
-17.0000000000
-13.0000000000
-13.0000000000
-5.0000000000
-1.0000000000
-1.0000000000
3.0000000000
7.0000000000
3.0000000000
7.0000000000
3.0000000000
3.0000000000
-1.0000000000
-15.0000000000
-17.0000000000
-21.0000000000
-17.0000000000
-19.0000000000
-25.0000000000
-25.0000000000
-23.0000000000
-23.0000000000
-19.0000000000
-17.0000000000
-17.0000000000
-15.0000000000
-11.0000000000
-5.0000000000
15.0000000000
101.0000000000
233.0000000000
235.0000000000
71.0000000000
-111.0000000000
-95.0000000000
-37.0000000000
-21.0000000000
-23.0000000000
-27.0000000000
-25.0000000000
-29.0000000000
-23.0000000000
-21.0000000000
-21.0000000000
-25.0000000000
-25.0000000000
-25.0000000000
-23.0000000000
-23.0000000000
-21.0000000000
-21.0000000000
-15.0000000000
-15.0000000000
-19.0000000000
-21.0000000000
-17.0000000000
-17.0000000000
-17.0000000000
-13.0000000000
-13.0000000000
-7.0000000000
-9.0000000000
-9.0000000000
-3.0000000000
-3.0000000000
1.0000000000
1.0000000000
-9.0000000000
-9.0000000000
-13.0000000000
-13.0000000000
-15.0000000000
-13.0000000000
-13.0000000000
-17.0000000000
-17.0000000000
-17.0000000000
-17.0000000000
-17.0000000000
-17.0000000000
-17.0000000000
-17.0000000000
-17.0000000000
-17.0000000000
-15.0000000000
-13.0000000000
-13.0000000000
-13.0000000000
-13.0000000000
-13.0000000000
-13.0000000000
-11.0000000000
-11.0000000000
-13.0000000000
-11.0000000000
-9.0000000000
-15.0000000000
-15.0000000000
-13.0000000000
-13.0000000000
-13.0000000000
-15.0000000000
-13.0000000000
-9.0000000000
-11.0000000000
-7.0000000000
-5.0000000000
-1.0000000000
5.0000000000
7.0000000000
7.0000000000
9.0000000000
9.0000000000
3.0000000000
-5.0000000000
-7.0000000000
-15.0000000000
-17.0000000000
-25.0000000000
-25.0000000000
-23.0000000000
-21.0000000000
-23.0000000000
-25.0000000000
-23.0000000000
-19.0000000000
-19.0000000000
-19.0000000000
-17.0000000000
-7.0000000000
5.0000000000
65.0000000000
197.0000000000
245.0000000000
105.0000000000
-91.0000000000
-113.0000000000
-47.0000000000
-25.0000000000
-27.0000000000
-27.0000000000
-27.0000000000
-27.0000000000
-27.0000000000
-27.0000000000
-29.0000000000
-25.0000000000
-29.0000000000
-27.0000000000
-27.0000000000
-27.0000000000
-23.0000000000
-23.0000000000
-23.0000000000
-23.0000000000
-21.0000000000
-19.0000000000
-23.0000000000
-23.0000000000
-21.0000000000
-19.0000000000
-17.0000000000
-17.0000000000
-15.0000000000
-9.0000000000
-15.0000000000
-9.0000000000
-9.0000000000
-9.0000000000
-7.0000000000
-11.0000000000
-15.0000000000
-15.0000000000
-17.0000000000
-21.0000000000
-21.0000000000
-21.0000000000
-23.0000000000
-23.0000000000
-19.0000000000
-23.0000000000
-23.0000000000
-23.0000000000
-19.0000000000
-21.0000000000
-21.0000000000
-21.0000000000
-21.0000000000
-13.0000000000
-15.0000000000
-17.0000000000
-17.0000000000
-13.0000000000
-17.0000000000
-17.0000000000
-11.0000000000
-13.0000000000
-19.0000000000
-19.0000000000
-17.0000000000
-21.0000000000
-19.0000000000
-19.0000000000
-15.0000000000
-7.0000000000
-7.0000000000
-7.0000000000
-1.0000000000
-1.0000000000
1.0000000000
3.0000000000
5.0000000000
5.0000000000
-11.0000000000
-17.0000000000
-23.0000000000
-23.0000000000
-25.0000000000
-31.0000000000
-31.0000000000
-29.0000000000
-29.0000000000
-29.0000000000
-27.0000000000
-27.0000000000
-25.0000000000
-21.0000000000
-23.0000000000
-13.0000000000
5.0000000000
91.0000000000
229.0000000000
215.0000000000
29.0000000000
-129.0000000000
-91.0000000000
-35.0000000000
-33.0000000000
-31.0000000000
-33.0000000000
-31.0000000000
-35.0000000000
-31.0000000000
-31.0000000000
-27.0000000000
-29.0000000000
-29.0000000000
-31.0000000000
-27.0000000000
-27.0000000000
-29.0000000000
-23.0000000000
-25.0000000000
-25.0000000000
-31.0000000000
-19.0000000000
-23.0000000000
-23.0000000000
-17.0000000000
-19.0000000000
-21.0000000000
-19.0000000000
-19.0000000000
-15.0000000000
-13.0000000000
-9.0000000000
-7.0000000000
-9.0000000000
-7.0000000000
-13.0000000000
-13.0000000000
-15.0000000000
-19.0000000000
-19.0000000000
-17.0000000000
-17.0000000000
-17.0000000000
-19.0000000000
-21.0000000000
-19.0000000000
-21.0000000000
-23.0000000000
-23.0000000000
-19.0000000000
-15.0000000000
-13.0000000000
-17.0000000000
-15.0000000000
-15.0000000000
-13.0000000000
-15.0000000000
-11.0000000000
-13.0000000000
-13.0000000000
-11.0000000000
-11.0000000000
-13.0000000000
-13.0000000000
-11.0000000000
-3.0000000000
-3.0000000000
1.0000000000
1.0000000000
7.0000000000
13.0000000000
7.0000000000
9.0000000000
11.0000000000
3.0000000000
-9.0000000000
-13.0000000000
-17.0000000000
-19.0000000000
-21.0000000000
-21.0000000000
-19.0000000000
-17.0000000000
-19.0000000000
-23.0000000000
-17.0000000000
-13.0000000000
-9.0000000000
-9.0000000000
-5.0000000000
3.0000000000
35.0000000000
175.0000000000
259.0000000000
121.0000000000
-85.0000000000
-101.0000000000
-35.0000000000
-17.0000000000
-21.0000000000
-17.0000000000
-19.0000000000
-27.0000000000
-21.0000000000
-19.0000000000
-19.0000000000
-15.0000000000
-19.0000000000
-21.0000000000
-15.0000000000
-17.0000000000
-19.0000000000
-17.0000000000
-15.0000000000
-7.0000000000
-17.0000000000
-13.0000000000
-11.0000000000
-9.0000000000
-13.0000000000
-9.0000000000
-7.0000000000
-5.0000000000
-5.0000000000
-3.0000000000
-5.0000000000
3.0000000000
3.0000000000
5.0000000000
5.0000000000
-1.0000000000
-3.0000000000
-3.0000000000
-5.0000000000
-9.0000000000
-7.0000000000
-11.0000000000
-11.0000000000
-7.0000000000
-15.0000000000
-11.0000000000
-19.0000000000
-11.0000000000
-3.0000000000
-11.0000000000
-11.0000000000
-9.0000000000
-3.0000000000
-5.0000000000
-1.0000000000
-13.0000000000
-7.0000000000
-5.0000000000
-11.0000000000
-1.0000000000
3.0000000000
-1.0000000000
-5.0000000000
-1.0000000000
-1.0000000000
3.0000000000
21.0000000000
15.0000000000
7.0000000000
13.0000000000
19.0000000000
7.0000000000
-5.0000000000
17.0000000000
-7.0000000000
-31.0000000000
-9.0000000000
-9.0000000000
-41.0000000000
-23.0000000000
-23.0000000000
-27.0000000000
-33.0000000000
-15.0000000000
-21.0000000000
-19.0000000000
-15.0000000000
-31.0000000000
-1.0000000000
-1.0000000000
85.0000000000
221.0000000000
263.0000000000
85.0000000000
-109.0000000000
-109.0000000000
-33.0000000000
-33.0000000000
-17.0000000000
-19.0000000000
-23.0000000000
-27.0000000000
-23.0000000000
-23.0000000000
-23.0000000000
-23.0000000000
-25.0000000000
-13.0000000000
-21.0000000000
-19.0000000000
-21.0000000000
-19.0000000000
-29.0000000000
-13.0000000000
-15.0000000000
-17.0000000000
-21.0000000000
-21.0000000000
-1.0000000000
-17.0000000000
-15.0000000000
-11.0000000000
-11.0000000000
-5.0000000000
-5.0000000000
-7.0000000000
-5.0000000000
1.0000000000
-5.0000000000
-7.0000000000
-3.0000000000
-9.0000000000
-11.0000000000
-15.0000000000
-13.0000000000
-13.0000000000
-15.0000000000
-15.0000000000
-15.0000000000
-15.0000000000
-15.0000000000
-15.0000000000
-15.0000000000
-13.0000000000
-13.0000000000
-11.0000000000
-9.0000000000
-9.0000000000
-9.0000000000
-11.0000000000
-7.0000000000
-7.0000000000
-11.0000000000
-11.0000000000
-11.0000000000
-11.0000000000
-9.0000000000
-11.0000000000
-11.0000000000
-11.0000000000
-13.0000000000
-13.0000000000
-11.0000000000
-7.0000000000
-3.0000000000
-1.0000000000
3.0000000000
5.0000000000
9.0000000000
9.0000000000
13.0000000000
11.0000000000
3.0000000000
-1.0000000000
-9.0000000000
-13.0000000000
-17.0000000000
-21.0000000000
-23.0000000000
-21.0000000000
-19.0000000000
-21.0000000000
-21.0000000000
-21.0000000000
-21.0000000000
-17.0000000000
-13.0000000000
-13.0000000000
-7.0000000000
-7.0000000000
45.0000000000
189.0000000000
279.0000000000
155.0000000000
-69.0000000000
-129.0000000000
-63.0000000000
-27.0000000000
-25.0000000000
-25.0000000000
-31.0000000000
-33.0000000000
-27.0000000000
-27.0000000000
-27.0000000000
-27.0000000000
-29.0000000000
-33.0000000000
-29.0000000000
-27.0000000000
-27.0000000000
-25.0000000000
-23.0000000000
-25.0000000000
-21.0000000000
1.0000000000
-31.0000000000
-35.0000000000
-25.0000000000
-19.0000000000
-15.0000000000
-19.0000000000
-17.0000000000
-19.0000000000
-11.0000000000
-9.0000000000
-9.0000000000
-5.0000000000
-11.0000000000
-13.0000000000
-15.0000000000
-19.0000000000
-19.0000000000
-17.0000000000
-21.0000000000
-17.0000000000
-19.0000000000
-25.0000000000
-23.0000000000
-23.0000000000
-23.0000000000
-23.0000000000
-23.0000000000
-19.0000000000
-23.0000000000
-19.0000000000
-19.0000000000
-19.0000000000
-21.0000000000
-19.0000000000
-15.0000000000
-15.0000000000
-19.0000000000
-19.0000000000
-19.0000000000
-19.0000000000
-21.0000000000
-19.0000000000
-19.0000000000
-17.0000000000
-19.0000000000
-21.0000000000
-21.0000000000
-17.0000000000
-19.0000000000
-17.0000000000
-15.0000000000
-11.0000000000
-5.0000000000
-5.0000000000
-3.0000000000
5.0000000000
3.0000000000
1.0000000000
-9.0000000000
-17.0000000000
-21.0000000000
-29.0000000000
-25.0000000000
-25.0000000000
-29.0000000000
-29.0000000000
-29.0000000000
-27.0000000000
-27.0000000000
-27.0000000000
-25.0000000000
-19.0000000000
-23.0000000000
-21.0000000000
-13.0000000000
-1.0000000000
87.0000000000
247.0000000000
273.0000000000
97.0000000000
-125.0000000000
-115.0000000000
-51.0000000000
-27.0000000000
-31.0000000000
-35.0000000000
-33.0000000000
-27.0000000000
-33.0000000000
-31.0000000000
-29.0000000000
-27.0000000000
-27.0000000000
-31.0000000000
-25.0000000000
-25.0000000000
-29.0000000000
-29.0000000000
-21.0000000000
-21.0000000000
-23.0000000000
-25.0000000000
-21.0000000000
-21.0000000000
-21.0000000000
-17.0000000000
-19.0000000000
-17.0000000000
-17.0000000000
-17.0000000000
-13.0000000000
-9.0000000000
-9.0000000000
-7.0000000000
-9.0000000000
-11.0000000000
-15.0000000000
-15.0000000000
-13.0000000000
-15.0000000000
-19.0000000000
-19.0000000000
-17.0000000000
-17.0000000000
-19.0000000000
-19.0000000000
-17.0000000000
-21.0000000000
-15.0000000000
-17.0000000000
-17.0000000000
-13.0000000000
-15.0000000000
-13.0000000000
-15.0000000000
-15.0000000000
-13.0000000000
-15.0000000000
-13.0000000000
-7.0000000000
-15.0000000000
-13.0000000000
-13.0000000000
-15.0000000000
-15.0000000000
-11.0000000000
-15.0000000000
-11.0000000000
-13.0000000000
-15.0000000000
-11.0000000000
-15.0000000000
-15.0000000000
-11.0000000000
-5.0000000000
-3.0000000000
1.0000000000
3.0000000000
5.0000000000
5.0000000000
11.0000000000
9.0000000000
1.0000000000
-3.0000000000
-13.0000000000
-17.0000000000
-19.0000000000
-23.0000000000
-21.0000000000
-25.0000000000
-19.0000000000
-19.0000000000
-21.0000000000
-21.0000000000
-19.0000000000
-15.0000000000
-15.0000000000
-15.0000000000
-5.0000000000
17.0000000000
95.0000000000
227.0000000000
261.0000000000
93.0000000000
-117.0000000000
-103.0000000000
-37.0000000000
-21.0000000000
-21.0000000000
-25.0000000000
-25.0000000000
-23.0000000000
-25.0000000000
-27.0000000000
-23.0000000000
-21.0000000000
-23.0000000000
-25.0000000000
-21.0000000000
-19.0000000000
-23.0000000000
-17.0000000000
-17.0000000000
-15.0000000000
-15.0000000000
-17.0000000000
-15.0000000000
-13.0000000000
-11.0000000000
-9.0000000000
-7.0000000000
-5.0000000000
-5.0000000000
-3.0000000000
-1.0000000000
1.0000000000
1.0000000000
-3.0000000000
-1.0000000000
-5.0000000000
-9.0000000000
-13.0000000000
-11.0000000000
-13.0000000000
-15.0000000000
-15.0000000000
-13.0000000000
-15.0000000000
-11.0000000000
-15.0000000000
-15.0000000000
-17.0000000000
-15.0000000000
-15.0000000000
-11.0000000000
-13.0000000000
-13.0000000000
-13.0000000000
-9.0000000000
-9.0000000000
-11.0000000000
-11.0000000000
-11.0000000000
-9.0000000000
-9.0000000000
-9.0000000000
-9.0000000000
-9.0000000000
-11.0000000000
-11.0000000000
-9.0000000000
-9.0000000000
-9.0000000000
-9.0000000000
-13.0000000000
-11.0000000000
-13.0000000000
-13.0000000000
-13.0000000000
-11.0000000000
-11.0000000000
-11.0000000000
-7.0000000000
-7.0000000000
-1.0000000000
-3.0000000000
9.0000000000
11.0000000000
11.0000000000
9.0000000000
11.0000000000
5.0000000000
-1.0000000000
-13.0000000000
-17.0000000000
-15.0000000000
-17.0000000000
-21.0000000000
-21.0000000000
-21.0000000000
-21.0000000000
-19.0000000000
-17.0000000000
-17.0000000000
-17.0000000000
-15.0000000000
-11.0000000000
-5.0000000000
9.0000000000
83.0000000000
231.0000000000
279.0000000000
103.0000000000
-115.0000000000
-103.0000000000
-39.0000000000
-19.0000000000
-23.0000000000
-25.0000000000
-25.0000000000
-25.0000000000
-27.0000000000
-23.0000000000
-25.0000000000
-25.0000000000
-27.0000000000
-25.0000000000
-23.0000000000
-23.0000000000
-23.0000000000
-23.0000000000
-23.0000000000
-21.0000000000
-21.0000000000
-17.0000000000
-17.0000000000
-15.0000000000
-13.0000000000
-15.0000000000
-15.0000000000
-11.0000000000
-11.0000000000
-9.0000000000
-5.0000000000
-5.0000000000
-5.0000000000
-3.0000000000
-7.0000000000
-9.0000000000
-13.0000000000
-15.0000000000
-13.0000000000
-17.0000000000
-19.0000000000
-19.0000000000
-19.0000000000
-17.0000000000
-21.0000000000
-23.0000000000
-19.0000000000
-21.0000000000
-21.0000000000
-19.0000000000
-19.0000000000
-19.0000000000
-13.0000000000
-17.0000000000
-13.0000000000
-11.0000000000
-15.0000000000
-11.0000000000
-15.0000000000
-15.0000000000
-15.0000000000
-13.0000000000
-15.0000000000
-15.0000000000
-17.0000000000
-11.0000000000
-17.0000000000
-15.0000000000
-19.0000000000
-11.0000000000
-11.0000000000
-15.0000000000
-13.0000000000
-9.0000000000
-9.0000000000
-5.0000000000
-1.0000000000
1.0000000000
9.0000000000
9.0000000000
11.0000000000
5.0000000000
-5.0000000000
-7.0000000000
-15.0000000000
-15.0000000000
-21.0000000000
-19.0000000000
-19.0000000000
-19.0000000000
-19.0000000000
-19.0000000000
-17.0000000000
-15.0000000000
-11.0000000000
-7.0000000000
-13.0000000000
-5.0000000000
15.0000000000
123.0000000000
273.0000000000
271.0000000000
85.0000000000
-121.0000000000
-97.0000000000
-35.0000000000
-19.0000000000
-23.0000000000
-23.0000000000
-25.0000000000
-23.0000000000
-25.0000000000
-21.0000000000
-21.0000000000
-25.0000000000
-23.0000000000
-21.0000000000
-21.0000000000
-19.0000000000
-19.0000000000
-19.0000000000
-17.0000000000
-17.0000000000
-15.0000000000
-17.0000000000
-15.0000000000
-13.0000000000
-11.0000000000
-13.0000000000
-7.0000000000
-9.0000000000
-11.0000000000
-9.0000000000
-3.0000000000
1.0000000000
1.0000000000
-1.0000000000
-3.0000000000
-9.0000000000
-9.0000000000
-11.0000000000
-9.0000000000
-13.0000000000
-13.0000000000
-13.0000000000
-13.0000000000
-17.0000000000
-13.0000000000
-13.0000000000
-17.0000000000
-13.0000000000
-15.0000000000
-13.0000000000
-15.0000000000
-15.0000000000
-15.0000000000
-13.0000000000
-11.0000000000
-9.0000000000
-9.0000000000
-13.0000000000
-9.0000000000
-11.0000000000
-11.0000000000
-13.0000000000
-7.0000000000
-9.0000000000
-9.0000000000
-13.0000000000
-11.0000000000
-11.0000000000
-11.0000000000
-11.0000000000
-11.0000000000
-5.0000000000
-11.0000000000
-13.0000000000
-5.0000000000
-3.0000000000
1.0000000000
5.0000000000
7.0000000000
13.0000000000
9.0000000000
9.0000000000
9.0000000000
-1.0000000000
-3.0000000000
-17.0000000000
-17.0000000000
-19.0000000000
-21.0000000000
-15.0000000000
-21.0000000000
-19.0000000000
-21.0000000000
-21.0000000000
-17.0000000000
-13.0000000000
-13.0000000000
-13.0000000000
-9.0000000000
1.0000000000
35.0000000000
149.0000000000
257.0000000000
213.0000000000
1.0000000000
-131.0000000000
-71.0000000000
-25.0000000000
-23.0000000000
-25.0000000000
-25.0000000000
-21.0000000000
-23.0000000000
-21.0000000000
-21.0000000000
-25.0000000000
-23.0000000000
-23.0000000000
-21.0000000000
-17.0000000000
-21.0000000000
-21.0000000000
-19.0000000000
-17.0000000000
-19.0000000000
-17.0000000000
-13.0000000000
-9.0000000000
-15.0000000000
-13.0000000000
-5.0000000000
-5.0000000000
-5.0000000000
-3.0000000000
-1.0000000000
1.0000000000
1.0000000000
-1.0000000000
-5.0000000000
-5.0000000000
-13.0000000000
-13.0000000000
-15.0000000000
-13.0000000000
-13.0000000000
-15.0000000000
-15.0000000000
-15.0000000000
-13.0000000000
-17.0000000000
-13.0000000000
-23.0000000000
-23.0000000000
-21.0000000000
-13.0000000000
-17.0000000000
-13.0000000000
-15.0000000000
-13.0000000000
-11.0000000000
-9.0000000000
-7.0000000000
-13.0000000000
-11.0000000000
-13.0000000000
-9.0000000000
-7.0000000000
-7.0000000000
-7.0000000000
-7.0000000000
-11.0000000000
-7.0000000000
-11.0000000000
-13.0000000000
-13.0000000000
-3.0000000000
-13.0000000000
-11.0000000000
3.0000000000
5.0000000000
3.0000000000
1.0000000000
3.0000000000
11.0000000000
15.0000000000
17.0000000000
9.0000000000
1.0000000000
5.0000000000
-7.0000000000
-21.0000000000
-11.0000000000
-23.0000000000
-19.0000000000
-23.0000000000
-21.0000000000
-27.0000000000
-19.0000000000
-17.0000000000
-19.0000000000
-19.0000000000
-17.0000000000
-7.0000000000
-7.0000000000
21.0000000000
115.0000000000
251.0000000000
215.0000000000
21.0000000000
-135.0000000000
-87.0000000000
-37.0000000000
-21.0000000000
-25.0000000000
-29.0000000000
-27.0000000000
-25.0000000000
-29.0000000000
-25.0000000000
-17.0000000000
-25.0000000000
-21.0000000000
-21.0000000000
-17.0000000000
-17.0000000000
-15.0000000000
-17.0000000000
-19.0000000000
-13.0000000000
-9.0000000000
-5.0000000000
-5.0000000000
-7.0000000000
-7.0000000000
3.0000000000
-3.0000000000
-1.0000000000
-3.0000000000
5.0000000000
9.0000000000
23.0000000000
9.0000000000
1.0000000000
3.0000000000
13.0000000000
-1.0000000000
3.0000000000
5.0000000000
-1.0000000000
1.0000000000
3.0000000000
-5.0000000000
-3.0000000000
-1.0000000000
-7.0000000000
-1.0000000000
-7.0000000000
-5.0000000000
-1.0000000000
-7.0000000000
5.0000000000
-3.0000000000
-3.0000000000
1.0000000000
1.0000000000
5.0000000000
-3.0000000000
1.0000000000
7.0000000000
7.0000000000
3.0000000000
1.0000000000
1.0000000000
-1.0000000000
1.0000000000
1.0000000000
3.0000000000
-7.0000000000
1.0000000000
7.0000000000
13.0000000000
11.0000000000
11.0000000000
9.0000000000
19.0000000000
19.0000000000
23.0000000000
13.0000000000
5.0000000000
-1.0000000000
-7.0000000000
-9.0000000000
-9.0000000000
-15.0000000000
-23.0000000000
-19.0000000000
-15.0000000000
-15.0000000000
-17.0000000000
-13.0000000000
-15.0000000000
-13.0000000000
-11.0000000000
5.0000000000
19.0000000000
105.0000000000
271.0000000000
299.0000000000
101.0000000000
-129.0000000000
-91.0000000000
-25.0000000000
-17.0000000000
-17.0000000000
-21.0000000000
-21.0000000000
-19.0000000000
-19.0000000000
-19.0000000000
-13.0000000000
-17.0000000000
-19.0000000000
-13.0000000000
-19.0000000000
-15.0000000000
-13.0000000000
-15.0000000000
-11.0000000000
-9.0000000000
-9.0000000000
-9.0000000000
-7.0000000000
-9.0000000000
-3.0000000000
1.0000000000
3.0000000000
1.0000000000
5.0000000000
1.0000000000
5.0000000000
5.0000000000
7.0000000000
9.0000000000
9.0000000000
5.0000000000
3.0000000000
1.0000000000
1.0000000000
1.0000000000
-3.0000000000
-5.0000000000
-3.0000000000
-3.0000000000
-5.0000000000
-7.0000000000
-7.0000000000
-5.0000000000
-5.0000000000
-3.0000000000
-1.0000000000
-9.0000000000
-3.0000000000
-3.0000000000
-5.0000000000
-5.0000000000
-1.0000000000
-3.0000000000
-1.0000000000
-1.0000000000
1.0000000000
1.0000000000
-1.0000000000
-1.0000000000
-3.0000000000
-3.0000000000
-3.0000000000
1.0000000000
-5.0000000000
-7.0000000000
-1.0000000000
3.0000000000
7.0000000000
3.0000000000
9.0000000000
7.0000000000
13.0000000000
7.0000000000
13.0000000000
11.0000000000
9.0000000000
-1.0000000000
-7.0000000000
-13.0000000000
-17.0000000000
-21.0000000000
-17.0000000000
-25.0000000000
-15.0000000000
-21.0000000000
-15.0000000000
-13.0000000000
-17.0000000000
-11.0000000000
-7.0000000000
-3.0000000000
15.0000000000
79.0000000000
223.0000000000
267.0000000000
95.0000000000
-105.0000000000
-97.0000000000
-47.0000000000
-21.0000000000
-25.0000000000
-25.0000000000
-27.0000000000
-27.0000000000
-15.0000000000
-21.0000000000
-27.0000000000
-19.0000000000
-23.0000000000
-27.0000000000
-33.0000000000
-23.0000000000
-23.0000000000
-21.0000000000
-19.0000000000
-17.0000000000
-19.0000000000
-37.0000000000
-33.0000000000
-31.0000000000
-3.0000000000
-3.0000000000
-3.0000000000
-1.0000000000
-3.0000000000
-1.0000000000
-5.0000000000
-3.0000000000
-1.0000000000
-5.0000000000
-9.0000000000
-17.0000000000
-17.0000000000
-19.0000000000
-23.0000000000
-25.0000000000
-37.0000000000
-35.0000000000
-29.0000000000
-9.0000000000
-25.0000000000
-29.0000000000
-33.0000000000
-27.0000000000
-9.0000000000
-7.0000000000
-11.0000000000
-19.0000000000
-19.0000000000
-15.0000000000
-13.0000000000
-15.0000000000
-11.0000000000
-7.0000000000
-9.0000000000
-3.0000000000
-9.0000000000
-3.0000000000
-1.0000000000
-11.0000000000
-9.0000000000
-3.0000000000
-3.0000000000
-5.0000000000
-1.0000000000
13.0000000000
15.0000000000
11.0000000000
11.0000000000
19.0000000000
-9.0000000000
-3.0000000000
5.0000000000
29.0000000000
19.0000000000
15.0000000000
-13.0000000000
-29.0000000000
-23.0000000000
-7.0000000000
-1.0000000000
-3.0000000000
-3.0000000000
-17.0000000000
-31.0000000000
-47.0000000000
-25.0000000000
-1.0000000000
-1.0000000000
-3.0000000000
19.0000000000
61.0000000000
223.0000000000
285.0000000000
147.0000000000
-91.0000000000
-105.0000000000
-39.0000000000
-25.0000000000
-23.0000000000
-23.0000000000
-27.0000000000
-27.0000000000
-27.0000000000
-25.0000000000
-21.0000000000
-21.0000000000
-25.0000000000
-23.0000000000
-23.0000000000
-23.0000000000
-19.0000000000
-19.0000000000
-19.0000000000
-23.0000000000
-19.0000000000
-19.0000000000
-13.0000000000
-21.0000000000
-17.0000000000
-17.0000000000
-13.0000000000
-5.0000000000
-1.0000000000
-3.0000000000
1.0000000000
7.0000000000
-1.0000000000
-9.0000000000
7.0000000000
-1.0000000000
-11.0000000000
-11.0000000000
-15.0000000000
-17.0000000000
-13.0000000000
-19.0000000000
-29.0000000000
-31.0000000000
-31.0000000000
-27.0000000000
-21.0000000000
-27.0000000000
-31.0000000000
-35.0000000000
-35.0000000000
-29.0000000000
-37.0000000000
-21.0000000000
-43.0000000000
-45.0000000000
-47.0000000000
-41.0000000000
-49.0000000000
-35.0000000000
-17.0000000000
-43.0000000000
-41.0000000000
-25.0000000000
-27.0000000000
-57.0000000000
-27.0000000000
-19.0000000000
-39.0000000000
-27.0000000000
-23.0000000000
-15.0000000000
-15.0000000000
-1.0000000000
1.0000000000
-9.0000000000
-19.0000000000
-17.0000000000
-27.0000000000
-17.0000000000
-7.0000000000
-9.0000000000
-21.0000000000
-33.0000000000
-25.0000000000
-5.0000000000
-17.0000000000
-23.0000000000
-23.0000000000
-15.0000000000
-23.0000000000
-43.0000000000
15.0000000000
169.0000000000
281.0000000000
175.0000000000
-47.0000000000
-151.0000000000
-89.0000000000
-51.0000000000
-39.0000000000
-47.0000000000
-61.0000000000
-49.0000000000
-59.0000000000
-37.0000000000
-37.0000000000
-51.0000000000
-39.0000000000
-29.0000000000
-45.0000000000
-37.0000000000
-49.0000000000
-39.0000000000
-35.0000000000
-35.0000000000
-27.0000000000
-39.0000000000
-19.0000000000
-31.0000000000
-23.0000000000
-33.0000000000
-31.0000000000
-23.0000000000
-25.0000000000
-23.0000000000
-19.0000000000
-23.0000000000
-29.0000000000
-9.0000000000
9.0000000000
-19.0000000000
-21.0000000000
-11.0000000000
-13.0000000000
-17.0000000000
-5.0000000000
-13.0000000000
-27.0000000000
-21.0000000000
-9.0000000000
-1.0000000000
-23.0000000000
-19.0000000000
-7.0000000000
-15.0000000000
-9.0000000000
-15.0000000000
-5.0000000000
-11.0000000000
-7.0000000000
-7.0000000000
-11.0000000000
-3.0000000000
1.0000000000
-11.0000000000
-11.0000000000
-7.0000000000
-5.0000000000
1.0000000000
