-2.4405000000
-3.7488000000
2.5276000000
3.3920000000
-1.5579000000
-2.6152000000
0.6957500000
2.3224000000
1.2227000000
-1.3334000000
-1.3964000000
1.2603000000
1.7628000000
-1.4346000000
-2.6956000000
-3.3158000000
0.5519800000
3.0734000000
0.8435600000
-2.3587000000
-0.2811100000
1.9512000000
0.3982200000
-1.7623000000
-1.0170000000
0.6957000000
2.5821000000
0.8351300000
-2.9870000000
-1.2082000000
2.8555000000
2.1058000000
-2.2508000000
-2.8333000000
-2.6868000000
2.0534000000
3.3168000000
-2.1513000000
-3.9909000000
2.6238000000
2.8110000000
0.0425610000
-2.6391000000
-0.1452200000
3.0618000000
0.2614300000
-3.1947000000
-1.4055000000
0.7625900000
1.6968000000
-0.8097700000
2.4903000000
2.8781000000
3.7129000000
-1.6441000000
-3.8198000000
1.3191000000
3.6254000000
-0.5737300000
-2.9166000000
-0.7143300000
1.3535000000
1.6730000000
0.3291800000
-2.7011000000
-2.7982000000
0.1949400000
-2.5874000000
-1.6743000000
-3.6830000000
2.1568000000
3.7665000000
-0.5361100000
-2.4696000000
0.4512300000
2.2328000000
0.9142600000
-1.6081000000
-1.6294000000
1.5034000000
2.0988000000
-1.1919000000
-2.8435000000
-2.7909000000
-1.3683000000
2.1730000000
3.8240000000
1.6725000000
2.5331000000
3.2842000000
0.2771800000
2.7776000000
3.6318000000
-1.4531000000
-2.5624000000
0.8042200000
2.2989000000
0.4745700000
-0.3225000000
-2.9543000000
-1.7539000000
1.1300000000
2.4798000000
1.1154000000
-1.5129000000
-0.9376400000
1.3164000000
1.5721000000
-0.3287500000
-2.8213000000
-2.5326000000
1.6782000000
2.3374000000
-0.2817200000
-2.6937000000
-3.4574000000
0.6882600000
3.3759000000
-0.8027700000
-3.1915000000
1.5048000000
2.5930000000
0.8179800000
-1.2627000000
-1.8538000000
1.3450000000
2.8436000000
3.8631000000
-2.1008000000
-3.8308000000
1.8849000000
3.8102000000
-0.9816200000
-3.3100000000
-0.8857400000
1.0344000000
2.1068000000
0.0278400000
2.6562000000
3.2742000000
-1.3074000000
2.2558000000
2.5950000000
1.2727000000
-0.9903800000
-1.4933000000
0.8344200000
1.4555000000
-1.1506000000
-2.3757000000
-3.8118000000
2.2159000000
3.8218000000
-1.8064000000
-3.7861000000
0.7493900000
2.9935000000
-1.1613000000
-2.5649000000
1.0345000000
2.3680000000
-0.4071600000
-2.2067000000
-0.6135400000
-1.2798000000
2.7051000000
2.6855000000
0.2416800000
2.5297000000
2.2353000000
-0.7873400000
2.6237000000
1.8212000000
3.2986000000
-0.3866200000
-2.8429000000
-3.1211000000
-2.4545000000
-2.1802000000
-3.0069000000
0.2319000000
2.1400000000
0.4678700000
-0.3162400000
-2.8907000000
-2.8080000000
-2.4911000000
2.1298000000
3.9096000000
-1.7270000000
-2.7182000000
-2.4355000000
2.3107000000
2.5486000000
-1.9837000000
-2.5091000000
0.9501600000
1.8217000000
3.6996000000
-2.4666000000
-3.6311000000
0.7014600000
2.6490000000
-0.8194000000
-2.3300000000
-0.8785600000
1.3058000000
1.3508000000
-1.1110000000
-1.6090000000
1.4233000000
2.5355000000
3.0133000000
0.2527600000
-2.4648000000
-3.8609000000
-2.2253000000
-2.2804000000
-3.4450000000
-0.7378300000
-2.7810000000
-3.3434000000
0.8426700000
2.2994000000
0.2702800000
0.2653800000
2.6448000000
1.5753000000
0.5570200000
2.6719000000
3.1842000000
2.1898000000
-2.6125000000
-2.4006000000
2.2923000000
2.6314000000
-1.2119000000
-2.0245000000
-4.0732000000
2.1792000000
4.0817000000
-2.4407000000
-3.7079000000
2.4562000000
3.3891000000
-0.3608300000
-3.3756000000
0.3648800000
3.2922000000
-1.2964000000
-2.7413000000
-0.6665800000
1.4474000000
2.6239000000
1.2898000000
1.6615000000
2.9124000000
2.5607000000
0.2442800000
2.5361000000
2.1468000000
3.7447000000
-2.5309000000
-3.5359000000
0.3536000000
2.5107000000
1.0268000000
-1.2104000000
-1.3580000000
0.9951300000
1.5228000000
-1.3473000000
-2.4358000000
-3.2475000000
0.3282400000
2.8140000000
2.8565000000
2.4043000000
2.4081000000
1.3699000000
-1.3599000000
-1.0624000000
1.2071000000
1.6922000000
-0.2500700000
-2.8754000000
-2.3663000000
0.9940300000
1.7997000000
-1.2442000000
2.6329000000
2.1025000000
0.4312700000
2.2441000000
2.9583000000
2.0017000000
0.7224900000
2.6398000000
2.9292000000
1.7700000000
-2.2610000000
-2.2746000000
2.0827000000
3.6167000000
-2.4869000000
-2.3983000000
0.0521860000
2.6546000000
0.1640300000
-3.0878000000
-0.2251900000
3.1491000000
2.1084000000
-1.1517000000
-1.8190000000
0.6308700000
1.6976000000
3.6668000000
-0.9494800000
-3.3131000000
-2.1195000000
-2.5334000000
-2.2551000000
-3.9080000000
-1.9363000000
-2.5651000000
-2.5359000000
-0.1126100000
2.8818000000
0.2712300000
-3.2273000000
0.0401320000
3.0447000000
2.0767000000
-1.3148000000
-1.9593000000
0.7991900000
1.5601000000
-0.9459800000
-2.7919000000
-3.6799000000
2.1095000000
3.7456000000
-0.2252900000
-2.6256000000
-2.8707000000
-3.8223000000
1.7943000000
3.8504000000
-1.5521000000
-3.7276000000
0.7446000000
3.0906000000
0.8038300000
-1.1685000000
-1.9386000000
-0.5121800000
-2.5948000000
-2.8926000000
-2.2136000000
2.6619000000
2.3155000000
-2.3951000000
-2.6197000000
1.4753000000
2.2120000000
3.9529000000
-2.5635000000
-3.5283000000
1.7802000000
3.4519000000
-1.0132000000
-3.3567000000
1.0088000000
3.1429000000
-1.5318000000
-2.5637000000
-0.6436500000
1.4805000000
2.4673000000
0.0415410000
-2.3698000000
-2.4639000000
0.3217400000
2.2204000000
-0.3125900000
-2.1589000000
-0.1587700000
1.7927000000
1.3142000000
2.2336000000
-2.2511000000
-2.7451000000
0.2200000000
-2.5590000000
-1.6242000000
1.2623000000
-2.6219000000
-2.5317000000
-3.7703000000
1.7535000000
3.8114000000
-1.1797000000
-3.5229000000
0.1428800000
2.3523000000
-0.4411400000
-2.2235000000
0.2556200000
2.1402000000
0.2567100000
-1.5911000000
-1.6896000000
0.1979400000
2.9131000000
0.2507600000
-2.9731000000
-1.4699000000
2.5101000000
3.0246000000
0.6531100000
-2.8057000000
-0.8212300000
2.4286000000
2.0890000000
-2.1858000000
-2.6202000000
-0.2236600000
3.2627000000
-1.2996000000
1.5531000000
2.5618000000
1.4539000000
-1.0073000000
-2.2294000000
-3.7914000000
2.1988000000
3.8228000000
-1.6768000000
-3.7443000000
0.5138600000
2.5623000000
-1.0782000000
-2.5044000000
0.9128900000
2.3264000000
-0.2955700000
-2.1621000000
-0.7531200000
-0.2301300000
2.9532000000
1.8151000000
-2.0320000000
-2.4955000000
-1.6992000000
2.1360000000
3.7210000000
-2.6383000000
-2.8178000000
-0.3738300000
2.9694000000
2.1359000000
-2.7387000000
-2.1663000000
2.5142000000
2.5741000000
-1.7115000000
-2.4012000000
-3.7413000000
2.5279000000
3.5051000000
-0.1550900000
2.6087000000
2.9498000000
-1.5877000000
-2.8459000000
1.4678000000
2.5716000000
-0.8267000000
-2.3018000000
-0.4528200000
-0.0504750000
2.9340000000
2.2337000000
0.4364300000
2.5618000000
2.6384000000
1.6293000000
-2.4659000000
-1.6348000000
2.1765000000
2.9415000000
-2.2711000000
-2.8463000000
0.9352200000
2.9321000000
-0.3057400000
1.2269000000
2.4079000000
0.1933100000
0.2190600000
2.6474000000
1.5793000000
0.5693100000
-2.9718000000
-1.4718000000
2.6571000000
2.7053000000
0.2318600000
2.5343000000
2.1331000000
3.6683000000
-1.8942000000
-3.7294000000
-0.3883900000
-2.5845000000
-2.9006000000
-2.8748000000
-2.4733000000
-2.2020000000
-2.2323000000
-0.1102300000
3.0498000000
0.2268700000
-3.0231000000
-2.3401000000
2.4882000000
2.4693000000
-2.2170000000
-2.6058000000
1.2606000000
2.0354000000
3.6527000000
-1.9976000000
-3.7318000000
-0.2871100000
-2.5907000000
-2.9691000000
-2.6003000000
-2.4897000000
-2.2285000000
-1.5541000000
0.9486900000
1.7691000000
-0.5088000000
-2.4508000000
-0.3136900000
3.1859000000
2.1154000000
-2.6943000000
-2.2755000000
2.4306000000
2.6112000000
-1.5420000000
-2.2652000000
-3.9187000000
2.5747000000
3.4928000000
-1.3080000000
-3.1218000000
1.5930000000
2.7334000000
-0.8992100000
-2.3692000000
-1.1791000000
1.1841000000
1.3543000000
-1.1010000000
-1.6192000000
1.4233000000
2.5848000000
3.4915000000
-0.8458900000
-3.3067000000
-0.1592600000
2.3219000000
-0.2912900000
-2.2195000000
0.3280900000
2.1637000000
0.1481100000
-1.8004000000
-1.3122000000
-1.9691000000
2.4493000000
2.7700000000
0.1000300000
2.5657000000
1.7933000000
4.1161000000
-2.3919000000
-3.8969000000
2.5666000000
3.5480000000
-1.8443000000
-3.5237000000
1.0412000000
3.3702000000
-0.8877100000
-3.1789000000
1.5181000000
2.6026000000
0.5977800000
-1.3789000000
-2.7006000000
-1.2317000000
-1.4299000000
-2.7834000000
-3.0793000000
-0.1129300000
3.0099000000
0.3565000000
-2.6274000000
-1.5761000000
2.1817000000
2.1150000000
0.0133530000
-2.9687000000
-0.2826900000
2.9524000000
2.2487000000
-2.6567000000
-2.2924000000
2.4216000000
2.6101000000
-1.5584000000
-2.2751000000
-3.6720000000
2.4317000000
3.5957000000
-0.1693100000
2.6249000000
3.2074000000
-0.6867600000
-2.2925000000
0.3844700000
2.1818000000
0.2010600000
-1.4954000000
-2.0172000000
1.1650000000
2.2705000000
-1.1368000000
-2.6807000000
0.2391100000
2.9213000000
2.7431000000
2.4859000000
-2.1609000000
-3.6280000000
-1.1341000000
-2.7164000000
-3.1763000000
0.5859800000
2.2468000000
0.3155700000
0.1627000000
2.7029000000
2.6773000000
-0.3942900000
-2.7276000000
0.3593900000
2.9409000000
0.6848800000
-2.7975000000
-2.7949000000
-3.4360000000
2.2917000000
3.4389000000
0.6244300000
2.7871000000
3.3876000000
-1.1016000000
-3.2605000000
1.4197000000
2.9433000000
-1.3334000000
-2.4006000000
-1.0297000000
1.0779000000
1.4841000000
-0.8483500000
-1.4353000000
1.0942000000
2.1732000000
3.2446000000
-0.2937800000
-2.7666000000
-3.5130000000
-2.4016000000
-2.1660000000
-3.6899000000
-1.0927000000
-2.7500000000
-3.0697000000
0.0907710000
3.3676000000
-0.3371400000
-3.2782000000
1.3472000000
2.6477000000
1.3538000000
-0.9723700000
-1.4993000000
0.8254300000
1.4725000000
-1.1920000000
-2.5212000000
-3.8812000000
2.4418000000
3.7327000000
-2.3781000000
-3.7441000000
1.5392000000
3.6204000000
0.2182700000
-1.7995000000
-1.2121000000
-0.5705100000
-2.7127000000
-3.0022000000
1.1013000000
-2.5267000000
-3.0414000000
0.0671820000
-0.5079400000
-2.5751000000
-1.1051000000
1.6309000000
1.6955000000
-1.5201000000
-2.1735000000
1.1020000000
2.8684000000
2.7652000000
1.6005000000
-2.1531000000
-3.7616000000
-1.5281000000
-2.5800000000
-3.2837000000
-0.2059000000
-2.7532000000
-3.6449000000
1.6882000000
2.9413000000
-1.5427000000
-2.6121000000
0.8131700000
2.3209000000
0.7798200000
-1.4027000000
-1.4078000000
1.2913000000
1.7780000000
-1.4369000000
-2.6806000000
-2.9304000000
-0.5548300000
2.3505000000
3.9121000000
2.1163000000
2.3516000000
3.3160000000
0.5260100000
2.7994000000
3.5087000000
-0.1523300000
2.6420000000
3.3202000000
-1.0152000000
-2.4270000000
0.7192200000
2.2683000000
-0.0904170000
-1.9887000000
-1.2598000000
1.3219000000
2.2399000000
-1.1756000000
-2.6603000000
0.2815300000
2.9220000000
2.7762000000
1.9898000000
-2.1311000000
-3.8826000000
-0.8134300000
-2.7216000000
-3.2839000000
0.0164740000
3.2736000000
-1.3763000000
-2.4710000000
-1.7646000000
0.7548300000
1.5098000000
-1.0945000000
-2.7943000000
-3.7557000000
2.3501000000
3.7661000000
-1.6566000000
-3.6955000000
-0.3033000000
-2.5794000000
-2.4998000000
0.1919300000
2.1649000000
-0.1574400000
-2.1048000000
-0.3141300000
1.6009000000
1.5724000000
2.0063000000
-2.4443000000
-2.7503000000
-0.0895250000
-2.6359000000
-2.7605000000
-3.0106000000
-0.1767400000
2.9345000000
0.2748800000
-3.2397000000
0.0307510000
3.1089000000
1.0477000000
-1.0908000000
-2.0367000000
-0.1954400000
-2.3184000000
-2.9404000000
-2.1371000000
-0.7309900000
-2.7043000000
-2.7562000000
-0.1502100000
-2.5748000000
-1.8278000000
-4.0408000000
2.0811000000
4.0213000000
-2.3059000000
-3.9237000000
2.5995000000
3.2162000000
-1.3652000000
-2.4392000000
-0.0538190000
-0.3007600000
-2.6165000000
-1.3375000000
1.2451000000
2.3018000000
-1.0964000000
-2.7038000000
0.1803200000
2.9156000000
2.7712000000
2.1657000000
-2.1333000000
-3.8411000000
-0.8749700000
-2.7443000000
-3.2324000000
-0.1877800000
3.2510000000
0.1094300000
-3.3367000000
0.9057600000
2.7784000000
1.7821000000
-1.2658000000
-1.9113000000
0.8950800000
1.5708000000
-0.7522100000
-2.0225000000
-3.8014000000
2.4631000000
3.7310000000
-2.2221000000
-3.7801000000
1.0068000000
3.2247000000
-1.6449000000
-2.8890000000
1.5175000000
2.6100000000
-0.9035500000
-2.3141000000
-0.4228200000
-0.4746000000
2.8739000000
2.4916000000
0.3956800000
2.5688000000
2.6218000000
-0.2387800000
2.6093000000
1.7570000000
3.9363000000
-2.5027000000
-3.7428000000
2.5217000000
3.6279000000
-1.5805000000
-3.5325000000
1.6924000000
3.1743000000
-1.5798000000
-2.8906000000
1.3552000000
2.4174000000
0.4321300000
-0.3201300000
-2.9437000000
-2.2454000000
-0.6195800000
-2.6624000000
-2.7692000000
-0.0794880000
-2.5747000000
-1.7718000000
-4.1649000000
2.3009000000
4.0133000000
-2.5192000000
-3.6309000000
2.3473000000
3.5315000000
-1.3743000000
-3.2076000000
1.5302000000
2.8957000000
-1.3084000000
-2.3948000000
-0.7949600000
1.1919000000
1.3834000000
-1.2134000000
-1.7423000000
1.4292000000
2.7224000000
3.6608000000
-1.3814000000
-3.6875000000
0.8761700000
3.3180000000
0.2528100000
-2.3221000000
0.1220800000
2.1188000000
0.0029809000
-2.0303000000
-0.5234500000
1.2652000000
2.0203000000
0.5323000000
-2.9907000000
-1.1312000000
2.8418000000
2.2109000000
-1.9473000000
-2.5826000000
-1.2734000000
2.6071000000
1.2860000000
-2.2654000000
-2.6063000000
2.2323000000
2.7198000000
-0.0668090000
-3.1897000000
1.1068000000
-1.5206000000
-2.5107000000
-1.2336000000
1.0420000000
1.3986000000
-0.9120000000
-1.4816000000
1.2690000000
2.4043000000
3.6899000000
-1.2868000000
-3.6022000000
0.4943800000
2.7903000000
-0.1116000000
-2.1119000000
-0.0971390000
1.9669000000
0.7068900000
-0.8406200000
-2.5792000000
0.3789100000
2.7374000000
-0.3373400000
