1.2665000000
-1.2775000000
-0.9047500000
-0.5292600000
0.3364200000
0.6827800000
0.4482700000
0.9235100000
-0.0595390000
1.2721000000
-1.2834000000
-0.9241900000
-0.5807900000
0.2504900000
0.7379200000
0.3128200000
1.0844000000
-0.5523900000
0.8981300000
-0.2950100000
1.1476000000
-0.9322800000
0.1274800000
0.6975600000
0.3570100000
1.0308000000
-0.3805500000
1.1065000000
-0.8282600000
0.3715200000
0.5582800000
0.6751100000
0.5294100000
0.8101500000
0.2399400000
1.1624000000
-0.8198200000
0.4077900000
0.5212400000
0.7419700000
0.3856400000
1.0144000000
-0.3248600000
1.1566000000
-0.9701500000
0.0292970000
0.7077500000
0.3075100000
1.0799000000
-0.5405200000
0.9149500000
-0.3341500000
1.1182000000
-0.8506700000
0.3223500000
0.5993200000
0.5938400000
0.6860900000
0.5191500000
0.8285000000
0.1947800000
1.1954000000
-0.9422600000
0.1156400000
0.6986000000
0.3514300000
1.0367000000
-0.3991500000
1.0880000000
-0.7768400000
0.4815000000
0.4423600000
0.8704900000
0.0718450000
1.2539000000
-1.1797000000
-0.5721800000
0.1877500000
0.7790000000
0.2067600000
1.1739000000
-0.8670700000
0.2996300000
0.6141900000
0.5617600000
0.7424500000
0.3968000000
1.0023000000
-0.2874100000
1.1850000000
-1.0523000000
-0.1947300000
0.6312200000
0.3837600000
0.9831900000
-0.2381900000
1.2155000000
-1.1400000000
-0.4546600000
0.3686100000
0.6733800000
0.4757700000
0.8851100000
0.0459360000
1.2626000000
-1.2180000000
-0.6980600000
-0.0475900000
0.7874100000
0.1177000000
1.2168000000
-1.0376000000
-0.1423100000
0.6603600000
0.3468100000
1.0297000000
-0.3804100000
1.1063000000
-0.8276300000
0.3729300000
0.5570000000
0.6775300000
0.5244300000
0.8182200000
0.2200400000
1.1777000000
-0.8757000000
0.2797100000
0.6277500000
0.5322100000
0.7917800000
0.2819800000
1.1262000000
-0.6911100000
0.6691800000
0.1657500000
1.1623000000
-0.8415600000
0.3571800000
0.5689200000
0.6540100000
0.5718500000
0.7383900000
0.4082500000
0.9881800000
-0.2446300000
1.2127000000
-1.1322000000
-0.4308100000
0.4005000000
0.6462000000
0.5355500000
0.7923200000
0.2817900000
1.1265000000
-0.6921400000
0.6672700000
0.1690000000
1.1602000000
-0.8337700000
0.3748200000
0.5531800000
0.6840300000
0.5109000000
0.8397800000
0.1659500000
1.2134000000
-1.0114000000
-0.0681580000
0.6900700000
0.3128800000
1.0700000000
-0.5089000000
0.9584100000
-0.4386500000
1.0181000000
-0.5828600000
0.8298200000
-0.1389000000
1.2219000000
-1.1320000000
-0.4275500000
0.4044700000
0.6427000000
0.5430400000
0.7799600000
0.3112400000
1.0984000000
-0.5956000000
0.8328700000
-0.1498300000
1.2184000000
-1.1234000000
-0.4011800000
0.4376600000
0.6114700000
0.6078400000
0.6661900000
0.5610200000
0.7592100000
0.3613400000
1.0450000000
-0.4203600000
1.0661000000
-0.7173300000
0.5994400000
0.2817300000
1.0687000000
-0.5144800000
0.9500500000
-0.4179800000
1.0404000000
-0.6408800000
0.7371100000
0.0470660000
1.2180000000
-1.0629000000
-0.2163200000
0.6156100000
0.4045400000
0.9555700000
-0.1570000000
1.2522000000
-1.2422000000
-0.7845600000
-0.2344100000
0.6877100000
0.2675600000
1.1061000000
-0.6325300000
0.7716900000
-0.0234720000
1.2307000000
-1.1276000000
-0.4109700000
0.4252500000
0.6235400000
0.5832600000
0.7108000000
0.4676500000
0.9070700000
-0.0115820000
1.2719000000
-1.2684000000
-0.8708300000
-0.4422100000
0.4649800000
0.5646400000
0.6931400000
0.4967600000
0.8624600000
0.1076600000
1.2425000000
-1.1291000000
-0.4119500000
0.4237000000
0.6250900000
0.5800800000
0.7164300000
0.4554300000
0.9245400000
-0.0600610000
1.2723000000
-1.2843000000
-0.9275400000
-0.5897500000
0.2348200000
0.7458800000
0.2915700000
1.1047000000
-0.6211800000
0.7912100000
-0.0627810000
1.2318000000
-1.1433000000
-0.4603000000
0.3604000000
0.6800700000
0.4606300000
0.9069700000
-0.0134380000
1.2718000000
-1.2686000000
-0.8716400000
-0.4442500000
0.4622000000
0.5676400000
0.6875600000
0.5084600000
0.8443300000
0.1544900000
1.2199000000
-1.0370000000
-0.1396200000
0.6616000000
0.3453100000
1.0315000000
-0.3861200000
1.1007000000
-0.8121200000
0.4068700000
0.5246100000
0.7367600000
0.3974300000
0.9998900000
-0.2804700000
1.1898000000
-1.0661000000
-0.2343800000
0.6032500000
0.4202100000
0.9337600000
-0.0946110000
1.2676000000
-1.2779000000
-0.9059800000
-0.5324900000
0.3312400000
0.6866500000
0.4393000000
0.9358200000
-0.0942740000
1.2683000000
-1.2803000000
-0.9143900000
-0.5546500000
0.2949900000
0.7117800000
0.3792200000
1.0122000000
-0.3206100000
1.1598000000
-0.9792200000
0.0055180000
0.7061900000
0.3034600000
1.0829000000
-0.5508000000
0.9001500000
-0.2996200000
1.1444000000
-0.9232900000
0.1498600000
0.6915700000
0.3753800000
1.0102000000
-0.3160800000
1.1632000000
-0.9890400000
-0.0205260000
0.7027000000
0.3025400000
1.0827000000
-0.5502600000
0.9009000000
-0.3013400000
1.1431000000
-0.9198700000
0.1583000000
0.6889500000
0.3829700000
1.0014000000
-0.2888900000
1.1836000000
-1.0478000000
-0.1820200000
0.6392700000
0.3732600000
0.9967300000
-0.2788900000
1.1901000000
-1.0666000000
-0.2357500000
0.6022000000
0.4215700000
0.9318500000
-0.0892020000
1.2684000000
-1.2792000000
-0.9103200000
-0.5439000000
0.3127400000
0.6999000000
0.4080300000
0.9768900000
-0.2136300000
1.2292000000
-1.1793000000
-0.5782900000
0.1780200000
0.7821500000
0.1969500000
1.1803000000
-0.8913900000
0.2416900000
0.6508000000
0.4795500000
0.8732900000
0.0761820000
1.2539000000
-1.1782000000
-0.5671900000
0.1961600000
0.7759700000
0.2158600000
1.1676000000
-0.8437200000
0.3536600000
0.5717800000
0.6484000000
0.5829500000
0.7187600000
0.4516200000
0.9300900000
-0.0756020000
1.2710000000
-1.2844000000
-0.9281900000
-0.5914700000
0.2317600000
0.7473600000
0.2875700000
1.1084000000
-0.6338000000
0.7701400000
-0.0205080000
1.2305000000
-1.1258000000
-0.4051800000
0.4324200000
0.6166600000
0.5973500000
0.6854400000
0.5214600000
0.8249500000
0.2036800000
1.1894000000
-0.9194500000
0.1732700000
0.6821300000
0.4005600000
0.9800100000
-0.2244300000
1.2235000000
-1.1630000000
-0.5266200000
0.2628400000
0.7453000000
0.3011900000
1.0966000000
-0.5931400000
0.8364300000
-0.1574000000
1.2162000000
-1.1182000000
-0.3855500000
0.4564400000
0.5926600000
0.6451900000
0.5950200000
0.6978800000
0.4966500000
0.8640400000
0.1037900000
1.2441000000
-1.1359000000
-0.4330400000
0.3967000000
0.6497700000
0.5279300000
0.8047300000
0.2517500000
1.1527000000
-0.7846400000
0.4838700000
0.4368200000
0.8780200000
0.0517480000
1.2597000000
-1.2059000000
-0.6580100000
0.0320570000
0.8011600000
0.1110200000
1.2231000000
-1.0610000000
-0.2091600000
0.6204400000
0.3983200000
0.9640100000
-0.1815400000
1.2431000000
-1.2177000000
-0.7031500000
-0.0575150000
0.7844200000
0.1213000000
1.2147000000
-1.0294000000
-0.1191200000
0.6713100000
0.3333400000
1.0458000000
-0.4312800000
1.0534000000
-0.6827500000
0.6634000000
0.1790400000
1.1541000000
-0.8111500000
0.4250900000
0.5036700000
0.7723700000
0.3159300000
1.0920000000
-0.5746000000
0.8653600000
-0.2207700000
1.1914000000
-1.0533000000
-0.1959400000
0.6302500000
0.3851200000
0.9814300000
-0.2329600000
1.2185000000
-1.1484000000
-0.4807100000
0.3319700000
0.7015000000
0.4106500000
0.9743600000
-0.2059200000
1.2329000000
-1.1900000000
-0.6125800000
0.1176500000
0.7968500000
0.1463400000
1.2091000000
-1.0027000000
-0.0448310000
0.6963800000
0.3076300000
1.0764000000
-0.5298700000
0.9298600000
-0.3694600000
1.0879000000
-0.7676400000
0.5013800000
0.4177700000
0.9060700000
-0.0240130000
1.2710000000
-1.2689000000
-0.8727300000
-0.4469900000
0.4584600000
0.5716500000
0.6800500000
0.5240500000
0.8195400000
0.2169100000
1.1800000000
-0.8842600000
0.2593200000
0.6405800000
0.5033200000
0.8375100000
0.1690100000
1.2113000000
-1.0033000000
-0.0459110000
0.6960600000
0.3079400000
1.0761000000
-0.5286900000
0.9315000000
-0.3733700000
1.0843000000
-0.7579500000
0.5210100000
0.3925900000
0.9405200000
-0.1206400000
1.2618000000
-1.2651000000
-0.8622100000
-0.4202900000
0.4940300000
0.5322200000
0.7516500000
0.3686900000
1.0352000000
-0.3896500000
1.0980000000
-0.8047200000
0.4227900000
0.5083400000
0.7650700000
0.3330400000
1.0742000000
-0.5156700000
0.9499900000
-0.4181700000
1.0402000000
-0.6402200000
0.7382200000
0.0449860000
1.2186000000
-1.0656000000
-0.2240900000
0.6100200000
0.4118000000
0.9455900000
-0.1282600000
1.2606000000
-1.2634000000
-0.8564500000
-0.4059300000
0.5123800000
0.5106800000
0.7886100000
0.2825400000
1.1248000000
-0.6865400000
0.6775700000
0.1513000000
1.1712000000
-0.8750800000
0.2792900000
0.6282700000
0.5311700000
0.7934900000
0.2778800000
1.1299000000
-0.7041000000
0.6449300000
0.2064700000
1.1338000000
-0.7377500000
0.5781500000
0.3107200000
1.0383000000
-0.4160300000
1.0692000000
-0.7251900000
0.5844900000
0.3041600000
1.0458000000
-0.4400300000
1.0427000000
-0.6540500000
0.7139100000
0.0902440000
1.2028000000
-0.9982500000
-0.0342790000
0.6988800000
0.3059100000
1.0786000000
-0.5371000000
0.9197200000
-0.3453700000
1.1089000000
-0.8252000000
0.3793300000
0.5509900000
0.6887800000
0.5011100000
0.8550700000
0.1267200000
1.2340000000
-1.0940000000
-0.3053100000
0.5413000000
0.4981900000
0.8149200000
0.2197300000
1.1769000000
-0.8731500000
0.2857200000
0.6237600000
0.5410000000
0.7773700000
0.3162700000
1.0932000000
-0.5781500000
0.8600000000
-0.2088800000
1.1969000000
-1.0683000000
-0.2387600000
0.5997000000
0.4248800000
0.9271800000
-0.0760560000
1.2701000000
-1.2811000000
-0.9165900000
-0.5605000000
0.2852000000
0.7179800000
0.3638700000
1.0300000000
-0.3761900000
1.1109000000
-0.8405400000
0.3441500000
0.5820300000
0.6289900000
0.6207300000
0.6492700000
0.5960600000
0.6973900000
0.4979300000
0.8621100000
0.1088600000
1.2420000000
-1.1271000000
-0.4057900000
0.4313500000
0.6177800000
0.5950900000
0.6895400000
0.5128700000
0.8386100000
0.1692800000
1.2115000000
-1.0039000000
-0.0475520000
0.6956600000
0.3082200000
1.0757000000
-0.5275200000
0.9331200000
-0.3772500000
1.0807000000
-0.7482200000
0.5404400000
0.3666300000
0.9739400000
-0.2180000000
1.2256000000
-1.1685000000
-0.5438400000
0.2353800000
0.7592800000
0.2635000000
1.1306000000
-0.7104400000
0.6325600000
0.2266900000
1.1178000000
-0.6813400000
0.6854300000
0.1378600000
1.1790000000
-0.9047600000
0.2076800000
0.6681900000
0.4372400000
0.9328100000
-0.0870060000
1.2692000000
-1.2815000000
-0.9182700000
-0.5649500000
0.2776800000
0.7225700000
0.3523600000
1.0429000000
-0.4171200000
1.0693000000
-0.7258900000
0.5831000000
0.3062200000
1.0436000000
-0.4330200000
1.0506000000
-0.6751400000
0.6770300000
0.1557400000
1.1692000000
-0.8669700000
0.2984600000
0.6152000000
0.5596800000
0.7460300000
0.3887300000
1.0123000000
-0.3179100000
1.1622000000
-0.9863200000
-0.0132980000
0.7038600000
0.3024300000
1.0831000000
-0.5516400000
0.8989000000
-0.2967200000
1.1464000000
-0.9289600000
0.1357600000
0.6955100000
0.3635000000
1.0237000000
-0.3580000000
1.1277000000
-0.8877000000
0.2350800000
0.6563200000
0.4674600000
0.8909600000
0.0288950000
1.2661000000
-1.2356000000
-0.7576100000
-0.1742500000
0.7302100000
0.2012400000
1.1624000000
-0.8311700000
0.3815400000
0.5468500000
0.6957900000
0.4862800000
0.8776900000
0.0674130000
1.2569000000
-1.1916000000
-0.6109500000
0.1199400000
0.7965800000
0.1476400000
1.2085000000
-1.0002000000
-0.0380920000
0.6979000000
0.3066800000
1.0777000000
-0.5340000000
0.9240900000
-0.3557300000
1.1001000000
-0.8009300000
0.4319300000
0.4985300000
0.7816300000
0.2942500000
1.1133000000
-0.6468600000
0.7481800000
0.0222550000
1.2238000000
-1.0900000000
-0.2960700000
0.5503000000
0.4872200000
0.8327500000
0.1753000000
1.2068000000
-0.9863300000
0.0000635400
0.7041000000
0.3059600000
1.0802000000
-0.5417100000
0.9132200000
-0.3300700000
1.1214000000
-0.8596900000
0.3017300000
0.6146300000
0.5616400000
0.7427800000
0.3960800000
1.0032000000
-0.2901700000
1.1831000000
-1.0466000000
-0.1786100000
0.6413600000
0.3705400000
1.0002000000
-0.2893600000
1.1828000000
-1.0456000000
-0.1756000000
0.6431600000
0.3682000000
1.0032000000
-0.2983800000
1.1763000000
-1.0267000000
-0.1228200000
0.6708800000
0.3330500000
1.0460000000
-0.4317700000
1.0528000000
-0.6812500000
0.6660900000
0.1744800000
1.1572000000
-0.8224400000
0.4002000000
0.5290400000
0.7282200000
0.4163000000
0.9758400000
-0.2082900000
1.2320000000
-1.1875000000
-0.6045900000
0.1320100000
0.7942300000
0.1564900000
1.2040000000
-0.9824600000
0.0098717000
0.7051300000
0.3068800000
1.0797000000
-0.5399700000
0.9157200000
-0.3359500000
1.1167000000
-0.8466400000
0.3314900000
0.5921700000
0.6085200000
0.6592400000
0.5741100000
0.7363200000
0.4131900000
0.9818800000
-0.2257500000
1.2232000000
-1.1625000000
-0.5249100000
0.2655100000
0.7438300000
0.3050600000
1.0929000000
-0.5805800000
0.8559600000
-0.1999000000
1.2008000000
-1.0788000000
-0.2690800000
0.5749900000
0.4564100000
0.8808600000
0.0506480000
1.2607000000
-1.2098000000
-0.6708500000
0.0070018000
0.7986800000
0.1090600000
1.2229000000
-1.0611000000
-0.2095100000
0.6202100000
0.3986200000
0.9636000000
-0.1803600000
1.2435000000
-1.2191000000
-0.7074900000
-0.0664680000
0.7815700000
0.1248700000
1.2126000000
-1.0212000000
-0.0963070000
0.6806400000
0.3225200000
1.0586000000
-0.4720200000
1.0056000000
-0.5574400000
0.8666500000
-0.2187500000
1.1930000000
-1.0582000000
-0.2097500000
0.6209500000
0.3972600000
0.9653400000
-0.1854500000
1.2415000000
-1.2133000000
-0.6885600000
-0.0277560000
0.7923500000
0.1127200000
1.2199000000
-1.0497000000
-0.1765400000
0.6414700000
0.3709600000
0.9997800000
-0.2881000000
1.1837000000
-1.0481000000
-0.1829100000
0.6387200000
0.3739800000
0.9958100000
-0.2761000000
1.1920000000
-1.0721000000
-0.2515400000
0.5897900000
0.4375500000
0.9089100000
-0.0253080000
1.2718000000
-1.2720000000
-0.8835600000
-0.4745400000
0.4196600000
0.6110700000
0.6031300000
0.6740600000
0.5448400000
0.7866200000
0.2971700000
1.1124000000
-0.6431100000
0.7546700000
0.0097183000
1.2263000000
-1.1023000000
-0.3332700000
0.5138100000
0.5304200000
0.7602600000
0.3499300000
1.0566000000
-0.4581200000
1.0232000000
-0.6030500000
0.7978100000
-0.0720100000
1.2321000000
-1.1468000000
-0.4717200000
0.3444200000
0.6924100000
0.4321300000
0.9462900000
-0.1240100000
1.2624000000
-1.2682000000
-0.8728300000
-0.4470300000
0.4583800000
0.5717300000
0.6798900000
0.5243700000
0.8190200000
0.2181900000
1.1791000000
-0.8807800000
0.2676300000
0.6354900000
0.5149000000
0.8194700000
0.2143300000
1.1815000000
-0.8901300000
0.2452100000
0.6487900000
0.4842700000
0.8663100000
0.0945830000
1.2474000000
-1.1499000000
-0.4770600000
0.3364000000
0.6984500000
0.4179600000
0.9649700000
-0.1782600000
1.2450000000
-1.2235000000
-0.7223500000
-0.0975720000
0.7699700000
0.1407400000
1.2033000000
-0.9847400000
0.0033821000
0.7045600000
0.3060400000
1.0802000000
-0.5418800000
0.9129900000
-0.3295400000
1.1219000000
-0.8608800000
0.2990100000
0.6165700000
0.5574800000
0.7498700000
0.3800100000
1.0228000000
-0.3505300000
1.1348000000
-0.9080900000
0.1859600000
0.6791600000
0.4100200000
0.9683800000
-0.1898600000
1.2400000000
-1.2098000000
-0.6769500000
-0.0044903000
0.7968900000
0.1096100000
1.2222000000
-1.0586000000
-0.2020800000
0.6252600000
0.3920500000
0.9724000000
-0.2061700000
1.2322000000
-1.1875000000
-0.6046700000
0.1318700000
0.7942500000
0.1563800000
1.2040000000
-0.9826800000
0.0092995000
0.7050800000
0.3068000000
1.0797000000
-0.5401400000
0.9154700000
-0.3353600000
1.1172000000
-0.8479500000
0.3285300000
0.5945100000
0.6037400000
0.6680600000
0.5563000000
0.7671500000
0.3429600000
1.0655000000
-0.4864600000
0.9883400000
-0.5134800000
0.9273700000
-0.3580700000
1.0987000000
-0.7974600000
0.4392900000
0.4906000000
0.7948200000
0.2627400000
1.1418000000
-0.7463700000
0.5626400000
0.3329000000
1.0136000000
-0.3385900000
1.1436000000
-0.9324900000
0.1257100000
0.6981300000
0.3553800000
1.0326000000
-0.3862200000
1.1010000000
-0.8128000000
0.4053700000
0.5261000000
0.7341200000
0.4033300000
0.9925000000
-0.2580700000
1.2045000000
-1.1086000000
-0.3592500000
0.4867400000
0.5605500000
0.7061200000
0.4701100000
0.9024300000
0.0009025400
1.2707000000
-1.2604000000
-0.8427600000
-0.3724400000
0.5529700000
0.4601800000
0.8694300000
0.0797910000
1.2519000000
-1.1703000000
-0.5417700000
0.2380000000
0.7581700000
0.2666600000
1.1279000000
-0.7010300000
0.6503600000
0.1975400000
1.1405000000
-0.7617000000
0.5298700000
0.3784200000
0.9584800000
-0.1726400000
1.2458000000
-1.2247000000
-0.7260500000
-0.1054100000
0.7666300000
0.1455600000
1.2003000000
-0.9734200000
0.0335290000
0.7064000000
0.3114600000
1.0761000000
-0.5277900000
0.9328500000
-0.3766400000
1.0813000000
-0.7497600000
0.5373800000
0.3707800000
0.9687500000
-0.2026200000
1.2331000000
-1.1897000000
-0.6115900000
0.1194300000
0.7965500000
0.1475300000
1.2085000000
-1.0004000000
-0.0385160000
0.6978100000
0.3067300000
1.0776000000
-0.5337600000
0.9244200000
-0.3565100000
1.0994000000
-0.7990700000
0.4359000000
0.4942600000
0.7887600000
0.2772900000
1.1290000000
-0.7012600000
0.6502200000
0.1977200000
1.1403000000
-0.7612000000
0.5309000000
0.3770400000
0.9602400000
-0.1777800000
1.2438000000
-1.2193000000
-0.7081400000
-0.0678330000
0.7811200000
0.1254500000
1.2123000000
-1.0199000000
-0.0926100000
0.6820200000
0.3210100000
1.0603000000
-0.4777600000
0.9985500000
-0.5392700000
0.8924300000
-0.2767900000
1.1605000000
-0.9684100000
0.0352070000
0.7077400000
0.3093000000
1.0784000000
-0.5353000000
0.9223500000
-0.3516200000
1.1036000000
-0.8106300000
0.4111100000
0.5201900000
0.7444900000
0.3800800000
1.0211000000
-0.3456800000
1.1390000000
-0.9200600000
0.1565900000
0.6896500000
0.3811100000
1.0036000000
-0.2956400000
1.1787000000
-1.0338000000
-0.1425300000
0.6614300000
0.3447600000
1.0320000000
-0.3876800000
1.0992000000
-0.8078200000
0.4161500000
0.5152000000
0.7532500000
0.3602200000
1.0443000000
-0.4187500000
1.0678000000
-0.7218900000
0.5907600000
0.2948400000
1.0555000000
-0.4713300000
1.0056000000
-0.5572500000
0.8669500000
-0.2194200000
1.1927000000
-1.0573000000
-0.2072600000
0.6226700000
0.3950200000
0.9683400000
-0.1942400000
1.2377000000
-1.2029000000
-0.6543300000
0.0397380000
0.8014900000
0.1125800000
1.2227000000
-1.0592000000
-0.2039500000
0.6240000000
0.3937000000
0.9702000000
-0.1997000000
1.2352000000
-1.1960000000
-0.6320500000
0.0819100000
0.8009900000
0.1263500000
1.2179000000
-1.0388000000
-0.1455000000
0.6587100000
0.3489000000
1.0272000000
-0.3725000000
1.1139000000
-0.8488200000
0.3254800000
0.5970400000
0.5986000000
0.6774700000
0.5370400000
0.7994700000
0.2663000000
1.1406000000
-0.7413300000
0.5727600000
0.3183200000
1.0300000000
-0.3896900000
1.0964000000
-0.7998100000
0.4333400000
0.4971600000
0.7839600000
0.2887100000
1.1185000000
-0.6648200000
0.7167600000
0.0813100000
1.2058000000
-1.0110000000
-0.0693720000
0.6899500000
0.3127500000
1.0700000000
-0.5091800000
0.9580400000
-0.4377400000
1.0192000000
-0.5854600000
0.8258800000
-0.1305500000
1.2239000000
-1.1363000000
-0.4404300000
0.3875500000
0.6576000000
0.5108500000
0.8319300000
0.1843100000
1.2020000000
-0.9674900000
0.0501530000
0.7062300000
0.3167800000
1.0714000000
-0.5119700000
0.9544600000
-0.4289700000
1.0287000000
-0.6102400000
0.7872600000
-0.0507640000
1.2326000000
-1.1422000000
-0.4565400000
0.3655500000
0.6759600000
0.4699800000
0.8935500000
0.0231800000
1.2673000000
-1.2416000000
-0.7778800000
-0.2196100000
0.6991200000
0.2498500000
1.1223000000
-0.6885600000
0.6729400000
0.1594500000
1.1663000000
-0.8564800000
0.3229000000
0.5970900000
0.5977500000
0.6789000000
0.5340700000
0.8043500000
0.2544500000
1.1507000000
-0.7773100000
0.4993000000
0.4177900000
0.9054200000
-0.0223750000
1.2709000000
-1.2681000000
-0.8699200000
-0.4398800000
0.4681300000
0.5612300000
0.6994600000
0.4834200000
0.8826700000
0.0542790000
1.2607000000
-1.2087000000
-0.6672800000
0.0140140000
0.7995400000
0.1092300000
1.2232000000
-1.0618000000
-0.2114200000
0.6188800000
0.4003500000
0.9612700000
-0.1735500000
1.2462000000
-1.2263000000
-0.7316000000
-0.1172400000
0.7612800000
0.1534700000
1.1954000000
-0.9545700000
0.0829430000
0.7040000000
0.3310200000
1.0578000000
-0.4671900000
1.0118000000
-0.5733000000
0.8433800000
-0.1678000000
1.2136000000
-1.1123000000
-0.3679500000
0.4767800000
0.5713700000
0.6859800000
0.5126200000
0.8379100000
0.1708600000
1.2105000000
-1.0002000000
-0.0373400000
0.6980000000
0.3067200000
1.0777000000
-0.5339600000
0.9241400000
-0.3558400000
1.1000000000
-0.8006600000
0.4325100000
0.4979100000
0.7826800000
0.2917600000
1.1156000000
-0.6549600000
0.7341400000
0.0489750000
1.2169000000
-1.0584000000
-0.2033300000
0.6245900000
0.3928400000
0.9713200000
-0.2030000000
1.2337000000
-1.1917000000
-0.6182100000
0.1074200000
0.7983800000
0.1398500000
1.2121000000
-1.0150000000
-0.0787460000
0.6868100000
0.3159800000
1.0663000000
-0.4968800000
0.9742300000
-0.4778400000
0.9726000000
-0.4676900000
0.9855500000
-0.5001500000
0.9454600000
-0.4015000000
1.0580000000
-0.6874400000
0.6557900000
0.1916900000
1.1453000000
-0.7788700000
0.4942900000
0.4242800000
0.8962700000
0.0026670000
1.2689000000
-1.2532000000
-0.8182100000
-0.3132400000
0.6171700000
0.3727700000
0.9906100000
-0.2620000000
1.2011000000
-1.0982000000
-0.3282300000
0.5197000000
0.5234100000
0.7723700000
0.3218400000
1.0867000000
-0.5567300000
0.8920900000
-0.2811700000
1.1569000000
-0.9583000000
0.0614210000
0.7072300000
0.3181800000
1.0704000000
-0.5087000000
0.9588400000
-0.4397400000
1.0169000000
-0.5797200000
0.8345700000
-0.1490200000
1.2193000000
-1.1260000000
-0.4092700000
0.4276900000
0.6211300000
0.5881800000
0.7020000000
0.4865200000
0.8792200000
0.0637290000
1.2581000000
-1.1967000000
-0.6276700000
0.0894270000
0.8005000000
0.1297000000
1.2166000000
-1.0333000000
-0.1296900000
0.6664800000
0.3392300000
1.0388000000
-0.4090900000
1.0774000000
-0.7476900000
0.5405500000
0.3666200000
0.9739900000
-0.2181200000
1.2256000000
-1.1683000000
-0.5433000000
0.2362600000
0.7588700000
0.2646500000
1.1296000000
-0.7070100000
0.6390700000
0.2161300000
1.1263000000
-0.7112000000
0.6297600000
0.2314000000
1.1140000000
-0.6678600000
0.7097400000
0.0944130000
1.2004000000
-0.9891700000
-0.0096982000
0.7031200000
0.3049700000
1.0807000000
-0.5436800000
0.9104000000
-0.3234500000
1.1266000000
-0.8741000000
0.2683100000
0.6369800000
0.5124500000
0.8234400000
0.2044600000
1.1885000000
-0.9162300000
0.1812800000
0.6791200000
0.4087000000
0.9698900000
-0.1943600000
1.2381000000
-1.2043000000
-0.6590400000
0.0306360000
0.8009700000
0.1110100000
1.2230000000
-1.0609000000
-0.2086600000
0.6207900000
0.3978700000
0.9646200000
-0.1833200000
1.2423000000
-1.2158000000
-0.6965700000
-0.0440250000
0.7883100000
0.1167800000
1.2174000000
-1.0399000000
-0.1486300000
0.6571100000
0.3508900000
1.0248000000
-0.3649100000
1.1210000000
-0.8687700000
0.2796300000
0.6299000000
0.5284100000
0.7980700000
0.2668500000
1.1397000000
-0.7385100000
0.5783600000
0.3101500000
1.0388000000
-0.4178200000
1.0673000000
-0.7199900000
0.5944400000
0.2893000000
1.0612000000
-0.4897100000
0.9826100000
-0.4986400000
0.9466800000
-0.4042800000
1.0552000000
-0.6800500000
0.6690900000
0.1692300000
1.1606000000
-0.8351300000
0.3717800000
0.5559600000
0.6788100000
0.5216900000
0.8226300000
0.2091100000
1.1856000000
-0.9050800000
0.2088400000
0.6674200000
0.4390300000
0.9303800000
-0.0801500000
1.2701000000
-1.2825000000
-0.9218200000
-0.5744200000
0.2615100000
0.7319300000
0.3284400000
1.0686000000
-0.5000200000
0.9705400000
-0.4687400000
0.9835500000
-0.4949500000
0.9521000000
-0.4175700000
1.0415000000
-0.6439300000
0.7319500000
0.0567750000
1.2151000000
-1.0499000000
-0.1787600000
0.6402900000
0.3724200000
0.9979100000
-0.2824300000
1.1877000000
-1.0596000000
-0.2155900000
0.6170400000
0.4022800000
0.9585500000
-0.1656500000
1.2491000000
-1.2342000000
-0.7578500000
-0.1743300000
0.7301000000
0.2014400000
1.1622000000
-0.8306300000
0.3827400000
0.5457300000
0.6978800000
0.4818700000
0.8842800000
0.0498220000
1.2618000000
-1.2141000000
-0.6850500000
-0.0212410000
0.7938500000
0.1113500000
1.2208000000
-1.0531000000
-0.1863500000
0.6354600000
0.3787700000
0.9897900000
-0.2579300000
1.2038000000
-1.1062000000
-0.3519200000
0.4947700000
0.5517100000
0.7222900000
0.4351400000
0.9516100000
-0.1372400000
1.2591000000
-1.2607000000
-0.8473300000
-0.3833700000
0.5400400000
0.4766900000
0.8438800000
0.1460200000
1.2233000000
-1.0513000000
-0.1803000000
0.6391000000
0.3740800000
0.9958200000
-0.2761000000
1.1920000000
-1.0721000000
-0.2516100000
0.5897300000
0.4376200000
0.9088100000
-0.0250140000
1.2718000000
-1.2718000000
-0.8831100000
-0.4733800000
0.4213400000
0.6094400000
0.6064200000
0.6680000000
0.5572200000
0.7657100000
0.3463200000
1.0618000000
-0.4745000000
1.0033000000
-0.5517000000
0.8748700000
-0.2370800000
1.1838000000
-1.0330000000
-0.1387100000
0.6631700000
0.3426700000
1.0346000000
-0.3956400000
1.0912000000
-0.7857800000
0.4629400000
0.4642300000
0.8371800000
0.1580600000
1.2162000000
-1.0233000000
-0.1011500000
0.6786800000
0.3248000000
1.0559000000
-0.4635000000
1.0160000000
-0.5842300000
0.8269500000
-0.1326400000
1.2235000000
-1.1354000000
-0.4376200000
0.3912700000
0.6543800000
0.5178800000
0.8208300000
0.2120900000
1.1833000000
-0.8965700000
0.2296000000
0.6572200000
0.4641600000
0.8955400000
0.0164530000
1.2683000000
-1.2470000000
-0.7966200000
-0.2625400000
0.6645100000
0.3030300000
1.0708000000
-0.5143500000
0.9508600000
-0.4201100000
1.0382000000
-0.6349600000
0.7470000000
0.0282930000
1.2230000000
-1.0855000000
-0.2826300000
0.5625300000
0.4722000000
0.8566000000
0.1144000000
1.2387000000
-1.1137000000
-0.3647300000
0.4796600000
0.5684700000
0.6914800000
0.5011500000
0.8558300000
0.1249100000
1.2349000000
-1.0975000000
-0.3159000000
0.5310400000
0.5104300000
0.7945600000
0.2692800000
1.1369000000
-0.7286300000
0.5977900000
0.2811100000
1.0687000000
-0.5146400000
0.9498100000
-0.4173900000
1.0410000000
-0.6424800000
0.7344100000
0.0521520000
1.2165000000
-1.0562000000
-0.1969100000
0.6288500000
0.3873000000
0.9786600000
-0.2246900000
1.2229000000
-1.1612000000
-0.5207000000
0.2720700000
0.7401600000
0.3146500000
1.0834000000
-0.5489900000
0.9030900000
-0.3065000000
1.1394000000
-0.9095100000
0.1837300000
0.6798900000
0.4079700000
0.9709500000
-0.1974500000
1.2367000000
-1.2004000000
-0.6464800000
0.0547560000
0.8018600000
0.1162600000
1.2216000000
-1.0545000000
-0.1901800000
0.6330200000
0.3819400000
0.9856700000
-0.2455900000
1.2113000000
-1.1277000000
-0.4169800000
0.4182700000
0.6299800000
0.5698600000
0.7343600000
0.4159700000
0.9780700000
-0.2144800000
1.2290000000
-1.1790000000
-0.5774500000
0.1794600000
0.7816800000
0.1984100000
1.1794000000
-0.8878100000
0.2503200000
0.6459300000
0.4909800000
0.8562900000
0.1207700000
1.2365000000
-1.1042000000
-0.3358900000
0.5108100000
0.5339400000
0.7541100000
0.3640300000
1.0407000000
-0.4070800000
1.0802000000
-0.7557200000
0.5245100000
0.3881300000
0.9464500000
-0.1376300000
1.2574000000
-1.2548000000
-0.8271800000
-0.3343600000
0.5953300000
0.4035100000
0.9506500000
-0.1441700000
1.2561000000
-1.2521000000
-0.8181600000
-0.3127800000
0.6175800000
0.3721900000
0.9913400000
-0.2642000000
1.1997000000
-1.0942000000
-0.3162400000
0.5317300000
0.5092900000
0.7963900000
0.2648500000
1.1407000000
-0.7422700000
0.5708600000
0.3210900000
1.0269000000
-0.3800600000
1.1058000000
-0.8260800000
0.3763900000
0.5538400000
0.6834800000
0.5121400000
0.8378400000
0.1708800000
1.2105000000
-1.0001000000
-0.0370970000
0.6980500000
0.3066900000
1.0777000000
-0.5341000000
0.9239600000
-0.3554000000
1.1003000000
-0.8017000000
0.4303000000
0.5002700000
0.7787100000
0.3011500000
1.1066000000
-0.6241900000
0.7865400000
-0.0533590000
1.2320000000
-1.1409000000
-0.4526500000
0.3708900000
0.6716300000
0.4797500000
0.8792600000
0.0615920000
1.2585000000
-1.1988000000
-0.6342800000
0.0771360000
0.8013900000
0.1240300000
1.2189000000
-1.0427000000
-0.1565000000
0.6529000000
0.3562700000
1.0182000000
-0.3444600000
1.1393000000
-0.9206600000
0.1551500000
0.6901000000
0.3798000000
1.0051000000
-0.3003300000
1.1753000000
-1.0238000000
-0.1148500000
0.6744000000
0.3288100000
1.0510000000
-0.4476600000
1.0347000000
-0.6332100000
0.7490700000
0.0244830000
1.2239000000
-1.0897000000
-0.2952600000
0.5510400000
0.4863100000
0.8342100000
0.1716200000
1.2090000000
-0.9949600000
-0.0232150000
0.7007600000
0.3055500000
1.0795000000
-0.5398500000
0.9158400000
-0.3362300000
1.1165000000
-0.8460100000
0.3329100000
0.5910300000
0.6108300000
0.6549600000
0.5826900000
0.7211500000
0.4467300000
0.9369500000
-0.0950070000
1.2684000000
-1.2810000000
-0.9169800000
-0.5615100000
0.2835000000
0.7190300000
0.3612500000
1.0330000000
-0.3855800000
1.1018000000
-0.8151200000
0.4003400000
0.5310800000
0.7252400000
0.4229700000
0.9671100000
-0.1825200000
1.2435000000
-1.2195000000
-0.7091400000
-0.0699040000
0.7804200000
0.1263600000
1.2118000000
-1.0178000000
-0.0868510000
0.6840900000
0.3187800000
1.0630000000
-0.4862100000
0.9879300000
-0.5122600000
0.9290000000
-0.3619400000
1.0953000000
-0.7881300000
0.4589700000
0.4686400000
0.8302200000
0.1756300000
1.2059000000
-0.9831200000
0.0086354000
0.7049600000
0.3068300000
1.0797000000
-0.5399500000
0.9157400000
-0.3360000000
1.1167000000
-0.8465200000
0.3317600000
0.5919500000
0.6089600000
0.6584200000
0.5757600000
0.7334200000
0.4196500000
0.9734800000
-0.2008200000
1.2356000000
-1.1976000000
-0.6371800000
0.0723390000
0.8015200000
0.1222900000
1.2195000000
-1.0454000000
-0.1642400000
0.6486100000
0.3617600000
1.0114000000
-0.3234600000
1.1569000000
-0.9709200000
0.0273180000
0.7076800000
0.3070600000
1.0803000000
-0.5417500000
0.9131900000
-0.3300200000
1.1215000000
-0.8598200000
0.3014400000
0.6148400000
0.5611900000
0.7435400000
0.3943600000
1.0053000000
-0.2966700000
1.1784000000
-1.0330000000
-0.1404500000
0.6624800000
0.3434300000
1.0336000000
-0.3926800000
1.0942000000
-0.7940100000
0.4456300000
0.4837800000
0.8060300000
0.2355700000
1.1641000000
-0.8265600000
0.3927600000
0.5360700000
0.7155100000
0.4440900000
0.9385400000
-0.0999810000
1.2676000000
-1.2794000000
-0.9114000000
-0.5467200000
0.3081100000
0.7030800000
0.4003900000
0.9864900000
-0.2423100000
1.2137000000
-1.1351000000
-0.4398500000
0.3886000000
0.6566300000
0.5129600000
0.8286100000
0.1926400000
1.1966000000
-0.9468900000
0.1037400000
0.7008600000
0.3434300000
1.0451000000
-0.4262200000
1.0592000000
-0.6985800000
0.6345400000
0.2267200000
1.1184000000
-0.6831300000
0.6821900000
0.1435200000
1.1758000000
-0.8925100000
0.2375400000
0.6532500000
0.4738300000
0.8816600000
0.0539000000
1.2604000000
-1.2080000000
-0.6648000000
0.0188620000
0.8000600000
0.1095200000
1.2232000000
-1.0619000000
-0.2118300000
0.6185900000
0.4007300000
0.9607600000
-0.1720800000
1.2468000000
-1.2278000000
-0.7366300000
-0.1280200000
0.7560700000
0.1613000000
1.1904000000
-0.9354700000
0.1319700000
0.6949800000
0.3634100000
1.0236000000
-0.3578500000
1.1278000000
-0.8880700000
0.2342000000
0.6567900000
0.4663300000
0.8925800000
0.0245140000
1.2669000000
-1.2398000000
-0.7719200000
-0.2061400000
0.7089300000
0.2345400000
1.1357000000
-0.7352800000
0.5838200000
0.3022300000
1.0473000000
-0.4447900000
1.0372000000
-0.6395500000
0.7385200000
0.0445550000
1.2188000000
-1.0662000000
-0.2259200000
0.6086800000
0.4135400000
0.9431900000
-0.1213800000
1.2623000000
-1.2673000000
-0.8697000000
-0.4391200000
0.4691400000
0.5601400000
0.7014800000
0.4791300000
0.8890500000
0.0371720000
1.2648000000
-1.2284000000
-0.7330600000
-0.1208500000
0.7596400000
0.1558800000
1.1939000000
-0.9487000000
0.0981220000
0.7019100000
0.3396900000
1.0490000000
-0.4387500000
1.0452000000
-0.6610600000
0.7017600000
0.1122200000
1.1929000000
-0.9585400000
0.0715480000
0.7052700000
0.3250900000
1.0636000000
-0.4862800000
0.9880400000
-0.5125900000
0.9285700000
-0.3609100000
1.0962000000
-0.7906200000
0.4537600000
0.4745600000
0.8208400000
0.1990800000
1.1908000000
-0.9253700000
0.1584000000
0.6872600000
0.3862600000
0.9973000000
-0.2765800000
1.1921000000
-1.0725000000
-0.2527600000
0.5888000000
0.4388100000
0.9070700000
-0.0202470000
1.2715000000
-1.2696000000
-0.8753100000
-0.4535400000
0.4494300000
0.5811600000
0.6619900000
0.5608200000
0.7582700000
0.3632800000
1.0427000000
-0.4131800000
1.0738000000
-0.7382600000
0.5591100000
0.3408800000
1.0051000000
-0.3119200000
1.1653000000
-0.9946900000
-0.0355830000
0.6998200000
0.3036800000
1.0808000000
-0.5443900000
0.9093500000
-0.3209900000
1.1286000000
-0.8793900000
0.2559100000
0.6445000000
0.4952400000
0.8499700000
0.1371300000
1.2287000000
-1.0723000000
-0.2412300000
0.5968300000
0.4289400000
0.9214700000
-0.0600610000
1.2714000000
-1.2810000000
-0.9160100000
-0.5590200000
0.2877000000
0.7164200000
0.3677500000
1.0256000000
-0.3622400000
1.1240000000
-0.8773100000
0.2596600000
0.6424200000
0.5001200000
0.8425600000
0.1561600000
1.2186000000
-1.0322000000
-0.1261100000
0.6680600000
0.3373300000
1.0411000000
-0.4162700000
1.0697000000
-0.7269500000
0.5810900000
0.3091900000
1.0405000000
-0.4229100000
1.0618000000
-0.7051300000
0.6224300000
0.2460700000
1.1020000000
-0.6262200000
0.7815800000
-0.0430870000
1.2319000000
-1.1375000000
-0.4417500000
0.3855600000
0.6593500000
0.5070200000
0.8379100000
0.1691800000
1.2113000000
-1.0034000000
-0.0461600000
0.6960000000
0.3079800000
1.0760000000
-0.5285200000
0.9317400000
-0.3739600000
1.0837000000
-0.7564800000
0.5239500000
0.3887300000
0.9456300000
-0.1352900000
1.2581000000
-1.2564000000
-0.8325600000
-0.3473500000
0.5813200000
0.4226900000
0.9242700000
-0.0691730000
1.2706000000
-1.2809000000
-0.9157400000
-0.5582800000
0.2889400000
0.7156400000
0.3696900000
1.0234000000
-0.3552600000
1.1303000000
-0.8952400000
0.2170500000
0.6654700000
0.4451300000
0.9222500000
-0.0572190000
1.2721000000
-1.2827000000
-0.9217000000
-0.5741400000
0.2620000000
0.7316600000
0.3291500000
1.0678000000
-0.4976000000
0.9737000000
-0.4766000000
0.9741000000
-0.4714000000
0.9811300000
-0.4890800000
0.9594600000
-0.4355200000
1.0223000000
-0.5937800000
0.8130900000
-0.1036900000
1.2289000000
-1.1453000000
-0.4677000000
0.3501700000
0.6880300000
0.4423200000
0.9325000000
-0.0846880000
1.2697000000
-1.2824000000
-0.9215800000
-0.5737600000
0.2626400000
0.7313000000
0.3300700000
1.0669000000
-0.4944500000
0.9777800000
-0.4868200000
0.9615500000
-0.4404400000
1.0169000000
-0.5797900000
0.8344400000
-0.1487500000
1.2194000000
-1.1262000000
-0.4098000000
0.4270300000
0.6217600000
0.5868900000
0.7043200000
0.4815700000
0.8866200000
0.0439330000
1.2633000000
-1.2211000000
-0.7084100000
-0.0688960000
0.7808300000
0.1257500000
1.2121000000
-1.0192000000
-0.0905630000
0.6827700000
0.3201900000
1.0613000000
-0.4808300000
0.9947100000
-0.5294800000
0.9059300000
-0.3078300000
1.1391000000
-0.9089700000
0.1850200000
0.6793800000
0.4093200000
0.9692500000
-0.1924400000
1.2389000000
-1.2067000000
-0.6667500000
0.0156240000
0.7996300000
0.1095100000
1.2231000000
-1.0615000000
-0.2106000000
0.6194500000
0.3996100000
0.9622700000
-0.1764600000
1.2451000000
-1.2233000000
-0.7214400000
-0.0956390000
0.7707600000
0.1396000000
1.2039000000
-0.9874000000
-0.0037543000
0.7037600000
0.3054800000
1.0805000000
-0.5427700000
0.9117100000
-0.3265200000
1.1242000000
-0.8674600000
0.2837900000
0.6270100000
0.5347500000
0.7877700000
0.2916100000
1.1173000000
-0.6601400000
0.7250800000
0.0659260000
1.2114000000
-1.0348000000
-0.1358100000
0.6637300000
0.3425100000
1.0349000000
-0.3966000000
1.0902000000
-0.7830800000
0.4685700000
0.4577000000
0.8472900000
0.1322500000
1.2297000000
-1.0774000000
-0.2560500000
0.5850100000
0.4440600000
0.8994400000
0.0006254400
1.2698000000
-1.2573000000
-0.8320800000
-0.3464900000
0.5823000000
0.4213600000
0.9261300000
-0.0744000000
1.2701000000
-1.2807000000
-0.9152400000
-0.5569400000
0.2911700000
0.7142300000
0.3731800000
1.0193000000
-0.3426000000
1.1415000000
-0.9269000000
0.1396300000
0.6946300000
0.3663700000
1.0205000000
-0.3480100000
1.1366000000
-0.9129700000
0.1740700000
0.6836900000
0.3978100000
0.9835500000
-0.2349800000
1.2178000000
-1.1466000000
-0.4753000000
0.3397400000
0.6958200000
0.4240900000
0.9569600000
-0.1548400000
1.2535000000
-1.2463000000
-0.7984700000
-0.2664600000
0.6610600000
0.3082700000
1.0653000000
-0.4962500000
0.9748100000
-0.4792300000
0.9709100000
-0.4635100000
0.9904900000
-0.5125500000
0.9293500000
-0.3629400000
1.0944000000
-0.7856500000
0.4641800000
0.4626600000
0.8395800000
0.1519400000
1.2196000000
-1.0367000000
-0.1386600000
0.6620900000
0.3447000000
1.0323000000
-0.3884300000
1.0985000000
-0.8057700000
0.4205700000
0.5106400000
0.7611200000
0.3421700000
1.0644000000
-0.4835300000
0.9920000000
-0.5227600000
0.9150200000
-0.3289900000
1.1230000000
-0.8642200000
0.2912800000
0.6219600000
0.5458200000
0.7695000000
0.3347700000
1.0740000000
-0.5142900000
0.9518900000
-0.4228300000
1.0353000000
-0.6273600000
0.7595800000
0.0040541000
1.2278000000
-1.1094000000
-0.3548600000
0.4908700000
0.5562100000
0.7141400000
0.4528600000
0.9271300000
-0.0675400000
1.2718000000
-1.2846000000
-0.9286000000
-0.5925900000
0.2297900000
0.7483000000
0.2850100000
1.1108000000
-0.6418200000
0.7565300000
0.0061806000
1.2269000000
-1.1056000000
-0.3431100000
0.5035200000
0.5421200000
0.7396000000
0.3968200000
1.0014000000
-0.2849700000
1.1867000000
-1.0572000000
-0.2086900000
0.6218700000
0.3959800000
0.9670500000
-0.1904600000
1.2393000000
-1.2075000000
-0.6693200000
0.0105770000
0.7990500000
0.1093100000
1.2230000000
-1.0612000000
-0.2096600000
0.6201000000
0.3987600000
0.9634200000
-0.1798100000
1.2438000000
-1.2197000000
-0.7094600000
-0.0705710000
0.7801900000
0.1266600000
1.2116000000
-1.0172000000
-0.0849810000
0.6847400000
0.3180900000
1.0638000000
-0.4888300000
0.9846000000
-0.5038500000
0.9399700000
-0.3881100000
1.0711000000
-0.7226200000
0.5902700000
0.2954200000
1.0549000000
-0.4693100000
1.0081000000
-0.5636100000
0.8577100000
-0.1990200000
1.2019000000
-1.0820000000
-0.2783400000
0.5669500000
0.4664900000
0.8654200000
0.0914100000
1.2479000000
-1.1528000000
-0.4862500000
0.3231300000
0.7079500000
0.3952800000
0.9936400000
-0.2636700000
1.2008000000
-1.0977000000
-0.3265500000
0.5214200000
0.5214100000
0.7758100000
0.3138000000
1.0949000000
-0.5841500000
0.8507500000
-0.1885200000
1.2055000000
-1.0910000000
-0.3046600000
0.5427700000
0.4961700000
0.8181700000
0.2116800000
1.1827000000
-0.8948500000
0.2337600000
0.6550400000
0.4694200000
0.8880200000
0.0368160000
1.2645000000
-1.2275000000
-0.7302000000
-0.1147400000
0.7625100000
0.1515900000
1.1966000000
-0.9590500000
0.0712870000
0.7051700000
0.3252100000
1.0635000000
-0.4858200000
0.9886100000
-0.5140300000
0.9266600000
-0.3563900000
1.1002000000
-0.8014800000
0.4307400000
0.4998000000
0.7795000000
0.2992800000
1.1085000000
-0.6303600000
0.7762400000
-0.0326700000
1.2314000000
-1.1326000000
-0.4265000000
0.4055600000
0.6417800000
0.5450200000
0.7766600000
0.3190200000
1.0905000000
-0.5692200000
0.8735500000
-0.2390800000
1.1820000000
-1.0278000000
-0.1243900000
0.6699900000
0.3342400000
1.0446000000
-0.4273600000
1.0577000000
-0.6943700000
0.6422900000
0.2141400000
1.1285000000
-0.7186400000
0.6155300000
0.2539800000
1.0943000000
-0.6004400000
0.8235600000
-0.1296800000
1.2235000000
-1.1347000000
-0.4355600000
0.3939800000
0.6520200000
0.5230200000
0.8126400000
0.2323600000
1.1682000000
-0.8408700000
0.3605700000
0.5657200000
0.6601100000
0.5596700000
0.7595100000
0.3603000000
1.0461000000
-0.4240100000
1.0621000000
-0.7065800000
0.6196800000
0.2504100000
1.0981000000
-0.6130800000
0.8032300000
-0.0871680000
1.2303000000
-1.1453000000
-0.4674600000
0.3504700000
0.6878000000
0.4428400000
0.9317800000
-0.0826580000
1.2700000000
-1.2828000000
-0.9226400000
-0.5765900000
0.2577600000
0.7340000000
0.3230700000
1.0741000000
-0.5181900000
0.9462900000
-0.4091200000
1.0496000000
-0.6649500000
0.6958500000
0.1226200000
1.1877000000
-0.9381200000
0.1242100000
0.6969600000
0.3572000000
1.0305000000
-0.3794100000
1.1076000000
-0.8313100000
0.3647700000
0.5643300000
0.6635800000
0.5528300000
0.7712000000
0.3332000000
1.0759000000
-0.5207000000
0.9431900000
-0.4016700000
1.0571000000
-0.6848900000
0.6604200000
0.1839200000
1.1508000000
-0.7987900000
0.4519300000
0.4744200000
0.8204800000
0.1998700000
1.1902000000
-0.9232900000
0.1636000000
0.6855400000
0.3911300000
0.9914800000
-0.2589100000
1.2036000000
-1.1058000000
-0.3507300000
0.4960500000
0.5502900000
0.7248700000
0.4294800000
0.9592300000
-0.1593300000
1.2522000000
-1.2431000000
-0.7877700000
-0.2417500000
0.6818500000
0.2765900000
1.0975000000
-0.6031900000
0.8198600000
-0.1219900000
1.2251000000
-1.1379000000
-0.4451800000
0.3811700000
0.6630400000
0.4988800000
0.8504800000
0.1370300000
1.2289000000
-1.0730000000
-0.2432400000
0.5952600000
0.4309500000
0.9185700000
-0.0519960000
1.2718000000
-1.2800000000
-0.9122800000
-0.5491600000
0.3041100000
0.7057800000
0.3938700000
0.9945500000
-0.2666200000
1.1988000000
-1.0921000000
-0.3101300000
0.5377200000
0.5021700000
0.8082800000
0.2360100000
1.1645000000
-0.8276800000
0.3902700000
0.5384700000
0.7111600000
0.4535000000
0.9254200000
-0.0629200000
1.2721000000
-1.2844000000
-0.9277600000
-0.5903500000
0.2337500000
0.7464000000
0.2901700000
1.1060000000
-0.6256200000
0.7838500000
-0.0478730000
1.2319000000
-1.1391000000
-0.4470800000
0.3784300000
0.6653800000
0.4937000000
0.8583800000
0.1165700000
1.2385000000
-1.1124000000
-0.3609500000
0.4838700000
0.5639300000
0.6999400000
0.4833000000
0.8829600000
0.0535130000
1.2609000000
-1.2097000000
-0.6704400000
0.0078153000
0.7987800000
0.1090700000
1.2230000000
-1.0612000000
-0.2098200000
0.6200000000
0.3989000000
0.9632300000
-0.1792500000
1.2440000000
-1.2203000000
-0.7114800000
-0.0747570000
0.7787300000
0.1285800000
1.2105000000
-1.0128000000
-0.0728580000
0.6887400000
0.3140400000
1.0685000000
-0.5043000000
0.9645200000
-0.4537000000
1.0012000000
-0.5393900000
0.8930300000
-0.2783100000
1.1595000000
-0.9656000000
0.0424990000
0.7077900000
0.3113900000
1.0766000000
-0.5292300000
0.9308600000
-0.3718700000
1.0857000000
-0.7616700000
0.5135000000
0.4023400000
0.9274200000
-0.0834370000
1.2685000000
-1.2777000000
-0.9049200000
-0.5297400000
0.3356500000
0.6833500000
0.4469300000
0.9253600000
-0.0647220000
1.2717000000
-1.2837000000
-0.9254400000
-0.5841200000
0.2447000000
0.7409400000
0.3048300000
1.0922000000
-0.5785900000
0.8589900000
-0.2065900000
1.1979000000
-1.0711000000
-0.2467300000
0.5934400000
0.4329300000
0.9156300000
-0.0438520000
1.2720000000
-1.2783000000
-0.9061500000
-0.5330600000
0.3303500000
0.6873000000
0.4377600000
0.9379000000
-0.1001900000
1.2673000000
-1.2786000000
-0.9085000000
-0.5390900000
0.3205900000
0.6943800000
0.4211400000
0.9600100000
-0.1639300000
1.2504000000
-1.2380000000
-0.7706300000
-0.2028100000
0.7112300000
0.2309800000
1.1387000000
-0.7459200000
0.5626400000
0.3330400000
1.0135000000
-0.3381800000
1.1439000000
-0.9335000000
0.1232000000
0.6987000000
0.3535000000
1.0347000000
-0.3926900000
1.0945000000
-0.7949400000
0.4436400000
0.4859700000
0.8024600000
0.2442700000
1.1572000000
-0.8015000000
0.4478000000
0.4788100000
0.8133800000
0.2174300000
1.1778000000
-0.8769600000
0.2766600000
0.6297500000
0.5277700000
0.7989700000
0.2646400000
1.1416000000
-0.7452900000
0.5648500000
0.3297300000
1.0172000000
-0.3497700000
1.1339000000
-0.9049500000
0.1936700000
0.6760100000
0.4183200000
0.9578100000
-0.1588600000
1.2520000000
-1.2422000000
-0.7846900000
-0.2346900000
0.6874800000
0.2679100000
1.1058000000
-0.6314100000
0.7735700000
-0.0272040000
1.2310000000
-1.1298000000
-0.4176800000
0.4168200000
0.6314600000
0.5668100000
0.7396600000
0.4041000000
0.9932800000
-0.2600100000
1.2033000000
-1.1052000000
-0.3491200000
0.4978000000
0.5483400000
0.7283900000
0.4217400000
0.9695100000
-0.1894100000
1.2406000000
-1.2116000000
-0.6831100000
-0.0167830000
0.7946700000
0.1108600000
1.2212000000
-1.0546000000
-0.1906700000
0.6327200000
0.3823200000
0.9851800000
-0.2441000000
1.2121000000
-1.1302000000
-0.4246600000
0.4084700000
0.6390200000
0.5508600000
0.7668700000
0.3419200000
1.0664000000
-0.4894700000
0.9845000000
-0.5037800000
0.9400400000
-0.3882700000
1.0710000000
-0.7222000000
0.5910800000
0.2942200000
1.0561000000
-0.4733200000
1.0032000000
-0.5509400000
0.8760000000
-0.2396200000
1.1824000000
-1.0292000000
-0.1283400000
0.6681700000
0.3364700000
1.0420000000
-0.4189900000
1.0668000000
-0.7190300000
0.5962400000
0.2865900000
1.0639000000
-0.4986300000
0.9710900000
-0.4698000000
0.9823300000
-0.4918900000
0.9559600000
-0.4269600000
1.0316000000
-0.6178900000
0.7749700000
-0.0261860000
1.2315000000
-1.1312000000
-0.4219900000
0.4113400000
0.6365300000
0.5561700000
0.7579100000
0.3626600000
1.0432000000
-0.4149000000
1.0720000000
-0.7332400000
0.5689000000
0.3269200000
1.0210000000
-0.3614600000
1.1234000000
-0.8752800000
0.2644600000
0.6395000000
0.5067900000
0.8322800000
0.1822700000
1.2032000000
-0.9720000000
0.0382430000
0.7063500000
0.3129700000
1.0748000000
-0.5233100000
0.9390300000
-0.3914900000
1.0671000000
-0.7117400000
0.6109400000
0.2639300000
1.0858000000
-0.5712500000
0.8688700000
-0.2282900000
1.1877000000
-1.0434000000
-0.1677400000
0.6476000000
0.3625400000
1.0103000000
-0.3201400000
1.1596000000
-0.9785800000
0.0072186000
0.7063500000
0.3036600000
1.0828000000
-0.5503900000
0.9007400000
-0.3009900000
1.1434000000
-0.9205800000
0.1565700000
0.6895100000
0.3813900000
1.0032000000
-0.2945900000
1.1795000000
-1.0360000000
-0.1486900000
0.6582600000
0.3487700000
1.0272000000
-0.3725100000
1.1139000000
-0.8487800000
0.3255700000
0.5969700000
0.5987500000
0.6771800000
0.5376200000
0.7985100000
0.2686100000
1.1385000000
-0.7342000000
0.5868900000
0.2975300000
1.0521000000
-0.4605100000
1.0187000000
-0.5911200000
0.8164400000
-0.1105300000
1.2278000000
-1.1437000000
-0.4630600000
0.3566800000
0.6829700000
0.4539800000
0.9163500000
-0.0393900000
1.2727000000
-1.2796000000
-0.9105400000
-0.5445900000
0.3116300000
0.7006700000
0.4061800000
0.9792200000
-0.2205800000
1.2256000000
-1.1693000000
-0.5464000000
0.2312400000
0.7612200000
0.2581400000
1.1351000000
-0.7263200000
0.6019700000
0.2747900000
1.0749000000
-0.5350600000
0.9216600000
-0.3497500000
1.1052000000
-0.8151100000
0.4014100000
0.5298800000
0.7273400000
0.4183400000
0.9731900000
-0.2004300000
1.2357000000
-1.1979000000
-0.6382900000
0.0702520000
0.8016000000
0.1214800000
1.2198000000
-1.0467000000
-0.1678900000
0.6465300000
0.3644400000
1.0080000000
-0.3132000000
1.1651000000
-0.9943100000
-0.0345960000
0.7000300000
0.3035600000
1.0810000000
-0.5449200000
0.9085900000
-0.3192200000
1.1299000000
-0.8831500000
0.2470400000
0.6496200000
0.4833100000
0.8678600000
0.0905440000
1.2489000000
-1.1564000000
-0.4975600000
0.3064800000
0.7192300000
0.3677300000
1.0265000000
-0.3647300000
1.1217000000
-0.8709100000
0.2746200000
0.6331400000
0.5211700000
0.8096700000
0.2385600000
1.1632000000
-0.8227600000
0.4012600000
0.5277500000
0.7304400000
0.4113600000
0.9822300000
-0.2272900000
1.2223000000
-1.1600000000
-0.5170500000
0.2777400000
0.7368900000
0.3231100000
1.0749000000
-0.5206800000
0.9429300000
-0.4009600000
1.0578000000
-0.6868100000
0.6569500000
0.1897500000
1.1467000000
-0.7839000000
0.4837100000
0.4372700000
0.8774300000
0.0533550000
1.2592000000
-1.2040000000
-0.6515600000
0.0444750000
0.8017600000
0.1133900000
1.2225000000
-1.0584000000
-0.2015200000
0.6256300000
0.3915700000
0.9730300000
-0.2080300000
1.2313000000
-1.1850000000
-0.5965900000
0.1462100000
0.7910900000
0.1677000000
1.1980000000
-0.9588300000
0.0722950000
0.7050300000
0.3257900000
1.0629000000
-0.4839800000
0.9909400000
-0.5199500000
0.9188000000
-0.3378500000
1.1158000000
-0.8445000000
0.3362900000
0.5883200000
0.6163200000
0.6447100000
0.6029900000
0.6843700000
0.5251900000
0.8191600000
0.2181200000
1.1791000000
-0.8810900000
0.2668900000
0.6359500000
0.5138600000
0.8211100000
0.2102400000
1.1845000000
-0.9010300000
0.2187300000
0.6627100000
0.4507700000
0.9143500000
-0.0352130000
1.2726000000
-1.2778000000
-0.9039900000
-0.5274000000
0.3393900000
0.6805200000
0.4534600000
0.9162800000
-0.0393490000
1.2727000000
-1.2795000000
-0.9102600000
-0.5438700000
0.3128100000
0.6998500000
0.4081400000
0.9767500000
-0.2132000000
1.2294000000
-1.1799000000
-0.5802300000
0.1747000000
0.7832000000
0.1936400000
1.1825000000
-0.8994300000
0.2221800000
0.6610600000
0.4548400000
0.9086800000
-0.0195310000
1.2721000000
-1.2713000000
-0.8810200000
-0.4680700000
0.4289700000
0.6019600000
0.6214000000
0.6400000000
0.6129700000
0.6659700000
0.5629700000
0.7560700000
0.3685800000
1.0366000000
-0.3938600000
1.0938000000
-0.7931500000
0.4474200000
0.4818000000
0.8092400000
0.2277200000
1.1702000000
-0.8487300000
0.3425800000
0.5810700000
0.6300700000
0.6185400000
0.6534000000
0.5878700000
0.7122000000
0.4662400000
0.9093300000
-0.0177540000
1.2724000000
-1.2718000000
-0.8826700000
-0.4722800000
0.4229300000
0.6079000000
0.6095200000
0.6622400000
0.5688700000
0.7456200000
0.3923400000
1.0082000000
-0.3053100000
1.1720000000
-1.0145000000
-0.0892070000
0.6845200000
0.3172400000
1.0645000000
-0.4911200000
0.9816600000
-0.4964600000
0.9494300000
-0.4109300000
1.0484000000
-0.6621300000
0.7007400000
0.1139200000
1.1921000000
-0.9552100000
0.0802170000
0.7044300000
0.3293600000
1.0595000000
-0.4726300000
1.0051000000
-0.5561200000
0.8685500000
-0.2229800000
1.1910000000
-1.0526000000
-0.1939600000
0.6315400000
0.3834300000
0.9836300000
-0.2395200000
1.2148000000
-1.1378000000
-0.4479900000
0.3776800000
0.6659000000
0.4925100000
0.8601800000
0.1118900000
1.2405000000
-1.1209000000
-0.3868400000
0.4542200000
0.5951000000
0.6404600000
0.6042700000
0.6809500000
0.5321100000
0.8078800000
0.2459000000
1.1577000000
-0.8026500000
0.4453700000
0.4815100000
0.8090200000
0.2281400000
1.1698000000
-0.8474700000
0.3454500000
0.5786900000
0.6348100000
0.6094300000
0.6704700000
0.5534900000
0.7722500000
0.3311300000
1.0782000000
-0.5281000000
0.9330000000
-0.3771200000
1.0808000000
-0.7485000000
0.5398900000
0.3673800000
0.9730100000
-0.2152400000
1.2270000000
-1.1725000000
-0.5564100000
0.2148300000
0.7684700000
0.2376900000
1.1514000000
-0.7848400000
0.4830700000
0.4378500000
0.8765200000
0.0557450000
1.2586000000
-1.2010000000
-0.6417900000
0.0630530000
0.8019000000
0.1186600000
1.2209000000
-1.0511000000
-0.1804600000
0.6390800000
0.3740700000
0.9958300000
-0.2761300000
1.1920000000
-1.0721000000
-0.2514500000
0.5898600000
0.4374500000
0.9090400000
-0.0256710000
1.2718000000
-1.2721000000
-0.8841200000
-0.4759700000
0.4176000000
0.6130700000
0.5990900000
0.6814400000
0.5296100000
0.8117500000
0.2363800000
1.1653000000
-0.8301800000
0.3847100000
0.5437500000
0.7014900000
0.4742100000
0.8956200000
0.0192710000
1.2682000000
-1.2458000000
-0.7922500000
-0.2524500000
0.6731000000
0.2899700000
1.0842000000
-0.5587400000
0.8881900000
-0.2720600000
1.1628000000
-0.9746700000
0.0188770000
0.7071000000
0.3056800000
1.0813000000
-0.5452400000
0.9081900000
-0.3183000000
1.1306000000
-0.8850900000
0.2424500000
0.6521800000
0.4772600000
0.8767600000
0.0669840000
1.2567000000
-1.1911000000
-0.6091200000
0.1232300000
0.7960000000
0.1499000000
1.2073000000
-0.9957800000
-0.0260020000
0.7003200000
0.3055700000
1.0794000000
-0.5393900000
0.9164900000
-0.3377600000
1.1152000000
-0.8425600000
0.3406900000
0.5847300000
0.6235300000
0.6311100000
0.6294500000
0.6346500000
0.6249400000
0.6436200000
0.6075400000
0.6763500000
0.5418400000
0.7918800000
0.2846500000
1.1241000000
-0.6837300000
0.6827500000
0.1422700000
1.1765000000
-0.8951000000
0.2312700000
0.6565900000
0.4658300000
0.8931900000
0.0228530000
1.2672000000
-1.2413000000
-0.7771500000
-0.2179500000
0.7003500000
0.2479200000
1.1241000000
-0.6945100000
0.6619300000
0.1782400000
1.1541000000
-0.8112600000
0.4248300000
0.5039500000
0.7719000000
0.3170200000
1.0909000000
-0.5708800000
0.8709900000
-0.2333300000
1.1851000000
-1.0362000000
-0.1475600000
0.6586700000
0.3483500000
1.0277000000
-0.3741800000
1.1123000000
-0.8443600000
0.3355800000
0.5890400000
0.6149200000
0.6473200000
0.5978400000
0.6938300000
0.5054000000
0.8505500000
0.1388100000
1.2282000000
-1.0702000000
-0.2349500000
0.6016600000
0.4227200000
0.9303300000
-0.0848950000
1.2690000000
-1.2800000000
-0.9130700000
-0.5511700000
0.3007800000
0.7079900000
0.3884800000
1.0011000000
-0.2865900000
1.1853000000
-1.0530000000
-0.1968700000
0.6298200000
0.3855900000
0.9807900000
-0.2310600000
1.2195000000
-1.1514000000
-0.4900100000
0.3184400000
0.7110300000
0.3877300000
1.0028000000
-0.2916400000
1.1818000000
-1.0427000000
-0.1676800000
0.6478200000
0.3621600000
1.0107000000
-0.3215300000
1.1585000000
-0.9753700000
0.0156460000
0.7070400000
0.3048200000
1.0820000000
-0.5476700000
0.9046800000
-0.3101400000
1.1367000000
-0.9021100000
0.2017000000
0.6724100000
0.4275200000
0.9458400000
-0.1242200000
1.2622000000
-1.2675000000
-0.8705500000
-0.4412400000
0.4662700000
0.5632600000
0.6957100000
0.4913600000
0.8707000000
0.0860500000
1.2508000000
-1.1646000000
-0.5236700000
0.2666800000
0.7433300000
0.3064500000
1.0915000000
-0.5760600000
0.8628800000
-0.2152000000
1.1940000000
-1.0605000000
-0.2164600000
0.6162400000
0.4034100000
0.9570400000
-0.1612700000
1.2507000000
-1.2383000000
-0.7716600000
-0.2051400000
0.7095900000
0.2335400000
1.1365000000
-0.7382900000
0.5778600000
0.3110300000
1.0379000000
-0.4148900000
1.0704000000
-0.7285100000
0.5781100000
0.3135600000
1.0358000000
-0.4079200000
1.0778000000
-0.7486100000
0.5387500000
0.3690600000
0.9709300000
-0.2090800000
1.2301000000
-1.1811000000
-0.5838300000
0.1684800000
0.7851100000
0.1875800000
1.1863000000
-0.9138600000
0.1866700000
0.6770500000
0.4142400000
0.9628800000
-0.1737300000
1.2466000000
-1.2278000000
-0.7363900000
-0.1275100000
0.7563200000
0.1609200000
1.1906000000
-0.9364200000
0.1295700000
0.6955700000
0.3615200000
1.0257000000
-0.3644200000
1.1218000000
-0.8710900000
0.2742100000
0.6334000000
0.5205800000
0.8106100000
0.2362500000
1.1650000000
-0.8293700000
0.3865100000
0.5420500000
0.7046100000
0.4675500000
0.9053400000
-0.0072446000
1.2715000000
-1.2657000000
-0.8612500000
-0.4181700000
0.4968200000
0.5289900000
0.7572800000
0.3558400000
1.0499000000
-0.4364700000
1.0483000000
-0.6693300000
0.6872700000
0.1379200000
1.1796000000
-0.9065000000
0.2034300000
0.6701100000
0.4323600000
0.9393300000
-0.1055700000
1.2662000000
-1.2762000000
-0.9003800000
-0.5178400000
0.3544700000
0.6687400000
0.4802400000
0.8777400000
0.0654780000
1.2573000000
-1.1935000000
-0.6171900000
0.1086500000
0.7983200000
0.1403600000
1.2119000000
-1.0141000000
-0.0762490000
0.6876200000
0.3151700000
1.0672000000
-0.5000000000
0.9701600000
-0.4677100000
0.9848000000
-0.4980800000
0.9481300000
-0.4079500000
1.0514000000
-0.6701500000
0.6866900000
0.1387900000
1.1790000000
-0.9045600000
0.2081900000
0.6679500000
0.4378400000
0.9320000000
-0.0847200000
1.2696000000
-1.2819000000
-0.9196400000
-0.5686000000
0.2714800000
0.7262400000
0.3430600000
1.0531000000
-0.4497300000
1.0328000000
-0.6281800000
0.7573700000
0.0084941000
1.2271000000
-1.1056000000
-0.3430600000
0.5035600000
0.5420800000
0.7396800000
0.3966500000
1.0016000000
-0.2856000000
1.1863000000
-1.0559000000
-0.2050200000
0.6243800000
0.3927000000
0.9714200000
-0.2033100000
1.2336000000
-1.1913000000
-0.6168800000
0.1098400000
0.7980400000
0.1413300000
1.2115000000
-1.0123000000
-0.0710980000
0.6892500000
0.3135900000
1.0691000000
-0.5060900000
0.9621500000
-0.4478400000
1.0079000000
-0.5564300000
0.8688900000
-0.2238900000
1.1905000000
-1.0513000000
-0.1903100000
0.6338900000
0.3803600000
0.9876300000
-0.2514600000
1.2078000000
-1.1176000000
-0.3863300000
0.4557700000
0.5932800000
0.6439500000
0.5974500000
0.6934700000
0.5059800000
0.8496200000
0.1412000000
1.2270000000
-1.0653000000
-0.2207100000
0.6122100000
0.4090600000
0.9494000000
-0.1392000000
1.2577000000
-1.2563000000
-0.8322100000
-0.3464900000
0.5822600000
0.4214200000
0.9260500000
-0.0741680000
1.2701000000
-1.2807000000
-0.9152800000
-0.5570600000
0.2909800000
0.7143500000
0.3728800000
1.0196000000
-0.3436900000
1.1405000000
-0.9242000000
0.1463400000
0.6927600000
0.3720300000
1.0141000000
-0.3280500000
1.1536000000
-0.9613900000
0.0520900000
0.7077800000
0.3142800000
1.0741000000
-0.5207300000
0.9425900000
-0.4000800000
1.0587000000
-0.6891700000
0.6526700000
0.1968900000
1.1415000000
-0.7652600000
0.5225800000
0.3880900000
0.9459200000
-0.1362400000
1.2578000000
-1.2557000000
-0.8302400000
-0.3417400000
0.5874300000
0.4143800000
0.9358300000
-0.1017800000
1.2662000000
-1.2753000000
-0.8969600000
-0.5089300000
0.3683000000
0.6574100000
0.5054200000
0.8396000000
0.1647400000
1.2139000000
-1.0135000000
-0.0738900000
0.6883100000
0.3145600000
1.0680000000
-0.5024000000
0.9670300000
-0.4599100000
0.9939800000
-0.5211700000
0.9179400000
-0.3360000000
1.1173000000
-0.8485900000
0.3270500000
0.5956800000
0.6013400000
0.6724400000
0.5473500000
0.7823000000
0.3074100000
1.1024000000
-0.6091300000
0.8112600000
-0.1041300000
1.2282000000
-1.1431000000
-0.4608600000
0.3597200000
0.6805800000
0.4594500000
0.9086400000
-0.0180530000
1.2721000000
-1.2711000000
-0.8802700000
-0.4661400000
0.4317200000
0.5992200000
0.6268300000
0.6296900000
0.6329300000
0.6280700000
0.6376300000
0.6192300000
0.6544700000
0.5861000000
0.7154200000
0.4592900000
0.9193000000
-0.0453840000
1.2729000000
-1.2820000000
-0.9191600000
-0.5674000000
0.2735300000
0.7250300000
0.3461100000
1.0498000000
-0.4390700000
1.0450000000
-0.6606800000
0.7024200000
0.1110500000
1.1935000000
-0.9607700000
0.0657190000
0.7057200000
0.3224600000
1.0661000000
-0.4946000000
0.9773600000
-0.4857100000
0.9629300000
-0.4438500000
1.0131000000
-0.5700200000
0.8490400000
-0.1802200000
1.2092000000
-1.1012000000
-0.3350400000
0.5124700000
0.5318100000
0.7577900000
0.3555900000
1.0503000000
-0.4377400000
1.0468000000
-0.6655200000
0.6939700000
0.1261100000
1.1859000000
-0.9311700000
0.1418800000
0.6924700000
0.3712500000
1.0148000000
-0.3303300000
1.1517000000
-0.9559800000
0.0660410000
0.7071000000
0.3198300000
1.0689000000
-0.5036900000
0.9654900000
-0.4561400000
0.9983600000
-0.5322500000
0.9029000000
-0.3010000000
1.1440000000
-0.9226300000
0.1514600000
0.6910900000
0.3767800000
1.0086000000
-0.3110900000
1.1671000000
-1.0003000000
-0.0506020000
0.6963400000
0.3059800000
1.0778000000
-0.5346000000
0.9232300000
-0.3536600000
1.1019000000
-0.8058300000
0.4214600000
0.5095800000
0.7629000000
0.3380400000
1.0689000000
-0.4981200000
0.9732900000
-0.4756500000
0.9752500000
-0.4742500000
0.9777000000
-0.4805200000
0.9700500000
-0.4615500000
0.9927800000
-0.5183200000
0.9217200000
-0.3448900000
1.1100000000
-0.8283600000
0.3723500000
0.5573900000
0.6767400000
0.5260500000
0.8156000000
0.2265300000
1.1728000000
-0.8578200000
0.3216600000
0.5978000000
0.5961800000
0.6817300000
0.5281900000
0.8139500000
0.2309400000
1.1695000000
-0.8455800000
0.3498400000
0.5749900000
0.6421000000
0.5952900000
0.6965100000
0.4994100000
0.8597800000
0.1149000000
1.2395000000
-1.1163000000
-0.3726400000
0.4707100000
0.5780100000
0.6734800000
0.5383900000
0.7962300000
0.2739300000
1.1338000000
-0.7175800000
0.6192600000
0.2478500000
1.0998000000
-0.6189700000
0.7935600000
-0.0673240000
1.2317000000
-1.1442000000
-0.4633300000
0.3561900000
0.6833800000
0.4530500000
0.9176600000
-0.0430210000
1.2727000000
-1.2806000000
-0.9141000000
-0.5539900000
0.2961000000
0.7110600000
0.3809900000
1.0101000000
-0.3141500000
1.1649000000
-0.9939300000
-0.0335870000
0.7002400000
0.3034500000
1.0812000000
-0.5454300000
0.9078500000
-0.3175000000
1.1312000000
-0.8867900000
0.2384100000
0.6543900000
0.4720100000
0.8844100000
0.0465540000
1.2623000000
-1.2168000000
-0.6940000000
-0.0393170000
0.7896400000
0.1152700000
1.2183000000
-1.0433000000
-0.1584900000
0.6518300000
0.3576100000
1.0165000000
-0.3393300000
1.1438000000
-0.9332400000
0.1238200000
0.6985600000
0.3539600000
1.0342000000
-0.3911200000
1.0961000000
-0.7993000000
0.4344000000
0.4960300000
0.7858500000
0.2842200000
1.1227000000
-0.6792500000
0.6908600000
0.1280200000
1.1843000000
-0.9252200000
0.1568400000
0.6880000000
0.3843800000
0.9995500000
-0.2834300000
1.1874000000
-1.0589000000
-0.2135700000
0.6184700000
0.4004200000
0.9610700000
-0.1729800000
1.2464000000
-1.2269000000
-0.7335000000
-0.1213100000
0.7593500000
0.1563500000
1.1936000000
-0.9475800000
0.1010100000
0.7014400000
0.3414700000
1.0472000000
-0.4328000000
1.0519000000
-0.6789600000
0.6701900000
0.1675000000
1.1618000000
-0.8393700000
0.3621700000
0.5645600000
0.6624400000
0.5550200000
0.7674700000
0.3418900000
1.0666000000
-0.4901300000
0.9836700000
-0.5016800000
0.9427400000
-0.3947700000
1.0646000000
-0.7052700000
0.6230300000
0.2449900000
1.1029000000
-0.6293700000
0.7763100000
-0.0325250000
1.2314000000
-1.1327000000
-0.4267300000
0.4052600000
0.6420500000
0.5444600000
0.7776000000
0.3168200000
1.0928000000
-0.5767200000
0.8621800000
-0.2137200000
1.1947000000
-1.0624000000
-0.2216900000
0.6124800000
0.4083000000
0.9503500000
-0.1419300000
1.2569000000
-1.2543000000
-0.8255100000
-0.3303500000
0.5995600000
0.3976300000
0.9585100000
-0.1669500000
1.2485000000
-1.2324000000
-0.7519400000
-0.1613200000
0.7379800000
0.1891400000
1.1713000000
-0.8640200000
0.3062500000
0.6094900000
0.5718000000
0.7251100000
0.4354400000
0.9520800000
-0.1384100000
1.2588000000
-1.2599000000
-0.8448000000
-0.3771400000
0.5474400000
0.4673000000
0.8585200000
0.1083100000
1.2411000000
-1.1241000000
-0.3966300000
0.4425400000
0.6068400000
0.6172100000
0.6487200000
0.5959900000
0.6973200000
0.4980400000
0.8619400000
0.1092900000
1.2419000000
-1.1263000000
-0.4034500000
0.4342300000
0.6149900000
0.6007700000
0.6792000000
0.5343900000
0.8039500000
0.2554400000
1.1498000000
-0.7743300000
0.5055200000
0.4099300000
0.9164000000
-0.0527140000
1.2710000000
-1.2775000000
-0.9036200000
-0.5263900000
0.3409900000
0.6793000000
0.4562700000
0.9123300000
-0.0284050000
1.2726000000
-1.2757000000
-0.8967100000
-0.5084300000
0.3690800000
0.6567600000
0.5068600000
0.8373500000
0.1704300000
1.2105000000
-1.0004000000
-0.0380710000
0.6978400000
0.3068100000
1.0776000000
-0.5335700000
0.9246900000
-0.3571500000
1.0988000000
-0.7975400000
0.4391600000
0.4907400000
0.7946000000
0.2632800000
1.1413000000
-0.7447200000
0.5659400000
0.3281800000
1.0190000000
-0.3552600000
1.1290000000
-0.8911100000
0.2270100000
0.6605200000
0.4572900000
0.9053900000
-0.0104450000
1.2715000000
-1.2664000000
-0.8638600000
-0.4246800000
0.4883400000
0.5387200000
0.7401900000
0.3945800000
1.0041000000
-0.2930800000
1.1810000000
-1.0405000000
-0.1613700000
0.6514000000
0.3575500000
1.0164000000
-0.3391600000
1.1439000000
-0.9336300000
0.1228300000
0.6987900000
0.3532200000
1.0350000000
-0.3936500000
1.0935000000
-0.7922700000
0.4492900000
0.4797100000
0.8126100000
0.2194500000
1.1764000000
-0.8715300000
0.2895200000
0.6211900000
0.5466300000
0.7680300000
0.3381800000
1.0703000000
-0.5023100000
0.9678500000
-0.4621300000
0.9913600000
-0.5145600000
0.9267200000
-0.3567100000
1.0999000000
-0.8006300000
0.4325400000
0.4978800000
0.7827200000
0.2916500000
1.1157000000
-0.6553100000
0.7335100000
0.0501490000
1.2165000000
-1.0569000000
-0.1988600000
0.6275700000
0.3889600000
0.9764700000
-0.2182000000
1.2263000000
-1.1708000000
-0.5510400000
0.2236800000
0.7646400000
0.2485500000
1.1429000000
-0.7541600000
0.5466000000
0.3554600000
0.9870800000
-0.2574300000
1.2033000000
-1.1045000000
-0.3468600000
0.5002200000
0.5456400000
0.7332600000
0.4109600000
0.9835400000
-0.2310000000
1.2204000000
-1.1543000000
-0.4991900000
0.3048500000
0.7201400000
0.3654200000
1.0291000000
-0.3730400000
1.1139000000
-0.8490200000
0.3250100000
0.5974100000
0.5978400000
0.6788500000
0.5341800000
0.8041700000
0.2549000000
1.1503000000
-0.7759500000
0.5021400000
0.4142100000
0.9104500000
-0.0362160000
1.2713000000
-1.2735000000
-0.8892800000
-0.4892200000
0.3981400000
0.6313100000
0.5614700000
0.7480400000
0.3850600000
1.0168000000
-0.3320100000
1.1507000000
-0.9534400000
0.0725390000
0.7066000000
0.3227600000
1.0661000000
-0.4944600000
0.9775500000
-0.4861800000
0.9623400000
-0.4424000000
1.0147000000
-0.5741700000
0.8428700000
-0.1668500000
1.2139000000
-1.1130000000
-0.3700500000
0.4743900000
0.5739200000
0.6811800000
0.5225600000
0.8220600000
0.2106800000
1.1845000000
-0.9009800000
0.2188800000
0.6626300000
0.4509500000
0.9141000000
-0.0345210000
1.2726000000
-1.2775000000
-0.9031600000
-0.5252300000
0.3428400000
0.6778700000
0.4595400000
0.9077200000
-0.0156770000
1.2720000000
-1.2698000000
-0.8756900000
-0.4545000000
0.4481000000
0.5825400000
0.6593300000
0.5661600000
0.7490400000
0.3843600000
1.0179000000
-0.3352200000
1.1480000000
-0.9457600000
0.0921570000
0.7043800000
0.3330300000
1.0560000000
-0.4613900000
1.0188000000
-0.5914700000
0.8158500000
-0.1093000000
1.2280000000
-1.1441000000
-0.4640500000
0.3553000000
0.6840500000
0.4515000000
0.9198200000
-0.0490470000
1.2726000000
-1.2820000000
-0.9189900000
-0.5669400000
0.2743200000
0.7245700000
0.3473000000
1.0485000000
-0.4349200000
1.0497000000
-0.6732000000
0.6804400000
0.1498400000
1.1727000000
-0.8803700000
0.2667300000
0.6362800000
0.5132200000
0.8221300000
0.2077100000
1.1862000000
-0.9077200000
0.2023400000
0.6703700000
0.4315500000
0.9403800000
-0.1085800000
1.2656000000
-1.2750000000
-0.8963600000
-0.5073500000
0.3707300000
0.6553800000
0.5098800000
0.8326400000
0.1823600000
1.2032000000
-0.9721700000
0.0378010000
0.7063500000
0.3128400000
1.0749000000
-0.5236800000
0.9385300000
-0.3902800000
1.0683000000
-0.7148900000
0.6050000000
0.2731000000
1.0771000000
-0.5422200000
0.9115200000
-0.3258700000
1.1248000000
-0.8689600000
0.2803000000
0.6293100000
0.5296400000
0.7960700000
0.2716800000
1.1355000000
-0.7235400000
0.6077200000
0.2658800000
1.0833000000
-0.5633400000
0.8807100000
-0.2549200000
1.1732000000
-1.0035000000
-0.0579820000
0.6942300000
0.3078700000
1.0756000000
-0.5272300000
0.9335100000
-0.3781800000
1.0798000000
-0.7458900000
0.5450600000
0.3603000000
0.9817700000
-0.2413400000
1.2130000000
-1.1323000000
-0.4310000000
0.4002500000
0.6464200000
0.5350700000
0.7931000000
0.2799000000
1.1282000000
-0.6981500000
0.6560900000
0.1879200000
1.1474000000
-0.7867300000
0.4777000000
0.4445000000
0.8666900000
0.0817350000
1.2507000000
-1.1653000000
-0.5258000000
0.2633600000
0.7451600000
0.3016500000
1.0962000000
-0.5917000000
0.8386900000
-0.1622700000
1.2147000000
-1.1145000000
-0.3746000000
0.4691900000
0.5794200000
0.6707400000
0.5439800000
0.7869400000
0.2962200000
1.1132000000
-0.6461400000
0.7494700000
0.0197620000
1.2243000000
-1.0925000000
-0.3037800000
0.5430400000
0.4960100000
0.8184800000
0.2109400000
1.1833000000
-0.8968300000
0.2289400000
0.6575700000
0.4633200000
0.8967400000
0.0131930000
1.2688000000
