18.1000000000
23.6000000000
12.1000000000
9.6000000000
7.7000000000
6.7000000000
6.7000000000
9.3000000000
5.7000000000
15.3000000000
8.0000000000
9.1000000000
7.8000000000
7.4000000000
7.1000000000
8.9000000000
3.6000000000
6.0000000000
13.7000000000
6.6000000000
6.1000000000
10.4000000000
11.4000000000
10.6000000000
4.4000000000
13.7000000000
11.5000000000
17.3000000000
17.1000000000
11.6000000000
14.0000000000
13.8000000000
4.6000000000
8.5000000000
6.3000000000
6.7000000000
5.9000000000
7.3000000000
4.9000000000
6.0000000000
10.2000000000
8.9000000000
12.8000000000
24.2000000000
15.8000000000
6.8000000000
15.0000000000
16.5000000000
12.9000000000
7.4000000000
6.5000000000
8.2000000000
10.1000000000
6.5000000000
5.4000000000
6.3000000000
4.4000000000
5.5000000000
13.2000000000
5.8000000000
5.4000000000
8.2000000000
8.9000000000
5.3000000000
22.1000000000
9.8000000000
5.6000000000
7.2000000000
7.3000000000
5.2000000000
6.8000000000
6.7000000000
4.6000000000
9.8000000000
6.5000000000
34.2000000000
11.1000000000
8.4000000000
6.0000000000
6.0000000000
4.3000000000
5.2000000000
4.0000000000
5.6000000000
5.6000000000
10.2000000000
4.9000000000
7.9000000000
3.6000000000
5.5000000000
3.7000000000
3.9000000000
4.1000000000
3.0000000000
3.5000000000
9.5000000000
5.5000000000
9.2000000000
5.7000000000
3.8000000000
4.8000000000
3.8000000000
5.3000000000
2.9000000000
3.8000000000
3.0000000000
2.5000000000
2.2000000000
1.4000000000
2.5000000000
2.3000000000
6.6000000000
3.1000000000
5.6000000000
4.9000000000
6.9000000000
8.1000000000
9.5000000000
6.0000000000
9.4000000000
10.7000000000
4.4000000000
7.8000000000
5.5000000000
6.1000000000
7.6000000000
6.5000000000
7.3000000000
5.0000000000
6.6000000000
4.2000000000
6.3000000000
3.1000000000
14.4000000000
3.6000000000
5.9000000000
4.5000000000
4.2000000000
6.2000000000
5.3000000000
6.7000000000
9.9000000000
10.9000000000
6.7000000000
10.6000000000
16.0000000000
10.9000000000
17.8000000000
8.3000000000
8.7000000000
14.3000000000
44.8000000000
18.9000000000
9.6000000000
33.5000000000
10.4000000000
5.8000000000
10.0000000000
4.8000000000
5.9000000000
6.0000000000
5.1000000000
5.4000000000
5.4000000000
5.6000000000
4.3000000000
7.9000000000
8.6000000000
6.5000000000
11.0000000000
13.6000000000
32.7000000000
31.6000000000
19.5000000000
11.5000000000
8.5000000000
7.8000000000
17.3000000000
61.9000000000
19.8000000000
20.5000000000
13.9000000000
13.7000000000
8.5000000000
3.6000000000
7.2000000000
3.9000000000
5.7000000000
4.0000000000
7.5000000000
4.8000000000
5.1000000000
4.6000000000
5.8000000000
3.4000000000
3.7000000000
2.2000000000
5.9000000000
2.1000000000
3.8000000000
2.2000000000
4.0000000000
3.3000000000
3.9000000000
2.6000000000
7.8000000000
3.6000000000
10.2000000000
19.2000000000
14.1000000000
13.3000000000
24.8000000000
7.1000000000
12.5000000000
6.3000000000
6.4000000000
8.1000000000
17.6000000000
6.6000000000
8.0000000000
6.0000000000
7.5000000000
9.7000000000
8.8000000000
29.0000000000
13.2000000000
13.3000000000
24.9000000000
19.9000000000
18.3000000000
14.2000000000
22.0000000000
48.6000000000
15.2000000000
13.6000000000
13.9000000000
6.9000000000
16.9000000000
17.6000000000
7.1000000000
8.2000000000
9.4000000000
6.8000000000
9.6000000000
7.3000000000
8.7000000000
31.3000000000
32.1000000000
25.2000000000
20.6000000000
41.5000000000
24.1000000000
27.9000000000
25.9000000000
16.9000000000
33.5000000000
16.9000000000
9.1000000000
4.3000000000
7.1000000000
4.2000000000
6.3000000000
9.1000000000
8.3000000000
14.3000000000
16.6000000000
14.8000000000
9.6000000000
6.9000000000
9.4000000000
5.9000000000
7.2000000000
5.2000000000
11.3000000000
5.6000000000
10.9000000000
23.2000000000
23.4000000000
14.4000000000
17.4000000000
8.0000000000
24.6000000000
9.2000000000
14.3000000000
13.5000000000
17.6000000000
21.7000000000
12.4000000000
12.3000000000
7.9000000000
15.5000000000
54.1000000000
78.3000000000
64.4000000000
30.6000000000
24.6000000000
15.8000000000
46.6000000000
23.6000000000
31.7000000000
40.1000000000
31.7000000000
69.1000000000
73.4000000000
30.0000000000
149.4000000000
24.1000000000
21.5000000000
38.9000000000
20.9000000000
14.9000000000
37.9000000000
28.8000000000
