-0.3477100000
-0.3168100000
-0.2859400000
-0.2552000000
-0.2246600000
-0.1944300000
-0.1645600000
-0.1351300000
-0.1062000000
-0.0778130000
-0.0500290000
-0.0228910000
0.0035607000
0.0292870000
0.0542520000
0.0784240000
0.1017700000
0.1242700000
0.1458800000
0.1666000000
0.1863900000
0.2052300000
0.2231200000
0.2400200000
0.2559300000
0.2708400000
0.2847400000
0.2976200000
0.3094900000
0.3203400000
0.3301800000
0.3390300000
0.3468800000
0.3537800000
0.3597200000
0.3647500000
0.3689000000
0.3721900000
0.3746800000
0.3764000000
0.3774000000
0.3777500000
0.3774900000
0.3766800000
0.3754000000
0.3736900000
0.3716400000
0.3693200000
0.3667900000
0.3641300000
0.3614100000
0.3587000000
0.3560900000
0.3536300000
0.3514200000
0.3495000000
0.3479700000
0.3468700000
0.3462800000
0.3462600000
0.3468600000
0.3481500000
0.3501700000
0.3529700000
0.3565900000
0.3610800000
0.3664500000
0.3727400000
0.3799800000
0.3881600000
0.3973000000
0.4073900000
0.4184400000
0.4304100000
0.4432900000
0.4570300000
0.4716000000
0.4869500000
0.5030000000
0.5196900000
0.5369300000
0.5546400000
0.5727100000
0.5910400000
0.6095000000
0.6279800000
0.6463300000
0.6644300000
0.6821300000
0.6992600000
0.7156900000
0.7312600000
0.7458000000
0.7591500000
0.7711600000
0.7816800000
0.7905400000
0.7976100000
0.8027400000
0.8058200000
0.8067200000
0.8053400000
0.8016100000
0.7954500000
0.7868200000
0.7757000000
0.7620900000
0.7460100000
0.7275100000
0.7066500000
0.6835100000
0.6582000000
0.6308300000
0.6015300000
0.5704500000
0.5377000000
0.5034500000
0.4678100000
0.4309300000
0.3929400000
0.3539400000
0.3140500000
0.2733800000
0.2320100000
0.1900400000
0.1475300000
0.1045600000
0.0612010000
0.0175090000
-0.0264530000
-0.0706250000
-0.1149500000
-0.1593500000
-0.2037700000
-0.2481400000
-0.2923800000
-0.3363900000
-0.3800900000
-0.4233800000
-0.4661300000
-0.5082300000
-0.5495300000
-0.5899000000
-0.6291600000
-0.6671600000
-0.7037100000
-0.7386200000
-0.7716800000
-0.8026900000
-0.8314300000
-0.8576800000
-0.8812100000
-0.9017900000
-0.9192200000
-0.9332800000
-0.9437600000
-0.9505100000
-0.9533600000
-0.9522100000
-0.9469800000
-0.9376400000
-0.9242200000
-0.9068000000
-0.8855200000
-0.8605700000
-0.8321800000
-0.8006500000
-0.7662700000
-0.7293800000
-0.6902900000
-0.6493400000
-0.6068200000
-0.5630400000
-0.5182500000
-0.4726800000
-0.4265300000
-0.3799900000
-0.3331900000
-0.2862700000
-0.2393200000
-0.1924300000
-0.1456800000
-0.0991320000
-0.0528270000
-0.0068165000
0.0388560000
0.0841480000
0.1290200000
0.1734200000
0.2173100000
0.2606200000
0.3033100000
0.3452900000
0.3865100000
0.4268600000
0.4662600000
0.5046100000
0.5417900000
0.5776800000
0.6121600000
0.6450800000
0.6763000000
0.7056600000
0.7330100000
0.7581800000
0.7810100000
0.8013300000
0.8189900000
0.8338200000
0.8456900000
0.8544500000
0.8600000000
0.8622400000
0.8611100000
0.8565600000
0.8486000000
0.8372700000
0.8226400000
0.8048100000
0.7839400000
0.7602100000
0.7338200000
0.7050100000
0.6740300000
0.6411200000
0.6065400000
0.5705300000
0.5333400000
0.4951900000
0.4562700000
0.4167900000
0.3769000000
0.3367600000
0.2964900000
0.2562100000
0.2160300000
0.1760300000
0.1362800000
0.0968570000
0.0578140000
0.0192070000
-0.0189150000
-0.0565060000
-0.0935200000
-0.1299100000
-0.1656400000
-0.2006600000
-0.2349300000
-0.2683900000
-0.3009900000
-0.3326800000
-0.3634100000
-0.3931000000
-0.4217100000
-0.4491500000
-0.4753700000
-0.5002900000
-0.5238400000
-0.5459500000
-0.5665400000
-0.5855400000
-0.6028700000
-0.6184800000
-0.6322900000
-0.6442400000
-0.6542900000
-0.6623800000
-0.6684800000
-0.6725700000
-0.6746300000
-0.6746600000
-0.6726800000
-0.6687100000
-0.6628000000
-0.6549900000
-0.6453700000
-0.6340200000
-0.6210300000
-0.6065100000
-0.5905800000
-0.5733700000
-0.5549900000
-0.5355900000
-0.5152900000
-0.4942400000
-0.4725700000
-0.4504000000
-0.4278700000
-0.4050900000
-0.3821700000
-0.3592300000
-0.3363600000
-0.3136700000
-0.2912400000
-0.2691500000
-0.2474800000
-0.2263000000
-0.2056700000
-0.1856500000
-0.1663000000
-0.1476600000
-0.1297800000
-0.1127000000
-0.0964510000
-0.0810690000
-0.0665790000
-0.0530050000
-0.0403660000
-0.0286790000
-0.0179550000
-0.0082026000
0.0005747600
0.0083765000
0.0152060000
0.0210730000
0.0259890000
0.0299690000
0.0330360000
0.0352130000
0.0365300000
0.0370180000
0.0367160000
0.0356640000
0.0339060000
0.0314920000
0.0284740000
0.0249050000
0.0208440000
0.0163520000
0.0114910000
0.0063271000
0.0009268900
-0.0046408000
-0.0103060000
-0.0160000000
-0.0216500000
-0.0271840000
-0.0325320000
-0.0376220000
-0.0423820000
-0.0467440000
-0.0506400000
-0.0540000000
-0.0567610000
-0.0588580000
-0.0602290000
-0.0608160000
-0.0605620000
-0.0594150000
-0.0573250000
-0.0542450000
-0.0501320000
-0.0449490000
-0.0386610000
-0.0312400000
-0.0226620000
-0.0129080000
-0.0019646000
0.0101750000
0.0235140000
0.0380450000
0.0537590000
0.0706370000
0.0886560000
0.1077800000
0.1279900000
0.1492100000
0.1714200000
0.1945400000
0.2185100000
0.2432700000
0.2687300000
0.2948100000
0.3214100000
0.3484500000
0.3758100000
0.4033900000
0.4310600000
0.4587100000
0.4862100000
0.5134300000
0.5402200000
0.5664400000
0.5919600000
0.6166000000
0.6402300000
0.6626800000
0.6837800000
0.7034000000
0.7213500000
0.7374900000
0.7516600000
0.7637100000
0.7735100000
0.7809300000
0.7858400000
0.7881400000
0.7877600000
0.7846300000
0.7787000000
0.7699700000
0.7584400000
0.7441600000
0.7271800000
0.7076000000
0.6855500000
0.6611400000
0.6345400000
0.6059100000
0.5754300000
0.5432800000
0.5096500000
0.4747000000
0.4386000000
0.4015300000
0.3636300000
0.3250500000
0.2859000000
0.2463200000
0.2063900000
0.1662300000
0.1259200000
0.0855270000
0.0451360000
0.0048110000
-0.0353840000
-0.0753880000
-0.1151400000
-0.1545800000
-0.1936500000
-0.2322700000
-0.2703900000
-0.3079300000
-0.3448200000
-0.3809800000
-0.4163200000
-0.4507400000
-0.4841500000
-0.5164500000
-0.5475300000
-0.5772600000
-0.6055400000
-0.6322400000
-0.6572300000
-0.6803900000
-0.7015800000
-0.7206700000
-0.7375400000
-0.7520700000
-0.7641400000
-0.7736600000
-0.7805200000
-0.7846600000
-0.7860100000
-0.7845400000
-0.7802300000
-0.7731000000
-0.7631800000
-0.7505400000
-0.7352600000
-0.7174700000
-0.6973000000
-0.6749100000
-0.6504800000
-0.6241900000
-0.5962300000
-0.5668100000
-0.5361200000
-0.5043400000
-0.4716600000
-0.4382600000
-0.4042900000
-0.3699100000
-0.3352500000
-0.3004400000
-0.2655900000
-0.2308000000
-0.1961600000
-0.1617500000
-0.1276500000
-0.0939180000
-0.0606180000
-0.0278030000
0.0044757000
0.0361720000
0.0672420000
0.0976440000
0.1273400000
0.1562800000
0.1844300000
0.2117600000
0.2382300000
0.2637900000
0.2884100000
0.3120400000
0.3346700000
0.3562300000
0.3767000000
0.3960400000
0.4142200000
0.4312000000
0.4469500000
0.4614400000
0.4746500000
0.4865600000
0.4971500000
0.5064000000
0.5143100000
0.5208800000
0.5261200000
0.5300200000
0.5326300000
0.5339500000
0.5340200000
0.5328900000
0.5306000000
0.5272000000
0.5227600000
0.5173400000
0.5110200000
0.5038700000
0.4959800000
0.4874200000
0.4782900000
0.4686800000
0.4586800000
0.4483800000
0.4378600000
0.4272300000
0.4165700000
0.4059600000
0.3954900000
0.3852500000
0.3753100000
0.3657400000
0.3566200000
0.3480200000
0.3400000000
0.3326300000
0.3259500000
0.3200200000
0.3148800000
0.3105900000
0.3071700000
0.3046600000
0.3030900000
0.3024800000
0.3028500000
0.3042000000
0.3065600000
0.3099100000
0.3142500000
0.3195700000
0.3258500000
0.3330700000
0.3412000000
0.3502000000
0.3600300000
0.3706300000
0.3819500000
0.3939300000
0.4064900000
0.4195700000
0.4330800000
0.4469300000
0.4610400000
0.4753100000
0.4896300000
0.5039000000
0.5180200000
0.5318600000
0.5453300000
0.5582900000
0.5706400000
0.5822600000
0.5930300000
0.6028400000
0.6115700000
0.6191100000
0.6253600000
0.6302100000
0.6335700000
0.6353500000
0.6354700000
0.6338700000
0.6304700000
0.6252300000
0.6181200000
0.6091000000
0.5981800000
0.5853500000
0.5706300000
0.5540400000
0.5356400000
0.5154800000
0.4936100000
0.4701100000
0.4450700000
0.4185700000
0.3906900000
0.3615500000
0.3312200000
0.2998100000
0.2674200000
0.2341300000
0.2000400000
0.1652300000
0.1297900000
0.0938080000
0.0573580000
0.0205190000
-0.0166340000
-0.0540260000
-0.0915810000
-0.1292300000
-0.1668900000
-0.2044800000
-0.2419400000
-0.2791600000
-0.3160800000
-0.3525900000
-0.3885900000
-0.4240000000
-0.4586900000
-0.4925600000
-0.5254900000
-0.5573400000
-0.5880000000
-0.6173200000
-0.6451600000
-0.6713800000
-0.6958200000
-0.7183400000
-0.7387900000
-0.7570300000
-0.7729000000
-0.7862600000
-0.7970000000
-0.8049900000
-0.8101300000
-0.8123400000
-0.8115500000
-0.8077400000
-0.8008900000
-0.7910200000
-0.7781900000
-0.7624700000
-0.7439800000
-0.7228600000
-0.6992700000
-0.6734000000
-0.6454300000
-0.6155900000
-0.5840800000
-0.5511100000
-0.5169000000
-0.4816300000
-0.4455100000
-0.4086900000
-0.3713400000
-0.3336000000
-0.2956100000
-0.2574800000
-0.2193200000
-0.1812200000
-0.1432600000
-0.1055100000
-0.0680510000
-0.0309300000
0.0057912000
0.0420620000
0.0778310000
0.1130500000
0.1476700000
0.1816500000
0.2149300000
0.2474700000
0.2792100000
0.3101000000
0.3400800000
0.3691000000
0.3970900000
0.4239900000
0.4497300000
0.4742500000
0.4974700000
0.5193400000
0.5397700000
0.5587100000
0.5760800000
0.5918200000
0.6058600000
0.6181700000
0.6286700000
0.6373300000
0.6441200000
0.6490100000
0.6519800000
0.6530300000
0.6521700000
0.6494200000
0.6448100000
0.6384000000
0.6302400000
0.6204100000
0.6090000000
0.5960900000
0.5818000000
0.5662300000
0.5495100000
0.5317600000
0.5131100000
0.4936800000
0.4735900000
0.4529800000
0.4319600000
0.4106500000
0.3891700000
0.3676100000
0.3460900000
0.3247000000
0.3035300000
0.2826600000
0.2621700000
0.2421400000
0.2226300000
0.2037000000
0.1854200000
0.1678200000
0.1509700000
0.1349000000
0.1196500000
0.1052600000
0.0917490000
0.0791560000
0.0674990000
0.0567960000
0.0470620000
0.0383070000
0.0305370000
0.0237560000
0.0179620000
0.0131480000
0.0093048000
0.0064173000
0.0044670000
0.0034310000
0.0032823000
0.0039894000
0.0055166000
0.0078240000
0.0108680000
0.0146020000
0.0189760000
0.0239340000
0.0294210000
0.0353750000
0.0417350000
0.0484350000
0.0554100000
0.0625900000
0.0699080000
0.0772910000
0.0846680000
0.0919680000
0.0991190000
0.1060500000
0.1126900000
0.1189600000
0.1248000000
0.1301500000
0.1349200000
0.1390700000
0.1425200000
0.1452200000
0.1471000000
0.1481200000
0.1482300000
0.1473700000
0.1455000000
0.1425800000
0.1385900000
0.1334700000
0.1272200000
0.1198200000
0.1112300000
0.1014600000
0.0905070000
0.0783640000
0.0650410000
0.0505520000
0.0349160000
0.0181590000
0.0003094500
-0.0185940000
-0.0385110000
-0.0593930000
-0.0811880000
-0.1038400000
-0.1272800000
-0.1514400000
-0.1762600000
-0.2016500000
-0.2275400000
-0.2538300000
-0.2804500000
-0.3072800000
-0.3342500000
-0.3612300000
-0.3881400000
-0.4148500000
-0.4412600000
-0.4672500000
-0.4926900000
-0.5174700000
-0.5414600000
-0.5645200000
-0.5865300000
-0.6073600000
-0.6268700000
-0.6449400000
-0.6614200000
-0.6762000000
-0.6891600000
-0.7001600000
-0.7091200000
-0.7159100000
-0.7204600000
-0.7226800000
-0.7225200000
-0.7199200000
-0.7148700000
-0.7073600000
-0.6974000000
-0.6850200000
-0.6702900000
-0.6532700000
-0.6340700000
-0.6127900000
-0.5895700000
-0.5645300000
-0.5378300000
-0.5096100000
-0.4800300000
-0.4492400000
-0.4173900000
-0.3846200000
-0.3510800000
-0.3168900000
-0.2821800000
-0.2470600000
-0.2116300000
-0.1759900000
-0.1402300000
-0.1044300000
-0.0686650000
-0.0330130000
0.0024631000
0.0377000000
0.0726360000
0.1072100000
0.1413700000
0.1750500000
0.2082000000
0.2407500000
0.2726400000
0.3038100000
0.3342000000
0.3637300000
0.3923400000
0.4199600000
0.4465000000
0.4718900000
0.4960600000
0.5189200000
0.5404000000
0.5604100000
0.5788800000
0.5957200000
0.6108700000
0.6242400000
0.6357900000
0.6454500000
0.6531600000
0.6589000000
0.6626200000
0.6643100000
0.6639700000
0.6615900000
0.6572200000
0.6508700000
0.6426000000
0.6324900000
0.6206000000
0.6070400000
0.5919000000
0.5753000000
0.5573600000
0.5382100000
0.5179700000
0.4967900000
0.4747800000
0.4520900000
0.4288500000
0.4051700000
0.3811800000
0.3569900000
0.3327100000
0.3084400000
0.2842700000
0.2603000000
0.2366100000
0.2132700000
0.1903500000
0.1679200000
0.1460500000
0.1247700000
0.1041600000
0.0842420000
0.0650700000
0.0466810000
0.0291080000
0.0123840000
-0.0034646000
-0.0184130000
-0.0324410000
-0.0455310000
-0.0576700000
-0.0688470000
-0.0790550000
-0.0882930000
-0.0965610000
-0.1038600000
-0.1102100000
-0.1156100000
-0.1200900000
-0.1236700000
-0.1263700000
-0.1282200000
-0.1292500000
-0.1295100000
-0.1290400000
-0.1278800000
-0.1260800000
-0.1236900000
-0.1207800000
-0.1174000000
-0.1136100000
-0.1094800000
-0.1050700000
-0.1004500000
-0.0956880000
-0.0908600000
-0.0860340000
-0.0812820000
-0.0766770000
-0.0722900000
-0.0681920000
-0.0644540000
-0.0611470000
-0.0583370000
-0.0560940000
-0.0544810000
-0.0535630000
-0.0533990000
-0.0540490000
-0.0555660000
-0.0580040000
-0.0614120000
-0.0658340000
-0.0713110000
-0.0778790000
-0.0855700000
-0.0944100000
-0.1044200000
-0.1156200000
-0.1280100000
-0.1415900000
-0.1563700000
-0.1723300000
-0.1894400000
-0.2077000000
-0.2270500000
-0.2474500000
-0.2688700000
-0.2912200000
-0.3144600000
-0.3384900000
-0.3632300000
-0.3886000000
-0.4144900000
-0.4407800000
-0.4673600000
-0.4941000000
-0.5208800000
-0.5475400000
-0.5739400000
-0.5999300000
-0.6253500000
-0.6500200000
-0.6737900000
-0.6964800000
-0.7179100000
-0.7379100000
-0.7562900000
-0.7728900000
-0.7875300000
-0.8000400000
-0.8102600000
-0.8180400000
-0.8232600000
-0.8257700000
-0.8255000000
-0.8223500000
-0.8162700000
-0.8072300000
-0.7952400000
-0.7803400000
-0.7625700000
-0.7420400000
-0.7188700000
-0.6932000000
-0.6651900000
-0.6350300000
-0.6028900000
-0.5689700000
-0.5334600000
-0.4965500000
-0.4584300000
-0.4192500000
-0.3791700000
-0.3383500000
-0.2969000000
-0.2549500000
-0.2126100000
-0.1699500000
-0.1270700000
-0.0840490000
-0.0409480000
0.0021673000
0.0452340000
0.0881930000
0.1309800000
0.1735500000
0.2158100000
0.2577200000
0.2992000000
0.3401500000
0.3805100000
0.4201800000
0.4590500000
0.4970200000
0.5339600000
0.5697500000
0.6042600000
0.6373300000
0.6688300000
0.6985900000
0.7264400000
0.7522300000
0.7757800000
0.7969100000
0.8154700000
0.8312800000
0.8442000000
0.8540700000
0.8607700000
0.8642000000
0.8642700000
0.8609300000
0.8541500000
0.8439600000
0.8304100000
0.8136000000
0.7936400000
0.7707200000
0.7450300000
0.7167900000
0.6862400000
0.6536300000
0.6192100000
0.5832500000
0.5459600000
0.5076000000
0.4683700000
0.4284600000
0.3880500000
0.3472900000
0.3063200000
0.2652700000
0.2242400000
0.1833100000
0.1425700000
0.1021000000
0.0619400000
0.0221610000
-0.0171900000
-0.0560630000
-0.0944130000
-0.1321900000
-0.1693500000
-0.2058500000
-0.2416400000
-0.2766500000
-0.3108400000
-0.3441500000
-0.3765100000
-0.4078500000
-0.4381100000
-0.4672100000
-0.4950600000
-0.5215900000
-0.5467200000
-0.5703500000
-0.5924000000
-0.6127800000
-0.6314000000
-0.6481800000
-0.6630400000
-0.6759000000
-0.6866900000
-0.6953500000
-0.7018400000
-0.7061000000
-0.7081200000
-0.7078900000
-0.7054000000
-0.7006900000
-0.6937900000
-0.6847600000
-0.6736800000
-0.6606200000
-0.6457100000
-0.6290600000
-0.6108100000
-0.5910800000
-0.5700200000
-0.5477900000
-0.5245400000
-0.5004100000
-0.4755600000
-0.4501200000
-0.4242400000
-0.3980400000
-0.3716400000
-0.3451700000
-0.3187200000
-0.2924000000
-0.2663000000
-0.2405100000
-0.2150900000
-0.1901200000
-0.1656700000
-0.1417900000
-0.1185300000
-0.0959460000
-0.0740790000
-0.0529670000
-0.0326470000
-0.0131500000
0.0054948000
0.0232630000
0.0401320000
0.0560850000
0.0711060000
0.0851830000
0.0983070000
0.1104700000
0.1216800000
0.1319300000
0.1412300000
0.1495900000
0.1570200000
0.1635400000
0.1691600000
0.1739300000
0.1778600000
0.1809900000
0.1833600000
0.1850100000
0.1859900000
0.1863400000
0.1861200000
0.1853800000
0.1841900000
0.1826000000
0.1806800000
0.1784900000
0.1761100000
0.1736000000
0.1710400000
0.1684900000
0.1660300000
0.1637300000
0.1616700000
0.1599100000
0.1585300000
0.1576000000
0.1571900000
0.1573500000
0.1581700000
0.1597000000
0.1620000000
0.1651300000
0.1691500000
0.1741000000
0.1800300000
0.1869800000
0.1950000000
0.2041000000
0.2143300000
0.2256900000
0.2382000000
0.2518700000
0.2667000000
0.2826700000
0.2997600000
0.3179500000
0.3372100000
0.3574800000
0.3787000000
0.4008200000
0.4237600000
0.4474100000
0.4717000000
0.4965100000
0.5217200000
0.5472100000
0.5728300000
0.5984500000
0.6239000000
0.6490200000
0.6736500000
0.6976000000
0.7207000000
0.7427600000
0.7635900000
0.7830000000
0.8007900000
0.8167800000
0.8307700000
0.8425900000
0.8520700000
0.8590400000
0.8633600000
0.8648900000
0.8635300000
0.8592000000
0.8518400000
0.8414200000
0.8279600000
0.8114900000
0.7920800000
0.7698300000
0.7448900000
0.7174000000
0.6875500000
0.6555200000
0.6215000000
0.5857000000
0.5483200000
0.5095400000
0.4695500000
0.4285200000
0.3865800000
0.3438900000
0.3005700000
0.2567200000
0.2124400000
0.1678100000
0.1229100000
0.0778010000
0.0325510000
-0.0127870000
-0.0581560000
-0.1035000000
-0.1487700000
-0.1938900000
-0.2388100000
-0.2834600000
-0.3277500000
-0.3716000000
-0.4149100000
-0.4575900000
-0.4995000000
-0.5405300000
-0.5805400000
-0.6193700000
-0.6568700000
-0.6928700000
-0.7271700000
-0.7595900000
-0.7899400000
-0.8180000000
-0.8435600000
-0.8664100000
-0.8863500000
-0.9031600000
-0.9166500000
-0.9266400000
-0.9329600000
-0.9354800000
-0.9340900000
-0.9287500000
-0.9194100000
-0.9061300000
-0.8889700000
-0.8680800000
-0.8436500000
-0.8159000000
-0.7851000000
-0.7515500000
-0.7155500000
-0.6774300000
-0.6374900000
-0.5960300000
-0.5533200000
-0.5096300000
-0.4651700000
-0.4201600000
-0.3747500000
-0.3291000000
-0.2833400000
-0.2375700000
-0.1918800000
-0.1463500000
-0.1010400000
-0.0559980000
-0.0112860000
0.0330560000
0.0769830000
0.1204500000
0.1634200000
0.2058400000
0.2476500000
0.2888000000
0.3292200000
0.3688500000
0.4076100000
0.4454000000
0.4821400000
0.5177300000
0.5520600000
0.5850000000
0.6164400000
0.6462400000
0.6742700000
0.7003900000
0.7244500000
0.7463100000
0.7658200000
0.7828500000
0.7972700000
0.8089300000
0.8177300000
0.8235800000
0.8263900000
0.8261000000
0.8226800000
0.8161400000
0.8065000000
0.7938200000
0.7781900000
0.7597500000
0.7386300000
0.7150300000
0.6891400000
0.6611700000
0.6313400000
0.5998800000
0.5670100000
0.5329600000
0.4979200000
0.4620900000
0.4256600000
0.3887900000
0.3516200000
0.3143000000
0.2769300000
0.2396300000
0.2024900000
0.1655900000
0.1290100000
0.0927990000
0.0570290000
0.0217500000
-0.0129910000
-0.0471470000
-0.0806760000
-0.1135400000
-0.1456900000
-0.1770800000
-0.2076900000
-0.2374700000
-0.2663700000
-0.2943400000
-0.3213600000
-0.3473700000
-0.3723200000
-0.3961700000
-0.4188700000
-0.4403600000
-0.4606200000
-0.4795700000
-0.4971900000
-0.5134300000
-0.5282400000
-0.5415900000
-0.5534400000
-0.5637800000
-0.5725600000
-0.5797900000
-0.5854500000
-0.5895400000
-0.5920600000
-0.5930400000
-0.5925000000
-0.5904800000
-0.5870200000
-0.5821800000
-0.5760100000
-0.5686000000
-0.5600100000
-0.5503400000
-0.5396800000
-0.5281200000
-0.5157700000
-0.5027200000
-0.4890800000
-0.4749600000
-0.4604600000
-0.4456900000
-0.4307300000
-0.4157100000
-0.4007000000
-0.3858100000
-0.3711100000
-0.3567000000
-0.3426600000
-0.3290500000
-0.3159500000
-0.3034300000
-0.2915500000
-0.2803600000
-0.2699200000
-0.2602700000
-0.2514500000
-0.2435200000
-0.2364900000
-0.2304000000
-0.2252800000
-0.2211300000
-0.2179900000
-0.2158500000
-0.2147300000
-0.2146200000
-0.2155200000
-0.2174100000
-0.2202900000
-0.2241300000
-0.2289100000
-0.2346000000
-0.2411600000
-0.2485400000
-0.2567100000
-0.2656000000
-0.2751700000
-0.2853600000
-0.2960900000
-0.3073000000
-0.3189100000
-0.3308500000
-0.3430400000
-0.3554000000
-0.3678300000
-0.3802500000
-0.3925700000
-0.4047000000
-0.4165400000
-0.4280000000
-0.4389800000
-0.4494000000
-0.4591600000
-0.4681700000
-0.4763400000
-0.4835700000
-0.4898000000
-0.4949300000
-0.4988900000
-0.5016000000
-0.5030200000
-0.5030600000
-0.5016900000
-0.4988500000
-0.4945100000
-0.4886400000
-0.4812300000
-0.4722500000
-0.4617200000
-0.4496400000
-0.4360200000
-0.4209000000
-0.4043100000
-0.3862900000
-0.3669000000
-0.3461900000
-0.3242200000
-0.3010700000
-0.2767900000
-0.2514800000
-0.2252000000
-0.1980300000
-0.1700600000
-0.1413500000
-0.1120000000
-0.0820700000
-0.0516510000
-0.0208150000
0.0103600000
0.0418000000
0.0734270000
0.1051700000
0.1369400000
0.1686800000
0.2003000000
0.2317200000
0.2628700000
0.2936600000
0.3240100000
0.3538400000
0.3830500000
0.4115500000
0.4392500000
0.4660500000
0.4918500000
0.5165500000
0.5400600000
0.5622500000
0.5830400000
0.6023200000
0.6199800000
0.6359200000
0.6500600000
0.6622800000
0.6725200000
0.6807000000
0.6867400000
0.6906000000
0.6922200000
0.6915800000
0.6886800000
0.6835100000
0.6760900000
0.6664800000
0.6547200000
0.6408900000
0.6250800000
0.6074000000
0.5879700000
0.5669100000
0.5443700000
0.5204900000
0.4954000000
0.4692600000
0.4422200000
0.4144000000
0.3859400000
0.3569900000
0.3276400000
0.2980300000
0.2682600000
0.2384300000
0.2086300000
0.1789500000
0.1494600000
0.1202400000
0.0913480000
0.0628580000
0.0348220000
0.0072940000
-0.0196760000
-0.0460390000
-0.0717530000
-0.0967730000
-0.1210600000
-0.1445800000
-0.1672800000
-0.1891500000
-0.2101300000
-0.2302100000
-0.2493400000
-0.2675100000
-0.2846800000
-0.3008400000
-0.3159500000
-0.3300000000
-0.3429800000
-0.3548700000
-0.3656600000
-0.3753500000
-0.3839400000
-0.3914300000
-0.3978200000
-0.4031400000
-0.4074000000
-0.4106300000
-0.4128500000
-0.4140900000
-0.4144100000
-0.4138400000
-0.4124400000
-0.4102500000
-0.4073500000
-0.4037800000
-0.3996200000
-0.3949400000
-0.3898100000
-0.3843100000
-0.3785000000
-0.3724800000
-0.3663100000
-0.3600800000
-0.3538600000
-0.3477400000
-0.3417800000
-0.3360700000
-0.3306800000
-0.3256700000
-0.3211300000
-0.3171100000
-0.3136800000
-0.3109000000
-0.3088300000
-0.3075200000
-0.3070200000
-0.3073700000
-0.3086200000
-0.3108000000
-0.3139400000
-0.3180800000
-0.3232100000
-0.3293700000
-0.3365600000
-0.3447700000
-0.3540000000
-0.3642400000
-0.3754700000
-0.3876400000
-0.4007400000
-0.4147000000
-0.4294800000
-0.4450200000
-0.4612300000
-0.4780500000
-0.4953800000
-0.5131200000
-0.5311800000
-0.5494400000
-0.5677900000
-0.5860900000
-0.6042300000
-0.6220500000
-0.6394300000
-0.6562200000
-0.6722700000
-0.6874300000
-0.7015600000
-0.7145000000
-0.7261100000
-0.7362400000
-0.7447500000
-0.7515100000
-0.7563900000
-0.7592800000
-0.7600700000
-0.7586800000
-0.7550100000
-0.7490300000
-0.7406800000
-0.7299500000
-0.7168400000
-0.7013700000
-0.6835700000
-0.6635200000
-0.6412900000
-0.6169700000
-0.5906700000
-0.5625100000
-0.5326100000
-0.5011100000
-0.4681400000
-0.4338200000
-0.3982900000
-0.3616700000
-0.3240700000
-0.2856200000
-0.2464000000
-0.2065200000
-0.1660600000
-0.1251100000
-0.0837500000
-0.0420430000
-0.0000626270
0.0421230000
0.0844490000
0.1268500000
0.1692500000
0.2115800000
0.2537600000
0.2957200000
0.3373700000
0.3786100000
0.4193400000
0.4594500000
0.4988100000
0.5373100000
0.5748000000
0.6111400000
0.6461600000
0.6797100000
0.7116100000
0.7416700000
0.7697200000
0.7955500000
0.8189900000
0.8398200000
0.8578700000
0.8729500000
0.8848800000
0.8935100000
0.8987000000
0.9003300000
0.8983100000
0.8926100000
0.8832200000
0.8701600000
0.8535200000
0.8334300000
0.8100600000
0.7836000000
0.7543100000
0.7224400000
0.6882600000
0.6520600000
0.6141300000
0.5747100000
0.5340800000
0.4924700000
0.4500800000
0.4071100000
0.3637300000
0.3200700000
0.2762700000
0.2324400000
0.1886600000
0.1450200000
0.1015900000
0.0584160000
0.0155640000
-0.0269180000
-0.0689840000
-0.1105900000
-0.1516800000
-0.1922100000
-0.2321300000
-0.2713800000
-0.3099100000
-0.3476400000
-0.3845000000
-0.4204200000
-0.4553100000
-0.4890700000
-0.5216200000
-0.5528500000
-0.5826400000
-0.6108900000
-0.6374800000
-0.6622800000
-0.6851700000
-0.7060300000
-0.7247300000
-0.7411500000
-0.7551900000
-0.7667300000
-0.7756800000
-0.7819600000
-0.7854900000
-0.7862400000
-0.7841700000
-0.7792800000
-0.7715900000
-0.7611600000
-0.7480600000
-0.7323900000
-0.7142700000
-0.6938500000
-0.6713000000
-0.6468000000
-0.6205300000
-0.5926900000
-0.5634700000
-0.5330800000
-0.5017000000
-0.4695100000
-0.4366800000
-0.4033700000
-0.3697200000
-0.3358800000
-0.3019500000
-0.2680600000
-0.2342900000
-0.2007400000
-0.1674900000
-0.1346000000
-0.1021400000
-0.0701710000
-0.0387390000
-0.0078957000
0.0223160000
0.0518560000
0.0806840000
0.1087600000
0.1360600000
0.1625400000
0.1881700000
0.2129100000
0.2367400000
0.2596200000
0.2815300000
0.3024300000
0.3223000000
0.3411100000
0.3588400000
0.3754500000
0.3909400000
0.4052900000
0.4184700000
0.4304700000
0.4413000000
0.4509400000
0.4594000000
0.4666800000
0.4728000000
0.4777600000
0.4816000000
0.4843300000
0.4860100000
0.4866600000
0.4863300000
0.4850700000
0.4829400000
0.4800000000
0.4763200000
0.4719600000
0.4670000000
0.4615200000
0.4556000000
0.4493100000
0.4427400000
0.4359600000
0.4290700000
0.4221400000
0.4152500000
0.4084900000
0.4019200000
0.3956400000
0.3897000000
0.3841800000
0.3791400000
0.3746600000
0.3707800000
0.3675700000
0.3650600000
0.3633300000
0.3623900000
0.3622900000
0.3630700000
0.3647500000
0.3673400000
0.3708700000
0.3753500000
0.3807700000
0.3871300000
0.3944200000
0.4026200000
0.4117100000
0.4216400000
0.4323900000
0.4439000000
0.4561200000
0.4689800000
0.4824000000
0.4963200000
0.5106500000
0.5252900000
0.5401400000
0.5551000000
0.5700500000
0.5848900000
0.5994800000
0.6137100000
0.6274500000
0.6405700000
0.6529300000
0.6644100000
0.6748700000
0.6841800000
0.6922200000
0.6988600000
0.7039900000
0.7074900000
0.7092600000
0.7092100000
0.7072600000
0.7033300000
0.6973800000
0.6893500000
0.6792300000
0.6670000000
0.6526700000
0.6362500000
0.6178000000
0.5973600000
0.5750100000
0.5508000000
0.5248500000
0.4972300000
0.4680600000
0.4374400000
0.4054700000
0.3722600000
0.3379200000
0.3025500000
0.2662500000
0.2291100000
0.1912300000
0.1526800000
0.1135400000
0.0739040000
0.0338350000
-0.0065932000
-0.0473100000
-0.0882440000
-0.1293200000
-0.1704800000
-0.2116300000
-0.2527000000
-0.2936000000
-0.3342500000
-0.3745400000
-0.4143800000
-0.4536400000
-0.4922200000
-0.5299700000
-0.5667700000
-0.6024700000
-0.6369100000
-0.6699300000
-0.7013600000
-0.7310200000
-0.7587400000
-0.7843100000
-0.8075500000
-0.8282800000
-0.8463100000
-0.8614500000
-0.8735400000
-0.8824200000
-0.8879500000
-0.8900300000
-0.8885500000
-0.8834800000
-0.8747900000
-0.8625200000
-0.8467300000
-0.8275400000
-0.8051100000
-0.7796200000
-0.7513000000
-0.7203900000
-0.6871700000
-0.6519000000
-0.6148500000
-0.5762800000
-0.5364600000
-0.4956000000
-0.4539100000
-0.4116100000
-0.3688400000
-0.3257600000
-0.2824900000
-0.2391600000
-0.1958500000
-0.1526500000
-0.1096200000
-0.0668440000
-0.0243630000
0.0177670000
0.0594980000
0.1007800000
0.1415700000
0.1818100000
0.2214600000
0.2604600000
0.2987400000
0.3362500000
0.3729100000
0.4086500000
0.4433800000
0.4770200000
0.5094800000
0.5406400000
0.5704200000
0.5986900000
0.6253400000
0.6502600000
0.6733200000
0.6944000000
0.7133800000
0.7301600000
0.7446100000
0.7566200000
0.7661200000
0.7730000000
0.7772100000
0.7787000000
0.7774300000
0.7734000000
0.7666100000
0.7571300000
0.7450000000
0.7303300000
0.7132300000
0.6938400000
0.6723000000
0.6488100000
0.6235300000
0.5966500000
0.5683700000
0.5388700000
0.5083500000
0.4769800000
0.4449400000
0.4123800000
0.3794400000
0.3462700000
0.3129900000
0.2797100000
0.2465400000
0.2135600000
0.1808500000
0.1484900000
0.1165500000
0.0850780000
0.0541360000
0.0237710000
-0.0059708000
-0.0350490000
-0.0634230000
-0.0910560000
-0.1179100000
-0.1439600000
-0.1691700000
-0.1935000000
-0.2169300000
-0.2394300000
-0.2609600000
-0.2815100000
-0.3010500000
-0.3195500000
-0.3369900000
-0.3533600000
-0.3686200000
-0.3827800000
-0.3958100000
-0.4077100000
-0.4184700000
-0.4280900000
-0.4365800000
-0.4439400000
-0.4501900000
-0.4553400000
-0.4594300000
-0.4624800000
-0.4645200000
-0.4655900000
-0.4657500000
-0.4650400000
-0.4635100000
-0.4612400000
-0.4582800000
-0.4546900000
-0.4505600000
-0.4459600000
-0.4409600000
-0.4356400000
-0.4300800000
-0.4243600000
-0.4185600000
-0.4127500000
-0.4070200000
-0.4014500000
-0.3961000000
-0.3910600000
-0.3863900000
-0.3821600000
-0.3784300000
-0.3752700000
-0.3727400000
-0.3708900000
-0.3697600000
-0.3694000000
-0.3698600000
-0.3711600000
-0.3733400000
-0.3764300000
-0.3804300000
-0.3853600000
-0.3912300000
-0.3980400000
-0.4057700000
-0.4144100000
-0.4239400000
-0.4343200000
-0.4455200000
-0.4574900000
-0.4701800000
-0.4835100000
-0.4974300000
-0.5118500000
-0.5266800000
-0.5418300000
-0.5572000000
-0.5726800000
-0.5881600000
-0.6035200000
-0.6186300000
-0.6333700000
-0.6475900000
-0.6611800000
-0.6739900000
-0.6858800000
-0.6967300000
-0.7063800000
-0.7147100000
-0.7216000000
-0.7269100000
-0.7305400000
-0.7323700000
-0.7323100000
-0.7302800000
-0.7261900000
-0.7200000000
-0.7116600000
-0.7011500000
-0.6884600000
-0.6736000000
-0.6565900000
-0.6374900000
-0.6163400000
-0.5932200000
-0.5682200000
-0.5414300000
-0.5129600000
-0.4829100000
-0.4514000000
-0.4185300000
-0.3844300000
-0.3491900000
-0.3129200000
-0.2757200000
-0.2377000000
-0.1989300000
-0.1595000000
-0.1194900000
-0.0789860000
-0.0380480000
0.0032481000
0.0448360000
0.0866460000
0.1286100000
0.1706500000
0.2127100000
0.2546900000
0.2965100000
0.3380900000
0.3793200000
0.4201100000
0.4603300000
0.4998700000
0.5385900000
0.5763500000
0.6130000000
0.6483800000
0.6823200000
0.7146500000
0.7451700000
0.7737000000
0.8000300000
0.8239800000
0.8453400000
0.8639100000
0.8795100000
0.8919400000
0.9010500000
0.9066900000
0.9087400000
0.9071000000
0.9017100000
0.8925800000
0.8797100000
0.8632000000
0.8431500000
0.8197500000
0.7932000000
0.7637300000
0.7316200000
0.6971500000
0.6605900000
0.6222500000
0.5824000000
0.5412800000
0.4991600000
0.4562300000
0.4127000000
0.3687300000
0.3244800000
0.2800600000
0.2355900000
0.1911700000
0.1468600000
0.1027400000
0.0588720000
0.0153030000
-0.0279150000
-0.0707360000
-0.1131100000
-0.1550000000
-0.1963400000
-0.2370900000
-0.2771900000
-0.3165700000
-0.3551700000
-0.3929200000
-0.4297200000
-0.4654900000
-0.5001500000
-0.5335700000
-0.5656600000
-0.5962900000
-0.6253500000
-0.6527100000
-0.6782400000
-0.7018000000
-0.7232700000
-0.7425000000
-0.7593800000
-0.7737600000
-0.7855500000
-0.7946300000
-0.8009200000
-0.8043300000
-0.8048100000
-0.8023400000
-0.7969000000
-0.7885300000
-0.7772700000
-0.7632000000
-0.7464300000
-0.7271000000
-0.7053700000
-0.6814100000
-0.6554200000
-0.6276000000
-0.5981600000
-0.5673100000
-0.5352600000
-0.5022000000
-0.4683200000
-0.4338000000
-0.3988000000
-0.3634600000
-0.3279400000
-0.2923400000
-0.2567800000
-0.2213500000
-0.1861300000
-0.1512200000
-0.1166700000
-0.0825430000
-0.0489010000
-0.0157920000
0.0167370000
0.0486420000
0.0798810000
0.1104200000
0.1402100000
0.1692200000
0.1974100000
0.2247400000
0.2511800000
0.2766900000
0.3012300000
0.3247600000
0.3472600000
0.3686700000
0.3889600000
0.4081000000
0.4260500000
0.4427900000
0.4582700000
0.4724800000
0.4853900000
0.4969700000
0.5072200000
0.5161200000
0.5236700000
0.5298600000
0.5347100000
0.5382300000
0.5404500000
0.5413800000
0.5410700000
0.5395500000
0.5368900000
0.5331300000
0.5283500000
0.5226000000
0.5159700000
0.5085400000
0.5003800000
0.4915900000
0.4822600000
0.4724700000
0.4623200000
0.4518900000
0.4412900000
0.4306000000
0.4199100000
0.4093100000
0.3988800000
0.3886900000
0.3788400000
0.3693900000
0.3604200000
0.3519800000
0.3441500000
0.3369800000
0.3305300000
0.3248400000
0.3199600000
0.3159300000
0.3127900000
0.3105600000
0.3092700000
0.3089500000
0.3096000000
0.3112300000
0.3138600000
0.3174600000
0.3220500000
0.3276000000
0.3340800000
0.3414800000
0.3497600000
0.3588800000
0.3687900000
0.3794300000
0.3907600000
0.4027000000
0.4151700000
0.4281100000
0.4414400000
0.4550500000
0.4688600000
0.4827600000
0.4966700000
0.5104700000
0.5240500000
0.5373000000
0.5501000000
0.5623500000
0.5739300000
0.5847200000
0.5946100000
0.6034800000
0.6112200000
0.6177300000
0.6229100000
0.6266600000
0.6288800000
0.6295000000
0.6284500000
0.6256600000
0.6210700000
0.6146400000
0.6063600000
0.5961900000
0.5841400000
0.5702100000
0.5544400000
0.5368500000
0.5174900000
0.4964200000
0.4737100000
0.4494300000
0.4236700000
0.3965100000
0.3680400000
0.3383600000
0.3075500000
0.2757200000
0.2429600000
0.2093500000
0.1749900000
0.1399600000
0.1043400000
0.0682190000
0.0316680000
-0.0052346000
-0.0424130000
-0.0797930000
-0.1173000000
-0.1548600000
-0.1923900000
-0.2298200000
-0.2670600000
-0.3040200000
-0.3406200000
-0.3767600000
-0.4123500000
-0.4472600000
-0.4814000000
-0.5146400000
-0.5468600000
-0.5779300000
-0.6077200000
-0.6360800000
-0.6628700000
-0.6879400000
-0.7111500000
-0.7323400000
-0.7513600000
-0.7680600000
-0.7823200000
-0.7939800000
-0.8029400000
-0.8090800000
-0.8123100000
-0.8125700000
-0.8098100000
-0.8040000000
-0.7951700000
-0.7833400000
-0.7686000000
-0.7510300000
-0.7307800000
-0.7080000000
-0.6828600000
-0.6555600000
-0.6263100000
-0.5953100000
-0.5627700000
-0.5289200000
-0.4939400000
-0.4580400000
-0.4213800000
-0.3841400000
-0.3464600000
-0.3084800000
-0.2703100000
-0.2320800000
-0.1938800000
-0.1557800000
-0.1178800000
-0.0802280000
-0.0428990000
-0.0059469000
0.0305740000
0.0666140000
0.1021200000
0.1370500000
0.1713600000
0.2049800000
0.2378900000
0.2700100000
0.3013000000
0.3317100000
0.3611700000
0.3896200000
0.4170000000
0.4432400000
0.4682800000
0.4920500000
0.5144800000
0.5354900000
0.5550200000
0.5730000000
0.5893600000
0.6040400000
0.6169900000
0.6281300000
0.6374400000
0.6448700000
0.6503900000
0.6539900000
0.6556400000
0.6553600000
0.6531700000
0.6490900000
0.6431700000
0.6354700000
0.6260500000
0.6150000000
0.6024100000
0.5883800000
0.5730300000
0.5564800000
0.5388400000
0.5202400000
0.5008200000
0.4806900000
0.4599800000
0.4388300000
0.4173400000
0.3956300000
0.3738100000
0.3519900000
0.3302700000
0.3087300000
0.2874700000
0.2665500000
0.2460700000
0.2260900000
0.2066600000
0.1878600000
0.1697300000
0.1523200000
0.1356700000
0.1198300000
0.1048400000
0.0907180000
0.0774990000
0.0652060000
0.0538580000
0.0434720000
0.0340590000
0.0256270000
0.0181820000
0.0117210000
0.0062419000
0.0017353000
-0.0018113000
-0.0044149000
-0.0060966000
-0.0068816000
-0.0067998000
-0.0058854000
-0.0041762000
-0.0017139000
0.0014561000
0.0052849000
0.0097195000
0.0147040000
0.0201800000
0.0260860000
0.0323570000
0.0389290000
0.0457350000
0.0527050000
0.0597690000
0.0668570000
0.0738960000
0.0808140000
0.0875410000
0.0940050000
0.1001400000
0.1058600000
0.1111200000
0.1158400000
0.1199500000
0.1233900000
0.1261100000
0.1280400000
0.1291300000
0.1293200000
0.1285700000
0.1268300000
0.1240600000
0.1202200000
0.1152800000
0.1092200000
0.1020000000
0.0936140000
0.0840460000
0.0732920000
0.0613480000
0.0482200000
0.0339190000
0.0184620000
0.0018708000
-0.0158260000
-0.0345930000
-0.0543920000
-0.0751750000
-0.0968910000
-0.1194800000
-0.1428900000
-0.1670400000
-0.1918700000
-0.2172900000
-0.2432300000
-0.2695900000
-0.2962900000
-0.3232200000
-0.3503000000
-0.3774100000
-0.4044400000
-0.4312800000
-0.4578100000
-0.4839100000
-0.5094600000
-0.5343200000
-0.5583700000
-0.5814700000
-0.6034900000
-0.6242800000
-0.6437100000
-0.6616500000
-0.6779500000
-0.6924900000
-0.7051400000
-0.7157700000
-0.7242700000
-0.7305500000
-0.7345000000
-0.7360500000
-0.7351300000
-0.7317200000
-0.7257700000
-0.7173000000
-0.7063100000
-0.6928500000
-0.6769900000
-0.6588000000
-0.6384000000
-0.6159000000
-0.5914400000
-0.5651600000
-0.5372200000
-0.5077800000
-0.4769900000
-0.4450000000
-0.4119800000
-0.3780700000
-0.3434000000
-0.3081200000
-0.2723300000
-0.2361500000
-0.1996800000
-0.1630200000
-0.1262500000
-0.0894640000
-0.0527230000
-0.0161000000
0.0203390000
0.0565320000
0.0924180000
0.1279400000
0.1630300000
0.1976400000
0.2317000000
0.2651500000
0.2979300000
0.3299600000
0.3611800000
0.3915200000
0.4208900000
0.4492200000
0.4764300000
0.5024300000
0.5271300000
0.5504500000
0.5722900000
0.5925700000
0.6111900000
0.6280700000
0.6431300000
0.6562900000
0.6674700000
0.6766100000
0.6836500000
0.6885500000
0.6912800000
0.6918100000
0.6901400000
0.6862800000
0.6802600000
0.6721300000
0.6619400000
0.6497800000
0.6357300000
0.6199100000
0.6024300000
0.5834200000
0.5630300000
0.5413700000
0.5186200000
0.4949000000
0.4703600000
0.4451400000
0.4193800000
0.3932000000
0.3667300000
0.3400900000
0.3133800000
0.2867100000
0.2601700000
0.2338400000
0.2078100000
0.1821600000
0.1569300000
0.1322100000
0.1080500000
0.0844930000
0.0615920000
0.0393910000
0.0179300000
-0.0027563000
-0.0226340000
-0.0416720000
-0.0598450000
-0.0771290000
-0.0935030000
-0.1089500000
-0.1234500000
-0.1370000000
-0.1495900000
-0.1612100000
-0.1718600000
-0.1815500000
-0.1902800000
-0.1980500000
-0.2048900000
-0.2108200000
-0.2158500000
-0.2200100000
-0.2233300000
-0.2258500000
-0.2276100000
-0.2286500000
-0.2290100000
-0.2287500000
-0.2279300000
-0.2266000000
-0.2248200000
-0.2226500000
-0.2201600000
-0.2174200000
-0.2145000000
-0.2114700000
-0.2083900000
-0.2053500000
-0.2024200000
-0.1996600000
-0.1971600000
-0.1949800000
-0.1931900000
-0.1918600000
-0.1910700000
-0.1908800000
-0.1913500000
-0.1925400000
-0.1945200000
-0.1973400000
-0.2010500000
-0.2056900000
-0.2113200000
-0.2179800000
-0.2256800000
-0.2344800000
-0.2443800000
-0.2554100000
-0.2675700000
-0.2808700000
-0.2953000000
-0.3108400000
-0.3274700000
-0.3451700000
-0.3638900000
-0.3835700000
-0.4041600000
-0.4255900000
-0.4477700000
-0.4706100000
-0.4940200000
-0.5178800000
-0.5420600000
-0.5664400000
-0.5908800000
-0.6152300000
-0.6393300000
-0.6630300000
-0.6861400000
-0.7085000000
-0.7299200000
-0.7502300000
-0.7692300000
-0.7867500000
-0.8025800000
-0.8165600000
-0.8285100000
-0.8382500000
-0.8456300000
-0.8504900000
-0.8527100000
-0.8521800000
-0.8488000000
-0.8425100000
-0.8332700000
-0.8210800000
-0.8059600000
-0.7879600000
-0.7671700000
-0.7437000000
-0.7176900000
-0.6892900000
-0.6586800000
-0.6260400000
-0.5915600000
-0.5554200000
-0.5178200000
-0.4789200000
-0.4388900000
-0.3978900000
-0.3560600000
-0.3135100000
-0.2703700000
-0.2267300000
-0.1826800000
-0.1382900000
-0.0936470000
-0.0488050000
-0.0038261000
0.0412330000
0.0863160000
0.1313600000
0.1763200000
0.2211200000
0.2656900000
0.3099500000
0.3538300000
0.3972300000
0.4400400000
0.4821600000
0.5234600000
0.5638100000
0.6030500000
0.6410500000
0.6776100000
0.7125800000
0.7457500000
0.7769400000
0.8059400000
0.8325400000
0.8565300000
0.8777000000
0.8958400000
0.9107400000
0.9222300000
0.9301200000
0.9342800000
0.9345800000
0.9309400000
0.9233300000
0.9117500000
0.8962600000
0.8769800000
0.8540800000
0.8277600000
0.7982700000
0.7659000000
0.7309600000
0.6937500000
0.6545900000
0.6137800000
0.5716100000
0.5283400000
0.4842200000
0.4394400000
0.3942000000
0.3486500000
0.3029400000
0.2571700000
0.2114400000
0.1658400000
0.1204200000
0.0752530000
0.0303880000
-0.0141300000
-0.0582540000
-0.1019400000
-0.1451500000
-0.1878300000
-0.2299300000
-0.2714000000
-0.3121700000
-0.3521800000
-0.3913500000
-0.4296000000
-0.4668500000
-0.5029800000
-0.5379000000
-0.5714800000
-0.6036200000
-0.6341800000
-0.6630200000
-0.6900100000
-0.7150100000
-0.7378600000
-0.7584300000
-0.7765700000
-0.7921500000
-0.8050200000
-0.8150800000
-0.8222200000
-0.8263500000
-0.8273900000
-0.8253100000
-0.8201000000
-0.8117600000
-0.8003500000
-0.7859400000
-0.7686500000
-0.7486200000
-0.7260100000
-0.7010200000
-0.6738500000
-0.6447300000
-0.6138800000
-0.5815300000
-0.5478900000
-0.5131800000
-0.4775900000
-0.4413300000
-0.4045600000
-0.3674300000
-0.3300800000
-0.2926500000
-0.2552300000
-0.2179400000
-0.1808500000
-0.1440500000
-0.1076000000
-0.0715570000
-0.0359850000
-0.0009310100
0.0335590000
0.0674400000
0.1006700000
0.1332100000
0.1650100000
0.1960500000
0.2262600000
0.2556200000
0.2840800000
0.3115900000
0.3381200000
0.3636000000
0.3880000000
0.4112700000
0.4333600000
0.4542100000
0.4737900000
0.4920400000
0.5089200000
0.5243900000
0.5384000000
0.5509300000
0.5619400000
0.5714000000
0.5792900000
0.5856100000
0.5903500000
0.5935100000
0.5951000000
0.5951500000
0.5936900000
0.5907500000
0.5864000000
0.5806900000
0.5736800000
0.5654600000
0.5561100000
0.5457100000
0.5343700000
0.5221700000
0.5092400000
0.4956600000
0.4815400000
0.4670000000
0.4521300000
0.4370400000
0.4218300000
0.4065900000
0.3914200000
0.3764100000
0.3616500000
0.3472200000
0.3332000000
0.3196500000
0.3066400000
0.2942500000
0.2825300000
0.2715300000
0.2613000000
0.2518900000
0.2433400000
0.2356800000
0.2289500000
0.2231700000
0.2183700000
0.2145600000
0.2117500000
0.2099500000
0.2091700000
0.2094000000
0.2106300000
0.2128600000
0.2160600000
0.2202100000
0.2252800000
0.2312500000
0.2380600000
0.2456800000
0.2540700000
0.2631500000
0.2728900000
0.2832100000
0.2940400000
0.3053300000
0.3169800000
0.3289400000
0.3411000000
0.3534000000
0.3657300000
0.3780300000
0.3901800000
0.4021100000
0.4137200000
0.4249200000
0.4356200000
0.4457200000
0.4551200000
0.4637500000
0.4715200000
0.4783300000
0.4841100000
0.4887800000
0.4922700000
0.4945000000
0.4954200000
0.4949700000
0.4931000000
0.4897700000
0.4849400000
0.4785900000
0.4707100000
0.4612800000
0.4503200000
0.4378300000
0.4238300000
0.4083500000
0.3914300000
0.3731200000
0.3534700000
0.3325300000
0.3103600000
0.2870500000
0.2626500000
0.2372500000
0.2109100000
0.1837200000
0.1557600000
0.1271000000
0.0978190000
0.0680010000
0.0377210000
0.0070547000
-0.0239210000
-0.0551310000
-0.0864980000
-0.1179500000
-0.1494000000
-0.1807900000
-0.2120300000
-0.2430400000
-0.2737500000
-0.3040600000
-0.3339100000
-0.3631900000
-0.3918200000
-0.4197100000
-0.4467700000
-0.4728900000
-0.4979800000
-0.5219500000
-0.5446700000
-0.5660700000
-0.5860200000
-0.6044400000
-0.6212200000
-0.6362600000
-0.6494700000
-0.6607700000
-0.6700700000
-0.6773100000
-0.6824200000
-0.6853500000
-0.6860800000
-0.6845700000
-0.6808200000
-0.6748500000
-0.6666800000
-0.6563700000
-0.6439700000
-0.6295600000
-0.6132500000
-0.5951400000
-0.5753500000
-0.5540100000
-0.5312600000
-0.5072300000
-0.4820800000
-0.4559400000
-0.4289600000
-0.4012600000
-0.3729900000
-0.3442600000
-0.3151900000
-0.2859100000
-0.2565000000
-0.2270700000
-0.1977000000
-0.1684800000
-0.1394800000
-0.1107800000
-0.0824350000
-0.0545110000
-0.0270640000
-0.0001453100
0.0261960000
0.0519120000
0.0769610000
0.1013000000
0.1248900000
0.1476900000
0.1696700000
0.1908000000
0.2110300000
0.2303500000
0.2487200000
0.2661100000
0.2825000000
0.2978800000
0.3122100000
0.3254800000
0.3376900000
0.3488100000
0.3588500000
0.3678000000
0.3756600000
0.3824500000
0.3881700000
0.3928500000
0.3964900000
0.3991400000
0.4008200000
0.4015800000
0.4014400000
0.4004800000
0.3987200000
0.3962400000
0.3930900000
0.3893400000
0.3850600000
0.3803200000
0.3751800000
0.3697300000
0.3640400000
0.3581900000
0.3522600000
0.3463200000
0.3404500000
0.3347300000
0.3292400000
0.3240400000
0.3192200000
0.3148300000
0.3109500000
0.3076500000
0.3049800000
0.3030000000
0.3017700000
0.3013400000
0.3017500000
0.3030500000
0.3052800000
0.3084600000
0.3126300000
0.3178100000
0.3240100000
0.3312500000
0.3395200000
0.3488200000
0.3591400000
0.3704600000
0.3827600000
0.3959900000
0.4101100000
0.4250800000
0.4408300000
0.4572800000
0.4743700000
0.4920100000
0.5101000000
0.5285300000
0.5472100000
0.5660000000
0.5847900000
0.6034400000
0.6218200000
0.6397900000
0.6571900000
0.6738900000
0.6897300000
0.7045600000
0.7182200000
0.7305700000
0.7414500000
0.7507300000
0.7582600000
0.7639000000
0.7675500000
0.7690800000
0.7684100000
0.7654500000
0.7601300000
0.7524100000
0.7422700000
0.7297000000
0.7147200000
0.6973600000
0.6776800000
0.6557700000
0.6317200000
0.6056300000
0.5776200000
0.5478300000
0.5163800000
0.4834200000
0.4490700000
0.4134800000
0.3767700000
0.3390500000
0.3004500000
0.2610800000
0.2210200000
0.1803700000
0.1392100000
0.0976290000
0.0556930000
0.0134720000
-0.0289660000
-0.0715560000
-0.1142300000
-0.1569200000
-0.1995600000
-0.2420800000
-0.2843800000
-0.3264000000
-0.3680300000
-0.4091900000
-0.4497500000
-0.4896000000
-0.5286100000
-0.5666600000
-0.6035800000
-0.6392400000
-0.6734500000
-0.7060600000
-0.7368700000
-0.7657100000
-0.7923800000
-0.8166800000
-0.8384100000
-0.8574000000
-0.8734300000
-0.8863500000
-0.8959700000
-0.9021500000
-0.9047700000
-0.9037400000
-0.8989900000
-0.8905100000
-0.8783200000
-0.8624800000
-0.8431300000
-0.8204100000
-0.7945200000
-0.7657100000
-0.7342300000
-0.7003600000
-0.6643800000
-0.6265800000
-0.5872400000
-0.5466100000
-0.5049400000
-0.4624500000
-0.4193300000
-0.3757600000
-0.3318800000
-0.2878400000
-0.2437400000
-0.1996800000
-0.1557400000
-0.1119800000
-0.0684790000
-0.0252830000
0.0175560000
0.0599910000
0.1019800000
0.1434600000
0.1844100000
0.2247500000
0.2644400000
0.3034200000
0.3416200000
0.3789800000
0.4154000000
0.4508200000
0.4851300000
0.5182400000
0.5500500000
0.5804400000
0.6093000000
0.6365100000
0.6619600000
0.6855000000
0.7070100000
0.7263700000
0.7434600000
0.7581500000
0.7703400000
0.7799200000
0.7868000000
0.7909200000
0.7922100000
0.7906500000
0.7862200000
0.7789400000
0.7688600000
0.7560500000
0.7406000000
0.7226400000
0.7023200000
0.6797900000
0.6552400000
0.6288700000
0.6008600000
0.5714300000
0.5407600000
0.5090600000
0.4765100000
0.4432800000
0.4095400000
0.3754300000
0.3410900000
0.3066600000
0.2722300000
0.2379100000
0.2037900000
0.1699500000
0.1364600000
0.1033900000
0.0707930000
0.0387230000
0.0072280000
-0.0236470000
-0.0538590000
-0.0833710000
-0.1121400000
-0.1401400000
-0.1673300000
-0.1936700000
-0.2191300000
-0.2436800000
-0.2672900000
-0.2899200000
-0.3115400000
-0.3321200000
-0.3516300000
-0.3700500000
-0.3873300000
-0.4034800000
-0.4184400000
-0.4322200000
-0.4448000000
-0.4561500000
-0.4662800000
-0.4751700000
-0.4828400000
-0.4892800000
-0.4945200000
-0.4985700000
-0.5014500000
-0.5031900000
-0.5038400000
-0.5034300000
-0.5020200000
-0.4996600000
-0.4964200000
-0.4923500000
-0.4875200000
-0.4820200000
-0.4759200000
-0.4693000000
-0.4622300000
-0.4548200000
-0.4471300000
-0.4392600000
-0.4312900000
-0.4233000000
-0.4153800000
-0.4076000000
-0.4000500000
-0.3927900000
-0.3859100000
-0.3794800000
-0.3735500000
-0.3681900000
-0.3634600000
-0.3594200000
-0.3561200000
-0.3535900000
-0.3518900000
-0.3510400000
-0.3510800000
-0.3520400000
-0.3539300000
-0.3567600000
-0.3605600000
-0.3653100000
-0.3710100000
-0.3776500000
-0.3852100000
-0.3936700000
-0.4029900000
-0.4131400000
-0.4240600000
-0.4357000000
-0.4480100000
-0.4609000000
-0.4743100000
-0.4881500000
-0.5023300000
-0.5167600000
-0.5313300000
-0.5459400000
-0.5604700000
-0.5748200000
-0.5888600000
-0.6024600000
-0.6155100000
-0.6278700000
-0.6394200000
-0.6500300000
-0.6595800000
-0.6679400000
-0.6749900000
-0.6806200000
-0.6847200000
-0.6871800000
-0.6879200000
-0.6868500000
-0.6838900000
-0.6789800000
-0.6720900000
-0.6631700000
-0.6522000000
-0.6392000000
-0.6241600000
-0.6071200000
-0.5881200000
-0.5672200000
-0.5444800000
-0.5199900000
-0.4938200000
-0.4660800000
-0.4368600000
-0.4062700000
-0.3744000000
-0.3413700000
-0.3072600000
-0.2721900000
-0.2362400000
-0.1995000000
-0.1620700000
-0.1240200000
-0.0854430000
-0.0464030000
-0.0069785000
0.0327570000
0.0727320000
0.1128700000
0.1531100000
0.1933600000
0.2335600000
0.2736100000
0.3134300000
0.3529200000
0.3919900000
0.4305400000
0.4684300000
0.5055600000
0.5418000000
0.5770000000
0.6110200000
0.6437000000
0.6749000000
0.7044300000
0.7321300000
0.7578200000
0.7813300000
0.8024700000
0.8210600000
0.8369400000
0.8499400000
0.8599000000
0.8667000000
0.8702200000
0.8703600000
0.8670600000
0.8603000000
0.8500800000
0.8364500000
0.8195000000
0.7993600000
0.7761900000
0.7501800000
0.7215600000
0.6905600000
0.6574500000
0.6224700000
0.5858700000
0.5479100000
0.5088100000
0.4687900000
0.4280400000
0.3867400000
0.3450400000
0.3030900000
0.2610100000
0.2188900000
0.1768300000
0.1349100000
0.0932040000
0.0517650000
0.0106540000
-0.0300770000
-0.0703800000
-0.1102100000
-0.1495100000
-0.1882300000
-0.2263300000
-0.2637400000
-0.3004100000
-0.3362700000
-0.3712600000
-0.4053100000
-0.4383300000
-0.4702400000
-0.5009500000
-0.5303700000
-0.5584000000
-0.5849500000
-0.6099000000
-0.6331500000
-0.6545900000
-0.6741200000
-0.6916300000
-0.7070300000
-0.7202000000
-0.7310700000
-0.7395600000
-0.7456100000
-0.7491500000
-0.7501600000
-0.7486100000
-0.7445200000
-0.7378900000
-0.7287900000
-0.7172800000
-0.7034400000
-0.6873900000
-0.6692500000
-0.6491700000
-0.6273000000
-0.6038100000
-0.5788700000
-0.5526600000
-0.5253400000
-0.4970900000
-0.4680700000
-0.4384400000
-0.4083400000
-0.3779200000
-0.3473000000
-0.3166100000
-0.2859500000
-0.2554100000
-0.2251000000
-0.1950800000
-0.1654300000
-0.1362300000
-0.1075200000
-0.0793670000
-0.0518170000
-0.0249150000
0.0012974000
0.0267810000
0.0515020000
0.0754270000
0.0985260000
0.1207700000
0.1421400000
0.1626000000
0.1821400000
0.2007300000
0.2183600000
0.2350100000
0.2506800000
0.2653400000
0.2790000000
0.2916500000
0.3032900000
0.3139300000
0.3235600000
0.3322000000
0.3398700000
0.3465900000
0.3523700000
0.3572600000
0.3612700000
0.3644400000
0.3668300000
0.3684700000
0.3694200000
0.3697200000
0.3694400000
0.3686400000
0.3673700000
0.3657100000
0.3637300000
0.3614900000
0.3590700000
0.3565400000
0.3539700000
0.3514400000
0.3490200000
0.3467800000
0.3448000000
0.3431500000
0.3418800000
0.3410800000
0.3408100000
0.3411200000
0.3420700000
0.3437200000
0.3461200000
0.3493200000
0.3533500000
0.3582500000
0.3640600000
0.3708000000
0.3784900000
0.3871300000
0.3967400000
0.4073100000
0.4188300000
0.4312900000
0.4446400000
0.4588700000
0.4739100000
0.4897200000
0.5062200000
0.5233500000
0.5410200000
0.5591400000
0.5775900000
0.5962800000
0.6150800000
0.6338600000
0.6524900000
0.6708200000
0.6887100000
0.7060000000
0.7225300000
0.7381600000
0.7527100000
0.7660200000
0.7779400000
0.7883100000
0.7969700000
0.8037800000
0.8086000000
0.8113100000
0.8117900000
0.8099500000
0.8057000000
0.7989800000
0.7897600000
0.7780100000
0.7637500000
0.7470000000
0.7278100000
0.7062500000
0.6824300000
0.6564400000
0.6284100000
0.5984700000
0.5667700000
0.5334300000
0.4986100000
0.4624500000
0.4250800000
0.3866200000
0.3471900000
0.3069100000
0.2658700000
0.2241600000
0.1818700000
0.1390700000
0.0958340000
0.0522280000
0.0083104000
-0.0358570000
-0.0802140000
-0.1247000000
-0.1692500000
-0.2138000000
-0.2582800000
-0.3026000000
-0.3466800000
-0.3904200000
-0.4337100000
-0.4764500000
-0.5184900000
-0.5597100000
-0.5999600000
-0.6390600000
-0.6768500000
-0.7131500000
-0.7477500000
-0.7804600000
-0.8110600000
-0.8393300000
-0.8650500000
-0.8879900000
-0.9079300000
-0.9246500000
-0.9379400000
-0.9476000000
-0.9534700000
-0.9554100000
-0.9533000000
-0.9470900000
-0.9367500000
-0.9223300000
-0.9039300000
-0.8816900000
-0.8558200000
-0.8265800000
-0.7942400000
-0.7591300000
-0.7215700000
-0.6818900000
-0.6404300000
-0.5974700000
-0.5533100000
-0.5082000000
-0.4623700000
-0.4160100000
-0.3692800000
-0.3223400000
-0.2753000000
-0.2282700000
-0.1813100000
-0.1345100000
-0.0879140000
-0.0415810000
0.0044471000
0.0501270000
0.0954180000
0.1402800000
0.1846600000
0.2285100000
0.2717800000
0.3144000000
0.3563100000
0.3974300000
0.4376600000
0.4769200000
0.5151000000
0.5520900000
0.5877500000
0.6219600000
0.6545700000
0.6854400000
0.7144100000
0.7413300000
0.7660100000
0.7883100000
0.8080500000
0.8250700000
0.8392200000
0.8503500000
0.8583400000
0.8630700000
0.8644600000
0.8624500000
0.8570000000
0.8481300000
0.8358800000
0.8203300000
0.8016100000
0.7798800000
0.7553200000
0.7281500000
0.6986200000
0.6669600000
0.6334400000
0.5983000000
0.5618000000
0.5241700000
0.4856300000
0.4463800000
0.4066100000
0.3664700000
0.3261200000
0.2856700000
0.2452500000
0.2049300000
0.1648200000
0.1249900000
0.0854870000
0.0463850000
0.0077297000
-0.0304290000
-0.0680450000
-0.1050700000
-0.1414700000
-0.1772000000
-0.2122000000
-0.2464400000
-0.2798500000
-0.3124000000
-0.3440100000
-0.3746500000
-0.4042300000
-0.4327000000
-0.4599900000
-0.4860200000
-0.5107400000
-0.5340500000
-0.5558800000
-0.5761700000
-0.5948300000
-0.6117900000
-0.6269900000
-0.6403500000
-0.6518200000
-0.6613500000
-0.6688900000
-0.6744000000
-0.6778700000
-0.6792800000
-0.6786400000
-0.6759600000
-0.6712800000
-0.6646300000
-0.6560900000
-0.6457300000
-0.6336300000
-0.6199000000
-0.6046600000
-0.5880100000
-0.5701000000
-0.5510500000
-0.5309900000
-0.5100800000
-0.4884300000
-0.4661900000
-0.4434800000
-0.4204400000
-0.3971700000
-0.3738000000
-0.3504300000
-0.3271600000
-0.3040800000
-0.2812900000
-0.2588600000
-0.2368700000
-0.2153800000
-0.1944600000
-0.1741600000
-0.1545400000
-0.1356500000
-0.1175200000
-0.1001900000
-0.0837080000
-0.0680920000
-0.0533710000
-0.0395670000
-0.0267000000
-0.0147850000
-0.0038309000
0.0061537000
0.0151660000
0.0232060000
0.0302790000
0.0363940000
0.0415630000
0.0458050000
0.0491390000
0.0515910000
0.0531910000
0.0539720000
0.0539720000
0.0532320000
0.0517980000
0.0497190000
0.0470460000
0.0438350000
0.0401450000
0.0360360000
0.0315730000
0.0268200000
0.0218440000
0.0167140000
0.0115000000
0.0062732000
0.0011048000
-0.0039336000
-0.0087705000
-0.0133350000
-0.0175570000
-0.0213650000
-0.0246930000
-0.0274710000
-0.0296350000
-0.0311210000
-0.0318690000
-0.0318190000
-0.0309160000
-0.0291070000
-0.0263420000
-0.0225750000
-0.0177650000
-0.0118750000
-0.0048701000
0.0032767000
0.0125890000
0.0230840000
0.0347740000
0.0476650000
0.0617550000
0.0770400000
0.0935050000
0.1111300000
0.1298900000
0.1497400000
0.1706600000
0.1925800000
0.2154500000
0.2392100000
0.2637900000
0.2891000000
0.3150700000
0.3416000000
0.3685900000
0.3959400000
0.4235200000
0.4512300000
0.4789300000
0.5064900000
0.5337700000
0.5606300000
0.5869200000
0.6124800000
0.6371500000
0.6607800000
0.6831900000
0.7042300000
0.7237100000
0.7414800000
0.7573800000
0.7712300000
0.7828900000
0.7922100000
0.7990600000
0.8033200000
0.8048800000
0.8036700000
0.7996100000
0.7926700000
0.7828400000
0.7701400000
0.7546200000
0.7363500000
0.7154400000
0.6920100000
0.6662100000
0.6382100000
0.6081900000
0.5763200000
0.5428000000
0.5078100000
0.4715400000
0.4341600000
0.3958300000
0.3567000000
0.3169200000
0.2766000000
0.2358600000
0.1948000000
0.1535200000
0.1121000000
0.0706050000
0.0291180000
-0.0123020000
-0.0535920000
-0.0946910000
-0.1355400000
-0.1760800000
-0.2162400000
-0.2559600000
-0.2951600000
-0.3337800000
-0.3717300000
-0.4089200000
-0.4452500000
-0.4806400000
-0.5149700000
-0.5481200000
-0.5799700000
-0.6104100000
-0.6392900000
-0.6664700000
-0.6918300000
-0.7152000000
-0.7364600000
-0.7554600000
-0.7720500000
-0.7861100000
-0.7975000000
-0.8061300000
-0.8118800000
-0.8146800000
-0.8144700000
-0.8112200000
-0.8049200000
-0.7955900000
-0.7832900000
-0.7681000000
-0.7501400000
-0.7295400000
-0.7064900000
-0.6811500000
-0.6537400000
-0.6244700000
-0.5935500000
-0.5612000000
-0.5276200000
-0.4930200000
-0.4575900000
-0.4215100000
-0.3849400000
-0.3480300000
-0.3109000000
-0.2736900000
-0.2365000000
-0.1994100000
-0.1625200000
-0.1259000000
-0.0896130000
-0.0537230000
-0.0182850000
0.0166510000
0.0510380000
0.0848300000
0.1179800000
0.1504600000
0.1822000000
0.2131800000
0.2433400000
0.2726500000
0.3010500000
0.3285000000
0.3549400000
0.3803300000
0.4046200000
0.4277600000
0.4496800000
0.4703400000
0.4896900000
0.5076700000
0.5242500000
0.5393600000
0.5529700000
0.5650400000
0.5755400000
0.5844300000
0.5917100000
0.5973400000
0.6013400000
0.6037000000
0.6044400000
0.6035900000
0.6011600000
0.5972200000
0.5918100000
0.5850000000
0.5768600000
0.5674700000
0.5569200000
0.5453000000
0.5327200000
0.5192700000
0.5050700000
0.4902200000
0.4748400000
0.4590200000
0.4428900000
0.4265400000
0.4100700000
0.3935800000
0.3771800000
0.3609400000
0.3449700000
0.3293200000
0.3141000000
0.2993600000
0.2851700000
0.2716000000
0.2587100000
0.2465400000
0.2351500000
0.2245800000
0.2148800000
0.2060700000
0.1981900000
0.1912600000
0.1853100000
0.1803500000
0.1763900000
0.1734600000
0.1715300000
0.1706300000
0.1707300000
0.1718400000
0.1739200000
0.1769700000
0.1809500000
0.1858400000
0.1916000000
0.1981800000
0.2055500000
0.2136500000
0.2224300000
0.2318300000
0.2417900000
0.2522400000
0.2631200000
0.2743500000
0.2858500000
0.2975400000
0.3093600000
0.3212000000
0.3330000000
0.3446600000
0.3560900000
0.3672200000
0.3779500000
0.3882100000
0.3978900000
0.4069200000
0.4152200000
0.4227000000
0.4292800000
0.4349000000
0.4394800000
0.4429400000
0.4452400000
0.4463100000
0.4461100000
0.4445700000
0.4416800000
0.4373900000
0.4316800000
0.4245400000
0.4159700000
0.4059500000
0.3945000000
0.3816300000
0.3673800000
0.3517700000
0.3348400000
0.3166400000
0.2972200000
0.2766300000
0.2549400000
0.2322200000
0.2085300000
0.1839400000
0.1585200000
0.1323600000
0.1055200000
0.0780820000
0.0501180000
0.0217060000
-0.0070781000
-0.0361600000
-0.0654640000
-0.0949140000
-0.1244400000
-0.1539500000
-0.1833900000
-0.2126600000
-0.2417000000
-0.2704200000
-0.2987500000
-0.3265900000
-0.3538800000
-0.3805100000
-0.4064000000
-0.4314700000
-0.4556200000
-0.4787600000
-0.5008000000
-0.5216500000
-0.5412100000
-0.5593900000
-0.5761000000
-0.5912500000
-0.6047700000
-0.6165600000
-0.6265600000
-0.6347000000
-0.6409200000
-0.6451800000
-0.6474300000
-0.6476500000
-0.6458400000
-0.6419800000
-0.6361000000
-0.6282300000
-0.6184100000
-0.6067100000
-0.5932000000
-0.5779600000
-0.5611100000
-0.5427300000
-0.5229600000
-0.5019100000
-0.4797100000
-0.4564800000
-0.4323500000
-0.4074600000
-0.3819200000
-0.3558500000
-0.3293700000
-0.3025900000
-0.2756100000
-0.2485400000
-0.2214600000
-0.1944500000
-0.1676100000
-0.1410100000
-0.1147100000
-0.0887760000
-0.0632760000
-0.0382640000
-0.0137930000
0.0100870000
0.0333310000
0.0558940000
0.0777350000
0.0988160000
0.1191000000
0.1385500000
0.1571400000
0.1748400000
0.1916200000
0.2074600000
0.2223300000
0.2362200000
0.2491100000
0.2609900000
0.2718500000
0.2816900000
0.2905000000
0.2982800000
0.3050500000
0.3108100000
0.3155900000
0.3193900000
0.3222500000
0.3242100000
0.3252800000
0.3255200000
0.3249700000
0.3236800000
0.3216900000
0.3190800000
0.3158900000
0.3122000000
0.3080600000
0.3035500000
0.2987400000
0.2937000000
0.2885100000
0.2832400000
0.2779600000
0.2727500000
0.2676900000
0.2628500000
0.2583000000
0.2541100000
0.2503600000
0.2471100000
0.2444400000
0.2423900000
0.2410400000
0.2404500000
0.2406600000
0.2417300000
0.2437000000
0.2466200000
0.2505300000
0.2554600000
0.2614400000
0.2684900000
0.2766300000
0.2858600000
0.2962000000
0.3076300000
0.3201400000
0.3337300000
0.3483400000
0.3639700000
0.3805400000
0.3980200000
0.4163300000
0.4354200000
0.4551800000
0.4755400000
0.4963900000
0.5176300000
0.5391400000
0.5607900000
0.5824500000
0.6039800000
0.6252400000
0.6460700000
0.6663100000
0.6858200000
0.7044100000
0.7219300000
0.7382100000
0.7530800000
0.7663800000
0.7779400000
0.7876100000
0.7952500000
0.8007000000
0.8038600000
0.8046100000
0.8028500000
0.7985100000
0.7915400000
0.7819000000
0.7696000000
0.7546400000
0.7370900000
0.7170100000
0.6944900000
0.6696500000
0.6426200000
0.6135300000
0.5825500000
0.5498300000
0.5155400000
0.4798200000
0.4428300000
0.4047200000
0.3656300000
0.3256700000
0.2849800000
0.2436500000
0.2017700000
0.1594500000
0.1167500000
0.0737520000
0.0305240000
-0.0128700000
-0.0563680000
-0.0999060000
-0.1434200000
-0.1868500000
-0.2301200000
-0.2731600000
-0.3158800000
-0.3582000000
-0.4000300000
-0.4412500000
-0.4817700000
-0.5214400000
-0.5601500000
-0.5977400000
-0.6340600000
-0.6689600000
-0.7022500000
-0.7337700000
-0.7633200000
-0.7907000000
-0.8157400000
-0.8382200000
-0.8579500000
-0.8747300000
-0.8884000000
-0.8987600000
-0.9056800000
-0.9090100000
-0.9086700000
-0.9045800000
-0.8967100000
-0.8850900000
-0.8697800000
-0.8508800000
-0.8285600000
-0.8030100000
-0.7744600000
-0.7431900000
-0.7094600000
-0.6735700000
-0.6358100000
-0.5964500000
-0.5557700000
-0.5140200000
-0.4714100000
-0.4281600000
-0.3844400000
-0.3404100000
-0.2961900000
-0.2519200000
-0.2076700000
-0.1635400000
-0.1196000000
-0.0759170000
-0.0325350000
0.0104910000
0.0531130000
0.0952860000
0.1369600000
0.1781000000
0.2186400000
0.2585300000
0.2977200000
0.3361300000
0.3737100000
0.4103600000
0.4460200000
0.4805800000
0.5139500000
0.5460400000
0.5767200000
0.6058900000
0.6334200000
0.6592000000
0.6830900000
0.7049600000
0.7247000000
0.7421800000
0.7572700000
0.7698600000
0.7798600000
0.7871600000
0.7917000000
0.7934100000
0.7922600000
0.7882400000
0.7813600000
0.7716600000
0.7592000000
0.7440900000
0.7264300000
0.7063800000
0.6841000000
0.6597700000
0.6335700000
0.6057200000
0.5764000000
0.5458200000
0.5141800000
0.4816600000
0.4484400000
0.4146800000
0.3805300000
0.3461400000
0.3116300000
0.2771200000
0.2427100000
0.2084800000
0.1745200000
0.1409000000
0.1076900000
0.0749530000
0.0427320000
0.0110810000
-0.0199560000
-0.0503370000
-0.0800220000
-0.1089700000
-0.1371500000
-0.1645300000
-0.1910600000
-0.2167200000
-0.2414700000
-0.2652800000
-0.2881200000
-0.3099500000
-0.3307500000
-0.3504700000
-0.3691000000
-0.3866100000
-0.4029700000
-0.4181600000
-0.4321600000
-0.4449500000
-0.4565200000
-0.4668500000
-0.4759600000
-0.4838200000
-0.4904600000
-0.4958800000
-0.5001000000
-0.5031400000
-0.5050400000
-0.5058300000
-0.5055500000
-0.5042500000
-0.5019800000
-0.4988100000
-0.4948000000
-0.4900300000
-0.4845500000
-0.4784600000
-0.4718200000
-0.4647300000
-0.4572700000
-0.4495200000
-0.4415600000
-0.4334900000
-0.4253900000
-0.4173300000
-0.4094000000
-0.4016900000
-0.3942500000
-0.3871800000
-0.3805400000
-0.3743900000
-0.3688100000
-0.3638400000
-0.3595500000
-0.3559900000
-0.3531900000
-0.3512200000
-0.3500900000
-0.3498500000
-0.3505100000
-0.3521100000
-0.3546500000
-0.3581500000
-0.3626100000
-0.3680200000
-0.3743800000
-0.3816600000
-0.3898500000
-0.3989000000
-0.4088000000
-0.4194800000
-0.4308900000
-0.4429800000
-0.4556800000
-0.4689200000
-0.4826000000
-0.4966500000
-0.5109800000
-0.5254700000
-0.5400300000
-0.5545500000
-0.5689100000
-0.5829900000
-0.5966700000
-0.6098300000
-0.6223400000
-0.6340800000
-0.6449100000
-0.6547200000
-0.6633800000
-0.6707600000
-0.6767600000
-0.6812600000
-0.6841600000
-0.6853600000
-0.6847800000
-0.6823400000
-0.6779800000
-0.6716500000
-0.6633000000
-0.6529300000
-0.6405200000
-0.6260800000
-0.6096400000
-0.5912300000
-0.5709000000
-0.5487300000
-0.5247800000
-0.4991400000
-0.4719100000
-0.4431700000
-0.4130300000
-0.3816000000
-0.3489600000
-0.3152400000
-0.2805100000
-0.2448900000
-0.2084600000
-0.1713100000
-0.1335200000
-0.0951720000
-0.0563480000
-0.0171210000
0.0224360000
0.0622520000
0.1022500000
0.1423700000
0.1825200000
0.2226300000
0.2626200000
0.3024000000
0.3418900000
0.3809700000
0.4195500000
0.4575200000
0.4947600000
0.5311300000
0.5665100000
0.6007600000
0.6337100000
0.6652100000
0.6951100000
0.7232200000
0.7493800000
0.7734000000
0.7951200000
0.8143400000
0.8309100000
0.8446500000
0.8554100000
0.8630400000
0.8674400000
0.8685000000
0.8661600000
0.8603600000
0.8511200000
0.8384800000
0.8225000000
0.8033000000
0.7810300000
0.7558900000
0.7280800000
0.6978400000
0.6654200000
0.6310600000
0.5950300000
0.5575600000
0.5189000000
0.4792600000
0.4388300000
0.3978100000
0.3563500000
0.3146000000
0.2726800000
0.2307000000
0.1887500000
0.1469300000
0.1052900000
0.0639040000
0.0228320000
-0.0178750000
-0.0581650000
-0.0979920000
-0.1373100000
-0.1760600000
-0.2141900000
-0.2516600000
-0.2884100000
-0.3243600000
-0.3594700000
-0.3936500000
-0.4268300000
-0.4589200000
-0.4898500000
-0.5195200000
-0.5478300000
-0.5747000000
-0.6000000000
-0.6236500000
-0.6455300000
-0.6655300000
-0.6835700000
-0.6995200000
-0.7133100000
-0.7248300000
-0.7340100000
-0.7407900000
-0.7450900000
-0.7469000000
-0.7461700000
-0.7429200000
-0.7371500000
-0.7289100000
-0.7182600000
-0.7052700000
-0.6900600000
-0.6727400000
-0.6534500000
-0.6323500000
-0.6095800000
-0.5853200000
-0.5597400000
-0.5330200000
-0.5053100000
-0.4768000000
-0.4476300000
-0.4179500000
-0.3879100000
-0.3576400000
-0.3272500000
-0.2968600000
-0.2665800000
-0.2364800000
-0.2066700000
-0.1772000000
-0.1481600000
-0.1195900000
-0.0915700000
-0.0641370000
-0.0373400000
-0.0112230000
0.0141750000
0.0388190000
0.0626750000
0.0857120000
0.1079000000
0.1292200000
0.1496400000
0.1691400000
0.1877100000
0.2053200000
0.2219600000
0.2376200000
0.2522900000
0.2659600000
0.2786300000
0.2902900000
0.3009600000
0.3106400000
0.3193400000
0.3270700000
0.3338600000
0.3397200000
0.3447000000
0.3488100000
0.3520900000
0.3546000000
0.3563700000
0.3574500000
0.3579000000
0.3577600000
0.3571200000
0.3560200000
0.3545300000
0.3527200000
0.3506700000
0.3484300000
0.3460900000
0.3437200000
0.3413900000
0.3391700000
0.3371400000
0.3353700000
0.3339300000
0.3328800000
0.3323000000
0.3322500000
0.3327900000
0.3339800000
0.3358700000
0.3385200000
0.3419600000
0.3462500000
0.3514200000
0.3575000000
0.3645200000
0.3725000000
0.3814400000
0.3913600000
0.4022500000
0.4141100000
0.4269100000
0.4406200000
0.4552100000
0.4706400000
0.4868400000
0.5037500000
0.5213000000
0.5394100000
0.5579600000
0.5768800000
0.5960300000
0.6153000000
0.6345600000
0.6536800000
0.6725000000
0.6908800000
0.7086600000
0.7256800000
0.7417900000
0.7568100000
0.7705900000
0.7829600000
0.7937500000
0.8028200000
0.8100100000
0.8151900000
0.8182200000
0.8189900000
0.8174000000
0.8133600000
0.8068200000
0.7977300000
0.7860700000
0.7718400000
0.7550900000
0.7358600000
0.7142200000
0.6902800000
0.6641400000
0.6359300000
0.6058000000
0.5738700000
0.5403000000
0.5052400000
0.4688300000
0.4312000000
0.3924800000
0.3528000000
0.3122700000
0.2709900000
0.2290400000
0.1865200000
0.1435000000
0.1000600000
0.0562420000
0.0121250000
-0.0322370000
-0.0767840000
-0.1214600000
-0.1661900000
-0.2109200000
-0.2555800000
-0.3000800000
-0.3443400000
-0.3882600000
-0.4317400000
-0.4746700000
-0.5169100000
-0.5583300000
-0.5987800000
-0.6380900000
-0.6761000000
-0.7126200000
-0.7474600000
-0.7804000000
-0.8112400000
-0.8397600000
-0.8657200000
-0.8889100000
-0.9091000000
-0.9260700000
-0.9396000000
-0.9495100000
-0.9556100000
-0.9577600000
-0.9558600000
-0.9498400000
-0.9396700000
-0.9254000000
-0.9071200000
-0.8849800000
-0.8591800000
-0.8299800000
-0.7976600000
-0.7625400000
-0.7249600000
-0.6852400000
-0.6437100000
-0.6006800000
-0.5564300000
-0.5112300000
-0.4652900000
-0.4188200000
-0.3719800000
-0.3249300000
-0.2777700000
-0.2306200000
-0.1835400000
-0.1366200000
-0.0899020000
-0.0434450000
0.0027093000
0.0485170000
0.0939380000
0.1389300000
0.1834500000
0.2274400000
0.2708500000
0.3136200000
0.3556800000
0.3969500000
0.4373500000
0.4767700000
0.5151100000
0.5522700000
0.5881000000
0.6224900000
0.6552800000
0.6863300000
0.7154800000
0.7425600000
0.7674300000
0.7898900000
0.8098000000
0.8269800000
0.8412800000
0.8525500000
0.8606700000
0.8655100000
0.8669900000
0.8650500000
0.8596600000
0.8508300000
0.8385900000
0.8230400000
0.8042900000
0.7825000000
0.7578700000
0.7306100000
0.7009600000
0.6691800000
0.6355100000
0.6002200000
0.5635600000
0.5257600000
0.4870500000
0.4476200000
0.4076600000
0.3673400000
0.3267900000
0.2861600000
0.2455400000
0.2050300000
0.1647200000
0.1246900000
0.0849890000
0.0456840000
0.0068259000
