-1.3653000000
-0.6203100000
3.0463000000
-0.4136700000
-0.2549100000
-3.2632000000
-1.7449000000
-1.8881000000
-2.7869000000
1.5033000000
0.0446350000
-1.4913000000
0.0543630000
-1.0846000000
-0.3291700000
-0.8122900000
-0.4173100000
-1.2722000000
-1.8896000000
-1.3444000000
-1.3469000000
0.8313400000
2.4791000000
1.8971000000
-0.2255700000
-2.7162000000
1.0011000000
0.0045239000
-1.3819000000
-0.0434970000
-1.4742000000
-1.9399000000
-1.2655000000
-0.8767900000
2.4556000000
2.1763000000
0.0464940000
-3.0499000000
-0.7097400000
1.5272000000
-2.5619000000
1.2081000000
-0.7688800000
1.7740000000
1.5326000000
-2.1627000000
0.1976100000
-0.0205140000
-0.7443100000
-0.5511300000
-1.1492000000
-1.1373000000
-0.1479400000
-0.4937500000
-1.1185000000
-1.5264000000
-1.6516000000
-1.2001000000
0.4991700000
2.3060000000
1.5193000000
-2.4933000000
-0.0587690000
0.2236200000
-1.1256000000
-0.4898200000
-0.6165300000
-0.2976200000
-2.0671000000
-2.2610000000
-2.0472000000
-1.1687000000
0.0774510000
1.3488000000
-1.0444000000
-0.4379300000
0.9037800000
0.5000000000
0.0878890000
-1.0755000000
-0.8590900000
0.3794400000
0.2491600000
-1.2721000000
-1.9403000000
-0.9374800000
-0.0089469000
0.1937800000
-1.3543000000
-2.8107000000
-0.8959300000
1.1397000000
-0.4612900000
1.5796000000
-1.3865000000
-1.7762000000
-0.1469700000
-0.1935000000
-1.3345000000
-2.3711000000
-0.1714600000
-2.0490000000
-1.1654000000
-1.0875000000
1.3943000000
0.7168900000
0.9119600000
1.7649000000
0.7684300000
0.1900100000
0.7710800000
1.0336000000
-0.1339200000
-0.6316900000
-0.1577100000
-2.1518000000
-2.0825000000
-2.7472000000
-1.0081000000
1.9539000000
0.9134600000
0.6391800000
1.6925000000
1.0167000000
-0.6231100000
1.8351000000
0.8667600000
-0.9023700000
1.6925000000
0.9951500000
-0.6356900000
1.6690000000
0.3188200000
-1.3956000000
-0.9259800000
1.4635000000
-0.2130300000
-1.2635000000
-0.7986000000
1.0969000000
0.1716400000
-0.4744000000
-0.7380400000
-0.5259200000
-1.0946000000
-1.0502000000
0.0840370000
-0.4972600000
-1.1797000000
-1.7018000000
-1.6703000000
-1.5970000000
-0.6224300000
1.6379000000
-0.0549570000
-2.3017000000
-0.1497300000
-2.5335000000
-0.6613000000
-0.3780500000
-1.2716000000
-0.6344500000
-0.2683300000
-1.0253000000
-1.1963000000
-0.7582000000
1.1010000000
0.1941600000
-0.5344500000
-0.4653900000
-1.2104000000
-1.8846000000
-1.3577000000
-1.4765000000
0.3520000000
1.4465000000
-0.7946900000
0.1339300000
0.0189260000
-1.8095000000
-3.4506000000
-2.8587000000
0.6801600000
0.4172800000
1.4058000000
-0.0440390000
-1.7886000000
-1.5850000000
-2.1891000000
0.8380100000
0.7753700000
2.2248000000
2.5432000000
-0.4345000000
-0.5680800000
0.0694960000
-0.8814400000
-1.5344000000
-2.0715000000
-0.5020600000
-0.6809400000
0.8538800000
0.4871300000
0.1214300000
-1.0500000000
-0.7978400000
0.3559600000
-0.0281440000
-2.1813000000
-1.8418000000
-3.4723000000
-1.3832000000
1.5392000000
-1.1830000000
1.8605000000
1.3863000000
-1.0766000000
0.9238300000
3.1891000000
0.5020800000
1.4025000000
-1.9847000000
0.6831000000
0.4715600000
2.2371000000
1.3222000000
-2.4134000000
0.6655900000
1.9913000000
1.2544000000
-0.9835300000
1.3384000000
1.6782000000
-0.2757000000
-1.0416000000
0.8139600000
1.2938000000
-0.5426100000
0.4330800000
0.7181800000
0.3280500000
-0.5784700000
-0.4534600000
-1.2894000000
-2.0965000000
-0.6252200000
-0.6880700000
0.9802100000
0.3518600000
-0.2871700000
-1.1715000000
-1.3770000000
-1.2516000000
0.2230900000
0.7129200000
0.5619700000
0.2639500000
-0.5637200000
-0.7840500000
-0.5548700000
-0.6920800000
-0.6515000000
-0.6639500000
-0.6096700000
-0.7652900000
-0.5368500000
-0.8178500000
-0.5283400000
-0.7818800000
-0.5051400000
-0.9516100000
-0.6681700000
-0.0635970000
-1.7855000000
-3.1228000000
-3.1995000000
-0.0420970000
-1.0198000000
-0.2227700000
0.1033600000
-2.4824000000
-1.5814000000
-3.4882000000
-1.0910000000
2.8731000000
-0.9108800000
3.1623000000
-1.8285000000
1.1663000000
-2.4630000000
3.7164000000
1.0039000000
-0.0719030000
0.4229600000
0.7133100000
-0.2797100000
-1.3186000000
-1.7376000000
-1.5670000000
-1.4634000000
0.0258110000
0.4843400000
0.2635500000
-1.3858000000
-2.2502000000
0.1012000000
-1.8141000000
-1.5806000000
-1.8977000000
-0.2130500000
-0.5637400000
0.1068300000
-1.8727000000
-3.0913000000
-3.3015000000
-0.0059556000
-0.8951700000
-0.0313010000
-0.2212500000
-2.8367000000
-2.7896000000
-1.4706000000
-2.1686000000
1.3448000000
-0.1282700000
-0.3569800000
-0.1208300000
-2.6274000000
-2.1963000000
-1.6531000000
-3.2371000000
0.3114300000
2.2864000000
-0.5411500000
0.0200580000
-2.1394000000
-0.3934300000
-3.1840000000
-1.9131000000
-0.0834310000
-3.6466000000
1.0540000000
-0.3941300000
-1.0547000000
1.7894000000
-0.5368800000
-1.2705000000
-0.2986100000
0.0898320000
-1.9568000000
-2.6649000000
-2.0735000000
-0.0393030000
-2.1563000000
0.9546500000
-1.1899000000
0.9030900000
2.5957000000
1.4847000000
-0.8999000000
-0.1083200000
1.7163000000
-1.5030000000
-3.3260000000
-0.5754700000
2.7254000000
-1.6688000000
-0.0770520000
-2.8202000000
0.9915700000
-0.4234000000
-0.7467600000
1.8133000000
-1.0704000000
-1.5391000000
-0.1194600000
0.1757700000
-1.3155000000
-2.2577000000
-0.1427500000
-2.1362000000
-0.6484100000
-0.9273400000
0.7232400000
1.5388000000
-1.1518000000
-0.4471900000
1.3740000000
-0.6885800000
-0.3918900000
-0.0738070000
-2.0031000000
-2.9269000000
-3.2430000000
-0.5356100000
0.6704300000
0.6163400000
1.8652000000
-0.4808000000
-1.4820000000
-1.1831000000
0.5589600000
1.7201000000
-0.1313100000
-2.4324000000
0.1760300000
-1.8714000000
-2.1484000000
-0.3985900000
-1.1963000000
0.2574900000
0.1497900000
-1.6054000000
-3.0390000000
-2.2711000000
1.7075000000
-2.7736000000
0.9120200000
2.1269000000
1.6928000000
-0.3333500000
-1.3017000000
0.6470500000
1.3230000000
-0.4719800000
-0.0477690000
-1.0392000000
-0.9951300000
-0.1610300000
-0.7872500000
-0.6191200000
-0.6975600000
-0.4704400000
-1.2034000000
-1.6396000000
-1.7275000000
-1.3238000000
-0.0927660000
0.6426600000
0.5394100000
-0.1360800000
-1.6174000000
-2.7882000000
-1.3994000000
-0.3489900000
-0.5111900000
1.0692000000
-1.5319000000
-1.7055000000
-0.7957000000
1.5754000000
0.2299600000
-1.0684000000
0.1876200000
0.0218510000
-2.1843000000
-1.8759000000
-3.4304000000
-1.5962000000
1.1230000000
-0.7982400000
3.8145000000
2.0594000000
-0.4673500000
-1.7822000000
-0.4148400000
-0.6345900000
0.0596840000
-1.7521000000
-3.3465000000
-2.9742000000
0.4281700000
0.0216970000
-0.7452900000
0.4471000000
-0.8477400000
-0.2547800000
-1.3880000000
-2.3170000000
-0.1777400000
-2.0457000000
-1.0243000000
-0.6773900000
1.4840000000
-0.4500700000
-1.3085000000
-0.6499700000
0.9359700000
0.4219600000
0.3401400000
-0.3197600000
-1.5728000000
-3.0697000000
-2.3092000000
1.7256000000
-2.7433000000
0.9304000000
1.9974000000
1.3691000000
-0.5484200000
0.7125300000
2.4368000000
0.9696900000
-0.5588200000
0.3925000000
1.6263000000
-1.9617000000
-2.1703000000
-0.1162700000
-0.7657900000
0.6514800000
0.7027400000
0.3146500000
-0.1580800000
-1.7425000000
-3.0607000000
-2.8681000000
0.6813000000
0.4217800000
1.3438000000
0.0944440000
-1.3952000000
-1.1628000000
0.2410300000
0.5595500000
0.2886400000
-1.1020000000
-0.8742500000
0.6793000000
1.1830000000
-0.4134800000
-0.1925900000
-1.1496000000
-1.5255000000
-1.8796000000
-0.7414300000
0.5767400000
1.8311000000
-0.1530200000
-2.8524000000
-1.0697000000
0.5849600000
0.2077700000
1.1332000000
-1.5431000000
-1.4725000000
-0.4622000000
1.3329000000
-0.6671400000
-0.0427230000
-0.8531200000
-0.4382300000
-1.3688000000
-2.0966000000
-0.6540700000
-0.4918600000
0.4642100000
-0.1177600000
-2.5749000000
-1.4920000000
-2.9577000000
-1.1554000000
2.5968000000
0.1636800000
0.9621900000
-1.5089000000
0.2896200000
0.0297240000
-0.7200300000
-1.0665000000
-0.8113900000
0.6006100000
0.8074800000
0.4807400000
0.5575300000
0.6649200000
0.5866700000
0.6407000000
0.7998800000
0.8479700000
1.1140000000
0.6331800000
1.7685000000
0.4942000000
-0.3170900000
-0.1878500000
-1.5061000000
-3.4669000000
-2.0615000000
0.7957800000
-1.2598000000
2.6219000000
1.6629000000
-0.3515900000
-2.2654000000
1.9396000000
-1.3282000000
-1.8377000000
1.0536000000
1.0441000000
1.6632000000
0.8828700000
0.7373000000
2.6282000000
1.8298000000
-0.1312500000
-3.1047000000
-0.2340000000
-0.3551500000
-3.2626000000
-1.7292000000
-1.8541000000
-2.8463000000
1.3507000000
0.3899300000
-0.0056386000
0.7450300000
-0.3863900000
-1.2344000000
-1.3364000000
-0.7733700000
1.3587000000
-0.2582100000
-1.1984000000
-0.5724800000
0.5059500000
0.0474370000
-1.9233000000
-2.5703000000
-1.4826000000
-1.2494000000
0.4517500000
2.9973000000
-0.6559400000
0.7395400000
-0.6351400000
1.9053000000
-0.6364000000
-1.3989000000
-0.8741700000
1.7475000000
0.0142090000
-2.2242000000
-0.2919800000
-2.1344000000
-0.8766300000
-0.5877600000
0.8378600000
0.9514100000
0.0604280000
-0.4359000000
-0.8566300000
-0.7667400000
-0.1861500000
-1.6035000000
-3.1129000000
-2.6156000000
1.6434000000
-2.3216000000
1.1478000000
0.5055600000
2.2066000000
2.4784000000
-0.5016500000
-0.6732000000
0.6851300000
1.3297000000
-1.5490000000
-1.3483000000
0.3807500000
2.0462000000
0.8780500000
-1.1854000000
0.7730900000
3.1102000000
-0.0303830000
-0.3683000000
-2.8196000000
-0.6864100000
-0.7807500000
-0.4403100000
0.7213200000
-0.7265500000
-0.0725590000
-1.5138000000
-2.7947000000
-1.3482000000
-0.1992500000
-0.9501700000
1.5282000000
-1.6382000000
-2.1131000000
0.5824200000
1.1232000000
0.8598800000
1.8372000000
0.9231600000
0.0468220000
0.3781700000
0.3777000000
-1.2030000000
-1.4098000000
-0.9028400000
1.4138000000
0.0191700000
-1.2383000000
-0.7112700000
0.9765100000
0.3939600000
0.2823400000
-0.5450700000
-0.8832800000
-0.6615900000
-0.1165500000
-1.9168000000
-2.7926000000
-2.4988000000
1.1282000000
-1.1832000000
1.9332000000
2.5826000000
-0.2801900000
-0.5873800000
-0.4487600000
-0.1590700000
-3.0615000000
-3.5779000000
-1.2357000000
-1.3138000000
0.8085500000
3.3646000000
0.6406700000
1.3439000000
-1.4174000000
0.6330900000
2.0158000000
1.9436000000
-1.2359000000
-1.1523000000
2.5233000000
2.7654000000
-0.4942000000
-0.4466400000
-0.3868800000
-0.5697100000
-2.0352000000
-2.0211000000
-2.6047000000
-0.2722800000
-0.0234840000
-1.8904000000
-1.8127000000
-3.3705000000
-1.2601000000
1.8939000000
-0.0831600000
-0.3372800000
-1.4552000000
-1.9000000000
-1.8282000000
-1.5117000000
-0.7918700000
2.4302000000
2.2175000000
0.0811400000
-2.9078000000
-0.3020400000
-0.1521100000
-3.4247000000
-1.7330000000
-2.0889000000
-1.9374000000
0.6633500000
0.8615600000
2.6099000000
1.3516000000
-0.7260100000
0.1038500000
1.5103000000
-2.1517000000
-1.4426000000
-1.6278000000
0.4913400000
1.8914000000
0.7700500000
-0.4988500000
0.8793700000
1.2594000000
-0.8474600000
1.0819000000
1.2805000000
0.0956760000
-0.3090900000
-0.6646800000
-0.9749000000
-0.8467000000
0.3700300000
-0.0126810000
-2.0815000000
-2.1501000000
-2.2614000000
-0.4267000000
-0.2630900000
-0.5213200000
-1.1038000000
-1.7003000000
-1.7085000000
-1.6969000000
-0.7871000000
1.7128000000
0.6761800000
-0.1069000000
-0.3487700000
-0.9607400000
-1.3778000000
-1.5360000000
-1.0832000000
1.0006000000
1.8684000000
0.8826300000
-0.1869800000
0.4390900000
0.5088200000
-0.6689600000
-0.4186900000
-1.0445000000
-1.0306000000
-0.0549460000
-0.8170100000
-0.5310700000
-0.8994400000
-0.4718500000
-0.8042800000
-0.4809200000
-1.0193000000
-0.8367800000
0.2778100000
-0.3665600000
-1.7448000000
-3.1238000000
-2.9153000000
0.5747000000
0.3563600000
0.7839800000
1.4855000000
-1.3127000000
-0.7985100000
2.3602000000
2.3607000000
-0.2906000000
-2.2704000000
0.5617400000
-0.2262900000
-0.9808400000
0.1973900000
-1.2368000000
-1.4797000000
-1.3794000000
-0.2703700000
0.3672400000
-0.2674900000
-2.3187000000
-1.4859000000
-3.4991000000
-0.5444700000
2.3629000000
-0.5461100000
0.1624900000
-2.0738000000
-0.3728400000
-3.0834000000
-1.6894000000
-0.7706600000
-1.0436000000
3.1128000000
-0.5094000000
0.4991900000
-1.3710000000
-0.0302250000
-1.4674000000
-1.6779000000
-1.8700000000
-0.7348700000
0.9258500000
1.7723000000
0.1704700000
-1.7074000000
-1.2430000000
-0.4331200000
0.9327700000
0.5458500000
0.3674400000
0.0930490000
-1.5036000000
-2.8864000000
-1.4722000000
-0.2978500000
-1.1134000000
1.4388000000
-1.3048000000
-0.7492900000
2.1144000000
1.9951000000
-1.4158000000
-2.3162000000
2.7448000000
0.2825300000
0.3981000000
-0.5503900000
0.5837500000
-0.6472200000
-0.3427800000
-1.4662000000
-2.6772000000
-0.7486400000
0.6778000000
0.6384500000
2.0141000000
0.2381800000
-1.8988000000
-1.2729000000
-0.7874500000
1.9543000000
1.4060000000
-2.7553000000
0.0800060000
0.9240800000
-0.5645400000
1.2658000000
-1.1577000000
-0.0698380000
-0.0143590000
-1.5467000000
-3.5313000000
-1.8860000000
0.0545140000
-2.6745000000
1.5891000000
-1.9483000000
-1.9614000000
0.6368600000
1.3739000000
0.6797600000
1.3827000000
0.1843500000
-0.0789420000
-1.2380000000
-1.6435000000
-1.9225000000
-0.7662700000
0.6485700000
2.0943000000
1.0840000000
-1.7441000000
-0.3560100000
0.8478500000
0.9488500000
0.5155000000
1.1056000000
0.4173100000
0.6936000000
1.0716000000
0.2433500000
-0.0270790000
-1.3075000000
-2.1316000000
-0.5789700000
-0.8227200000
1.0177000000
0.5446500000
0.5915200000
1.0499000000
0.2399000000
-0.1345900000
-1.4118000000
-2.5471000000
-0.2827800000
-1.3108000000
-1.6134000000
-0.4431400000
-0.2354700000
-0.8392300000
-0.9848200000
-0.4859100000
-0.2030800000
-1.9962000000
-2.6465000000
-2.1665000000
0.1491700000
-1.7828000000
-0.2612600000
-1.5978000000
-1.7788000000
-1.6986000000
-1.3319000000
0.3168800000
1.7481000000
-0.3075000000
-2.4260000000
0.1728000000
-1.8168000000
-2.3119000000
0.1900500000
-1.3503000000
-0.7190300000
1.3165000000
-0.5932300000
0.0550040000
-0.8852200000
-0.4947000000
-1.0401000000
-0.6509800000
0.0406610000
-1.5646000000
-3.1270000000
-2.5067000000
1.9053000000
-1.7673000000
-0.8982900000
1.8695000000
2.2311000000
-0.1013300000
-1.9453000000
-0.8366600000
0.0704950000
-0.3229700000
-1.5120000000
-3.4057000000
-2.1441000000
1.2161000000
-2.7269000000
2.7206000000
1.0598000000
0.2399600000
0.5429200000
1.9755000000
-0.2730500000
-2.7511000000
-0.8051700000
0.7614300000
0.0291100000
0.4558300000
-1.0479000000
-0.6318700000
0.2665100000
-0.6791700000
-0.9931600000
-0.5890000000
0.0480170000
-1.7752000000
-3.1615000000
-3.1805000000
0.0312860000
-0.9831500000
-0.0658690000
-0.0826790000
-2.8369000000
-2.8193000000
-1.6011000000
-2.2783000000
1.2549000000
0.2684700000
0.5800700000
1.7501000000
-0.8021400000
-0.7312200000
1.5483000000
-0.4528300000
-1.5215000000
-1.2966000000
-0.3166900000
0.2780000000
-0.6189000000
-1.3290000000
-1.9767000000
-0.8099000000
-0.0482110000
-0.0941190000
-2.1042000000
-2.5768000000
-2.1052000000
-0.3937800000
-1.1569000000
1.1055000000
0.3687300000
0.5310500000
0.7241700000
0.6082800000
0.6778600000
0.9866300000
0.5452600000
1.2240000000
-0.0412470000
-0.7926300000
0.2261300000
-0.9114000000
-0.8314900000
0.1490000000
-0.9468400000
-0.8114000000
0.1257900000
-1.0297000000
-1.0394000000
-0.0350900000
-0.7532000000
-0.5872800000
-0.8451500000
-0.4106700000
-1.1129000000
-1.1876000000
-0.4665100000
0.3654600000
-0.4495200000
-1.6665000000
-2.9922000000
-2.2456000000
1.4949000000
-3.0098000000
0.6472900000
3.1092000000
-1.0172000000
2.7090000000
-0.7672000000
2.6101000000
-0.8900800000
1.9235000000
-0.7485800000
0.8243900000
1.0032000000
1.5729000000
-0.5067300000
0.0970050000
-0.4307300000
-1.4346000000
-3.0718000000
-1.9689000000
0.4737000000
-1.5347000000
1.0395000000
0.4300400000
1.6005000000
-0.5152600000
-0.8184900000
0.8674600000
0.9540000000
0.3465600000
0.6770100000
0.9293600000
0.4501900000
0.7578100000
1.0262000000
0.4306400000
0.8906300000
0.9620900000
0.8648300000
1.5466000000
0.2000900000
-0.5613600000
0.3116500000
-0.7223300000
-1.0380000000
-0.5220300000
-0.0493650000
-1.9753000000
-2.6872000000
-2.2448000000
0.5585600000
-0.4218200000
1.4379000000
-1.3177000000
-1.6690000000
-0.1198600000
-0.1333300000
-1.4863000000
-2.9914000000
-2.1013000000
0.9096300000
-1.4525000000
1.8890000000
1.3402000000
-1.2508000000
0.5979200000
3.3977000000
0.8893800000
0.5969100000
0.5462500000
2.6018000000
0.1712800000
-1.1494000000
-1.6784000000
0.1704500000
-1.0713000000
0.3043800000
-0.0766740000
-1.9781000000
-2.5585000000
-1.7579000000
-1.4588000000
-1.0088000000
3.0466000000
0.6956900000
1.7668000000
-1.5049000000
-0.5304200000
0.9501700000
1.6987000000
-0.7589400000
-0.0904970000
-0.0619290000
-1.9294000000
-3.2917000000
-3.6278000000
1.0075000000
-0.1549500000
0.2564800000
0.4097400000
-1.4151000000
-2.3550000000
0.3396900000
-0.7454300000
0.4975200000
0.9271100000
-0.3044500000
-0.7815000000
-0.0229330000
-1.8111000000
-3.0487000000
-3.0617000000
0.0387220000
-0.9767000000
-0.0046255000
-0.0868640000
-2.8134000000
-2.7032000000
-1.2065000000
-1.4253000000
0.7576800000
2.9213000000
0.2374700000
0.4144100000
-1.6645000000
-0.7614900000
-0.3702800000
0.2763300000
-1.3786000000
-2.7198000000
-0.5102300000
0.1367600000
-1.8805000000
-1.3315000000
-2.7405000000
1.1943000000
0.4770600000
0.3654000000
1.9907000000
-0.2117200000
-3.0937000000
-2.1928000000
1.1564000000
-3.1240000000
1.4007000000
1.2042000000
-1.2359000000
2.7346000000
1.7526000000
0.5641900000
-1.3608000000
1.7573000000
0.5805100000
0.2138200000
0.3398500000
-0.1877500000
-2.5563000000
-1.5353000000
-3.1701000000
-1.7085000000
1.5931000000
-2.3460000000
2.5661000000
0.3324200000
0.7860300000
0.4948200000
1.8999000000
-0.2957700000
-2.3480000000
-0.0005485300
-2.2255000000
-0.9709500000
-0.5849600000
0.8955300000
1.0853000000
-0.3415200000
-0.0222270000
-1.3234000000
-2.3844000000
-0.1271500000
-2.0667000000
-1.1514000000
-1.0451000000
1.5055000000
0.5941300000
0.3767500000
0.9618200000
0.5192800000
0.5715500000
0.9245700000
0.5244100000
0.8927600000
0.9228900000
1.0707000000
0.9314000000
1.7330000000
0.8095300000
0.5648100000
2.2131000000
2.1239000000
-0.6077900000
-1.0478000000
1.6661000000
0.3204600000
-1.2580000000
-0.1852600000
-0.1832400000
-2.0762000000
-2.3649000000
-1.9654000000
-1.3869000000
-0.8188600000
3.0942000000
0.4676200000
0.8704800000
-0.9150000000
2.5745000000
0.8872100000
0.4952600000
0.1519600000
1.0090000000
-1.0312000000
0.2137600000
0.2945400000
-0.7717300000
-0.9380700000
-0.1272800000
-1.3038000000
-2.0766000000
-0.7452300000
-0.3473100000
0.1388300000
-1.5372000000
-3.4899000000
-1.9125000000
0.2819800000
-2.0603000000
1.5969000000
-2.4538000000
0.5651900000
1.2692000000
0.1947200000
0.5041900000
0.3188000000
-0.5740200000
-1.0544000000
-0.7352900000
0.3743100000
-0.1584700000
-2.1985000000
-1.7862000000
-3.6278000000
-0.6891100000
2.4946000000
0.0272370000
-0.4864000000
-2.3009000000
0.4787500000
-2.0799000000
-0.2628700000
-1.5597000000
-1.7982000000
-1.2493000000
-0.4288900000
1.4990000000
-1.0039000000
-0.6532700000
1.5988000000
-0.4568700000
-1.6726000000
-1.4539000000
-1.2459000000
0.6230300000
2.5704000000
1.1647000000
-0.6994100000
0.3394800000
2.1378000000
0.0095856000
-3.3459000000
-2.4744000000
1.7314000000
-3.2048000000
-0.6474300000
3.0611000000
-1.4693000000
0.6708100000
-0.3843100000
2.2113000000
-0.0117330000
-3.2356000000
-2.9575000000
0.3151700000
-1.3122000000
-0.3887300000
0.8585100000
0.0676420000
-1.2886000000
-1.6104000000
-1.4094000000
-0.7064300000
1.9597000000
1.1009000000
-1.8369000000
-0.2414400000
0.1532200000
-0.7384500000
-0.8469200000
-0.4790700000
-0.5882700000
-0.9980200000
-0.8788700000
0.2911300000
-0.2343400000
-2.0533000000
-2.3188000000
-1.8316000000
-1.8737000000
-0.5294800000
1.0917000000
0.7141400000
1.2109000000
0.1633900000
0.0773530000
-1.1703000000
-1.4439000000
-1.5072000000
-0.7073300000
1.5077000000
-0.2264500000
-1.6865000000
-1.8351000000
-1.5415000000
-1.4029000000
0.5926200000
2.5139000000
1.5821000000
-1.5075000000
-2.3774000000
3.3340000000
-0.1278100000
-0.4273400000
-1.4302000000
-1.3175000000
-1.4459000000
0.0127530000
-0.0426920000
-1.5965000000
-3.3226000000
-2.6322000000
1.6545000000
-2.3112000000
1.1125000000
0.6369600000
2.5705000000
2.2464000000
0.9541400000
-1.4233000000
1.2530000000
1.5191000000
0.1328300000
-0.2964900000
-0.4437200000
-1.5248000000
-3.2607000000
-2.3948000000
1.9297000000
-1.9919000000
0.0425880000
-0.6782100000
1.2918000000
-1.2991000000
-1.1001000000
1.4959000000
0.6744900000
0.7294700000
1.9753000000
1.3918000000
-2.3042000000
1.0573000000
0.8880000000
2.2061000000
3.1035000000
-1.5540000000
-0.3251800000
-0.3780000000
0.8058000000
-0.9647200000
-0.0762960000
-0.8129800000
-0.4024400000
-1.4679000000
-2.5796000000
-0.3508400000
-0.9442000000
-0.3204100000
0.0267330000
-2.6727000000
-2.1052000000
-1.7892000000
-3.0905000000
0.1965300000
1.6608000000
-2.4309000000
0.6367200000
0.2102700000
0.6652900000
0.9064200000
0.0086778000
-0.7887800000
-0.0626330000
-1.8347000000
-2.9479000000
-2.8336000000
0.5908800000
0.4294100000
1.1586000000
0.5236300000
0.4880200000
1.0095000000
0.1992300000
-0.4734200000
-0.6406400000
-0.8209400000
-0.6213700000
-0.3733500000
-1.5044000000
-2.9626000000
-1.9108000000
0.1173800000
-2.5408000000
1.9149000000
-1.2172000000
-1.8386000000
1.4581000000
-0.3446900000
-0.0397020000
-0.7475400000
-0.8270300000
-0.6092600000
-0.1947200000
-2.0114000000
-2.5074000000
-1.8528000000
-1.4143000000
-1.0032000000
3.0877000000
0.7352900000
1.7061000000
-1.6171000000
-0.4749200000
0.5168400000
1.6775000000
-1.5189000000
-2.6804000000
1.1452000000
1.0530000000
0.3610000000
2.6918000000
0.3374400000
-0.2065800000
-2.7414000000
-0.2175700000
-2.5556000000
-1.5223000000
-1.5599000000
-1.6346000000
0.8844400000
1.4940000000
0.6732600000
1.1749000000
1.0032000000
1.4563000000
0.3051600000
0.5471400000
1.1491000000
-0.2713300000
-0.8865100000
0.3067300000
-0.4393900000
-1.5409000000
-2.8793000000
-1.5222000000
-0.4581300000
-0.6059100000
1.8497000000
-1.3464000000
-2.8659000000
0.3541800000
1.8510000000
-1.5388000000
-1.5167000000
-0.6409200000
2.5597000000
1.1250000000
-0.8429600000
0.2873500000
2.2681000000
0.2599600000
-2.4318000000
-0.4328000000
-0.7337100000
-0.3687400000
-0.3331600000
-2.5557000000
-1.6872000000
-3.3669000000
-1.9893000000
2.3827000000
-1.0572000000
2.1418000000
1.6052000000
-0.6758100000
-0.2106000000
1.0122000000
-0.7431300000
-0.0358010000
-0.9488600000
-0.6813900000
-0.2772800000
-1.4256000000
-2.7663000000
-1.0100000000
0.8135400000
0.9150800000
2.5569000000
1.0430000000
0.4220400000
0.3607600000
1.8176000000
-1.1544000000
-1.7742000000
0.0476200000
-0.2603000000
-1.2924000000
-2.0612000000
-0.9128400000
-0.2860500000
0.3486800000
-0.5616200000
-1.6272000000
-2.7236000000
-0.9779500000
0.9372000000
0.8437800000
2.7250000000
0.5440300000
1.4049000000
-1.8684000000
0.3871200000
0.0185450000
0.0176380000
-2.3554000000
-1.7131000000
-3.7421000000
-0.2903400000
0.8916700000
-0.8337800000
1.9737000000
0.4016200000
-1.2508000000
-0.4765900000
1.1713000000
-0.8451100000
0.4313800000
0.9443400000
0.3350400000
-0.1999800000
-1.3294000000
-2.1716000000
-0.4398000000
-1.3760000000
-0.8905500000
1.2350000000
0.0246730000
-0.8082400000
0.1490000000
-1.0898000000
-1.3354000000
-1.0486000000
0.9688200000
1.5131000000
-0.2627100000
-0.9524500000
0.7270800000
1.0955000000
-0.1283700000
-0.6835600000
0.0331370000
-1.9080000000
-2.8729000000
-2.7300000000
0.7915800000
0.3710400000
1.4922000000
-0.1080500000
-2.0286000000
-0.8259200000
-0.6824400000
1.1710000000
-0.1043300000
-1.5333000000
-1.9568000000
-1.0287000000
-0.0387020000
0.5160700000
0.0145690000
-2.3946000000
-1.1722000000
-2.1560000000
0.7146100000
0.9831900000
1.2321000000
0.9517100000
1.3380000000
0.8293900000
1.8238000000
1.3247000000
-1.2109000000
0.8540900000
3.3191000000
0.9911200000
0.9354800000
0.4073400000
2.8754000000
-0.5075400000
0.2509300000
-2.3437000000
0.6905300000
-1.5803000000
-0.8106600000
1.8030000000
0.6010500000
-0.4416200000
0.2691200000
-0.2981500000
-2.5340000000
-1.5759000000
-3.2801000000
-1.7639000000
1.6942000000
-2.2762000000
2.1938000000
0.7344100000
0.9954700000
1.6672000000
1.1838000000
-0.7222400000
2.2272000000
2.5361000000
-0.7410900000
-0.0007476000
-0.3961900000
-0.6473200000
-1.8116000000
-2.5313000000
-1.0337000000
0.2856800000
0.6973900000
1.4152000000
-1.6085000000
-1.5413000000
-0.2984000000
0.8596600000
0.7061000000
0.6975800000
1.1618000000
0.2208900000
-0.0158210000
-1.2465000000
-1.8237000000
-1.6377000000
-1.8243000000
-0.2589700000
-0.2347600000
-0.9207900000
-0.9542400000
-0.2715400000
-0.8693900000
-0.6215900000
-0.4845000000
-1.0333000000
-1.0444000000
-0.0423930000
-0.8104200000
-0.5108900000
-0.9803900000
-0.6442000000
-0.0673700000
-1.7987000000
-3.1170000000
-3.2377000000
-0.0498360000
-0.9996200000
-0.1919800000
0.0213090000
-2.7215000000
-2.3044000000
-1.0384000000
-1.5743000000
1.1294000000
0.8289000000
1.9857000000
1.8487000000
-0.9573600000
0.0195080000
1.2260000000
-0.8096000000
-0.0699320000
-0.4929400000
-1.1780000000
-1.9423000000
-1.1115000000
-0.7117100000
2.0996000000
1.4530000000
-3.0383000000
-1.3866000000
2.0347000000
0.5751000000
1.5735000000
-0.6345100000
0.8872700000
1.1201000000
0.6563400000
1.3799000000
0.1763300000
-0.3978400000
-0.5396300000
-1.0267000000
-1.2263000000
-0.6620600000
0.9047000000
0.6696700000
0.8748000000
1.0343000000
0.9441500000
1.4469000000
0.3312700000
0.4484500000
0.8699900000
0.4539000000
0.2867200000
-0.3574900000
-1.5942000000
-3.0778000000
-2.3901000000
1.8495000000
-2.1695000000
0.7662700000
1.1505000000
1.8241000000
1.1131000000
-0.5373400000
1.7398000000
0.5097900000
-0.9026800000
1.0689000000
1.0799000000
0.2919600000
0.7491200000
1.1496000000
-0.1969200000
-0.6726700000
0.1260900000
-1.6710000000
-3.2667000000
-2.7751000000
1.2585000000
-1.5750000000
0.1050900000
1.2492000000
-0.4283500000
-0.6760800000
0.2196500000
-1.1010000000
-1.4982000000
-1.5183000000
-0.9317800000
1.6073000000
0.4698200000
-0.1539100000
-0.6846800000
-0.2322500000
-2.3333000000
-1.4494000000
-3.5316000000
-0.3583400000
1.5427000000
-2.9692000000
-0.6759300000
1.4174000000
-1.3289000000
0.2724400000
0.7307000000
1.3991000000
-1.3108000000
-0.6850800000
2.1217000000
1.7983000000
-2.2870000000
-0.7217400000
1.3787000000
0.3212200000
0.2987100000
-0.3142200000
-1.4457000000
-2.9520000000
-1.6613000000
-0.4828100000
-1.0979000000
2.0555000000
0.6258500000
-0.6962100000
0.9788000000
1.3823000000
-0.9569600000
0.9026100000
2.2717000000
2.1425000000
-0.1246600000
-2.3757000000
0.9563800000
-0.5269500000
0.5059100000
1.4840000000
-1.8073000000
-2.0577000000
-0.0283610000
-0.7244800000
0.6052200000
0.4420100000
-0.3909600000
-1.2263000000
-1.5542000000
-1.5947000000
-1.0855000000
1.1838000000
1.3515000000
-0.0178480000
-0.4291100000
-0.2248100000
-2.2594000000
-1.9507000000
-3.2878000000
-2.2439000000
3.0102000000
-2.8667000000
2.2916000000
0.8186800000
0.5934100000
2.4969000000
2.3294000000
0.3638600000
-1.5502000000
-0.4177300000
0.4941600000
0.2214900000
-1.3459000000
-2.2363000000
0.0860900000
-1.9303000000
-1.2499000000
-1.2379000000
0.9749200000
2.1313000000
1.8234000000
-1.1544000000
-0.6338000000
3.0777000000
-0.0069726000
-1.1754000000
-2.5986000000
1.7840000000
-1.2444000000
-1.6045000000
1.3960000000
0.3386900000
0.7058800000
1.4824000000
-0.7137900000
0.1351800000
0.0511800000
-1.8702000000
-3.2770000000
-3.3780000000
0.2105900000
-0.5023600000
-0.4503000000
-0.1617600000
-3.0542000000
-3.5793000000
-1.2407000000
-1.3312000000
0.7366900000
3.4127000000
0.7434500000
1.1314000000
-0.4835400000
1.9835000000
0.2791700000
-2.0938000000
-0.7383600000
-0.0880700000
-0.7664800000
-0.2042200000
-2.3302000000
-1.3232000000
-3.0820000000
-0.6707700000
2.7910000000
-1.7154000000
0.2100900000
-2.4174000000
2.3896000000
-0.7664600000
-0.1666500000
-0.3189600000
-0.9533800000
-1.7437000000
-2.0090000000
-1.2855000000
-0.7854700000
2.5862000000
1.6367000000
-1.4864000000
-2.8359000000
2.3323000000
2.5833000000
-1.1592000000
1.1296000000
1.0966000000
2.3063000000
2.0873000000
0.7387400000
-0.3420800000
1.4340000000
-0.7925500000
-0.3511700000
0.0592660000
-1.7060000000
-3.6522000000
-1.8511000000
-0.2920400000
-2.0569000000
1.1921000000
-2.2216000000
1.2029000000
-0.2840000000
0.5047400000
1.0828000000
-0.7186400000
0.5030300000
1.0293000000
-0.0810700000
-1.2087000000
-0.8378900000
0.7343600000
1.1574000000
-0.1945900000
-0.7350500000
0.2628100000
-1.0103000000
-1.0306000000
0.1021600000
-0.5144300000
-1.1793000000
-1.6486000000
-1.6682000000
-1.4354000000
-0.3170500000
0.8703200000
0.6808900000
0.6110600000
1.0479000000
0.4311700000
0.7580700000
1.0978000000
0.2282800000
0.0215240000
-1.2045000000
-1.6776000000
-1.8229000000
-1.2135000000
0.0826530000
0.9596600000
0.1961400000
-0.9788000000
-0.0941160000
-1.2106000000
-1.6293000000
-1.7846000000
-1.1791000000
0.3156100000
1.7365000000
-0.5060100000
-1.7768000000
-1.2025000000
-0.4465100000
0.9278600000
0.5967300000
0.4582900000
0.5625700000
0.4772700000
-0.0128470000
-1.7160000000
-2.9091000000
-2.1806000000
1.1389000000
-2.0017000000
2.1755000000
1.2177000000
-0.5979900000
1.4224000000
0.6742000000
0.4640200000
1.2637000000
-0.2764200000
-1.0112000000
0.1761400000
-0.6086600000
-0.9769400000
-0.6963500000
0.1857200000
-1.1394000000
-1.4565000000
-1.4436000000
-0.5916100000
1.3180000000
-0.3674600000
-0.9534000000
0.2631700000
-0.2528400000
-2.1716000000
-1.8458000000
-3.5146000000
-1.2593000000
1.9108000000
0.1071700000
-0.1102400000
-1.8051000000
-2.0849000000
-2.1274000000
-0.5911600000
0.1873400000
0.3089700000
-1.0675000000
-1.4248000000
-1.1757000000
0.4022000000
1.4408000000
-0.9964600000
-0.1402300000
0.1702000000
-1.2667000000
-2.5240000000
0.0609770000
-1.6735000000
-2.4894000000
0.6498100000
0.4008900000
0.7702600000
1.5003000000
-1.1988000000
-0.3904100000
1.1922000000
-0.2426300000
-1.5192000000
-1.8881000000
-1.1991000000
-0.4885700000
1.6893000000
-0.5628000000
-1.6011000000
-1.2697000000
-0.1571800000
-0.0017496000
-1.5689000000
-3.4721000000
-2.1734000000
1.2853000000
-2.8718000000
1.9428000000
1.9297000000
-1.5093000000
-0.4776500000
1.6555000000
0.2963700000
-1.7404000000
-1.3932000000
-1.0344000000
1.6553000000
0.8194500000
0.1565200000
0.4755700000
0.5654100000
-0.2995900000
-1.4407000000
-2.3844000000
0.0023171000
-1.9376000000
-1.5147000000
-2.0535000000
0.4564900000
0.5998000000
1.4265000000
-0.6327800000
-0.0513670000
-0.5881400000
-0.9327100000
-1.0630000000
-0.1150500000
-0.9620400000
-0.6194900000
-0.2757100000
-1.6051000000
-3.2083000000
-2.7271000000
1.3384000000
-1.9999000000
0.7936100000
1.8556000000
1.6435000000
-1.3064000000
-0.5238000000
2.5664000000
1.1826000000
-1.4177000000
-1.4754000000
1.7368000000
0.6908300000
0.7498700000
2.1397000000
2.1967000000
-0.3158200000
-1.7525000000
-0.9082400000
0.5748400000
1.6096000000
-0.6240100000
-0.7444000000
1.1968000000
-0.2411900000
-1.3438000000
-1.2744000000
-0.3405100000
0.1856100000
-1.1128000000
-1.6174000000
-1.7883000000
-1.2190000000
0.0695450000
0.8804800000
0.3833500000
-0.2819400000
-1.2772000000
-1.8424000000
-1.5228000000
-1.7491000000
-0.0739690000
-0.3333700000
-0.8307300000
-0.8617600000
-0.3142000000
-1.0961000000
-1.2060000000
-0.6171700000
0.8831800000
0.6066500000
0.6978200000
1.0278000000
0.5736600000
1.3075000000
-0.1517500000
-0.8561500000
0.3341300000
-0.2703600000
-2.1146000000
-1.9740000000
-2.9983000000
-1.7520000000
0.9694100000
-0.4573100000
2.8752000000
-0.6762800000
0.5025800000
-1.1214000000
1.2299000000
-0.6769300000
1.0927000000
0.4767300000
0.9588100000
0.5619800000
1.3085000000
-0.4609800000
-0.0130230000
-1.1184000000
-1.2469000000
-0.9411500000
1.3030000000
0.0327190000
-0.9708000000
0.1476900000
-0.6875100000
-0.8326800000
-0.4125300000
-0.9814000000
-0.8153500000
0.1565200000
-0.9444200000
-0.7814600000
0.0930360000
-1.1956000000
-1.7111000000
-1.7456000000
-1.4698000000
-0.6201400000
1.9910000000
1.1593000000
-2.1691000000
0.8043100000
1.4470000000
0.4167700000
1.0835000000
0.5962200000
1.5429000000
-0.4891900000
-0.3932300000
-0.3235100000
-1.6766000000
-3.6244000000
-1.8876000000
-0.1609600000
-2.5122000000
1.8847000000
-1.5665000000
-2.9125000000
1.1548000000
1.8907000000
-0.2065500000
-0.0816640000
-1.4727000000
-2.1981000000
-0.8336300000
-0.0977900000
-0.2038800000
-1.7206000000
-3.7501000000
-1.5915000000
-0.9429100000
0.4300200000
3.1670000000
-1.1548000000
0.1029200000
-1.4626000000
-0.1914900000
-1.8407000000
-1.7105000000
-2.8433000000
-0.2480500000
0.5990500000
-0.7818300000
1.3013000000
-1.3197000000
-0.6999500000
1.7595000000
0.4569900000
-1.1911000000
0.1917200000
0.5935700000
0.0016510000
-1.8818000000
-2.5172000000
-1.2585000000
-0.6044700000
1.4604000000
0.1910500000
-1.6218000000
-1.6008000000
-1.4594000000
-0.4514300000
1.2697000000
-0.4736400000
-0.5914900000
0.0266880000
-1.8108000000
-3.3236000000
-3.2202000000
-0.0022612000
-1.0075000000
-0.1330400000
-0.0337650000
-2.7858000000
-2.5947000000
-0.9638500000
-0.9482800000
2.4052000000
2.4601000000
-0.3227200000
-1.8882000000
-0.9071000000
0.3502900000
0.8184000000
0.6686100000
0.5410900000
0.9757900000
0.4376100000
0.6714600000
0.9594200000
0.5223700000
1.0328000000
0.5890200000
1.2945000000
-0.2034800000
-0.7023200000
0.1909600000
-1.2318000000
-2.0142000000
-0.8191600000
-0.1940700000
-0.0797030000
-2.0196000000
-2.9191000000
-3.2424000000
-0.5744600000
0.8422900000
0.6120000000
2.1969000000
0.8961100000
-0.5691800000
0.8016700000
2.0672000000
0.5101100000
-0.9378100000
1.0164000000
1.6140000000
-0.5958900000
-0.0186130000
-0.3808400000
-1.5955000000
-3.5602000000
-1.8248000000
-0.2032800000
-2.4346000000
2.0183000000
-1.2842000000
-2.0004000000
1.6954000000
-0.2262000000
-1.1320000000
0.5308900000
1.1586000000
-0.5069200000
0.0975580000
-0.9341900000
-0.7552100000
-0.1340100000
-1.4900000000
-2.9518000000
-1.8875000000
0.0096005000
-2.7081000000
1.3145000000
-1.6816000000
-1.8853000000
1.1160000000
0.3799600000
1.8813000000
0.6555400000
-0.6316100000
1.0805000000
0.7301200000
0.7757800000
1.5848000000
-0.1022700000
-1.5764000000
-1.5001000000
-1.2737000000
0.3634100000
1.7249000000
-0.5251100000
-1.5219000000
-1.1325000000
0.5780100000
1.8109000000
0.1839300000
-2.1569000000
-0.1296600000
-2.2576000000
-0.4757600000
-1.6406000000
-1.9394000000
-0.6954400000
0.0744860000
0.0770860000
-2.0696000000
-2.5561000000
-1.9025000000
-1.1386000000
-0.1212200000
1.5919000000
-1.4779000000
-2.7926000000
0.6088900000
2.3416000000
0.5672000000
1.0570000000
-0.2781100000
0.9948700000
-0.3414000000
-0.6700200000
-0.3592100000
-1.4654000000
-2.9567000000
-1.7857000000
-0.2943700000
-2.1534000000
1.5073000000
-3.0210000000
-1.1761000000
2.3657000000
1.3013000000
0.2359200000
-0.7679600000
2.2444000000
0.7111000000
-0.9231700000
0.7661100000
2.7266000000
0.0991270000
-0.7576700000
-1.2629000000
0.4590200000
0.1987500000
-0.6479300000
-0.8828600000
-0.4282600000
-0.8517600000
-0.5712600000
-0.6148600000
-0.7230200000
-0.6559700000
-0.5495600000
-0.9050900000
-0.6527700000
-0.1819400000
-1.8190000000
-3.0687000000
-3.2094000000
-0.1415200000
-0.9118900000
-0.0671400000
-0.2548800000
-2.7642000000
-2.4634000000
-0.8108600000
-1.2035000000
1.5883000000
0.3811900000
-0.4392200000
0.0987510000
-1.4879000000
-3.2636000000
-2.3420000000
1.9109000000
-2.1821000000
0.8852200000
0.8056000000
3.0943000000
0.6971300000
1.9219000000
-0.5971800000
0.6142500000
0.8512400000
1.3627000000
-0.9070400000
1.0977000000
1.3667000000
0.0767420000
-0.5328300000
0.2089400000
-1.5105000000
-3.1203000000
-2.2111000000
1.6239000000
-3.1626000000
0.0873810000
1.4400000000
-2.4609000000
1.1657000000
-0.8547200000
2.0345000000
2.6229000000
-1.0450000000
0.5336800000
1.6601000000
0.7162500000
-0.4683100000
0.9882700000
0.5331300000
0.4109600000
0.3192600000
-0.5623000000
-1.0655000000
-0.8646300000
0.4815000000
0.5771600000
0.1743800000
-1.2722000000
-1.6245000000
-1.5245000000
-1.0259000000
1.6253000000
0.7608400000
0.4106400000
1.3756000000
-0.3603100000
-1.0561000000
0.2274300000
-0.2141400000
-2.1541000000
-1.9361000000
-3.2412000000
-2.0765000000
2.3585000000
-0.9045300000
2.2425000000
1.6690000000
-0.6906300000
-0.6400100000
2.5613000000
0.4252700000
-0.9436000000
-0.6474000000
2.0322000000
-0.1108800000
-3.3095000000
-2.5095000000
1.6073000000
-3.4662000000
0.0558310000
1.4431000000
-2.4903000000
1.1423000000
-0.7076200000
1.8449000000
1.5088000000
-2.4641000000
0.6458000000
1.8017000000
0.5522300000
0.5460400000
1.2857000000
0.0073885000
-1.2701000000
-0.7443500000
0.8758900000
0.8355900000
0.9412600000
1.1074000000
0.9770600000
1.5176000000
0.4670700000
0.8714100000
1.6070000000
-0.0462050000
-1.6657000000
-1.4491000000
-1.3745000000
0.1537700000
0.8196600000
0.5582600000
0.4430700000
0.2959900000
-0.6660300000
-0.7134500000
-0.4039900000
-1.2987000000
-2.1436000000
-0.4661700000
-1.3036000000
-0.5334300000
0.6401600000
0.3986400000
-0.3368700000
-1.5490000000
-2.7470000000
-1.0632000000
0.7257000000
1.1916000000
1.4855000000
-0.7938600000
1.2983000000
0.7062900000
1.4386000000
-0.1367900000
-0.7135400000
0.3010000000
-0.6457400000
-1.1150000000
-0.9475800000
0.5632000000
1.0842000000
-0.1566800000
-0.9675500000
0.0355400000
-1.2419000000
-1.8057000000
-1.5525000000
-1.7035000000
-0.2293800000
-0.0231940000
-1.2034000000
-1.9306000000
-1.3928000000
-1.6963000000
0.0540140000
-0.0924220000
-1.3468000000
-2.4619000000
-0.1271700000
-1.9012000000
-1.9205000000
-1.5225000000
-1.6325000000
0.3792500000
1.3232000000
-0.2509900000
-1.0394000000
0.0452840000
-0.8772300000
-0.6955300000
-0.1634600000
-1.7563000000
-3.1596000000
-3.1598000000
0.0000228300
-1.0563000000
-0.2641200000
0.2526700000
-1.8519000000
-2.8613000000
-2.3903000000
1.5217000000
-2.4891000000
1.8914000000
0.8640400000
0.1334100000
1.4731000000
-0.7655400000
-0.3182200000
-0.0452170000
-1.9127000000
-3.2875000000
-3.6096000000
0.9542700000
0.0641120000
0.3373000000
0.7481100000
-0.5153300000
-0.4891200000
-0.8090400000
-0.6460500000
-0.5427500000
-0.8306100000
-0.6374600000
-0.4051200000
-1.3453000000
-2.3787000000
-0.0038255000
-2.0613000000
-1.1093000000
-0.8564700000
1.8039000000
0.8630400000
-0.8339500000
1.8473000000
1.3498000000
-2.3235000000
1.0929000000
0.6547800000
2.2960000000
2.8621000000
-1.4648000000
-0.6596700000
1.1576000000
1.7941000000
-0.4625200000
-0.8993000000
1.1494000000
0.2576700000
-0.4657500000
-0.4526000000
-1.3209000000
-2.4147000000
0.0600820000
-1.9264000000
-1.6571000000
-2.0910000000
0.2206700000
-0.2845500000
-0.7116800000
-0.5243400000
-1.3244000000
-1.9963000000
-0.9356600000
-0.1455900000
0.1921900000
-1.3305000000
-2.7631000000
-0.6979000000
0.7829000000
0.1888500000
0.7113700000
-0.2950300000
-1.1420000000
-1.1574000000
-0.1338100000
-0.5576200000
-0.8459700000
-0.8302900000
-0.0422450000
-1.5313000000
-2.9341000000
-1.8787000000
-0.0094217000
-2.6474000000
1.4993000000
-2.1419000000
-0.9119700000
1.6859000000
0.9071700000
0.3682800000
1.2375000000
0.2194800000
-0.6278300000
0.1592100000
-1.3703000000
-2.6250000000
-0.2824600000
-1.0590000000
-0.8720200000
1.6985000000
-0.7537700000
-0.5372000000
0.7005000000
0.8141300000
0.0506310000
-0.8172500000
-0.1297600000
-1.7916000000
-2.9881000000
-2.8489000000
0.6213300000
0.4318300000
1.2401000000
0.2977100000
-0.4665100000
-0.1938400000
-2.0042000000
-2.7139000000
-2.4126000000
0.8394600000
-0.1795100000
0.9642300000
0.4808900000
0.1699900000
-0.8012300000
-0.3529600000
-1.4416000000
-2.5609000000
-0.2975200000
-1.2059000000
-1.1734000000
0.9770300000
1.0155000000
1.2140000000
0.5526300000
1.8839000000
0.9815200000
-0.7093700000
1.7693000000
0.9903600000
-1.0484000000
1.5772000000
1.1181000000
-0.4022400000
0.8614700000
1.3284000000
-0.8460700000
0.8568900000
2.0399000000
1.3988000000
-2.3438000000
1.0949000000
0.8341800000
2.2169000000
3.1569000000
-1.5442000000
-0.4215400000
0.0418270000
0.4391600000
-1.6186000000
-2.8840000000
-1.4467000000
0.0148260000
-1.2595000000
0.7315200000
0.5867300000
1.3235000000
-0.6895200000
0.5883800000
1.4231000000
-0.9118400000
0.1045500000
0.3675400000
-0.5339900000
-1.5961000000
-2.6815000000
-0.7648300000
0.8377100000
0.6871400000
2.3473000000
1.1644000000
-1.0713000000
0.6300300000
3.6613000000
1.4465000000
-1.9820000000
-0.9758500000
1.7692000000
1.4295000000
-1.5178000000
-0.7395500000
2.7901000000
0.9847300000
0.4827100000
-0.2162400000
0.9579200000
-0.9830400000
0.1687600000
-0.0905750000
-1.9104000000
-3.0580000000
-3.3724000000
-0.0024622000
-0.8889100000
-0.0219770000
-0.2189200000
-2.8477000000
-2.8349000000
-1.6195000000
-2.2787000000
1.1823000000
0.5457600000
1.7443000000
1.0818000000
-0.9168100000
2.0291000000
2.5169000000
-0.6230400000
0.1264200000
-0.5841900000
0.0435020000
-2.8027000000
-2.3937000000
-0.6330600000
-1.7104000000
0.0983430000
-0.9558900000
0.1472700000
-0.8257500000
-0.6266000000
-0.4364900000
-1.2032000000
-1.7632000000
-1.6788000000
-1.7432000000
-0.5708700000
1.0872000000
0.7503800000
1.1354000000
0.5249900000
1.6015000000
-0.3026200000
-1.3525000000
-0.9603200000
1.0882000000
0.6743200000
1.4822000000
-0.3266300000
-0.6743200000
0.3960600000
-0.2759000000
-2.2672000000
-1.4554000000
-3.4461000000
-0.5561000000
2.4343000000
-0.7047400000
0.8801800000
-0.3547800000
1.0312000000
-0.8728200000
0.6650000000
1.3752000000
-0.5887500000
-0.0157370000
-0.6518200000
-0.8280200000
-0.8323300000
0.0906290000
-1.3353000000
-2.2323000000
-0.2004400000
-2.0662000000
-0.8175200000
-0.5725400000
0.7448200000
0.8366800000
0.1779800000
-0.3539500000
-1.2418000000
-1.9138000000
-1.3176000000
-1.3548000000
0.8022800000
2.4988000000
1.7930000000
-0.6208500000
-1.2353000000
1.7440000000
0.3151000000
-1.1155000000
0.4029800000
1.1566000000
-0.7341900000
0.5617500000
1.2452000000
-0.6430500000
0.2296100000
-0.0118380000
-2.1108000000
-2.3428000000
-1.8639000000
-1.7906000000
-0.8290100000
2.0519000000
2.1801000000
-0.3397100000
-1.8758000000
-0.5804000000
-0.2830100000
-0.8312400000
-0.4769500000
-1.2761000000
-1.7137000000
-1.6806000000
-1.4717000000
-0.3666300000
1.0237000000
0.3436600000
-0.2116400000
-1.4023000000
-2.3304000000
-0.1610100000
-2.0360000000
-1.0862000000
-0.8301900000
1.7880000000
0.6737800000
-0.7141600000
1.4075000000
-0.1057200000
-1.7794000000
-1.7649000000
-2.0878000000
-0.0740570000
-1.0371000000
0.3952200000
0.4803400000
-0.2648500000
-1.7646000000
-2.8504000000
-2.0981000000
0.6417300000
-0.7414900000
3.0506000000
-0.4014800000
-0.2149500000
-3.3422000000
-1.6966000000
-2.0093000000
-2.1846000000
1.7015000000
-1.0190000000
0.9096200000
2.8127000000
1.0602000000
0.7148100000
0.6498600000
3.4684000000
0.5670400000
0.6096600000
0.1402300000
0.5265700000
-0.7465200000
-0.2710700000
-1.4650000000
-2.6666000000
-0.7169800000
0.5832300000
0.4453100000
1.2387000000
-1.4785000000
-1.1679000000
1.0440000000
2.0895000000
1.7619000000
-1.3751000000
-1.2317000000
2.3463000000
3.1730000000
-1.3151000000
-0.1806000000
-0.1025100000
-0.3134600000
-3.0825000000
-3.6511000000
-0.8533000000
-0.5947000000
1.3389000000
-0.0520160000
-2.0643000000
-0.8446000000
-0.8583100000
1.4180000000
-0.2552800000
-1.5631000000
-1.6792000000
-1.5244000000
-0.9726500000
2.0159000000
2.0994000000
-0.5010500000
-1.2008000000
0.7407800000
1.9522000000
0.5866700000
-0.5304600000
0.7003700000
1.2454000000
-1.1558000000
0.1501800000
0.7529500000
0.6478600000
0.3155000000
-0.0925670000
-1.8201000000
-2.9588000000
-2.7871000000
0.8016100000
0.3240500000
1.2621000000
0.2254900000
-0.8324500000
0.5523000000
0.6350600000
0.2527400000
-0.7190600000
-0.3308000000
-1.5210000000
-2.9111000000
-1.7696000000
-0.3890800000
-1.6652000000
0.2293500000
-1.3240000000
-0.8521900000
0.9298100000
1.1321000000
0.2318800000
0.2085500000
-0.5034000000
-1.3379000000
-2.3154000000
0.1024300000
-1.9443000000
-1.3210000000
-1.4600000000
0.0877340000
0.5697700000
0.3483200000
-0.7594300000
-0.3851600000
-1.1127000000
-1.2620000000
-0.8286800000
1.2940000000
-0.1562900000
-1.1884000000
-0.6322000000
0.6231900000
0.4778400000
-0.0396160000
-1.8199000000
-2.6797000000
-1.6082000000
-1.0844000000
0.3993700000
3.0031000000
-0.9919800000
0.6854700000
0.1196300000
1.0920000000
-1.4157000000
-1.1302000000
1.0103000000
2.0101000000
1.4036000000
-1.9208000000
-0.1059700000
-0.0179990000
-0.9400900000
-0.9619200000
-0.2181100000
-0.9199900000
-0.6939700000
-0.1917500000
-1.6816000000
-3.2067000000
-2.9585000000
0.4747300000
0.0838760000
-0.4899800000
-0.1930800000
-2.8849000000
-2.9130000000
-1.8443000000
-1.8213000000
-1.1431000000
1.8035000000
1.6182000000
-1.3443000000
-0.7112300000
3.0823000000
0.3399300000
0.1563800000
-2.7690000000
-0.1145700000
-2.4555000000
-1.4198000000
-1.5365000000
-1.1327000000
2.2265000000
2.4855000000
-0.0024132000
-1.7633000000
-1.5568000000
-1.2547000000
0.3404000000
1.8784000000
-0.0028618000
-3.0321000000
-1.8993000000
-0.1015400000
-3.4698000000
0.3358600000
-0.1285000000
-3.1621000000
-1.5491000000
-1.7675000000
-2.4896000000
2.5822000000
0.4368300000
0.5570400000
0.7538400000
1.9304000000
0.0670420000
-2.2701000000
-0.0465770000
-2.2758000000
-0.6629900000
-0.8354500000
0.5888600000
1.3796000000
-1.5402000000
-1.5938000000
-0.2549100000
0.5090600000
0.4536500000
-0.4886100000
-1.0879000000
-0.8447300000
0.4759400000
0.5391700000
0.0460470000
-1.7367000000
-2.7667000000
-1.5998000000
-0.7733000000
0.5133900000
2.9039000000
-1.0964000000
0.3493500000
-0.5742300000
1.5186000000
-2.3743000000
-0.6093500000
-0.2801300000
-0.2211500000
-1.7817000000
-3.6913000000
-1.9926000000
0.0309040000
-2.5108000000
1.8324000000
-1.6125000000
-2.8424000000
1.3715000000
1.0045000000
-0.1748200000
1.8974000000
-0.1969200000
-3.1051000000
-2.2664000000
1.3021000000
-3.6114000000
1.9149000000
1.8926000000
-1.7405000000
-0.3304500000
0.4564800000
1.3251000000
-1.7306000000
-1.8652000000
-0.5764900000
0.9130900000
1.3968000000
-0.5659600000
0.1846400000
-0.0414610000
-2.2098000000
-2.0979000000
-2.6206000000
-0.6654700000
1.5082000000
-0.8635100000
1.0872000000
0.8017300000
1.9485000000
1.0660000000
-0.7084500000
1.8098000000
1.3104000000
-2.2157000000
0.9422900000
1.0881000000
1.6376000000
0.9825200000
0.4505100000
2.2103000000
2.0020000000
-1.0465000000
-1.0084000000
2.9895000000
0.8613400000
1.2480000000
-1.3248000000
1.7509000000
0.8488300000
0.7964400000
2.1873000000
2.6732000000
-0.9448000000
0.9596900000
1.3706000000
1.1434000000
-0.0379480000
0.5234800000
0.6705800000
0.1516500000
-1.1634000000
-1.0279000000
0.3688900000
0.6783600000
0.3701300000
-0.3779900000
-1.2301000000
-1.6686000000
-1.7122000000
-1.3972000000
-0.2836400000
0.8722300000
0.6191700000
0.4954800000
0.6316100000
0.7043700000
0.6691700000
0.9935000000
0.6170800000
1.4267000000
-0.3495700000
-0.6344300000
0.2862400000
-0.8664500000
-0.9665700000
-0.0118540000
-1.0732000000
-1.0812000000
-0.1405200000
-0.6578600000
-0.7002900000
-0.7771500000
-0.3165000000
-1.4770000000
-2.7926000000
-1.1722000000
0.4300200000
0.4947300000
1.9189000000
-0.7354100000
-1.1310000000
0.6434300000
2.1762000000
1.0022000000
-1.1185000000
0.9659900000
2.9684000000
0.1722200000
0.3432600000
-1.9141000000
-0.5304600000
-1.8736000000
-0.7528900000
-0.3275600000
-0.1522400000
-2.0470000000
-2.7663000000
-2.6918000000
0.4461600000
0.0943250000
-0.3178100000
-1.0364000000
-1.6635000000
-1.9154000000
-1.2392000000
-0.3734900000
1.3290000000
-0.8126100000
-0.0687170000
-0.4678200000
-1.1691000000
-1.9754000000
-1.0143000000
-0.5122600000
1.3468000000
-0.8506300000
-0.1132500000
-0.3348500000
-1.5876000000
-3.5734000000
-1.8085000000
-0.2854500000
-2.1756000000
1.6614000000
-2.8052000000
-0.8640600000
2.4742000000
1.1909000000
0.2061400000
-1.0284000000
1.9772000000
0.4202000000
-1.2942000000
-0.4833500000
1.1851000000
-0.8002200000
0.4252600000
0.8261500000
0.5396800000
0.4074200000
0.2734600000
-0.8928200000
-0.5848300000
-0.2457900000
-1.7908000000
-3.1881000000
-3.2942000000
0.0299250000
-0.9812700000
-0.0788590000
-0.0644660000
-2.8443000000
-2.8500000000
-1.7008000000
-2.1866000000
0.6558500000
1.8101000000
0.7416200000
0.5000700000
1.5992000000
-0.0035997000
-2.1221000000
-0.3864300000
-1.9369000000
-1.3015000000
-1.5533000000
-0.1398900000
0.1264800000
-1.2728000000
-2.1770000000
-0.3846900000
-1.5946000000
-1.5798000000
-1.3270000000
-0.0695180000
0.5547600000
0.2475300000
-1.4127000000
-2.2695000000
0.1210500000
-1.7256000000
-1.7275000000
-1.5822000000
-1.0701000000
1.7771000000
1.3684000000
-1.6489000000
-0.6300700000
2.1351000000
1.9356000000
-1.5135000000
-2.6396000000
2.3851000000
2.2260000000
-0.0403880000
-1.4024000000
-0.6941000000
1.3372000000
-0.7342000000
0.3893700000
0.6736900000
0.5462900000
0.0720110000
-1.2059000000
-1.4624000000
-1.3490000000
-0.2208300000
0.2557400000
-0.8292700000
-0.9755000000
-0.2161500000
-1.0163000000
-0.8956000000
0.1547400000
-0.7036700000
-0.7265800000
-0.5314800000
-0.7595300000
-0.6453700000
-0.5497700000
-0.8915400000
-0.6453000000
-0.2347200000
-1.7590000000
-3.1692000000
-3.1779000000
-0.0133290000
-1.0610000000
-0.2940400000
0.3417500000
-1.4468000000
-2.6343000000
-0.2728500000
-0.8789100000
-0.5314700000
0.6998500000
-0.3627400000
-1.2120000000
-1.3992000000
-1.0397000000
1.0034000000
1.5571000000
-0.2092900000
-1.1651000000
0.0807600000
-0.5423500000
-1.0994000000
-1.2026000000
-0.4516800000
0.2985600000
-0.7395100000
-0.9130000000
-0.2924000000
-1.0679000000
-1.0976000000
-0.2196100000
-0.5658700000
-0.9180700000
-0.8675600000
0.1178000000
-1.0320000000
-0.9666000000
0.1482400000
-0.4884100000
-1.3093000000
-2.2307000000
-0.0960660000
-2.2788000000
-0.1819900000
-2.5013000000
-0.5629400000
-0.8011000000
-0.1909000000
-0.4397700000
-2.2745000000
-1.5627000000
-3.7427000000
0.2733200000
1.2248000000
-1.8053000000
0.1655100000
-0.9133300000
1.1923000000
-0.4335600000
-0.3047400000
-1.0448000000
-1.0057000000
-0.1523300000
-0.8032000000
-0.5833700000
-0.7718000000
-0.4062100000
-1.2980000000
-2.0540000000
-0.7821500000
-0.2829300000
0.0512860000
-1.8232000000
-3.4964000000
-2.8026000000
0.8194800000
0.2269300000
0.9849600000
1.0578000000
0.0023461000
-0.2433600000
-1.2850000000
-2.2243000000
-0.3421400000
-1.8113000000
-1.5390000000
-1.9001000000
-0.1585100000
-0.6932400000
0.4278500000
-0.3230900000
-1.9822000000
-2.3212000000
-1.5927000000
-2.0431000000
0.7246200000
1.5117000000
0.3079900000
0.1876900000
-0.4034400000
-1.2939000000
-2.3945000000
0.1329400000
-1.8277000000
-1.8376000000
-1.5157000000
-1.3025000000
1.1685000000
1.5423000000
0.1533100000
-0.4802100000
0.1880900000
-1.4843000000
-3.1509000000
-2.2178000000
1.6400000000
-3.1710000000
0.0356210000
1.3336000000
-2.3372000000
1.3765000000
-1.7525000000
-0.2438400000
0.4282500000
0.6039300000
-0.1787000000
-1.8187000000
-2.5613000000
-1.2049000000
-0.2780400000
0.1420100000
-0.3398300000
-2.8068000000
-2.5289000000
-0.6382700000
-1.4612000000
0.0633350000
-0.2072400000
-1.8100000000
-3.0313000000
-3.0939000000
-0.0878830000
-1.0113000000
-0.1892100000
-0.0184640000
-2.7549000000
-2.4580000000
-0.8481400000
-1.1471000000
1.8985000000
1.4305000000
-2.3429000000
1.0100000000
1.0556000000
1.6414000000
1.2474000000
-0.5475100000
1.6402000000
0.2280900000
-1.5652000000
-1.5721000000
-1.0471000000
1.0911000000
1.6899000000
0.1426400000
-1.1975000000
0.1277100000
-0.1558300000
-2.1252000000
-2.1023000000
-2.6313000000
-0.5877900000
1.2055000000
-0.4999000000
0.9309400000
0.2421600000
-0.1457800000
-1.9157000000
-2.5112000000
-1.5971000000
-1.6245000000
-0.7551900000
2.6239000000
1.3321000000
-1.0577000000
-0.5149600000
3.1232000000
-0.9824500000
0.3956800000
-0.7617700000
1.9021000000
-0.7841300000
-1.1052000000
0.7133600000
2.2876000000
1.2212000000
-1.6317000000
-0.9986500000
2.7094000000
1.7028000000
-0.2391300000
-3.0119000000
0.2399800000
-0.1124300000
-3.3738000000
-1.6056000000
-1.9335000000
-2.1833000000
1.8148000000
-0.6466100000
0.4804000000
1.7104000000
-0.5341500000
-1.6277000000
-1.1271000000
0.2928000000
0.9022600000
0.4912100000
0.3090400000
-0.1959100000
-1.8961000000
-2.8130000000
-2.4258000000
1.2320000000
-1.7910000000
0.8008200000
2.0375000000
2.3879000000
0.1679400000
-1.0870000000
0.2447600000
0.7679200000
-0.1329200000
-1.5280000000
-2.5020000000
-0.1318100000
-1.6219000000
-2.3192000000
0.6408900000
0.0270240000
-0.2065100000
-1.3480000000
-2.8688000000
-1.3172000000
-0.0707900000
-1.2944000000
0.3736700000
-0.3959200000
-0.7422000000
-0.7707800000
-0.3641200000
-1.3122000000
-2.1494000000
-0.4754700000
-1.2529000000
-0.3047600000
-0.1515100000
-2.1390000000
-2.1013000000
-2.7272000000
-0.9288300000
1.9918000000
0.9922500000
0.2031800000
0.1647900000
0.0878720000
-2.5677000000
-1.7013000000
-3.1912000000
-2.1650000000
3.1367000000
-3.1003000000
1.6567000000
-0.5506700000
-0.1531700000
0.6901000000
-0.3115100000
-1.8319000000
-2.4191000000
-0.9794800000
0.0823370000
0.2009500000
-0.6895500000
-1.5154000000
-2.3682000000
0.0658160000
-1.7115000000
-1.9229000000
-0.9945300000
0.2197100000
1.2770000000
-1.0210000000
-0.1550500000
0.0698540000
-1.6513000000
-3.6210000000
-1.7961000000
-0.3544000000
-1.7940000000
0.4320500000
-0.9172200000
0.9740300000
0.8122200000
1.1447000000
0.5693400000
1.7051000000
0.1244700000
-1.6259000000
-1.5926000000
-1.3080000000
0.0587070000
0.7534400000
0.5172700000
0.0942230000
-1.2406000000
-1.5555000000
-1.5643000000
-0.9686700000
1.5752000000
0.5693500000
0.3310400000
0.6326400000
0.8060200000
0.2723600000
-0.1186300000
-1.7147000000
-3.0889000000
-2.8679000000
0.7291700000
0.3769100000
1.2800000000
0.2283200000
-0.8407100000
0.6045200000
0.7838000000
0.4206800000
0.3403600000
-0.2901100000
-1.8082000000
-2.9498000000
-2.6721000000
1.1930000000
-1.2984000000
1.1062000000
2.5129000000
2.0873000000
0.9474600000
-1.1132000000
2.7103000000
2.1576000000
1.4396000000
-3.3776000000
0.4128300000
3.0396000000
-1.8647000000
0.9259400000
-1.6608000000
1.9378000000
0.7462600000
0.6524900000
2.1127000000
2.2146000000
-0.4702700000
-1.1662000000
0.6293200000
1.9496000000
0.2715200000
-1.8478000000
-1.2400000000
-0.5333900000
1.3467000000
-0.5039600000
-0.7591700000
0.6014900000
0.6200900000
0.1187600000
-1.1484000000
-1.0776000000
0.1553000000
-0.1279700000
-2.0636000000
-2.4129000000
-1.8336000000
-1.7288000000
-1.0441000000
2.0465000000
2.5118000000
-0.2773600000
-1.1135000000
-0.2083100000
0.1187400000
-2.3064000000
-1.5855000000
-3.7760000000
0.3281000000
1.3846000000
-2.0173000000
0.5490800000
0.1031600000
0.5149300000
-0.1519400000
-2.2410000000
-1.4285000000
-3.3380000000
-0.7188900000
3.0195000000
-2.0973000000
1.8296000000
-3.1142000000
-0.0890910000
0.8643000000
-0.5985500000
1.4334000000
-1.5781000000
-1.8634000000
-0.3245000000
0.0244570000
-1.0211000000
-1.0730000000
-0.3591100000
-0.2004900000
-2.0338000000
-2.5732000000
-2.0467000000
-0.5576200000
-0.5164900000
1.4644000000
-1.7840000000
-2.5116000000
0.6231900000
1.5358000000
-0.5332200000
0.6604200000
1.0850000000
0.2656500000
-0.2304800000
-1.0810000000
-1.1739000000
-0.5535400000
0.6446700000
0.5346100000
0.0457180000
-1.5349000000
-2.6279000000
-0.5271000000
-0.0165730000
-1.8201000000
-1.7550000000
-3.2842000000
-1.2078000000
2.1165000000
0.6611300000
1.5585000000
-0.7424300000
1.4274000000
-0.2159400000
-0.7896400000
0.1294300000
-1.0501000000
-1.3360000000
-1.1070000000
0.7037200000
1.9970000000
0.9950900000
-1.1288000000
1.3272000000
1.5301000000
-0.4587600000
0.1254300000
-0.1451600000
-2.3086000000
-1.9450000000
-3.2072000000
-2.3574000000
3.2870000000
-2.4236000000
3.0059000000
-2.0912000000
2.2742000000
-0.4212500000
0.8683300000
0.3614900000
1.1178000000
-0.7969400000
0.9143900000
1.2200000000
0.1282200000
-0.3580700000
-0.6407400000
-0.9773400000
-0.8736600000
0.3338200000
-0.0993070000
-2.1543000000
-1.9527000000
-3.1282000000
-2.0436000000
2.1599000000
-0.8828900000
1.8560000000
0.8573900000
0.6051100000
1.6941000000
0.7571800000
-0.1122200000
0.0815250000
-1.1878000000
-2.1155000000
-0.5789200000
-0.9716700000
0.8497800000
1.3353000000
-0.7125900000
0.8731800000
1.6419000000
-0.2359100000
-1.7368000000
-1.3325000000
-1.1651000000
1.1761000000
1.3227000000
-0.0278530000
-0.3057900000
-0.7012500000
-0.9305200000
-0.7141200000
0.2038200000
-1.0839000000
-1.2232000000
-0.5869400000
0.8641600000
0.5817000000
0.6045700000
0.8273000000
0.8778000000
1.0039000000
1.1087000000
0.9922600000
1.5992000000
0.6004800000
1.0068000000
1.5369000000
0.2263800000
-0.5172000000
0.3439500000
-0.6967700000
-1.0525000000
-0.5944200000
0.2041800000
-1.1981000000
-1.7575000000
-1.6308000000
-1.6372000000
-0.5093800000
1.1518000000
0.2567900000
-0.3925000000
-0.8982600000
-0.4697700000
-0.9713700000
-0.5928100000
-0.2532900000
-1.7272000000
-3.2323000000
-3.1078000000
0.0881580000
-1.0018000000
0.0292510000
0.0467500000
-2.6054000000
-1.8474000000
-2.8812000000
-1.9091000000
1.6415000000
-2.2082000000
1.9372000000
0.1427600000
-0.7348400000
0.9936600000
0.5424800000
0.4791500000
0.6751100000
0.6594500000
0.6585800000
0.9632900000
0.6438900000
1.4107000000
-0.3193400000
-0.6673600000
0.3442800000
-0.5748200000
-1.3206000000
-1.9011000000
-1.1079000000
-0.3623900000
1.0159000000
0.0490940000
-1.4918000000
-2.0468000000
-0.6441500000
-0.2922900000
-0.1331500000
-2.1539000000
-2.4305000000
-1.9939000000
-1.2666000000
-0.4678600000
2.3346000000
1.3003000000
-2.5891000000
0.0742320000
0.6366400000
-0.0797020000
-0.6520400000
-1.2625000000
-1.5468000000
-1.4957000000
-0.7959500000
1.8438000000
0.9141400000
-0.8175600000
1.7798000000
1.1777000000
-1.6567000000
-0.3219600000
0.8445200000
0.9751600000
0.3120400000
0.3578100000
0.0013869000
-2.0811000000
-2.1389000000
-2.3016000000
-0.3289500000
-0.5792300000
0.3406800000
-0.5444100000
-1.5877000000
-2.7231000000
-0.8891700000
1.0203000000
0.3615300000
1.8218000000
-0.6103000000
-1.1035000000
0.4330700000
1.3446000000
-1.4063000000
-1.2945000000
0.7622000000
2.7569000000
0.7594200000
1.3351000000
-1.3381000000
1.2909000000
0.6431500000
2.2665000000
2.0657000000
-0.0413910000
-2.6776000000
0.6768300000
0.6066400000
0.2721000000
1.1187000000
-1.1400000000
0.0026460000
0.0125930000
-1.6545000000
-3.5620000000
-2.0490000000
0.6543600000
-0.9928000000
3.2611000000
0.3942200000
0.6265000000
-0.7862700000
1.9650000000
-0.0375650000
-2.8780000000
-1.6149000000
-0.8684100000
-0.5011100000
2.6569000000
-0.6297700000
-0.5843700000
-1.2619000000
0.2642700000
-0.8653800000
0.1895800000
-1.0753000000
-0.9906900000
0.2168900000
-0.1067200000
-2.1643000000
-2.0200000000
-2.9310000000
-1.6608000000
0.7292900000
0.4173200000
3.0355000000
-1.0437000000
0.7746100000
0.1673300000
1.4972000000
-2.1687000000
-0.8579300000
0.0939440000
0.6955100000
0.3185100000
-1.0203000000
-0.3473300000
-0.6757200000
-0.6218200000
-0.9055100000
-0.4952400000
-0.6235300000
-0.7624000000
-0.6370900000
-0.5002200000
-1.0767000000
-1.1523000000
-0.3347100000
-0.1835600000
-1.9290000000
-2.9553000000
-3.2165000000
-0.4224300000
0.1108000000
-1.4026000000
-1.2584000000
-1.1858000000
1.0846000000
1.2499000000
0.3038100000
0.7085200000
1.3772000000
-0.7961500000
0.5626600000
1.7805000000
-0.2052400000
-2.6854000000
-0.3304900000
-1.1119000000
-1.5965000000
-0.1825700000
-1.3364000000
-1.0121000000
0.3949000000
0.9487200000
0.1571300000
-0.8313900000
0.0694630000
-1.4031000000
-2.5514000000
-0.1745400000
-1.5100000000
-2.3770000000
1.0729000000
-0.7907600000
1.8011000000
1.3925000000
-2.2225000000
0.7820300000
1.4600000000
0.5219600000
1.3987000000
-0.1244300000
-0.8124400000
0.2962000000
-0.4351000000
-1.7203000000
-2.9801000000
-2.4246000000
1.7272000000
-2.3312000000
1.2904000000
-0.2224000000
0.4622000000
1.0255000000
-0.5598100000
-0.0019213000
-1.1764000000
-1.5987000000
-1.9127000000
-0.7536500000
0.5852300000
1.9287000000
0.3133900000
-2.0136000000
-0.5286800000
-0.6179500000
0.3083200000
-0.6179900000
-1.3290000000
-1.8795000000
-1.1463000000
-0.4217500000
1.2705000000
-0.7282000000
-0.0577460000
-0.7175600000
-0.5496100000
-1.2662000000
-1.6571000000
-1.6631000000
-1.3099000000
0.2087600000
1.2389000000
-0.6209500000
-0.0470570000
-0.9399000000
-0.6658800000
-0.3854500000
-1.1224000000
-1.4545000000
-1.5464000000
-0.9507100000
1.4804000000
0.3917200000
-0.0003510600
-0.8609200000
-0.2426400000
-1.8502000000
-2.6747000000
-1.7921000000
-0.9792900000
0.1650900000
2.0150000000
-0.2012700000
-3.4532000000
-2.0396000000
0.4894800000
-2.2154000000
2.6394000000
-0.9666300000
1.0765000000
0.5773900000
2.8376000000
-0.1792500000
-0.4311300000
-2.7001000000
-0.0689110000
-2.8746000000
-2.5898000000
1.0189000000
-1.6787000000
0.6614500000
2.2951000000
2.3803000000
0.1583600000
-1.7647000000
-1.0881000000
0.3804100000
1.3155000000
-0.6652300000
-0.0158080000
-0.6479000000
-0.7735400000
-0.8673800000
-0.0515760000
-1.5618000000
-2.9468000000
-1.9932000000
0.4565500000
-1.3851000000
1.3064000000
-0.1977100000
-0.3368400000
-0.9274900000
-0.7599700000
-0.1991300000
-1.4664000000
-2.8480000000
-1.4275000000
-0.3770700000
-0.7087000000
1.8391000000
-1.2546000000
-2.3290000000
1.6335000000
-0.6396200000
-0.0461190000
0.4350900000
-0.7516300000
-0.9855900000
-0.1149600000
-1.1925000000
-1.5521000000
-1.7105000000
-1.1090000000
0.7334400000
2.6900000000
0.9463300000
0.5808100000
0.5234100000
2.7269000000
-0.3669600000
-0.6845000000
-1.4622000000
-0.4667000000
-0.8828800000
0.5053200000
0.1988500000
-1.3145000000
-1.9863000000
-0.8005400000
-0.0316200000
-0.1316600000
-2.0800000000
-2.6630000000
-2.3227000000
0.5170900000
-0.3155500000
0.7711200000
0.3843200000
-0.5261500000
-0.6295900000
-0.6453500000
-0.8122300000
-0.4743300000
-0.8943100000
-0.6012400000
-0.4009000000
-1.3591000000
-2.4638000000
-0.0347940000
-1.9068000000
-1.8817000000
-1.6438000000
-1.6424000000
0.0616690000
0.2252800000
-0.4866000000
-1.6139000000
-3.0608000000
-2.3068000000
1.7470000000
-2.6290000000
1.2751000000
0.3585500000
0.9067900000
2.1604000000
1.3265000000
-1.9483000000
-0.1746200000
0.0842620000
-0.8473400000
-0.7666800000
-0.3247800000
-1.1978000000
-1.7329000000
-1.7717000000
-1.5548000000
-0.8629600000
2.1974000000
2.4701000000
-0.5221400000
-0.7361700000
0.8961600000
1.2878000000
-1.0271000000
0.8966700000
2.2676000000
2.1836000000
-0.0221130000
-2.3172000000
0.8180700000
-0.2015900000
-0.5546900000
0.1909800000
-2.1312000000
-1.9552000000
-3.0482000000
-1.7660000000
1.1181000000
-1.1341000000
3.2475000000
0.9648800000
1.5922000000
-1.4725000000
0.4044300000
1.5114000000
0.1205500000
-1.6605000000
-1.5782000000
-1.5857000000
-0.6353700000
1.6382000000
-0.1106800000
-2.2823000000
-0.1923300000
-2.4985000000
-0.5604600000
-0.8119300000
-0.1850100000
-0.4287100000
-2.3029000000
-1.5266000000
-3.6742000000
0.0705900000
0.7759500000
-0.9473600000
1.8612000000
0.0404160000
-2.2666000000
-0.2632500000
-2.0815000000
-1.1898000000
-1.2836000000
0.5991300000
2.5289000000
1.0813000000
-0.5090300000
-0.1217900000
0.4125900000
-1.5834000000
-2.9920000000
-1.8136000000
0.1665800000
-2.1094000000
1.4724000000
-2.8234000000
-0.1973100000
0.6900700000
-0.3728900000
0.1773000000
-2.1162000000
-1.8208000000
-3.5294000000
-0.9479200000
2.8079000000
-0.5874900000
2.2605000000
-0.8188800000
0.6489800000
0.4785900000
1.8163000000
-0.9920400000
-0.9088200000
1.8693000000
1.3075000000
-2.4495000000
1.2981000000
0.1177300000
-0.0949080000
-0.2731100000
-2.5446000000
-1.8827000000
-3.0080000000
-2.3735000000
3.3262000000
-2.1968000000
2.4311000000
-0.4666700000
1.1991000000
-0.8970800000
1.8369000000
0.4367800000
-0.5855200000
0.3545500000
0.1605200000
-2.1993000000
-1.6079000000
-3.6112000000
-0.1400800000
0.7832000000
-1.0728000000
1.5098000000
-0.7308600000
0.5742900000
1.4560000000
-0.7213600000
-0.1250800000
-0.3292100000
-1.7435000000
-3.5913000000
-2.2066000000
1.1192000000
-1.9842000000
2.2129000000
1.3023000000
-0.8117600000
1.6028000000
1.4011000000
-1.5125000000
-0.5749400000
2.1861000000
1.8279000000
-2.0876000000
-1.5708000000
-0.4313100000
1.4033000000
-0.2766400000
-1.5927000000
-1.8274000000
-1.3642000000
-0.9344900000
2.4526000000
2.3257000000
0.3155000000
-1.8369000000
-0.3476600000
-0.6830200000
0.1853200000
-1.2657000000
-2.1986000000
-0.1734000000
-2.1852000000
-0.4005900000
-1.9177000000
-1.4688000000
-2.0014000000
0.3489500000
0.2094200000
-0.2049900000
-1.8806000000
-3.0920000000
-3.3544000000
0.0097306000
-0.9119500000
-0.0208520000
-0.1661300000
-2.8952000000
-3.0524000000
-2.2455000000
-0.1085300000
-2.0082000000
0.3091600000
-1.5210000000
-1.3835000000
-0.5535400000
1.1980000000
-0.0979130000
-1.3960000000
-1.6192000000
-1.3507000000
-0.4285000000
1.2039000000
-0.4133900000
-0.8054400000
0.3109900000
-0.4470900000
-1.6502000000
-2.9769000000
-2.1829000000
1.2706000000
-2.6333000000
2.7490000000
0.7468900000
1.3443000000
-0.1762200000
0.6712100000
0.4900600000
0.3569100000
-0.6047400000
-0.5521300000
-0.9528100000
-0.6764500000
-0.0437520000
-1.7416000000
-3.1817000000
-3.1201000000
0.0831040000
-0.9703200000
0.0639170000
0.0665020000
-2.5878000000
-1.7718000000
-3.0904000000
-2.3041000000
3.4437000000
-2.0282000000
1.6641000000
-1.8704000000
0.4901600000
1.1115000000
1.4885000000
-0.3986500000
-0.2065700000
-0.6518400000
-0.9334800000
-0.9350700000
0.2373300000
-0.4420000000
-1.4178000000
-2.6504000000
-0.3834400000
-0.6674700000
-0.6478300000
0.6369300000
-0.4568600000
-0.9059700000
-0.4327300000
-0.7821500000
-0.6083900000
-0.6396300000
-0.6683100000
-0.6906200000
-0.5644300000
-0.8364700000
-0.5555000000
-0.6248000000
-0.7392500000
-0.6263100000
-0.5818900000
-0.8418400000
-0.5835300000
-0.5065800000
-1.0713000000
-1.1647000000
-0.3933000000
0.0208440000
-1.8140000000
-3.2309000000
-3.3661000000
0.2079300000
-0.5482600000
-0.2907800000
-0.6171800000
-1.8307000000
-2.6604000000
-1.4585000000
-0.8733400000
1.2394000000
1.7725000000
-0.3100000000
-1.2614000000
-0.1196100000
-0.5194500000
-1.1629000000
-1.5153000000
-1.5915000000
-1.0631000000
1.1843000000
1.2975000000
0.0738080000
-0.1569100000
-0.9480400000
-0.9409100000
-0.1567900000
-1.0750000000
-1.1055000000
-0.2682700000
-0.4173000000
-1.4176000000
-2.8441000000
-1.2675000000
0.1481800000
-0.7676300000
1.6524000000
-1.7788000000
-2.5871000000
0.4875100000
1.5999000000
-0.9939200000
0.8507600000
1.9810000000
1.7455000000
-1.9048000000
-1.1973000000
1.0008000000
2.7708000000
1.1798000000
0.4324400000
0.0286250000
0.9707300000
-0.9247100000
0.2692800000
0.2497300000
-1.0545000000
-1.2858000000
-0.7325100000
1.1766000000
-0.0112310000
-1.1157000000
-0.4816800000
-0.0065197000
-1.9653000000
-2.6975000000
-2.2511000000
0.6268300000
-0.3209800000
1.2405000000
-0.9390300000
0.0456710000
-0.1412000000
-1.8960000000
-3.2440000000
-3.5726000000
0.8114700000
0.5009300000
1.7165000000
0.8962400000
-0.6503500000
1.7950000000
0.6231900000
-0.7905000000
1.3241000000
0.1786100000
-0.9882500000
0.2889100000
0.0085432000
-2.1286000000
-1.9997000000
-2.9176000000
-1.4987000000
0.8439800000
0.7492400000
3.7185000000
1.7180000000
-1.2843000000
-1.4409000000
1.7045000000
1.0195000000
0.0149060000
0.4831900000
0.7544600000
-0.0584330000
-1.4341000000
-2.1587000000
-0.3737600000
-1.4781000000
-1.2441000000
-0.0407240000
-0.1439100000
-1.7274000000
-3.4881000000
-2.6059000000
1.4980000000
-2.3679000000
1.6899000000
0.0864840000
-0.9328700000
1.4532000000
-0.6758300000
-0.1105000000
-0.6201600000
-0.7323200000
-1.0437000000
-0.4969300000
-0.2440500000
-1.8073000000
-3.1820000000
-3.3598000000
0.1364800000
-0.7686700000
0.1517300000
-0.0424600000
-2.9567000000
-3.2211000000
-2.2184000000
-0.0943710000
-2.0937000000
0.7435100000
-0.6083800000
1.1004000000
0.4253400000
0.1953400000
-0.6429700000
-0.5884500000
-0.9892400000
-0.6563100000
0.0217810000
-1.6556000000
-3.2199000000
-2.8449000000
0.9427400000
-0.2014900000
0.4727600000
1.0216000000
-0.8604200000
0.6502400000
1.5940000000
-0.7052700000
-0.3519700000
0.1723700000
-1.4058000000
-3.1054000000
-2.0073000000
0.7296000000
-1.2285000000
2.6544000000
1.3811000000
-0.4670200000
-1.0751000000
2.1784000000
1.1904000000
-1.8849000000
-0.4504100000
1.0048000000
0.7586500000
1.1796000000
0.2257000000
0.3605300000
-0.0321380000
-2.0302000000
-2.4068000000
-1.6628000000
-1.9532000000
0.0448130000
-0.1346100000
-1.1870000000
-1.5790000000
-1.9215000000
-0.6753600000
0.3959500000
1.1028000000
-0.5049000000
-0.3385700000
-0.7982500000
-0.7039400000
-0.5729000000
-0.5871400000
-0.9763600000
-0.7764800000
0.2341400000
-0.7472200000
