147500.0000000000
222670.0000000000
229870.0000000000
14279.0000000000
155510.0000000000
153170.0000000000
241240.0000000000
92131.0000000000
112640.0000000000
147980.0000000000
130.0000000000
205500.0000000000
220500.0000000000
235910.0000000000
140140.0000000000
37595.0000000000
248670.0000000000
13761.0000000000
85274.0000000000
135610.0000000000
53160.0000000000
201530.0000000000
123530.0000000000
96339.0000000000
94772.0000000000
50425.0000000000
110900.0000000000
121390.0000000000
143100.0000000000
194040.0000000000
248990.0000000000
239560.0000000000
54156.0000000000
56369.0000000000
48202.0000000000
47655.0000000000
29528.0000000000
184620.0000000000
142130.0000000000
6467.0000000000
98020.0000000000
175590.0000000000
213990.0000000000
144800.0000000000
115630.0000000000
230890.0000000000
33358.0000000000
59451.0000000000
24764.0000000000
120100.0000000000
233850.0000000000
211220.0000000000
113420.0000000000
217630.0000000000
239460.0000000000
110520.0000000000
237590.0000000000
206680.0000000000
78994.0000000000
131730.0000000000
80480.0000000000
116050.0000000000
126850.0000000000
217260.0000000000
189290.0000000000
60945.0000000000
66218.0000000000
136710.0000000000
160820.0000000000
242960.0000000000
185110.0000000000
5283.0000000000
196680.0000000000
172490.0000000000
80322.0000000000
24575.0000000000
66448.0000000000
223940.0000000000
212650.0000000000
223390.0000000000
144540.0000000000
80513.0000000000
92506.0000000000
198520.0000000000
114150.0000000000
30205.0000000000
94278.0000000000
151570.0000000000
4084.0000000000
188220.0000000000
160370.0000000000
111340.0000000000
188740.0000000000
237750.0000000000
60382.0000000000
193040.0000000000
92108.0000000000
207600.0000000000
168710.0000000000
79847.0000000000
2200.0000000000
212970.0000000000
168570.0000000000
59779.0000000000
34212.0000000000
196270.0000000000
88738.0000000000
248030.0000000000
130540.0000000000
186280.0000000000
44430.0000000000
68603.0000000000
60796.0000000000
39009.0000000000
237240.0000000000
68695.0000000000
199370.0000000000
215260.0000000000
177570.0000000000
104310.0000000000
229460.0000000000
225430.0000000000
239830.0000000000
117840.0000000000
179870.0000000000
184730.0000000000
107200.0000000000
138090.0000000000
165800.0000000000
35537.0000000000
67690.0000000000
21063.0000000000
129660.0000000000
65869.0000000000
236500.0000000000
227560.0000000000
100230.0000000000
131720.0000000000
37634.0000000000
8767.0000000000
192720.0000000000
175490.0000000000
18286.0000000000
257500.0000000000
90332.0000000000
225990.0000000000
34458.0000000000
138550.0000000000
81064.0000000000
139200.0000000000
28550.0000000000
199120.0000000000
20916.0000000000
116730.0000000000
29362.0000000000
36015.0000000000
111490.0000000000
187380.0000000000
152090.0000000000
110030.0000000000
122380.0000000000
207150.0000000000
79946.0000000000
190760.0000000000
168790.0000000000
118450.0000000000
100920.0000000000
134210.0000000000
193120.0000000000
209260.0000000000
71010.0000000000
141980.0000000000
224180.0000000000
76389.0000000000
191820.0000000000
242880.0000000000
117950.0000000000
180640.0000000000
232950.0000000000
33687.0000000000
76040.0000000000
32413.0000000000
50406.0000000000
234420.0000000000
127250.0000000000
6105.0000000000
104980.0000000000
96271.0000000000
127580.0000000000
44117.0000000000
166270.0000000000
252840.0000000000
19436.0000000000
175250.0000000000
90282.0000000000
128140.0000000000
90808.0000000000
255500.0000000000
78614.0000000000
10147.0000000000
197700.0000000000
227270.0000000000
160070.0000000000
14079.0000000000
23312.0000000000
119370.0000000000
190640.0000000000
82331.0000000000
114840.0000000000
46977.0000000000
112730.0000000000
243700.0000000000
69096.0000000000
211710.0000000000
214340.0000000000
94995.0000000000
87668.0000000000
123960.0000000000
92274.0000000000
97007.0000000000
199360.0000000000
158130.0000000000
207330.0000000000
19339.0000000000
972.0000000000
256630.0000000000
69898.0000000000
236390.0000000000
212500.0000000000
189040.0000000000
54390.0000000000
172160.0000000000
85156.0000000000
70569.0000000000
103200.0000000000
114660.0000000000
252530.0000000000
102820.0000000000
245130.0000000000
179070.0000000000
138620.0000000000
55393.0000000000
76986.0000000000
48599.0000000000
31432.0000000000
43485.0000000000
59558.0000000000
11251.0000000000
46164.0000000000
9497.0000000000
221650.0000000000
182220.0000000000
125220.0000000000
241430.0000000000
160060.0000000000
244720.0000000000
38188.0000000000
76881.0000000000
76394.0000000000
227530.0000000000
159480.0000000000
235850.0000000000
258650.0000000000
245860.0000000000
172290.0000000000
228750.0000000000
44418.0000000000
242110.0000000000
105420.0000000000
170760.0000000000
153710.0000000000
245080.0000000000
74076.0000000000
4289.0000000000
96922.0000000000
110780.0000000000
20648.0000000000
17341.0000000000
248450.0000000000
40787.0000000000
233140.0000000000
65913.0000000000
32306.0000000000
63919.0000000000
49152.0000000000
92405.0000000000
254880.0000000000
36171.0000000000
188680.0000000000
125620.0000000000
253770.0000000000
159140.0000000000
162140.0000000000
21549.0000000000
230580.0000000000
202440.0000000000
84708.0000000000
241000.0000000000
214110.0000000000
22047.0000000000
