36.2000000000
34.8000000000
65.4000000000
46.6000000000
8.0000000000
4.0000000000
2.0000000000
0.0000000000
0.0000000000
1.6000000000
15.2000000000
31.8000000000
149.4000000000
51.2000000000
63.6000000000
74.8000000000
51.6000000000
37.2000000000
3.2000000000
10.2000000000
45.8000000000
85.2000000000
10.2000000000
0.8000000000
54.2200000000
51.8400000000
16.0000000000
31.8000000000
4.4000000000
265.4000000000
2.6000000000
2.0000000000
87.4000000000
122.2000000000
85.0000000000
8.4000000000
32.6000000000
13.0000000000
79.0000000000
14.4000000000
74.6000000000
24.0000000000
44.2000000000
21.2000000000
120.6000000000
58.2000000000
13.0000000000
34.8000000000
181.8000000000
182.6000000000
39.2000000000
69.6000000000
729.0000000000
342.4000000000
9.4000000000
41.8000000000
56.2000000000
95.6000000000
10.2000000000
59.6000000000
72.4000000000
89.6000000000
222.2000000000
146.6000000000
217.4000000000
60.2000000000
89.0000000000
73.0000000000
363.0000000000
130.4000000000
15.6000000000
29.6000000000
131.6000000000
1.4000000000
0.6000000000
31.2000000000
10.4000000000
127.8000000000
23.8000000000
4.2000000000
14.2000000000
203.6000000000
65.6000000000
18.4000000000
43.8000000000
28.6000000000
44.2000000000
38.0000000000
32.6000000000
205.4000000000
249.6000000000
150.4000000000
342.4000000000
289.8000000000
83.6000000000
165.2000000000
199.2000000000
51.4000000000
134.8000000000
59.2000000000
141.8000000000
15.0000000000
236.1600000000
300.2400000000
166.6000000000
364.4000000000
121.2000000000
137.6000000000
88.4000000000
150.2000000000
3.6000000000
52.4000000000
205.2000000000
186.6000000000
12.8000000000
13.6000000000
98.6000000000
112.2000000000
71.2000000000
51.8000000000
71.8000000000
23.0000000000
73.0000000000
105.2000000000
190.8000000000
19.0000000000
92.2000000000
88.2000000000
35.0000000000
0.0000000000
23.8000000000
24.8000000000
129.2000000000
77.0000000000
138.6000000000
19.8000000000
11.6000000000
65.8000000000
251.2000000000
408.6000000000
212.8000000000
66.6000000000
117.6000000000
74.0000000000
240.8000000000
145.0000000000
351.4000000000
172.0000000000
82.6000000000
37.8000000000
311.4000000000
41.6000000000
153.8000000000
78.8000000000
297.4000000000
300.0000000000
96.0000000000
106.8000000000
14.2000000000
36.8000000000
73.6000000000
188.6000000000
241.8000000000
61.2000000000
49.0000000000
74.0000000000
134.2000000000
43.0000000000
385.4000000000
207.6000000000
59.4000000000
60.0000000000
192.8000000000
390.2000000000
327.4000000000
378.6000000000
235.0000000000
241.2000000000
45.2000000000
155.0000000000
263.4000000000
284.6000000000
87.6000000000
85.2000000000
404.2000000000
240.4000000000
179.8000000000
534.8000000000
326.2000000000
163.8000000000
74.4000000000
26.2000000000
884.2000000000
349.6000000000
145.8000000000
97.4000000000
170.2000000000
240.4000000000
43.0000000000
168.8000000000
447.2000000000
99.8000000000
337.2000000000
375.2000000000
45.4000000000
156.2000000000
372.2000000000
129.4000000000
143.6000000000
165.6000000000
51.4000000000
67.8000000000
174.4000000000
508.4000000000
547.2000000000
277.4000000000
173.8000000000
154.0000000000
401.4000000000
416.2000000000
262.8000000000
113.8000000000
1332.2000000000
977.2000000000
286.4000000000
121.2000000000
709.4000000000
53.4000000000
129.0000000000
26.8000000000
399.8000000000
444.2000000000
64.2000000000
42.4000000000
203.0000000000
301.6000000000
358.8000000000
172.6000000000
698.4000000000
132.0000000000
137.2000000000
29.0000000000
215.2000000000
294.6000000000
183.4000000000
83.8000000000
114.0000000000
103.2000000000
105.8000000000
41.4000000000
311.6000000000
461.4000000000
123.4000000000
168.0000000000
141.8000000000
178.6000000000
107.4000000000
80.4000000000
41.8000000000
328.8000000000
33.4000000000
16.2000000000
21.4000000000
146.6000000000
109.2000000000
191.4000000000
114.8000000000
9.4000000000
1.0000000000
9.2000000000
279.8000000000
621.2000000000
288.4000000000
254.0000000000
207.2000000000
148.6000000000
170.6000000000
296.8000000000
164.2000000000
142.2000000000
546.0000000000
232.8000000000
82.2000000000
254.2000000000
79.4000000000
52.2000000000
174.6000000000
274.0000000000
174.6000000000
293.4000000000
493.8000000000
429.8000000000
28.0000000000
9.6000000000
94.4000000000
33.4000000000
15.4000000000
9.8000000000
192.4000000000
179.6000000000
45.6000000000
222.2000000000
82.4000000000
34.4000000000
67.2000000000
121.0000000000
15.6000000000
11.0000000000
96.6000000000
51.6000000000
7.2000000000
17.8000000000
384.4000000000
273.0000000000
18.4000000000
38.0000000000
150.6000000000
111.0000000000
325.4000000000
249.4000000000
55.2000000000
46.6000000000
131.6000000000
164.4000000000
39.6000000000
37.6000000000
93.8000000000
271.6000000000
52.8000000000
64.2000000000
113.6000000000
87.6000000000
144.4000000000
69.6000000000
185.0000000000
25.8000000000
80.4000000000
59.6000000000
106.8000000000
131.4000000000
17.4000000000
32.8000000000
296.8000000000
118.6000000000
49.6000000000
178.6000000000
145.2000000000
516.8000000000
91.0000000000
34.4000000000
70.2000000000
142.0000000000
386.6000000000
310.8000000000
140.2000000000
165.0000000000
166.0000000000
353.0000000000
526.2000000000
133.4000000000
114.0000000000
132.8000000000
67.4000000000
205.8000000000
498.2000000000
460.8000000000
224.4000000000
121.6000000000
135.4000000000
67.0000000000
437.0000000000
681.6000000000
14.8000000000
0.0000000000
588.4000000000
147.2000000000
129.6000000000
116.0000000000
73.4000000000
26.4000000000
21.8000000000
13.8000000000
358.0000000000
1579.4000000000
520.8000000000
200.4000000000
14.4000000000
14.4000000000
251.6000000000
521.0000000000
29.2000000000
81.4000000000
1687.2000000000
269.6000000000
21.0000000000
66.6000000000
0.0000000000
26.2000000000
217.4000000000
62.2000000000
16.8000000000
22.4000000000
60.8000000000
95.4000000000
119.4000000000
7.0000000000
57.0000000000
41.0000000000
165.8000000000
287.2000000000
407.4000000000
724.6000000000
75.2000000000
136.2000000000
217.4000000000
287.0000000000
233.4000000000
101.4000000000
25.8000000000
53.0000000000
86.2000000000
102.4000000000
181.8000000000
309.0000000000
172.0000000000
87.0000000000
42.6000000000
72.8000000000
99.0000000000
49.2000000000
15.0000000000
28.8000000000
10.0000000000
1226.2000000000
1417.0000000000
134.2000000000
48.0000000000
142.4000000000
284.4000000000
31.6000000000
21.2000000000
90.2000000000
158.4000000000
19.2000000000
23.8000000000
360.4000000000
723.6000000000
17.2000000000
30.4000000000
42.4000000000
64.8000000000
31.2000000000
0.0000000000
34.2000000000
23.4000000000
67.4000000000
4.2000000000
55.9000000000
86.0000000000
32.4800000000
63.3800000000
252.9400000000
419.0200000000
60.0600000000
29.6000000000
31.8000000000
56.8000000000
46.0000000000
83.2000000000
125.4000000000
135.8000000000
56.6000000000
247.6000000000
127.6000000000
65.6000000000
444.0000000000
305.2000000000
86.8000000000
46.6000000000
1382.0000000000
329.0000000000
47.4000000000
68.4000000000
393.6000000000
155.4000000000
99.6000000000
41.2000000000
17.0000000000
131.8000000000
44.6000000000
23.6000000000
76.0000000000
15.6000000000
192.6000000000
80.0000000000
97.8000000000
143.2000000000
24.0000000000
38.0000000000
76.0000000000
21.0000000000
61.6000000000
49.2000000000
39.8000000000
55.4000000000
216.2000000000
53.0000000000
200.2000000000
59.6000000000
47.2000000000
119.6000000000
51.6000000000
13.2000000000
17.0000000000
15.4000000000
423.4000000000
9.4000000000
22.6000000000
6.8000000000
58.8000000000
61.2000000000
181.4000000000
129.8000000000
62.6000000000
24.0000000000
130.2000000000
166.0000000000
100.6000000000
94.0000000000
106.6000000000
165.4000000000
245.0000000000
609.0000000000
57.4000000000
25.8000000000
63.0000000000
77.8000000000
383.0000000000
209.6000000000
85.8000000000
62.8000000000
48.6000000000
148.8000000000
44.6000000000
40.0000000000
73.2000000000
160.8000000000
28.4000000000
23.0000000000
60.2000000000
24.6000000000
192.8000000000
89.6000000000
89.2000000000
37.2000000000
28.0000000000
102.0000000000
135.4000000000
23.6000000000
21.6000000000
22.0000000000
122.8000000000
75.4000000000
7.2000000000
66.0000000000
55.0000000000
180.4000000000
165.0000000000
45.6000000000
718.8000000000
20.2000000000
34.4000000000
101.6000000000
48.6000000000
94.0000000000
78.2000000000
36.2000000000
149.0000000000
355.4000000000
57.2000000000
101.6000000000
75.0000000000
87.4000000000
367.4000000000
387.2000000000
40.0000000000
23.0000000000
228.6000000000
405.6000000000
118.8000000000
100.4000000000
335.8000000000
358.8000000000
114.4000000000
149.8000000000
284.4000000000
732.2000000000
81.6000000000
102.6000000000
599.8000000000
164.4000000000
97.8000000000
73.2000000000
33.4000000000
91.1000000000
169.6200000000
234.7000000000
45.3200000000
35.2600000000
58.0000000000
210.1600000000
45.6000000000
144.2000000000
9.0000000000
0.8000000000
110.8000000000
79.0000000000
49.2000000000
34.8000000000
40.4000000000
87.8000000000
144.4000000000
66.8000000000
94.4000000000
165.2000000000
404.8000000000
190.4000000000
704.0000000000
320.0000000000
605.8000000000
208.8000000000
645.0000000000
437.8000000000
833.2000000000
352.2000000000
72.8000000000
260.2000000000
229.4000000000
400.4000000000
32.6000000000
103.4000000000
76.2000000000
26.4000000000
17.4000000000
169.6000000000
94.8000000000
111.7300000000
53.4700000000
12.1700000000
15.0300000000
49.5400000000
103.3600000000
49.2600000000
43.2000000000
100.7100000000
88.1600000000
23.2100000000
3.4700000000
