-1.6398000000
-1.6416000000
-1.6383000000
-1.6292000000
-1.6138000000
-1.5916000000
-1.5621000000
-1.5247000000
-1.4792000000
-1.4251000000
-1.3623000000
-1.2905000000
-1.2095000000
-1.1192000000
-1.0196000000
-0.9106000000
-0.7922400000
-0.6646000000
-0.5277900000
-0.3820000000
-0.2275600000
-0.0649530000
0.1050400000
0.2812900000
0.4621500000
0.6453900000
0.8281300000
1.0069000000
1.1778000000
1.3369000000
1.4805000000
1.6058000000
1.7107000000
1.7943000000
1.8567000000
1.8988000000
1.9219000000
1.9274000000
1.9172000000
1.8927000000
1.8556000000
1.8071000000
1.7487000000
1.6814000000
1.6063000000
1.5245000000
1.4369000000
1.3443000000
1.2476000000
1.1477000000
1.0451000000
0.9406700000
0.8349500000
0.7285000000
0.6218100000
0.5153100000
0.4093500000
0.3042400000
0.2002300000
0.0974990000
-0.0037589000
-0.1033900000
-0.2012200000
-0.2970700000
-0.3907000000
-0.4818200000
-0.5701000000
-0.6551100000
-0.7364100000
-0.8135000000
-0.8859000000
-0.9531500000
-1.0149000000
-1.0708000000
-1.1208000000
-1.1648000000
-1.2032000000
-1.2361000000
-1.2642000000
-1.2879000000
-1.3080000000
-1.3252000000
-1.3402000000
-1.3537000000
-1.3665000000
-1.3790000000
-1.3919000000
-1.4056000000
-1.4204000000
-1.4366000000
-1.4543000000
-1.4737000000
-1.4946000000
-1.5170000000
-1.5407000000
-1.5654000000
-1.5908000000
-1.6166000000
-1.6422000000
-1.6673000000
-1.6913000000
-1.7136000000
-1.7339000000
-1.7514000000
-1.7655000000
-1.7757000000
-1.7813000000
-1.7819000000
-1.7767000000
-1.7654000000
-1.7474000000
-1.7222000000
-1.6895000000
-1.6489000000
-1.6002000000
-1.5432000000
-1.4778000000
-1.4039000000
-1.3215000000
-1.2306000000
-1.1314000000
-1.0240000000
-0.9086400000
-0.7854600000
-0.6547400000
-0.5167800000
-0.3719300000
-0.2206400000
-0.0635000000
0.0986830000
0.2648000000
0.4333800000
0.6024600000
0.7696100000
0.9319700000
1.0863000000
1.2295000000
1.3584000000
1.4704000000
1.5639000000
1.6378000000
1.6920000000
1.7270000000
1.7439000000
1.7441000000
1.7290000000
1.7003000000
1.6596000000
1.6082000000
1.5477000000
1.4793000000
1.4043000000
1.3238000000
1.2389000000
1.1506000000
1.0597000000
0.9670800000
0.8735500000
0.7797500000
0.6862800000
0.5936500000
0.5022800000
0.4125300000
0.3246300000
0.2387600000
0.1550000000
0.0733810000
-0.0061616000
-0.0837360000
-0.1595000000
-0.2336300000
-0.3063600000
-0.3778800000
-0.4484100000
-0.5181000000
-0.5870800000
-0.6554300000
-0.7231400000
-0.7901400000
-0.8562900000
-0.9213700000
-0.9851400000
-1.0473000000
-1.1076000000
-1.1656000000
-1.2213000000
-1.2744000000
-1.3249000000
-1.3727000000
-1.4180000000
-1.4609000000
-1.5017000000
-1.5407000000
-1.5781000000
-1.6143000000
-1.6496000000
-1.6842000000
-1.7184000000
-1.7523000000
-1.7861000000
-1.8196000000
-1.8529000000
-1.8858000000
-1.9182000000
-1.9496000000
-1.9798000000
-2.0084000000
-2.0349000000
-2.0587000000
-2.0793000000
-2.0963000000
-2.1089000000
-2.1166000000
-2.1189000000
-2.1153000000
-2.1052000000
-2.0884000000
-2.0645000000
-2.0331000000
-1.9942000000
-1.9476000000
-1.8933000000
-1.8314000000
-1.7620000000
-1.6853000000
-1.6016000000
-1.5113000000
-1.4148000000
-1.3124000000
-1.2047000000
-1.0921000000
-0.9750100000
-0.8539600000
-0.7293900000
-0.6017300000
-0.4714100000
-0.3388500000
-0.2045200000
-0.0689050000
0.0674120000
0.2037200000
0.3391400000
0.4726000000
0.6027800000
0.7281900000
0.8471500000
0.9578900000
1.0587000000
1.1480000000
1.2247000000
1.2877000000
1.3369000000
1.3722000000
1.3941000000
1.4035000000
1.4016000000
1.3896000000
1.3689000000
1.3410000000
1.3073000000
1.2692000000
1.2280000000
1.1849000000
1.1410000000
1.0974000000
1.0549000000
1.0142000000
0.9760500000
0.9408600000
0.9090200000
0.8807700000
0.8562300000
0.8353800000
0.8180900000
0.8040900000
0.7930300000
0.7844400000
0.7777400000
0.7722700000
0.7673100000
0.7620400000
0.7556000000
0.7470500000
0.7354400000
0.7197400000
0.6989100000
0.6718800000
0.6375500000
0.5947900000
0.5424600000
0.4794100000
0.4044900000
0.3165700000
0.2146000000
0.0976260000
-0.0350520000
-0.1837900000
-0.3483800000
-0.5278300000
-0.7200700000
-0.9218100000
-1.1285000000
-1.3344000000
-1.5334000000
-1.7200000000
-1.8895000000
-2.0395000000
-2.1691000000
-2.2794000000
-2.3723000000
-2.4504000000
-2.5161000000
-2.5714000000
-2.6181000000
-2.6572000000
-2.6895000000
-2.7154000000
-2.7349000000
-2.7480000000
-2.7546000000
-2.7544000000
-2.7472000000
-2.7328000000
-2.7110000000
-2.6818000000
-2.6452000000
-2.6014000000
-2.5504000000
-2.4926000000
-2.4283000000
-2.3580000000
-2.2821000000
-2.2013000000
-2.1161000000
-2.0272000000
-1.9353000000
-1.8411000000
-1.7453000000
-1.6485000000
-1.5515000000
-1.4548000000
-1.3591000000
-1.2648000000
-1.1724000000
-1.0823000000
-0.9946700000
-0.9097900000
-0.8277000000
-0.7483500000
-0.6715900000
-0.5971400000
-0.5246100000
-0.4535000000
-0.3831900000
-0.3129500000
-0.2419700000
-0.1693500000
-0.0941280000
-0.0153130000
0.0680750000
0.1569600000
0.2521600000
0.3542500000
0.4635600000
0.5799700000
0.7028900000
0.8311400000
0.9629300000
1.0959000000
1.2275000000
1.3546000000
1.4747000000
1.5856000000
1.6858000000
1.7746000000
1.8524000000
1.9198000000
1.9782000000
2.0291000000
2.0743000000
2.1150000000
2.1528000000
2.1887000000
2.2235000000
2.2578000000
2.2919000000
2.3259000000
2.3599000000
2.3934000000
2.4263000000
2.4579000000
2.4878000000
2.5153000000
2.5397000000
2.5605000000
2.5770000000
2.5885000000
2.5944000000
2.5944000000
2.5879000000
2.5745000000
2.5541000000
2.5263000000
2.4912000000
2.4488000000
2.3990000000
2.3423000000
2.2788000000
2.2089000000
2.1331000000
2.0519000000
1.9658000000
1.8754000000
1.7814000000
1.6844000000
1.5851000000
1.4841000000
1.3821000000
1.2797000000
1.1773000000
1.0756000000
0.9748100000
0.8754000000
0.7775800000
0.6815100000
0.5872700000
0.4948200000
0.4040200000
0.3146500000
0.2264000000
0.1388800000
0.0516490000
-0.0357700000
-0.1238700000
-0.2131100000
-0.3039100000
-0.3965400000
-0.4911400000
-0.5876600000
-0.6857800000
-0.7849200000
-0.8842600000
-0.9827100000
-1.0790000000
-1.1719000000
-1.2600000000
-1.3424000000
-1.4180000000
-1.4864000000
-1.5476000000
-1.6016000000
-1.6491000000
-1.6909000000
-1.7277000000
-1.7607000000
-1.7907000000
-1.8188000000
-1.8455000000
-1.8718000000
-1.8980000000
-1.9245000000
-1.9517000000
-1.9795000000
-2.0080000000
-2.0371000000
-2.0663000000
-2.0955000000
-2.1242000000
-2.1518000000
-2.1778000000
-2.2016000000
-2.2226000000
-2.2401000000
-2.2535000000
-2.2622000000
-2.2656000000
-2.2631000000
-2.2543000000
-2.2388000000
-2.2163000000
-2.1864000000
-2.1490000000
-2.1042000000
-2.0518000000
-1.9920000000
-1.9251000000
-1.8511000000
-1.7706000000
-1.6840000000
-1.5915000000
-1.4939000000
-1.3915000000
-1.2850000000
-1.1748000000
-1.0614000000
-0.9455100000
-0.8274400000
-0.7076800000
-0.5866200000
-0.4646400000
-0.3420600000
-0.2192100000
-0.0964010000
0.0260070000
0.1476100000
0.2679200000
0.3863000000
0.5019900000
0.6140900000
0.7215400000
0.8231900000
0.9178400000
1.0043000000
1.0817000000
1.1490000000
1.2059000000
1.2521000000
1.2878000000
1.3135000000
1.3298000000
1.3379000000
1.3388000000
1.3336000000
1.3237000000
1.3103000000
1.2944000000
1.2773000000
1.2599000000
1.2430000000
1.2275000000
1.2139000000
1.2027000000
1.1943000000
1.1889000000
1.1866000000
1.1874000000
1.1911000000
1.1976000000
1.2064000000
1.2173000000
1.2298000000
1.2432000000
1.2571000000
1.2707000000
1.2835000000
1.2946000000
1.3036000000
1.3095000000
1.3117000000
1.3095000000
1.3021000000
1.2888000000
1.2689000000
1.2418000000
1.2067000000
1.1630000000
1.1101000000
1.0474000000
0.9742700000
0.8902100000
0.7946900000
0.6872100000
0.5673300000
0.4347000000
0.2890600000
0.1303500000
-0.0411790000
-0.2248300000
-0.4192600000
-0.6222700000
-0.8306500000
-1.0401000000
-1.2457000000
-1.4417000000
-1.6229000000
-1.7852000000
-1.9256000000
-2.0431000000
-2.1378000000
-2.2112000000
-2.2652000000
-2.3017000000
-2.3226000000
-2.3298000000
-2.3245000000
-2.3078000000
-2.2808000000
-2.2442000000
-2.1985000000
-2.1444000000
-2.0825000000
-2.0133000000
-1.9374000000
-1.8553000000
-1.7677000000
-1.6752000000
-1.5784000000
-1.4780000000
-1.3747000000
-1.2689000000
-1.1613000000
-1.0526000000
-0.9430500000
-0.8332400000
-0.7235400000
-0.6142400000
-0.5055900000
-0.3977600000
-0.2908800000
-0.1849800000
-0.0801150000
0.0237310000
0.1265400000
0.2282800000
0.3288400000
0.4280300000
0.5255600000
0.6210100000
0.7138400000
0.8033900000
0.8889400000
0.9697200000
1.0450000000
1.1141000000
1.1766000000
1.2322000000
1.2808000000
1.3225000000
1.3579000000
1.3874000000
1.4118000000
1.4319000000
1.4486000000
1.4627000000
1.4751000000
1.4866000000
1.4978000000
1.5094000000
1.5218000000
1.5354000000
1.5504000000
1.5670000000
1.5852000000
1.6051000000
1.6263000000
1.6487000000
1.6721000000
1.6960000000
1.7200000000
1.7436000000
1.7663000000
1.7877000000
1.8070000000
1.8236000000
1.8371000000
1.8467000000
1.8518000000
1.8519000000
1.8463000000
1.8346000000
1.8162000000
1.7907000000
1.7578000000
1.7172000000
1.6685000000
1.6117000000
1.5467000000
1.4735000000
1.3921000000
1.3026000000
1.2052000000
1.1000000000
0.9874100000
0.8675800000
0.7408500000
0.6075300000
0.4679800000
0.3226200000
0.1719600000
0.0166690000
-0.1423900000
-0.3040800000
-0.4668700000
-0.6288500000
-0.7876800000
-0.9406300000
-1.0848000000
-1.2172000000
-1.3353000000
-1.4368000000
-1.5202000000
-1.5849000000
-1.6308000000
-1.6585000000
-1.6691000000
-1.6639000000
-1.6445000000
-1.6124000000
-1.5691000000
-1.5162000000
-1.4551000000
-1.3872000000
-1.3136000000
-1.2356000000
-1.1542000000
-1.0704000000
-0.9851800000
-0.8992700000
-0.8134500000
-0.7283400000
-0.6445000000
-0.5623700000
-0.4823100000
-0.4045700000
-0.3293000000
-0.2565600000
-0.1862900000
-0.1183500000
-0.0525050000
0.0115510000
0.0742130000
0.1359300000
0.1972000000
0.2585500000
0.3205100000
0.3836000000
0.4482900000
0.5149800000
0.5839800000
0.6554300000
0.7293600000
0.8055700000
0.8837200000
0.9632500000
1.0435000000
1.1235000000
1.2026000000
1.2798000000
1.3543000000
1.4255000000
1.4929000000
1.5562000000
1.6154000000
1.6707000000
1.7224000000
1.7707000000
1.8163000000
1.8596000000
1.9009000000
1.9408000000
1.9794000000
2.0169000000
2.0535000000
2.0890000000
2.1233000000
2.1561000000
2.1872000000
2.2160000000
2.2422000000
2.2651000000
2.2842000000
2.2989000000
2.3087000000
2.3130000000
2.3114000000
2.3033000000
2.2885000000
2.2665000000
2.2372000000
2.2005000000
2.1562000000
2.1044000000
2.0454000000
1.9791000000
1.9060000000
1.8265000000
1.7409000000
1.6497000000
1.5534000000
1.4526000000
1.3478000000
1.2396000000
1.1286000000
1.0152000000
0.8999200000
0.7832900000
0.6656700000
0.5474300000
0.4288800000
0.3103000000
0.1919500000
0.0740580000
-0.0430990000
-0.1592100000
-0.2739000000
-0.3866800000
-0.4969200000
-0.6038700000
-0.7066600000
-0.8043200000
-0.8958000000
-0.9801100000
-1.0563000000
-1.1237000000
-1.1818000000
-1.2304000000
-1.2696000000
-1.2998000000
-1.3216000000
-1.3359000000
-1.3437000000
-1.3460000000
-1.3441000000
-1.3391000000
-1.3319000000
-1.3237000000
-1.3153000000
-1.3075000000
-1.3009000000
-1.2962000000
-1.2937000000
-1.2937000000
-1.2964000000
-1.3017000000
-1.3098000000
-1.3203000000
-1.3330000000
-1.3476000000
-1.3638000000
-1.3809000000
-1.3985000000
-1.4161000000
-1.4330000000
-1.4486000000
-1.4623000000
-1.4733000000
-1.4812000000
-1.4850000000
-1.4843000000
-1.4784000000
-1.4665000000
-1.4482000000
-1.4227000000
-1.3896000000
-1.3483000000
-1.2984000000
-1.2393000000
-1.1708000000
-1.0923000000
-1.0038000000
-0.9047300000
-0.7950300000
-0.6744700000
-0.5429200000
-0.4003400000
-0.2468300000
-0.0826670000
0.0915440000
0.2747600000
0.4653600000
0.6609500000
0.8583100000
1.0534000000
1.2418000000
1.4186000000
1.5795000000
1.7210000000
1.8411000000
1.9387000000
2.0143000000
2.0688000000
2.1039000000
2.1213000000
2.1230000000
2.1104000000
2.0850000000
2.0480000000
2.0006000000
1.9438000000
1.8784000000
1.8053000000
1.7252000000
1.6389000000
1.5471000000
1.4506000000
1.3501000000
1.2461000000
1.1395000000
1.0307000000
0.9204100000
0.8090400000
0.6970800000
0.5849000000
0.4728500000
0.3612100000
0.2501900000
0.1400100000
0.0308260000
-0.0771720000
-0.1837800000
-0.2887500000
-0.3917500000
-0.4923500000
-0.5900300000
-0.6841800000
-0.7740800000
-0.8589800000
-0.9381400000
-1.0109000000
-1.0766000000
-1.1348000000
-1.1855000000
-1.2285000000
-1.2643000000
-1.2931000000
-1.3158000000
-1.3330000000
-1.3457000000
-1.3548000000
-1.3613000000
-1.3660000000
-1.3697000000
-1.3733000000
-1.3774000000
-1.3825000000
-1.3891000000
-1.3975000000
-1.4079000000
-1.4203000000
-1.4349000000
-1.4514000000
-1.4697000000
-1.4896000000
-1.5107000000
-1.5325000000
-1.5547000000
-1.5768000000
-1.5982000000
-1.6183000000
-1.6366000000
-1.6525000000
-1.6653000000
-1.6744000000
-1.6792000000
-1.6791000000
-1.6735000000
-1.6618000000
-1.6435000000
-1.6181000000
-1.5851000000
-1.5442000000
-1.4950000000
-1.4373000000
-1.3708000000
-1.2954000000
-1.2110000000
-1.1175000000
-1.0149000000
-0.9033600000
-0.7828500000
-0.6535300000
-0.5155800000
-0.3692400000
-0.2148800000
-0.0530690000
0.1154000000
0.2893700000
0.4671800000
0.6466400000
0.8249600000
0.9987800000
1.1644000000
1.3181000000
1.4564000000
1.5766000000
1.6768000000
1.7560000000
1.8145000000
1.8530000000
1.8727000000
1.8752000000
1.8620000000
1.8348000000
1.7952000000
1.7445000000
1.6841000000
1.6151000000
1.5387000000
1.4559000000
1.3677000000
1.2750000000
1.1787000000
1.0795000000
0.9782700000
0.8755700000
0.7720400000
0.6682300000
0.5646000000
0.4615600000
0.3594400000
0.2585000000
0.1589500000
0.0609730000
-0.0353120000
-0.1297900000
-0.2223400000
-0.3128500000
-0.4011600000
-0.4870700000
-0.5703400000
-0.6506900000
-0.7277600000
-0.8012000000
-0.8706300000
-0.9357000000
-0.9961200000
-1.0517000000
-1.1022000000
-1.1478000000
-1.1885000000
-1.2247000000
-1.2566000000
-1.2849000000
-1.3099000000
-1.3325000000
-1.3530000000
-1.3723000000
-1.3907000000
-1.4089000000
-1.4273000000
-1.4463000000
-1.4661000000
-1.4871000000
-1.5092000000
-1.5326000000
-1.5571000000
-1.5828000000
-1.6093000000
-1.6365000000
-1.6640000000
-1.6914000000
-1.7184000000
-1.7444000000
-1.7691000000
-1.7917000000
-1.8119000000
-1.8289000000
-1.8423000000
-1.8514000000
-1.8557000000
-1.8546000000
-1.8475000000
-1.8341000000
-1.8137000000
-1.7861000000
-1.7508000000
-1.7077000000
-1.6565000000
-1.5972000000
-1.5296000000
-1.4538000000
-1.3698000000
-1.2779000000
-1.1781000000
-1.0708000000
-0.9560800000
-0.8343600000
-0.7059100000
-0.5710700000
-0.4302100000
-0.2837800000
-0.1323400000
0.0234260000
0.1825800000
0.3438900000
0.5057700000
0.6662100000
0.8228000000
0.9727900000
1.1133000000
1.2414000000
1.3547000000
1.4510000000
1.5293000000
1.5888000000
1.6297000000
1.6528000000
1.6592000000
1.6503000000
1.6276000000
1.5927000000
1.5471000000
1.4923000000
1.4298000000
1.3608000000
1.2865000000
1.2082000000
1.1269000000
1.0435000000
0.9589500000
0.8740400000
0.7894900000
0.7059000000
0.6237900000
0.5435800000
0.4656000000
0.3900500000
0.3170600000
0.2466400000
0.1787100000
0.1130700000
0.0494520000
-0.0124950000
-0.0732090000
-0.1331900000
-0.1929600000
-0.2531100000
-0.3142000000
-0.3767900000
-0.4413800000
-0.5084100000
-0.5781700000
-0.6508500000
-0.7264200000
-0.8046900000
-0.8852500000
-0.9674800000
-1.0506000000
-1.1337000000
-1.2158000000
-1.2959000000
-1.3732000000
-1.4468000000
-1.5165000000
-1.5817000000
-1.6426000000
-1.6992000000
-1.7519000000
-1.8012000000
-1.8475000000
-1.8913000000
-1.9331000000
-1.9734000000
-2.0123000000
-2.0500000000
-2.0867000000
-2.1222000000
-2.1564000000
-2.1890000000
-2.2196000000
-2.2479000000
-2.2733000000
-2.2952000000
-2.3131000000
-2.3264000000
-2.3347000000
-2.3372000000
-2.3336000000
-2.3235000000
-2.3065000000
-2.2822000000
-2.2506000000
-2.2115000000
-2.1649000000
-2.1109000000
-2.0496000000
-1.9813000000
-1.9064000000
-1.8252000000
-1.7381000000
-1.6457000000
-1.5484000000
-1.4469000000
-1.3418000000
-1.2335000000
-1.1227000000
-1.0098000000
-0.8953700000
-0.7798500000
-0.6636300000
-0.5470400000
-0.4303800000
-0.3139000000
-0.1978200000
-0.0823380000
0.0323290000
0.1459300000
0.2581700000
0.3686200000
0.4767700000
0.5819600000
0.6834300000
0.7802800000
0.8715700000
0.9563500000
1.0337000000
1.1030000000
1.1636000000
1.2152000000
1.2579000000
1.2920000000
1.3181000000
1.3368000000
1.3491000000
1.3561000000
1.3588000000
1.3583000000
1.3556000000
1.3517000000
1.3475000000
1.3438000000
1.3412000000
1.3402000000
1.3412000000
1.3445000000
1.3503000000
1.3585000000
1.3692000000
1.3822000000
1.3972000000
1.4139000000
1.4319000000
1.4508000000
1.4700000000
1.4889000000
1.5072000000
1.5240000000
1.5388000000
1.5509000000
1.5598000000
1.5647000000
1.5650000000
1.5600000000
1.5493000000
1.5320000000
1.5078000000
1.4761000000
1.4364000000
1.3882000000
1.3313000000
1.2652000000
1.1898000000
1.1047000000
1.0097000000
0.9048700000
0.7899300000
0.6648900000
0.5297500000
0.3845900000
0.2296500000
0.0653490000
-0.1076100000
-0.2880900000
-0.4744200000
-0.6642200000
-0.8544200000
-1.0412000000
-1.2204000000
-1.3876000000
-1.5389000000
-1.6712000000
-1.7823000000
-1.8716000000
-1.9392000000
-1.9861000000
-2.0137000000
-2.0238000000
-2.0180000000
-1.9981000000
-1.9653000000
-1.9211000000
-1.8667000000
-1.8032000000
-1.7314000000
-1.6524000000
-1.5670000000
-1.4761000000
-1.3803000000
-1.2806000000
-1.1776000000
-1.0719000000
-0.9642700000
-0.8552000000
-0.7452300000
-0.6348300000
-0.5243800000
-0.4142300000
-0.3046600000
-0.1959100000
-0.0881970000
0.0182920000
0.1233500000
0.2267600000
0.3282400000
0.4274500000
0.5239500000
0.6172500000
0.7067500000
0.7918000000
0.8717500000
0.9459400000
1.0138000000
1.0749000000
1.1290000000
1.1759000000
1.2158000000
1.2490000000
1.2760000000
1.2975000000
1.3142000000
1.3271000000
1.3369000000
1.3445000000
1.3508000000
1.3565000000
1.3623000000
1.3688000000
1.3765000000
1.3858000000
1.3968000000
1.4098000000
1.4248000000
1.4417000000
1.4605000000
1.4809000000
1.5026000000
1.5252000000
1.5484000000
1.5717000000
1.5945000000
1.6165000000
1.6369000000
1.6552000000
1.6708000000
1.6831000000
1.6915000000
1.6953000000
1.6940000000
1.6869000000
1.6736000000
1.6535000000
1.6262000000
1.5912000000
1.5481000000
1.4967000000
1.4368000000
1.3681000000
1.2905000000
1.2040000000
1.1085000000
1.0041000000
0.8908400000
0.7688500000
0.6382600000
0.4992800000
0.3522100000
0.1974500000
0.0355690000
-0.1325800000
-0.3057900000
-0.4823800000
-0.6601300000
-0.8362400000
-1.0074000000
-1.1700000000
-1.3203000000
-1.4550000000
-1.5716000000
-1.6682000000
-1.7441000000
-1.7995000000
-1.8350000000
-1.8520000000
-1.8521000000
-1.8367000000
-1.8075000000
-1.7661000000
-1.7139000000
-1.6521000000
-1.5820000000
-1.5048000000
-1.4214000000
-1.3328000000
-1.2401000000
-1.1439000000
-1.0452000000
-0.9446400000
-0.8429100000
-0.7405900000
-0.6382300000
-0.5362700000
-0.4350900000
-0.3350200000
-0.2363000000
-0.1391200000
-0.0436180000
0.0500930000
0.1419300000
0.2318100000
0.3196600000
0.4053500000
0.4887500000
0.5696600000
0.6478500000
0.7230400000
0.7949200000
0.8631700000
0.9274900000
0.9876100000
1.0433000000
1.0945000000
1.1412000000
1.1834000000
1.2215000000
1.2557000000
1.2864000000
1.3142000000
1.3395000000
1.3630000000
1.3851000000
1.4064000000
1.4275000000
1.4486000000
1.4701000000
1.4923000000
1.5155000000
1.5397000000
1.5649000000
1.5911000000
1.6182000000
1.6460000000
1.6742000000
1.7026000000
1.7307000000
1.7581000000
1.7845000000
1.8092000000
1.8318000000
1.8517000000
1.8683000000
1.8811000000
1.8895000000
1.8928000000
1.8906000000
1.8823000000
1.8675000000
1.8457000000
1.8165000000
1.7797000000
1.7350000000
1.6823000000
1.6215000000
1.5526000000
1.4756000000
1.3906000000
1.2979000000
1.1976000000
1.0901000000
0.9755700000
0.8543900000
0.7268700000
0.5933800000
0.4543200000
0.3101300000
0.1613400000
0.0086145000
-0.1471900000
-0.3049500000
-0.4632100000
-0.6201600000
-0.7735900000
-0.9209700000
-1.0596000000
-1.1867000000
-1.2999000000
-1.3970000000
-1.4768000000
-1.5385000000
-1.5821000000
-1.6082000000
-1.6177000000
-1.6120000000
-1.5925000000
-1.5609000000
-1.5186000000
-1.4671000000
-1.4080000000
-1.3425000000
-1.2720000000
-1.1976000000
-1.1205000000
-1.0415000000
-0.9616700000
-0.8817800000
-0.8025600000
-0.7246300000
-0.6485000000
-0.5745900000
-0.5032100000
-0.4345500000
-0.3687100000
-0.3056600000
-0.2452700000
-0.1873000000
-0.1314000000
-0.0771400000
-0.0239710000
0.0287100000
0.0815810000
0.1353700000
0.1908400000
0.2487400000
0.3098100000
0.3747100000
0.4440200000
0.5181500000
0.5973300000
0.6815200000
0.7704400000
0.8634900000
0.9597300000
1.0580000000
1.1569000000
1.2549000000
1.3504000000
1.4422000000
1.5291000000
1.6104000000
1.6856000000
1.7548000000
1.8182000000
1.8763000000
1.9299000000
1.9796000000
2.0260000000
2.0700000000
2.1118000000
2.1519000000
2.1905000000
2.2275000000
2.2630000000
2.2967000000
2.3282000000
2.3571000000
2.3829000000
2.4051000000
2.4232000000
2.4364000000
2.4444000000
2.4466000000
2.4425000000
2.4317000000
2.4139000000
2.3889000000
2.3565000000
2.3167000000
2.2695000000
2.2150000000
2.1534000000
2.0850000000
2.0103000000
1.9296000000
1.8434000000
1.7523000000
1.6569000000
1.5577000000
1.4554000000
1.3506000000
1.2438000000
1.1357000000
1.0267000000
0.9173700000
0.8080400000
0.6990600000
0.5907200000
0.4832100000
0.3766500000
0.2711000000
0.1665800000
0.0630550000
-0.0395150000
-0.1411700000
-0.2419000000
-0.3416600000
-0.4402700000
-0.5374700000
-0.6328400000
-0.7258600000
-0.8158500000
-0.9020700000
-0.9837200000
-1.0600000000
-1.1304000000
-1.1941000000
-1.2511000000
-1.3011000000
-1.3443000000
-1.3811000000
-1.4121000000
-1.4380000000
-1.4596000000
-1.4778000000
-1.4935000000
-1.5074000000
-1.5205000000
-1.5332000000
-1.5463000000
-1.5602000000
-1.5753000000
-1.5917000000
-1.6096000000
-1.6290000000
-1.6499000000
-1.6722000000
-1.6954000000
-1.7195000000
-1.7438000000
-1.7682000000
-1.7919000000
-1.8146000000
-1.8356000000
-1.8543000000
-1.8702000000
-1.8826000000
-1.8909000000
-1.8945000000
-1.8928000000
-1.8852000000
-1.8713000000
-1.8506000000
-1.8227000000
-1.7873000000
-1.7440000000
-1.6928000000
-1.6335000000
-1.5661000000
-1.4907000000
-1.4072000000
-1.3160000000
-1.2171000000
-1.1109000000
-0.9976400000
-0.8776100000
-0.7511600000
-0.6186400000
-0.4804300000
-0.3369600000
-0.1887400000
-0.0364140000
0.1192100000
0.2770500000
0.4357200000
0.5934600000
0.7481200000
0.8972000000
1.0380000000
1.1677000000
1.2839000000
1.3843000000
1.4675000000
1.5326000000
1.5795000000
1.6087000000
1.6211000000
1.6179000000
1.6007000000
1.5710000000
1.5304000000
1.4803000000
1.4223000000
1.3576000000
1.2877000000
1.2136000000
1.1365000000
1.0575000000
0.9773400000
0.8969900000
0.8171400000
0.7384400000
0.6614400000
0.5865500000
0.5141100000
0.4443500000
0.3773800000
0.3131900000
0.2516700000
0.1926200000
0.1357000000
0.0805120000
0.0265320000
-0.0268270000
-0.0802180000
-0.1343500000
-0.1899700000
-0.2478200000
-0.3086200000
-0.3730400000
-0.4416500000
-0.5148700000
-0.5929500000
-0.6759000000
-0.7634500000
-0.8550500000
-0.9498500000
-1.0467000000
-1.1443000000
-1.2411000000
-1.3358000000
-1.4269000000
-1.5133000000
-1.5943000000
-1.6694000000
-1.7386000000
-1.8020000000
-1.8603000000
-1.9140000000
-1.9638000000
-2.0104000000
-2.0544000000
-2.0964000000
-2.1366000000
-2.1752000000
-2.2125000000
-2.2482000000
-2.2821000000
-2.3140000000
-2.3434000000
-2.3698000000
-2.3928000000
-2.4116000000
-2.4259000000
-2.4349000000
-2.4383000000
-2.4355000000
-2.4261000000
-2.4098000000
-2.3862000000
-2.3554000000
-2.3170000000
-2.2713000000
-2.2182000000
-2.1580000000
-2.0910000000
-2.0175000000
-1.9378000000
-1.8526000000
-1.7624000000
-1.6676000000
-1.5690000000
-1.4670000000
-1.3624000000
-1.2557000000
-1.1475000000
-1.0382000000
-0.9284700000
-0.8186100000
-0.7090000000
-0.5999200000
-0.4915900000
-0.3841400000
-0.2776500000
-0.1721700000
-0.0676720000
0.0358550000
0.1384300000
0.2400200000
0.3405400000
0.4398200000
0.5375500000
0.6333000000
0.7265200000
0.8165300000
0.9025700000
0.9838500000
1.0596000000
1.1292000000
1.1921000000
1.2480000000
1.2969000000
1.3389000000
1.3745000000
1.4042000000
1.4288000000
1.4492000000
1.4662000000
1.4806000000
1.4934000000
1.5053000000
1.5170000000
1.5290000000
1.5420000000
1.5561000000
1.5716000000
1.5887000000
1.6074000000
1.6277000000
1.6493000000
1.6721000000
1.6957000000
1.7197000000
1.7437000000
1.7673000000
1.7898000000
1.8108000000
1.8296000000
1.8457000000
1.8584000000
1.8671000000
1.8711000000
1.8700000000
1.8631000000
1.8499000000
1.8300000000
1.8029000000
1.7683000000
1.7259000000
1.6755000000
1.6170000000
1.5503000000
1.4755000000
1.3926000000
1.3017000000
1.2030000000
1.0969000000
0.9834000000
0.8629600000
0.7358500000
0.6024100000
0.4630100000
0.3180800000
0.1681500000
0.0138660000
-0.1439000000
-0.3040100000
-0.4649800000
-0.6249300000
-0.7815700000
-0.9322700000
-1.0742000000
-1.2045000000
-1.3205000000
-1.4203000000
-1.5022000000
-1.5657000000
-1.6107000000
-1.6377000000
-1.6478000000
-1.6424000000
-1.6229000000
-1.5909000000
-1.5479000000
-1.4956000000
-1.4352000000
-1.3682000000
-1.2958000000
-1.2192000000
-1.1394000000
-1.0575000000
-0.9744100000
-0.8908800000
-0.8076800000
-0.7254400000
-0.6446800000
-0.5658500000
-0.4892900000
-0.4152200000
-0.3437700000
-0.2749600000
-0.2087000000
-0.1448100000
-0.0830230000
-0.0229560000
0.0358420000
0.0938870000
0.1517500000
0.2100600000
0.2694300000
0.3304800000
0.3938000000
0.4599000000
0.5291800000
0.6019100000
0.6781600000
0.7578100000
0.8405100000
0.9256600000
1.0125000000
1.0999000000
1.1870000000
1.2725000000
1.3553000000
1.4347000000
1.5097000000
1.5801000000
1.6456000000
1.7064000000
1.7627000000
1.8149000000
1.8637000000
1.9096000000
1.9530000000
1.9945000000
2.0344000000
2.0730000000
2.1104000000
2.1466000000
2.1814000000
2.2147000000
2.2459000000
2.2749000000
2.3009000000
2.3236000000
2.3423000000
2.3566000000
2.3657000000
2.3692000000
2.3666000000
2.3575000000
2.3415000000
2.3184000000
2.2879000000
2.2499000000
2.2045000000
2.1516000000
2.0916000000
2.0245000000
1.9508000000
1.8708000000
1.7850000000
1.6939000000
1.5980000000
1.4979000000
1.3942000000
1.2875000000
1.1783000000
1.0671000000
0.9545500000
0.8410200000
0.7269400000
0.6126600000
0.4984600000
0.3845900000
0.2712400000
0.1585600000
0.0466950000
-0.0642060000
-0.1739600000
-0.2823300000
-0.3889600000
-0.4934300000
-0.5951500000
-0.6934400000
-0.7874800000
-0.8764300000
-0.9593900000
-1.0356000000
-1.1042000000
-1.1650000000
-1.2174000000
-1.2617000000
-1.2979000000
-1.3268000000
-1.3488000000
-1.3650000000
-1.3763000000
-1.3837000000
-1.3882000000
-1.3907000000
-1.3922000000
-1.3935000000
-1.3952000000
-1.3980000000
-1.4023000000
-1.4085000000
-1.4168000000
-1.4272000000
-1.4399000000
-1.4546000000
-1.4713000000
-1.4896000000
-1.5092000000
-1.5297000000
-1.5506000000
-1.5715000000
-1.5917000000
-1.6108000000
-1.6281000000
-1.6431000000
-1.6550000000
-1.6632000000
-1.6671000000
-1.6662000000
-1.6597000000
-1.6471000000
-1.6279000000
-1.6016000000
-1.5677000000
-1.5259000000
-1.4757000000
-1.4169000000
-1.3493000000
-1.2727000000
-1.1870000000
-1.0921000000
-0.9881000000
-0.8749400000
-0.7527100000
-0.6215300000
-0.4815700000
-0.3330900000
-0.1764800000
-0.0123330000
0.1584700000
0.3346400000
0.5144000000
0.6953800000
0.8745600000
1.0484000000
1.2132000000
1.3651000000
1.5006000000
1.6174000000
1.7136000000
1.7888000000
1.8431000000
1.8776000000
1.8936000000
1.8927000000
1.8766000000
1.8468000000
1.8049000000
1.7522000000
1.6899000000
1.6193000000
1.5414000000
1.4573000000
1.3679000000
1.2740000000
1.1766000000
1.0763000000
0.9740100000
0.8702400000
0.7656200000
0.6607000000
0.5559200000
0.4516800000
0.3483000000
0.2460500000
0.1451300000
0.0457260000
-0.0520290000
-0.1480000000
-0.2420500000
-0.3340100000
-0.4236900000
-0.5108400000
-0.5951700000
-0.6763100000
-0.7538700000
-0.8274400000
-0.8966000000
-0.9609900000
-1.0203000000
-1.0743000000
-1.1229000000
-1.1663000000
-1.2045000000
-1.2379000000
-1.2670000000
-1.2924000000
-1.3146000000
-1.3343000000
-1.3522000000
-1.3689000000
-1.3850000000
-1.4010000000
-1.4174000000
-1.4346000000
-1.4529000000
-1.4724000000
-1.4932000000
-1.5155000000
-1.5391000000
-1.5638000000
-1.5896000000
-1.6160000000
-1.6428000000
-1.6696000000
-1.6959000000
-1.7213000000
-1.7452000000
-1.7672000000
-1.7866000000
-1.8029000000
-1.8155000000
-1.8238000000
-1.8272000000
-1.8251000000
-1.8171000000
-1.8025000000
-1.7811000000
-1.7523000000
-1.7158000000
-1.6714000000
-1.6189000000
-1.5580000000
-1.4889000000
-1.4114000000
-1.3257000000
-1.2319000000
-1.1301000000
-1.0205000000
-0.9034400000
-0.7791000000
-0.6478100000
-0.5098900000
-0.3657500000
-0.2158400000
-0.0607910000
0.0986050000
0.2612600000
0.4257500000
0.5902300000
0.7523800000
0.9095300000
1.0587000000
1.1968000000
1.3211000000
1.4291000000
1.5191000000
1.5901000000
1.6421000000
1.6754000000
1.6910000000
1.6902000000
1.6746000000
1.6457000000
1.6051000000
1.5543000000
1.4946000000
1.4276000000
1.3543000000
1.2761000000
1.1940000000
1.1089000000
1.0219000000
0.9337400000
0.8452100000
0.7569600000
0.6695900000
0.5835900000
0.4993400000
0.4171600000
0.3372300000
0.2596800000
0.1845200000
0.1116700000
0.0409700000
-0.0278050000
-0.0949640000
-0.1608600000
-0.2259000000
-0.2905000000
-0.3550900000
-0.4200800000
-0.4858400000
-0.5526800000
-0.6208100000
-0.6903300000
-0.7612300000
-0.8333100000
-0.9062900000
-0.9797200000
-1.0530000000
-1.1256000000
-1.1969000000
-1.2661000000
-1.3328000000
-1.3965000000
-1.4570000000
-1.5140000000
-1.5677000000
-1.6181000000
-1.6657000000
-1.7106000000
-1.7533000000
-1.7942000000
-1.8337000000
-1.8720000000
-1.9093000000
-1.9458000000
-1.9816000000
-2.0165000000
-2.0505000000
-2.0833000000
-2.1145000000
-2.1438000000
-2.1707000000
-2.1946000000
-2.2150000000
-2.2314000000
-2.2431000000
-2.2497000000
-2.2506000000
-2.2452000000
-2.2333000000
-2.2144000000
-2.1883000000
-2.1548000000
-2.1137000000
-2.0651000000
-2.0089000000
-1.9454000000
-1.8749000000
-1.7975000000
-1.7136000000
-1.6238000000
-1.5284000000
-1.4280000000
-1.3230000000
-1.2141000000
-1.1017000000
-0.9864300000
-0.8686700000
-0.7489100000
-0.6275700000
-0.5050500000
-0.3816800000
-0.2578200000
-0.1337900000
-0.0099478000
0.1132900000
0.2354200000
0.3558200000
0.4737500000
0.5882800000
0.6983400000
0.8027600000
0.9003100000
0.9897600000
1.0700000000
1.1402000000
1.1997000000
1.2482000000
1.2859000000
1.3131000000
1.3305000000
1.3391000000
1.3401000000
1.3345000000
1.3237000000
1.3089000000
1.2914000000
1.2722000000
1.2524000000
1.2329000000
1.2145000000
1.1979000000
1.1837000000
1.1721000000
1.1636000000
1.1583000000
1.1562000000
1.1571000000
1.1610000000
1.1676000000
1.1764000000
1.1869000000
1.1988000000
1.2114000000
1.2240000000
1.2361000000
1.2468000000
1.2556000000
1.2616000000
1.2641000000
1.2624000000
1.2557000000
1.2433000000
1.2244000000
1.1984000000
1.1645000000
1.1220000000
1.0703000000
1.0087000000
0.9365600000
0.8532700000
0.7582500000
0.6509400000
0.5308400000
0.3975300000
0.2507000000
0.0902800000
-0.0834740000
-0.2697900000
-0.4672000000
-0.6732600000
-0.8844900000
-1.0963000000
-1.3033000000
-1.4998000000
-1.6805000000
-1.8413000000
-1.9798000000
-2.0953000000
-2.1883000000
-2.2605000000
-2.3139000000
-2.3507000000
-2.3726000000
-2.3814000000
-2.3784000000
-2.3645000000
-2.3405000000
-2.3072000000
-2.2650000000
-2.2145000000
-2.1562000000
-2.0905000000
-2.0180000000
-1.9392000000
-1.8547000000
-1.7650000000
-1.6709000000
-1.5729000000
-1.4717000000
-1.3680000000
-1.2622000000
-1.1551000000
-1.0470000000
-0.9386500000
-0.8303100000
-0.7223700000
-0.6151100000
-0.5087400000
-0.4033900000
-0.2991200000
-0.1959400000
-0.0938090000
0.0073404000
0.1075800000
0.2069600000
0.3054800000
0.4030500000
0.4995000000
0.5944900000
0.6875900000
0.7782100000
0.8656600000
0.9491700000
1.0280000000
1.1014000000
1.1687000000
1.2296000000
1.2838000000
1.3313000000
1.3724000000
1.4076000000
1.4374000000
1.4627000000
1.4842000000
1.5028000000
1.5193000000
1.5346000000
1.5493000000
1.5640000000
1.5792000000
1.5954000000
1.6127000000
1.6314000000
1.6515000000
1.6730000000
1.6958000000
1.7196000000
1.7442000000
1.7691000000
1.7940000000
1.8185000000
1.8419000000
1.8637000000
1.8833000000
1.9002000000
1.9136000000
1.9231000000
1.9280000000
1.9276000000
1.9215000000
1.9091000000
1.8900000000
1.8637000000
1.8300000000
1.7886000000
1.7393000000
1.6820000000
1.6167000000
1.5434000000
1.4622000000
1.3733000000
1.2770000000
1.1735000000
1.0631000000
0.9461800000
0.8230300000
0.6940300000
0.5595700000
0.4200800000
0.2760000000
0.1279100000
-0.0235160000
-0.1773900000
-0.3325600000
-0.4875800000
-0.6406200000
-0.7895200000
-0.9318300000
-1.0649000000
-1.1863000000
-1.2937000000
-1.3852000000
-1.4595000000
-1.5163000000
-1.5555000000
-1.5778000000
-1.5841000000
-1.5759000000
-1.5546000000
-1.5218000000
-1.4789000000
-1.4275000000
-1.3691000000
-1.3049000000
-1.2363000000
-1.1645000000
-1.0905000000
-1.0153000000
-0.9397400000
-0.8647100000
-0.7908600000
-0.7187700000
-0.6489200000
-0.5816700000
-0.5172800000
-0.4558900000
-0.3975100000
-0.3420500000
-0.2893000000
-0.2389400000
-0.1905200000
-0.1435200000
-0.0972920000
-0.0511120000
-0.0041890000
0.0443390000
0.0953680000
0.1498000000
0.2085400000
0.2724300000
0.3422000000
0.4184600000
0.5015900000
0.5917000000
0.6885900000
0.7916500000
0.8998500000
1.0118000000
1.1256000000
1.2394000000
1.3510000000
1.4584000000
1.5601000000
1.6547000000
1.7417000000
1.8209000000
1.8926000000
1.9574000000
2.0163000000
2.0701000000
2.1199000000
2.1663000000
2.2100000000
2.2515000000
2.2911000000
2.3289000000
2.3647000000
2.3983000000
2.4294000000
2.4575000000
2.4822000000
2.5028000000
2.5189000000
2.5298000000
2.5351000000
2.5343000000
2.5269000000
2.5126000000
2.4911000000
2.4623000000
2.4262000000
2.3826000000
2.3318000000
2.2739000000
2.2092000000
2.1381000000
2.0610000000
1.9784000000
1.8909000000
1.7990000000
1.7034000000
1.6047000000
1.5036000000
1.4007000000
1.2965000000
1.1917000000
1.0868000000
0.9821800000
0.8783200000
0.7755100000
0.6739800000
0.5738700000
0.4752400000
0.3780500000
0.2821900000
0.1874800000
0.0936790000
0.0004902800
-0.0923830000
-0.1852300000
-0.2783100000
-0.3717900000
-0.4657200000
-0.5600100000
-0.6543900000
-0.7483900000
-0.8413600000
-0.9324600000
-1.0208000000
-1.1053000000
-1.1851000000
-1.2593000000
-1.3273000000
-1.3888000000
-1.4436000000
-1.4920000000
-1.5344000000
-1.5715000000
-1.6040000000
-1.6327000000
-1.6587000000
-1.6826000000
-1.7052000000
-1.7273000000
-1.7494000000
-1.7718000000
-1.7950000000
-1.8191000000
-1.8442000000
-1.8701000000
-1.8969000000
-1.9242000000
-1.9517000000
-1.9790000000
-2.0056000000
-2.0311000000
-2.0548000000
-2.0761000000
-2.0945000000
-2.1092000000
-2.1197000000
-2.1254000000
-2.1257000000
-2.1200000000
-2.1079000000
-2.0890000000
-2.0629000000
-2.0295000000
-1.9884000000
-1.9397000000
-1.8833000000
-1.8194000000
-1.7480000000
-1.6695000000
-1.5841000000
-1.4922000000
-1.3942000000
-1.2905000000
-1.1816000000
-1.0679000000
-0.9499700000
-0.8282000000
-0.7030500000
-0.5749700000
-0.4443700000
-0.3116900000
-0.1773700000
-0.0419260000
0.0940430000
0.2298100000
0.3644700000
0.4969100000
0.6258000000
0.7496200000
0.8666800000
0.9752300000
1.0736000000
1.1603000000
1.2342000000
1.2946000000
1.3410000000
1.3738000000
1.3935000000
1.4009000000
1.3973000000
1.3839000000
1.3622000000
1.3336000000
1.2996000000
1.2615000000
1.2205000000
1.1780000000
1.1349000000
1.0923000000
1.0510000000
1.0116000000
0.9749400000
0.9413300000
0.9111300000
0.8845600000
0.8617100000
0.8425100000
0.8268200000
0.8143400000
0.8047000000
0.7973800000
0.7918200000
0.7873300000
0.7831700000
0.7785100000
0.7724800000
0.7641500000
0.7525600000
0.7366900000
0.7155100000
0.6879400000
0.6529000000
0.6092600000
0.5559100000
0.4916900000
0.4154800000
0.3261600000
0.2226700000
0.1041100000
-0.0302340000
-0.1806900000
-0.3470200000
-0.5282000000
-0.7221100000
-0.9254100000
-1.1334000000
-1.3405000000
-1.5404000000
-1.7274000000
-1.8972000000
-2.0471000000
-2.1764000000
-2.2863000000
-2.3787000000
-2.4561000000
-2.5211000000
-2.5756000000
-2.6213000000
-2.6593000000
-2.6904000000
-2.7149000000
-2.7329000000
-2.7444000000
-2.7492000000
-2.7471000000
-2.7379000000
-2.7215000000
-2.6976000000
-2.6663000000
-2.6277000000
-2.5817000000
-2.5288000000
-2.4691000000
-2.4030000000
-2.3310000000
-2.2536000000
-2.1714000000
-2.0850000000
-1.9951000000
-1.9024000000
-1.8075000000
-1.7112000000
-1.6142000000
-1.5170000000
-1.4203000000
-1.3248000000
-1.2307000000
-1.1387000000
-1.0490000000
-0.9618200000
-0.8773900000
-0.7957000000
-0.7166900000
-0.6401600000
-0.5658000000
-0.4932000000
-0.4218100000
-0.3509900000
-0.2799900000
-0.2079600000
-0.1340100000
-0.0571540000
0.0235650000
0.1091000000
0.2003300000
0.2979600000
0.4024700000
0.5140100000
0.6322900000
0.7564700000
0.8851700000
1.0164000000
1.1477000000
1.2763000000
1.3995000000
1.5148000000
1.6204000000
1.7150000000
1.7985000000
1.8713000000
1.9344000000
1.9891000000
2.0372000000
2.0801000000
2.1192000000
2.1558000000
2.1909000000
2.2252000000
2.2591000000
2.2930000000
2.3269000000
2.3606000000
2.3938000000
2.4263000000
2.4573000000
2.4864000000
2.5130000000
2.5364000000
2.5559000000
2.5709000000
2.5807000000
2.5850000000
2.5830000000
2.5745000000
2.5590000000
2.5364000000
2.5065000000
2.4692000000
2.4246000000
2.3727000000
2.3139000000
2.2484000000
2.1767000000
2.0991000000
2.0163000000
1.9287000000
1.8370000000
1.7418000000
1.6439000000
1.5438000000
1.4421000000
1.3396000000
1.2367000000
1.1340000000
1.0320000000
0.9310700000
0.8314900000
0.7335100000
0.6372500000
0.5427600000
0.4499600000
0.3587100000
0.2687600000
0.1797900000
0.0914010000
0.0031688000
-0.0853650000
-0.1746500000
-0.2650900000
-0.3570100000
-0.4505900000
-0.5458500000
-0.6425800000
-0.7403400000
-0.8384200000
-0.9358900000
-1.0316000000
-1.1244000000
-1.2129000000
-1.2961000000
-1.3730000000
-1.4430000000
-1.5059000000
-1.5617000000
-1.6109000000
-1.6541000000
-1.6921000000
-1.7258000000
-1.7563000000
-1.7844000000
-1.8110000000
-1.8367000000
-1.8622000000
-1.8880000000
-1.9143000000
-1.9412000000
-1.9689000000
-1.9973000000
-2.0261000000
-2.0551000000
-2.0839000000
-2.1120000000
-2.1389000000
-2.1640000000
-2.1867000000
-2.2064000000
-2.2224000000
-2.2341000000
-2.2409000000
-2.2422000000
-2.2376000000
-2.2265000000
-2.2086000000
-2.1835000000
-2.1510000000
-2.1111000000
-2.0636000000
-2.0085000000
-1.9461000000
-1.8766000000
-1.8001000000
-1.7171000000
-1.6281000000
-1.5333000000
-1.4334000000
-1.3288000000
-1.2202000000
-1.1079000000
-0.9925100000
-0.8745500000
-0.7544500000
-0.6326400000
-0.5095000000
-0.3854000000
-0.2606900000
-0.1357200000
-0.0108480000
0.1134800000
0.2367500000
0.3583100000
0.4773600000
0.5929700000
0.7040200000
0.8092900000
0.9075100000
0.9974200000
1.0779000000
1.1481000000
1.2073000000
1.2553000000
1.2922000000
1.3184000000
1.3347000000
1.3420000000
1.3415000000
1.3343000000
1.3219000000
1.3053000000
1.2859000000
1.2649000000
1.2431000000
1.2217000000
1.2014000000
1.1829000000
1.1667000000
1.1533000000
1.1430000000
1.1359000000
1.1320000000
1.1314000000
1.1337000000
1.1388000000
1.1463000000
1.1556000000
1.1663000000
1.1778000000
1.1895000000
1.2006000000
1.2105000000
1.2185000000
1.2237000000
1.2255000000
1.2230000000
1.2155000000
1.2023000000
1.1826000000
1.1556000000
1.1206000000
1.0770000000
1.0239000000
0.9606200000
0.8866000000
0.8011300000
0.7035700000
0.5933300000
0.4698700000
0.3327400000
0.1816600000
0.0166100000
-0.1620200000
-0.3532300000
-0.5552000000
-0.7650500000
-0.9787700000
-1.1913000000
-1.3969000000
-1.5898000000
-1.7650000000
-1.9191000000
-2.0504000000
-2.1587000000
-2.2453000000
-2.3121000000
-2.3612000000
-2.3948000000
-2.4146000000
-2.4222000000
-2.4185000000
-2.4046000000
-2.3811000000
-2.3485000000
-2.3073000000
-2.2580000000
-2.2009000000
-2.1365000000
-2.0654000000
-1.9880000000
-1.9048000000
-1.8165000000
-1.7237000000
-1.6269000000
-1.5269000000
-1.4243000000
-1.3197000000
-1.2137000000
-1.1069000000
-0.9996800000
-0.8925800000
-0.7859400000
-0.6800700000
-0.5751800000
-0.4714300000
-0.3688800000
-0.2675200000
-0.1672700000
-0.0680430000
0.0303150000
0.1279400000
0.2249600000
0.3214200000
0.4173000000
0.5124700000
0.6066400000
0.6994000000
0.7901700000
0.8782500000
0.9628600000
1.0432000000
1.1184000000
1.1880000000
1.2513000000
1.3081000000
1.3584000000
1.4023000000
1.4403000000
1.4731000000
1.5012000000
1.5256000000
1.5471000000
1.5665000000
1.5846000000
1.6020000000
1.6194000000
1.6372000000
1.6558000000
1.6755000000
1.6964000000
1.7186000000
1.7420000000
1.7664000000
1.7916000000
1.8173000000
1.8431000000
1.8686000000
1.8932000000
1.9165000000
1.9378000000
1.9566000000
1.9722000000
1.9840000000
1.9914000000
1.9938000000
1.9906000000
1.9814000000
1.9656000000
1.9428000000
1.9127000000
1.8750000000
1.8296000000
1.7764000000
1.7153000000
1.6463000000
1.5696000000
1.4855000000
1.3941000000
1.2957000000
1.1907000000
1.0795000000
0.9623700000
0.8397900000
0.7121400000
0.5798300000
0.4432900000
0.3029900000
0.1594400000
0.0132820000
-0.1347200000
-0.2835600000
-0.4320100000
-0.5785200000
-0.7212300000
-0.8580200000
-0.9866200000
-1.1047000000
-1.2102000000
-1.3013000000
-1.3767000000
-1.4357000000
-1.4782000000
-1.5046000000
-1.5157000000
-1.5128000000
-1.4973000000
-1.4705000000
-1.4341000000
-1.3895000000
-1.3383000000
-1.2818000000
-1.2213000000
-1.1580000000
-1.0931000000
-1.0276000000
-0.9623000000
-0.8980900000
-0.8356200000
-0.7754600000
-0.7180700000
-0.6637800000
-0.6128000000
-0.5652200000
-0.5210000000
-0.4799900000
-0.4419000000
-0.4063300000
-0.3727600000
-0.3405700000
-0.3090300000
-0.2772900000
-0.2444400000
-0.2094800000
-0.1713600000
-0.1289500000
-0.0811080000
-0.0266950000
0.0354230000
0.1063000000
0.1868800000
0.2779200000
0.3798900000
0.4928700000
0.6164600000
0.7496300000
0.8906500000
1.0371000000
1.1859000000
1.3336000000
1.4768000000
1.6123000000
1.7376000000
1.8513000000
1.9529000000
2.0428000000
2.1220000000
2.1920000000
2.2543000000
2.3103000000
2.3612000000
2.4082000000
2.4517000000
2.4922000000
2.5299000000
2.5646000000
2.5961000000
2.6241000000
2.6479000000
2.6672000000
2.6815000000
2.6901000000
2.6927000000
2.6888000000
2.6781000000
2.6602000000
2.6352000000
2.6027000000
2.5629000000
2.5159000000
2.4619000000
2.4011000000
2.3339000000
2.2608000000
2.1822000000
2.0988000000
2.0112000000
1.9200000000
1.8259000000
1.7295000000
1.6317000000
1.5329000000
1.4339000000
1.3352000000
1.2375000000
1.1411000000
1.0464000000
0.9537900000
0.8634500000
0.7755000000
0.6899500000
0.6066900000
0.5255100000
0.4460800000
0.3679700000
0.2906600000
0.2135000000
0.1358000000
0.0567890000
-0.0243330000
-0.1083600000
-0.1960300000
-0.2880100000
-0.3847600000
-0.4865400000
-0.5932700000
-0.7044900000
-0.8193000000
-0.9363600000
-1.0539000000
-1.1700000000
-1.2823000000
-1.3889000000
-1.4880000000
-1.5784000000
-1.6594000000
-1.7309000000
-1.7936000000
-1.8482000000
-1.8960000000
-1.9383000000
-1.9764000000
-2.0114000000
-2.0444000000
-2.0763000000
-2.1078000000
-2.1391000000
-2.1707000000
-2.2026000000
-2.2347000000
-2.2667000000
-2.2984000000
-2.3292000000
-2.3586000000
-2.3861000000
-2.4109000000
-2.4325000000
-2.4502000000
-2.4634000000
-2.4714000000
-2.4738000000
-2.4699000000
-2.4594000000
-2.4420000000
-2.4175000000
-2.3855000000
-2.3462000000
-2.2994000000
-2.2454000000
-2.1844000000
-2.1166000000
-2.0425000000
-1.9624000000
-1.8769000000
-1.7865000000
-1.6919000000
-1.5935000000
-1.4921000000
-1.3883000000
-1.2826000000
-1.1756000000
-1.0679000000
-0.9599300000
-0.8521200000
-0.7448100000
-0.6382800000
-0.5327200000
-0.4282500000
-0.3249300000
-0.2227200000
-0.1215700000
-0.0213720000
0.0779940000
0.1766300000
0.2746000000
0.3718900000
0.4683800000
0.5638500000
0.6578900000
0.7499800000
0.8394600000
0.9255700000
1.0075000000
1.0845000000
1.1558000000
1.2208000000
1.2793000000
1.3311000000
1.3763000000
1.4154000000
1.4488000000
1.4773000000
1.5017000000
1.5229000000
1.5416000000
1.5587000000
1.5749000000
1.5908000000
1.6071000000
1.6241000000
1.6421000000
1.6614000000
1.6821000000
1.7040000000
1.7272000000
1.7514000000
1.7763000000
1.8016000000
1.8270000000
1.8518000000
1.8757000000
1.8980000000
1.9182000000
1.9356000000
1.9497000000
1.9597000000
1.9652000000
1.9655000000
1.9601000000
1.9484000000
1.9300000000
1.9046000000
1.8717000000
1.8311000000
1.7827000000
1.7264000000
1.6622000000
1.5901000000
1.5103000000
1.4229000000
1.3283000000
1.2266000000
1.1183000000
1.0037000000
0.8830800000
0.7569500000
0.6256600000
0.4896300000
0.3492900000
0.2051600000
0.0578250000
-0.0919520000
-0.2432300000
-0.3947800000
-0.5450800000
-0.6922700000
-0.8342100000
-0.9685100000
-1.0927000000
-1.2046000000
-1.3021000000
-1.3837000000
-1.4486000000
-1.4964000000
-1.5275000000
-1.5426000000
-1.5429000000
-1.5297000000
-1.5046000000
-1.4690000000
-1.4245000000
-1.3726000000
-1.3147000000
-1.2522000000
-1.1861000000
-1.1178000000
-1.0482000000
-0.9783300000
-0.9089500000
-0.8408300000
-0.7745700000
-0.7107000000
-0.6496100000
-0.5915700000
-0.5367500000
-0.4851700000
-0.4367600000
-0.3913000000
-0.3484800000
-0.3078400000
-0.2688400000
-0.2308200000
-0.1930000000
-0.1545400000
-0.1145100000
-0.0719260000
-0.0257410000
0.0251030000
0.0816620000
0.1449600000
0.2159100000
0.2953300000
0.3837800000
0.4815600000
0.5885700000
0.7042600000
0.8275000000
0.9566100000
1.0894000000
1.2231000000
1.3550000000
1.4821000000
1.6022000000
1.7134000000
1.8146000000
1.9057000000
1.9870000000
2.0594000000
2.1241000000
2.1824000000
2.2354000000
2.2843000000
2.3298000000
2.3725000000
2.4127000000
2.4506000000
2.4859000000
2.5185000000
2.5480000000
2.5739000000
2.5957000000
2.6129000000
2.6249000000
2.6312000000
2.6314000000
2.6250000000
2.6117000000
2.5912000000
2.5634000000
2.5283000000
2.4858000000
2.4361000000
2.3794000000
2.3160000000
2.2462000000
2.1707000000
2.0897000000
2.0040000000
1.9141000000
1.8208000000
1.7246000000
1.6262000000
1.5263000000
1.4255000000
1.3244000000
1.2236000000
1.1236000000
1.0248000000
0.9275600000
0.8321300000
0.7386700000
0.6472600000
0.5578600000
0.4703200000
0.3844000000
0.2997600000
0.2159700000
0.1325300000
0.0488610000
-0.0356340000
-0.1215700000
-0.2095100000
-0.2999700000
-0.3933100000
-0.4897400000
-0.5892000000
-0.6913600000
-0.7955500000
-0.9007900000
-1.0058000000
-1.1091000000
-1.2090000000
-1.3040000000
-1.3928000000
-1.4744000000
-1.5480000000
-1.6137000000
-1.6716000000
-1.7224000000
-1.7670000000
-1.8064000000
-1.8418000000
-1.8740000000
-1.9042000000
-1.9332000000
-1.9616000000
-1.9899000000
-2.0186000000
-2.0477000000
-2.0774000000
-2.1076000000
-2.1380000000
-2.1682000000
-2.1980000000
-2.2267000000
-2.2538000000
-2.2788000000
-2.3009000000
-2.3195000000
-2.3341000000
-2.3439000000
-2.3484000000
-2.3470000000
-2.3393000000
-2.3249000000
-2.3034000000
-2.2747000000
-2.2385000000
-2.1949000000
-2.1438000000
-2.0854000000
-2.0199000000
-1.9477000000
-1.8690000000
-1.7843000000
-1.6941000000
-1.5989000000
-1.4993000000
-1.3958000000
-1.2891000000
-1.1796000000
-1.0679000000
-0.9545500000
-0.8399900000
-0.7246400000
-0.6088600000
-0.4929600000
-0.3772100000
-0.2618200000
-0.1469800000
-0.0328770000
0.0802830000
0.1922600000
0.3027200000
0.4112600000
0.5173300000
0.6202700000
0.7192800000
0.8134800000
0.9019400000
0.9837500000
1.0581000000
1.1243000000
1.1819000000
1.2308000000
1.2711000000
1.3031000000
1.3275000000
1.3450000000
1.3567000000
1.3635000000
1.3665000000
1.3668000000
1.3652000000
1.3629000000
1.3605000000
1.3589000000
1.3585000000
1.3598000000
1.3632000000
1.3689000000
1.3771000000
1.3876000000
1.4004000000
1.4152000000
1.4319000000
1.4500000000
1.4692000000
1.4889000000
1.5086000000
1.5278000000
1.5459000000
1.5623000000
1.5764000000
1.5874000000
1.5949000000
1.5980000000
1.5963000000
1.5890000000
1.5756000000
1.5556000000
1.5283000000
1.4934000000
1.4503000000
1.3988000000
1.3384000000
1.2688000000
1.1900000000
1.1016000000
1.0036000000
0.8958500000
0.7783400000
0.6510600000
0.5140900000
0.3675600000
0.2117600000
0.0471790000
-0.1254200000
-0.3048400000
-0.4893600000
-0.6765900000
-0.8634500000
-1.0462000000
-1.2209000000
-1.3831000000
-1.5293000000
-1.6564000000
-1.7625000000
-1.8470000000
-1.9101000000
-1.9527000000
-1.9763000000
-1.9826000000
-1.9732000000
-1.9497000000
-1.9136000000
-1.8662000000
-1.8089000000
-1.7425000000
-1.6683000000
-1.5871000000
-1.4999000000
-1.4074000000
-1.3106000000
-1.2101000000
-1.1066000000
-1.0010000000
-0.8936400000
-0.7852500000
-0.6762800000
-0.5671600000
-0.4582800000
-0.3499600000
-0.2424500000
-0.1359700000
-0.0307380000
0.0730750000
0.1752700000
0.2756000000
0.3738100000
0.4695400000
0.5623700000
0.6518100000
0.7373000000
0.8182400000
0.8940400000
0.9641300000
1.0281000000
1.0854000000
1.1361000000
1.1801000000
1.2177000000
1.2490000000
1.2749000000
1.2958000000
1.3125000000
1.3259000000
1.3369000000
1.3461000000
1.3543000000
1.3623000000
1.3707000000
1.3799000000
1.3904000000
1.4024000000
1.4163000000
1.4320000000
1.4496000000
1.4689000000
1.4898000000
1.5121000000
1.5354000000
1.5594000000
1.5836000000
1.6076000000
1.6308000000
1.6526000000
1.6727000000
1.6902000000
1.7047000000
1.7156000000
1.7222000000
1.7239000000
1.7201000000
1.7103000000
1.6940000000
1.6707000000
1.6400000000
1.6014000000
1.5547000000
1.4995000000
1.4359000000
1.3635000000
1.2823000000
1.1924000000
1.0937000000
0.9862900000
0.8703800000
0.7460700000
0.6135600000
0.4731000000
0.3250400000
0.1698000000
0.0080454000
-0.1593400000
-0.3310800000
-0.5054700000
-0.6802400000
-0.8525900000
-1.0193000000
-1.1768000000
-1.3216000000
-1.4506000000
-1.5614000000
-1.6525000000
-1.7231000000
-1.7734000000
-1.8044000000
-1.8173000000
-1.8136000000
-1.7949000000
-1.7627000000
-1.7187000000
-1.6642000000
-1.6006000000
-1.5291000000
-1.4508000000
-1.3669000000
-1.2782000000
-1.1857000000
-1.0903000000
-0.9928400000
-0.8939300000
-0.7942800000
-0.6944700000
-0.5950000000
-0.4963000000
-0.3987200000
-0.3025500000
-0.2080000000
-0.1152000000
-0.0242690000
0.0647520000
0.1518400000
0.2369800000
0.3201700000
0.4013900000
0.4805900000
0.5576900000
0.6325600000
0.7050300000
0.7749100000
0.8419500000
0.9059200000
0.9665800000
1.0238000000
1.0773000000
1.1271000000
1.1732000000
1.2158000000
1.2550000000
1.2911000000
1.3244000000
1.3555000000
1.3846000000
1.4124000000
1.4391000000
1.4653000000
1.4912000000
1.5172000000
1.5436000000
1.5705000000
1.5981000000
1.6263000000
1.6552000000
1.6845000000
1.7143000000
1.7441000000
1.7738000000
1.8029000000
1.8311000000
1.8578000000
1.8827000000
1.9051000000
1.9246000000
1.9405000000
1.9522000000
1.9593000000
1.9611000000
1.9571000000
1.9468000000
1.9298000000
1.9056000000
1.8741000000
1.8348000000
1.7877000000
1.7327000000
1.6697000000
1.5988000000
1.5201000000
1.4339000000
1.3403000000
1.2396000000
1.1322000000
1.0185000000
0.8987500000
0.7733800000
0.6427800000
0.5073700000
0.3675900000
0.2239300000
0.0769860000
-0.0725260000
-0.2236800000
-0.3752900000
-0.5258700000
-0.6736000000
-0.8163700000
-0.9518200000
-1.0775000000
-1.1911000000
-1.2906000000
-1.3743000000
-1.4414000000
-1.4914000000
-1.5247000000
-1.5418000000
-1.5440000000
-1.5324000000
-1.5087000000
-1.4744000000
-1.4310000000
-1.3799000000
-1.3226000000
-1.2605000000
-1.1948000000
-1.1266000000
-1.0571000000
-0.9870400000
-0.9174300000
-0.8489700000
-0.7823100000
-0.7179500000
-0.6563300000
-0.5977200000
-0.5423100000
-0.4901400000
-0.4411600000
-0.3951600000
-0.3518500000
-0.3107900000
-0.2714500000
-0.2331800000
-0.1952300000
-0.1567700000
-0.1168700000
-0.0745620000
-0.0288050000
0.0214530000
0.0772690000
0.1396600000
0.2095800000
0.2878200000
0.3750000000
0.4714500000
0.5771100000
0.6914800000
0.8135300000
0.9416500000
1.0737000000
1.2070000000
1.3388000000
1.4662000000
1.5869000000
1.6989000000
1.8011000000
1.8932000000
1.9754000000
2.0487000000
2.1142000000
2.1731000000
2.2267000000
2.2760000000
2.3218000000
2.3649000000
2.4054000000
2.4435000000
2.4792000000
2.5122000000
2.5421000000
2.5685000000
2.5910000000
2.6088000000
2.6216000000
2.6287000000
2.6297000000
2.6243000000
2.6120000000
2.5925000000
2.5658000000
2.5317000000
2.4902000000
2.4415000000
2.3858000000
2.3233000000
2.2544000000
2.1796000000
2.0993000000
2.0142000000
1.9249000000
1.8320000000
1.7361000000
1.6379000000
1.5381000000
1.4373000000
1.3362000000
1.2353000000
1.1350000000
1.0359000000
0.9383300000
0.8425100000
0.7486300000
0.6567900000
0.5669500000
0.4789900000
0.3926800000
0.3077000000
0.2236200000
0.1399600000
0.0561490000
-0.0283940000
-0.1142800000
-0.2020800000
-0.2923000000
-0.3853300000
-0.4813600000
-0.5803900000
-0.6820900000
-0.7858400000
-0.8907000000
-0.9954000000
-1.0985000000
-1.1984000000
-1.2935000000
-1.3826000000
-1.4644000000
-1.5385000000
-1.6046000000
-1.6630000000
-1.7143000000
-1.7592000000
-1.7989000000
-1.8345000000
-1.8668000000
-1.8971000000
-1.9260000000
-1.9543000000
-1.9825000000
-2.0111000000
-2.0401000000
-2.0696000000
-2.0997000000
-2.1299000000
-2.1602000000
-2.1900000000
-2.2188000000
-2.2462000000
-2.2714000000
-2.2939000000
-2.3130000000
-2.3281000000
-2.3386000000
-2.3438000000
-2.3432000000
-2.3364000000
-2.3229000000
-2.3024000000
-2.2746000000
-2.2394000000
-2.1968000000
-2.1467000000
-2.0892000000
-2.0246000000
-1.9532000000
-1.8753000000
-1.7914000000
-1.7018000000
-1.6072000000
-1.5080000000
-1.4049000000
-1.2984000000
-1.1891000000
-1.0775000000
-0.9641000000
-0.8494300000
-0.7338900000
-0.6178400000
-0.5016200000
-0.3854800000
-0.2696500000
-0.1543300000
-0.0397210000
0.0739720000
0.1865000000
0.2975200000
0.4066300000
0.5132600000
0.6167300000
0.7162600000
0.8109400000
0.8998400000
0.9820300000
1.0567000000
1.1231000000
1.1809000000
1.2298000000
1.2701000000
1.3019000000
1.3260000000
1.3432000000
1.3545000000
1.3607000000
1.3632000000
1.3627000000
1.3605000000
1.3575000000
1.3543000000
1.3519000000
1.3507000000
1.3513000000
1.3539000000
1.3589000000
1.3664000000
1.3762000000
1.3884000000
1.4027000000
1.4189000000
1.4366000000
1.4554000000
1.4748000000
1.4943000000
1.5134000000
1.5314000000
1.5477000000
1.5618000000
1.5730000000
1.5806000000
1.5839000000
1.5824000000
1.5755000000
1.5624000000
1.5428000000
1.5159000000
1.4814000000
1.4387000000
1.3875000000
1.3275000000
1.2583000000
1.1797000000
1.0916000000
0.9936400000
0.8858800000
0.7682200000
0.6406500000
0.5032000000
0.3560300000
0.1994200000
0.0338360000
-0.1399200000
-0.3206100000
-0.5064700000
-0.6950200000
-0.8830900000
-1.0669000000
-1.2422000000
-1.4048000000
-1.5509000000
-1.6777000000
-1.7833000000
-1.8671000000
-1.9295000000
-1.9714000000
-1.9945000000
-2.0003000000
-1.9906000000
-1.9669000000
-1.9307000000
-1.8834000000
-1.8261000000
-1.7598000000
-1.6857000000
-1.6046000000
-1.5173000000
-1.4249000000
-1.3279000000
-1.2273000000
-1.1236000000
-1.0176000000
-0.9098800000
-0.8010000000
-0.6914700000
-0.5817200000
-0.4721300000
-0.3630200000
-0.2546400000
-0.1472400000
-0.0410130000
0.0638540000
0.1671500000
0.2686500000
0.3680600000
0.4650200000
0.5590900000
0.6497600000
0.7364500000
0.8185300000
0.8953800000
0.9664000000
1.0311000000
1.0891000000
1.1402000000
1.1844000000
1.2219000000
1.2531000000
1.2786000000
1.2989000000
1.3150000000
1.3276000000
1.3376000000
1.3457000000
1.3529000000
1.3598000000
1.3670000000
1.3751000000
1.3845000000
1.3955000000
1.4083000000
1.4231000000
1.4397000000
1.4583000000
1.4784000000
1.5001000000
1.5228000000
1.5463000000
1.5700000000
1.5936000000
1.6166000000
1.6383000000
1.6582000000
1.6758000000
1.6903000000
1.7013000000
1.7081000000
1.7100000000
1.7066000000
1.6972000000
1.6813000000
1.6584000000
1.6281000000
1.5900000000
1.5438000000
1.4891000000
1.4259000000
1.3539000000
1.2730000000
1.1833000000
1.0848000000
0.9774200000
0.8614000000
0.7368400000
0.6039200000
0.4628800000
0.3140500000
0.1578800000
-0.0049878000
-0.1736200000
-0.3467100000
-0.5224900000
-0.6986100000
-0.8721900000
-1.0399000000
-1.1981000000
-1.3433000000
-1.4723000000
-1.5829000000
-1.6733000000
-1.7432000000
-1.7928000000
-1.8229000000
-1.8350000000
-1.8305000000
-1.8111000000
-1.7784000000
-1.7338000000
-1.6788000000
-1.6147000000
-1.5426000000
-1.4637000000
-1.3791000000
-1.2898000000
-1.1965000000
-1.1003000000
-1.0018000000
-0.9018500000
-0.8010200000
-0.6999100000
-0.5990200000
-0.4988000000
-0.3995800000
-0.3016700000
-0.2052700000
-0.1105500000
-0.0176300000
0.0734280000
0.1625600000
0.2497400000
0.3349000000
0.4179700000
0.4988500000
0.5773900000
0.6534200000
0.7266900000
0.7969500000
0.8639300000
0.9273500000
0.9869800000
1.0426000000
1.0942000000
1.1416000000
1.1850000000
1.2246000000
1.2606000000
1.2935000000
1.3235000000
1.3513000000
1.3774000000
1.4021000000
1.4260000000
1.4496000000
1.4732000000
1.4971000000
1.5215000000
1.5468000000
1.5728000000
1.5997000000
1.6274000000
1.6558000000
1.6847000000
1.7138000000
1.7428000000
1.7714000000
1.7990000000
1.8254000000
1.8498000000
1.8719000000
1.8911000000
1.9068000000
1.9184000000
1.9253000000
1.9269000000
1.9229000000
1.9125000000
1.8955000000
1.8713000000
1.8397000000
1.8004000000
1.7532000000
1.6980000000
1.6347000000
1.5635000000
1.4844000000
1.3975000000
1.3031000000
1.2014000000
1.0928000000
0.9776300000
0.8561400000
0.7287400000
0.5958200000
0.4577700000
0.3150600000
0.1682100000
0.0178640000
-0.1351500000
-0.2897700000
-0.4446300000
-0.5980200000
-0.7478800000
-0.8918400000
-1.0273000000
-1.1518000000
-1.2629000000
-1.3586000000
-1.4375000000
-1.4990000000
-1.5429000000
-1.5697000000
-1.5803000000
-1.5760000000
-1.5582000000
-1.5284000000
-1.4883000000
-1.4393000000
-1.3829000000
-1.3204000000
-1.2532000000
-1.1825000000
-1.1093000000
-1.0347000000
-0.9596100000
-0.8848300000
-0.8110800000
-0.7389800000
-0.6690300000
-0.6016200000
-0.5370400000
-0.4754400000
-0.4168900000
-0.3613100000
-0.3085300000
-0.2582300000
-0.2100100000
-0.1633600000
-0.1176500000
-0.0721740000
-0.0261540000
0.0212680000
0.0709900000
0.1239300000
0.1810000000
0.2430900000
0.3109800000
0.3853400000
0.4666400000
0.5551000000
0.6506200000
0.7527300000
0.8605300000
0.9726800000
1.0875000000
1.2029000000
1.3169000000
1.4273000000
1.5323000000
1.6304000000
1.7209000000
1.8034000000
1.8781000000
1.9456000000
2.0067000000
2.0624000000
2.1136000000
2.1612000000
2.2059000000
2.2482000000
2.2885000000
2.3268000000
2.3632000000
2.3975000000
2.4294000000
2.4584000000
2.4840000000
2.5057000000
2.5230000000
2.5353000000
2.5420000000
2.5427000000
2.5369000000
2.5244000000
2.5047000000
2.4777000000
2.4434000000
2.4016000000
2.3526000000
2.2964000000
2.2334000000
2.1639000000
2.0883000000
2.0070000000
1.9208000000
1.8300000000
1.7354000000
1.6376000000
1.5372000000
1.4349000000
1.3312000000
1.2268000000
1.1222000000
1.0179000000
0.9142600000
0.8116400000
0.7102900000
0.6103800000
0.5119900000
0.4151000000
0.3196100000
0.2253500000
0.1320800000
0.0394990000
-0.0527140000
-0.1448800000
-0.2373000000
-0.3302000000
-0.4237100000
-0.5178400000
-0.6123900000
-0.7069900000
-0.8010800000
-0.8938700000
-0.9844600000
-1.0718000000
-1.1550000000
-1.2330000000
-1.3050000000
-1.3706000000
-1.4296000000
-1.4819000000
-1.5279000000
-1.5682000000
-1.6035000000
-1.6346000000
-1.6625000000
-1.6879000000
-1.7117000000
-1.7346000000
-1.7572000000
-1.7800000000
-1.8034000000
-1.8276000000
-1.8527000000
-1.8787000000
-1.9055000000
-1.9329000000
-1.9607000000
-1.9883000000
-2.0154000000
-2.0415000000
-2.0659000000
-2.0882000000
-2.1076000000
-2.1237000000
-2.1356000000
-2.1428000000
-2.1448000000
-2.1410000000
-2.1308000000
-2.1140000000
-2.0901000000
-2.0588000000
-2.0200000000
-1.9736000000
-1.9195000000
-1.8579000000
-1.7888000000
-1.7126000000
-1.6294000000
-1.5397000000
-1.4439000000
-1.3423000000
-1.2355000000
-1.1239000000
-1.0080000000
-0.8883000000
-0.7652300000
-0.6392400000
-0.5107500000
-0.3801800000
-0.2479600000
-0.1145400000
0.0195460000
0.1536900000
0.2871100000
0.4188700000
0.5478200000
0.6726000000
0.7916800000
0.9034200000
1.0062000000
1.0984000000
1.1787000000
1.2463000000
1.3005000000
1.3413000000
1.3690000000
1.3842000000
1.3881000000
1.3818000000
1.3666000000
1.3440000000
1.3153000000
1.2820000000
1.2454000000
1.2067000000
1.1671000000
1.1275000000
1.0889000000
1.0521000000
1.0176000000
0.9860500000
0.9577700000
0.9330300000
0.9119600000
0.8945600000
0.8807200000
0.8701800000
0.8626200000
0.8575700000
0.8545000000
0.8527800000
0.8517000000
0.8504900000
0.8483400000
0.8443500000
0.8376300000
0.8272100000
0.8121100000
0.7913500000
0.7638800000
0.7286800000
0.6846700000
0.6307800000
0.5659400000
0.4890500000
0.3990600000
0.2949500000
0.1758000000
0.0409010000
-0.1101600000
-0.2772700000
-0.4596100000
-0.6553200000
-0.8613200000
-1.0732000000
-1.2853000000
-1.4915000000
-1.6856000000
-1.8626000000
-2.0196000000
-2.1552000000
-2.2701000000
-2.3663000000
-2.4462000000
-2.5123000000
-2.5668000000
-2.6115000000
-2.6475000000
-2.6758000000
-2.6968000000
-2.7107000000
-2.7176000000
-2.7174000000
-2.7099000000
-2.6950000000
-2.6727000000
-2.6429000000
-2.6056000000
-2.5610000000
-2.5093000000
-2.4507000000
-2.3857000000
-2.3145000000
-2.2379000000
-2.1563000000
-2.0703000000
-1.9805000000
-1.8878000000
-1.7927000000
-1.6959000000
-1.5982000000
-1.5001000000
-1.4024000000
-1.3054000000
-1.2099000000
-1.1161000000
-1.0244000000
-0.9351200000
-0.8483600000
-0.7641900000
-0.6825300000
-0.6032200000
-0.5259600000
-0.4503500000
-0.3758800000
-0.3019300000
-0.2277800000
-0.1526300000
-0.0756490000
0.0040699000
0.0874060000
0.1752000000
0.2681700000
0.3668700000
0.4716000000
0.5822800000
0.6984200000
0.8190200000
0.9425800000
1.0671000000
1.1903000000
1.3096000000
1.4228000000
1.5279000000
1.6233000000
1.7086000000
1.7836000000
1.8491000000
1.9059000000
1.9556000000
1.9995000000
2.0391000000
2.0755000000
2.1100000000
2.1433000000
2.1761000000
2.2088000000
2.2416000000
2.2746000000
2.3075000000
2.3401000000
2.3720000000
2.4027000000
2.4315000000
2.4580000000
2.4813000000
2.5010000000
2.5163000000
2.5266000000
2.5314000000
2.5301000000
2.5223000000
2.5077000000
2.4859000000
2.4568000000
2.4204000000
2.3765000000
2.3255000000
2.2673000000
2.2023000000
2.1310000000
2.0536000000
1.9708000000
1.8831000000
1.7910000000
1.6952000000
1.5963000000
1.4950000000
1.3918000000
1.2875000000
1.1824000000
1.0773000000
0.9725100000
0.8684200000
0.7653500000
0.6635500000
0.5631400000
0.4641800000
0.3666400000
0.2704100000
0.1753000000
0.0810760000
-0.0125350000
-0.1058200000
-0.1990600000
-0.2924800000
-0.3862200000
-0.4803100000
-0.5746100000
-0.6688200000
-0.7624400000
-0.8547900000
-0.9450400000
-1.0322000000
-1.1154000000
-1.1937000000
-1.2663000000
-1.3326000000
-1.3923000000
-1.4455000000
-1.4923000000
-1.5332000000
-1.5689000000
-1.6003000000
-1.6281000000
-1.6532000000
-1.6765000000
-1.6986000000
-1.7203000000
-1.7420000000
-1.7642000000
-1.7872000000
-1.8111000000
-1.8360000000
-1.8618000000
-1.8885000000
-1.9156000000
-1.9430000000
-1.9701000000
-1.9966000000
-2.0218000000
-2.0452000000
-2.0663000000
-2.0844000000
-2.0988000000
-2.1090000000
-2.1143000000
-2.1141000000
-2.1081000000
-2.0955000000
-2.0762000000
-2.0496000000
-2.0157000000
-1.9741000000
-1.9249000000
-1.8680000000
-1.8035000000
-1.7316000000
-1.6525000000
-1.5665000000
-1.4740000000
-1.3753000000
-1.2709000000
-1.1613000000
-1.0468000000
-0.9280600000
-0.8054200000
-0.6793400000
-0.5502600000
-0.4186100000
-0.2848200000
-0.1493700000
-0.0127860000
0.1242900000
0.2610700000
0.3965800000
0.5296400000
0.6588200000
0.7825100000
0.8989500000
1.0064000000
1.1031000000
1.1876000000
1.2589000000
1.3162000000
1.3595000000
1.3889000000
1.4052000000
1.4092000000
1.4023000000
1.3858000000
1.3612000000
1.3298000000
1.2932000000
1.2526000000
1.2094000000
1.1647000000
1.1196000000
1.0751000000
1.0319000000
0.9908800000
0.9525000000
0.9172600000
0.8854700000
0.8573300000
0.8329100000
0.8121400000
0.7948600000
0.7807600000
0.7694400000
0.7604000000
0.7530200000
0.7466100000
0.7404100000
0.7335700000
0.7252000000
0.7143300000
0.6999800000
0.6810900000
0.6565900000
0.6253800000
0.5863300000
0.5382800000
0.4800700000
0.4105300000
0.3285100000
0.2329000000
0.1227000000
-0.0028983000
-0.1444000000
-0.3018100000
-0.4744500000
-0.6606500000
-0.8575700000
-1.0611000000
-1.2659000000
-1.4661000000
-1.6558000000
-1.8302000000
-1.9858000000
-2.1216000000
-2.2378000000
-2.3362000000
-2.4192000000
-2.4892000000
-2.5485000000
-2.5988000000
-2.6415000000
-2.6774000000
-2.7070000000
-2.7304000000
-2.7478000000
-2.7588000000
-2.7632000000
-2.7609000000
-2.7516000000
-2.7350000000
-2.7110000000
-2.6797000000
-2.6410000000
-2.5951000000
-2.5421000000
-2.4824000000
-2.4163000000
-2.3444000000
-2.2671000000
-2.1850000000
-2.0988000000
-2.0091000000
-1.9166000000
-1.8220000000
-1.7260000000
-1.6292000000
-1.5325000000
-1.4363000000
-1.3412000000
-1.2477000000
-1.1563000000
-1.0673000000
-0.9808700000
-0.8972700000
-0.8164900000
-0.7384700000
-0.6630100000
-0.5898100000
-0.5184600000
-0.4484000000
-0.3789900000
-0.3094800000
-0.2390200000
-0.1666700000
-0.0914590000
-0.0123660000
0.0716070000
0.1614000000
0.2578000000
0.3614100000
0.4725000000
0.5909100000
0.7159700000
0.8463800000
0.9802600000
1.1151000000
1.2482000000
1.3765000000
1.4972000000
1.6084000000
1.7084000000
1.7969000000
1.8741000000
1.9410000000
1.9989000000
2.0495000000
2.0944000000
2.1351000000
2.1730000000
2.2090000000
2.2440000000
2.2786000000
2.3130000000
2.3473000000
2.3813000000
2.4149000000
2.4476000000
2.4790000000
2.5084000000
2.5352000000
2.5588000000
2.5786000000
2.5938000000
2.6039000000
2.6083000000
2.6065000000
2.5982000000
2.5829000000
2.5605000000
2.5307000000
2.4936000000
2.4491000000
2.3975000000
2.3389000000
2.2737000000
2.2022000000
2.1250000000
2.0424000000
1.9553000000
1.8640000000
1.7694000000
1.6720000000
1.5726000000
1.4716000000
1.3699000000
1.2680000000
1.1663000000
1.0654000000
0.9657000000
0.8674900000
0.7710100000
0.6763900000
0.5836700000
0.4927900000
0.4035800000
0.3157900000
0.2290600000
0.1429900000
0.0570820000
-0.0291850000
-0.1163400000
-0.2048900000
-0.2952900000
-0.3878600000
-0.4827800000
-0.5800200000
-0.6792800000
-0.7799800000
-0.8812600000
-0.9820100000
-1.0809000000
-1.1765000000
-1.2675000000
-1.3526000000
-1.4310000000
-1.5019000000
-1.5653000000
-1.6214000000
-1.6707000000
-1.7140000000
-1.7522000000
-1.7864000000
-1.8175000000
-1.8465000000
-1.8741000000
-1.9012000000
-1.9282000000
-1.9554000000
-1.9833000000
-2.0118000000
-2.0408000000
-2.0703000000
-2.1000000000
-2.1295000000
-2.1583000000
-2.1860000000
-2.2119000000
-2.2354000000
-2.2559000000
-2.2728000000
-2.2854000000
-2.2931000000
-2.2954000000
-2.2917000000
-2.2815000000
-2.2645000000
-2.2404000000
-2.2090000000
-2.1701000000
-2.1236000000
-2.0697000000
-2.0085000000
-1.9402000000
-1.8651000000
-1.7836000000
-1.6961000000
-1.6031000000
-1.5051000000
-1.4026000000
-1.2962000000
-1.1864000000
-1.0738000000
-0.9589300000
-0.8421700000
-0.7240200000
-0.6048600000
-0.4850400000
-0.3648700000
-0.2446500000
-0.1246400000
-0.0051388000
0.1135300000
0.2309700000
0.3466700000
0.4600200000
0.5702400000
0.6764400000
0.7775900000
0.8726200000
0.9604400000
1.0401000000
1.1106000000
1.1716000000
1.2226000000
1.2637000000
1.2952000000
1.3177000000
1.3321000000
1.3393000000
1.3405000000
1.3369000000
1.3295000000
1.3196000000
1.3082000000
1.2962000000
1.2846000000
1.2741000000
1.2653000000
1.2586000000
1.2545000000
1.2531000000
1.2546000000
1.2590000000
1.2661000000
1.2757000000
1.2876000000
1.3013000000
1.3164000000
1.3323000000
1.3486000000
1.3646000000
1.3798000000
1.3933000000
1.4047000000
1.4131000000
1.4179000000
1.4184000000
