-1.3878000000
-14.4120000000
-21.8400000000
-19.9090000000
-12.9560000000
-6.4600000000
-2.8380000000
-1.4064000000
-0.4619400000
0.9564000000
2.1436000000
0.4123900000
-3.1114000000
-4.0161000000
-1.3887000000
2.7269000000
1.0344000000
-12.7480000000
-23.5080000000
-23.9810000000
-17.3780000000
-9.9797000000
-5.4319000000
-3.6555000000
-2.7841000000
-1.3126000000
1.0064000000
2.6538000000
-0.8933800000
-6.7524000000
-8.4640000000
-5.3260000000
-0.2077000000
3.5148000000
-2.9407000000
-15.9170000000
-22.1670000000
-19.2800000000
-12.1140000000
-5.9139000000
-2.6458000000
-1.3666000000
-0.3814000000
1.1214000000
2.1753000000
0.0022786000
-3.5407000000
-4.1080000000
-1.1832000000
2.9647000000
0.3294900000
-13.8760000000
-24.1270000000
-23.9650000000
-17.0850000000
-9.7713000000
-5.4313000000
-3.7860000000
-2.9197000000
-1.3835000000
1.0011000000
2.6756000000
-0.9680500000
-6.9524000000
-8.7139000000
-5.5553000000
-0.3939300000
3.4504000000
-2.3925000000
-15.1540000000
-21.5960000000
-18.9760000000
-11.9360000000
-5.7099000000
-2.3572000000
-1.0296000000
-0.0913930000
1.2328000000
1.9874000000
-0.0243220000
-2.8251000000
-2.8388000000
0.1504100000
3.5514000000
-2.6022000000
-16.1080000000
-23.0330000000
-20.4450000000
-13.1930000000
-6.7735000000
-3.3639000000
-2.0618000000
-1.0686000000
0.5981000000
2.3137000000
0.7430200000
-3.9699000000
-6.1208000000
-3.9288000000
0.6081400000
3.6690000000
-5.7934000000
-20.0610000000
-25.7080000000
-21.6780000000
-13.8570000000
-7.6800000000
-4.7535000000
-3.7245000000
-2.6724000000
-0.6829200000
1.8630000000
2.1638000000
-3.4018000000
-8.5038000000
-8.3761000000
-4.0797000000
1.0771000000
3.2090000000
-6.0507000000
-17.5290000000
-20.8920000000
-16.3420000000
-9.2211000000
-3.8856000000
-1.3230000000
-0.2797200000
0.6120600000
1.5778000000
1.3343000000
-0.6499100000
-1.7527000000
-0.2606500000
2.7487000000
0.9479500000
-9.2728000000
-16.4770000000
-15.7550000000
-9.9185000000
-3.7542000000
0.1285400000
1.5262000000
0.4499500000
-1.4488000000
-1.3753000000
1.1040000000
3.2566000000
-3.3198000000
-13.3010000000
-16.8390000000
-13.1770000000
-6.7108000000
-1.4809000000
1.2133000000
1.3026000000
-0.8174300000
-2.1186000000
-0.6809100000
2.5226000000
1.5837000000
-9.0694000000
-17.5980000000
-17.7660000000
-12.0150000000
-5.4798000000
-1.2315000000
0.6071800000
0.9423400000
0.4660200000
0.2205200000
0.9760900000
2.0101000000
0.8035500000
-2.2666000000
-3.2398000000
-0.9234700000
2.8838000000
0.6278800000
-12.5930000000
-22.2560000000
-22.0920000000
-15.5020000000
-8.4318000000
-4.1504000000
-2.4379000000
-1.5140000000
-0.0468550000
1.9175000000
1.8299000000
-2.6282000000
-6.1704000000
-5.2993000000
-1.1609000000
3.2374000000
-0.7469700000
-15.3300000000
-24.7790000000
-23.7610000000
-16.5650000000
-9.4135000000
-5.3649000000
-3.8824000000
-3.0066000000
-1.3794000000
1.0758000000
2.6812000000
-1.2271000000
-7.2498000000
-8.8768000000
-5.5866000000
-0.3824800000
3.4310000000
-2.3430000000
-14.8840000000
-21.1730000000
-18.5330000000
-11.5530000000
-5.3871000000
-2.0553000000
-0.7279800000
0.1633600000
1.3144000000
1.7848000000
-0.0489200000
-2.1703000000
-1.7080000000
1.2667000000
3.3171000000
-5.0866000000
-16.3450000000
-19.9780000000
-15.7610000000
-8.7845000000
-3.4039000000
-0.7387500000
0.2873000000
0.8398300000
1.2016000000
0.9890900000
0.3047000000
0.2149400000
1.2675000000
2.1460000000
-0.0452580000
-3.4012000000
-3.7881000000
-0.8099300000
3.1979000000
-0.4855500000
-14.7530000000
-24.1590000000
-23.2610000000
-16.1870000000
-9.0776000000
-5.0034000000
-3.4795000000
-2.5864000000
-0.9784100000
1.3919000000
2.5342000000
-1.8600000000
-7.3344000000
-8.1808000000
-4.5119000000
0.6127400000
3.4843000000
-5.1387000000
-17.7140000000
-22.3600000000
-18.3340000000
-11.0140000000
-5.2519000000
-2.4257000000
-1.3046000000
-0.2438600000
1.3536000000
2.1440000000
-0.6049200000
-4.0560000000
-4.1271000000
-0.8299900000
3.2769000000
-0.8255300000
-15.4260000000
-24.8090000000
-23.7260000000
-16.5100000000
-9.3732000000
-5.3470000000
-3.8759000000
-2.9985000000
-1.3646000000
1.0937000000
2.6779000000
-1.2722000000
-7.2810000000
-8.8694000000
-5.5540000000
-0.3480400000
3.4386000000
-2.4235000000
-14.9560000000
-21.1800000000
-18.4910000000
-11.5030000000
-5.3532000000
-2.0399000000
-0.7205100000
0.1714700000
1.3223000000
1.7796000000
-0.0665620000
-2.1740000000
-1.6891000000
1.2958000000
3.2998000000
-5.1804000000
-16.3960000000
-19.9510000000
-15.6900000000
-8.7161000000
-3.3591000000
-0.7131000000
0.3037100000
0.8462800000
1.1926000000
0.9779200000
0.3203500000
0.2541200000
1.2883000000
2.1040000000
-0.0530620000
-3.2421000000
-3.5024000000
-0.5067800000
3.3506000000
-1.1539000000
-15.3200000000
-23.9910000000
-22.5310000000
-15.3520000000
-8.4349000000
-4.5728000000
-3.1317000000
-2.2082000000
-0.5514100000
1.7489000000
2.2207000000
-2.6819000000
-7.4423000000
-7.3788000000
-3.3059000000
1.6774000000
2.7715000000
-8.5991000000
-20.3940000000
-22.9390000000
-17.5490000000
-10.1350000000
-4.9715000000
-2.6909000000
-1.7211000000
-0.4749000000
1.4352000000
2.3001000000
-1.2428000000
-5.4884000000
-5.7595000000
-2.2238000000
2.4188000000
1.6582000000
-12.0130000000
-23.6520000000
-24.9140000000
-18.5310000000
-10.9270000000
-6.0967000000
-4.1868000000
-3.3396000000
-1.9411000000
0.3907900000
2.6023000000
0.3409100000
-6.0026000000
-9.0892000000
-6.8590000000
-1.8109000000
2.7876000000
0.6037500000
-11.5700000000
-20.2250000000
-19.7400000000
-13.3820000000
-6.6656000000
-2.5642000000
-0.8502900000
0.0193720000
1.0392000000
1.7664000000
0.6041700000
-1.5123000000
-1.6466000000
0.7973300000
3.3595000000
-2.7189000000
-13.5100000000
-18.0550000000
-14.8300000000
-8.2282000000
-2.6675000000
0.3118900000
1.1843000000
0.4813000000
-0.4455200000
0.0830090000
2.0063000000
2.0366000000
-3.3749000000
-8.0363000000
-7.6141000000
-3.2912000000
1.7208000000
2.6860000000
-8.4479000000
-19.7820000000
-22.0600000000
-16.6760000000
-9.3996000000
-4.3475000000
-2.0945000000
-1.1143000000
0.0807100000
1.7219000000
1.8510000000
-1.5843000000
-4.5005000000
-3.6631000000
0.1219600000
3.6989000000
-3.7721000000
-18.3830000000
-25.4750000000
-22.4770000000
-14.8010000000
-8.2319000000
-4.9067000000
-3.7394000000
-2.7694000000
-0.9138900000
1.6119000000
2.4207000000
-2.6565000000
-8.1120000000
-8.5532000000
-4.5558000000
0.6416100000
3.4148000000
-4.9039000000
-16.8770000000
-21.1690000000
-17.1470000000
-10.0060000000
-4.3914000000
-1.6027000000
-0.4832500000
0.4313800000
1.5296000000
1.5484000000
-0.5521700000
-2.1371000000
-0.9868400000
2.1918000000
2.2637000000
-7.9956000000
-17.4100000000
-18.5170000000
-13.1090000000
-6.3945000000
-1.8238000000
0.2442100000
0.8484300000
0.7414000000
0.5449100000
0.8378500000
1.4695000000
1.2642000000
-0.2177400000
-0.9838000000
0.3848100000
2.7879000000
0.4110700000
-7.6685000000
-12.3070000000
-10.5080000000
-5.0475000000
0.2607300000
2.9081000000
-1.7258000000
-9.5171000000
-12.2610000000
-9.0236000000
-3.3053000000
1.4738000000
2.4625000000
-4.3485000000
-11.3000000000
-12.0930000000
-7.6453000000
-1.8872000000
2.2366000000
1.3884000000
-6.0659000000
-11.4090000000
-10.5130000000
-5.4557000000
-0.0325300000
3.0282000000
-1.5598000000
-10.3240000000
-13.9660000000
-10.9950000000
-5.0522000000
0.0769810000
2.5178000000
-0.5151500000
-6.1949000000
-8.0656000000
-5.1500000000
-0.1387000000
3.5614000000
-3.2324000000
-16.5580000000
-22.9130000000
-19.9400000000
-12.6490000000
-6.3892000000
-3.1316000000
-1.8807000000
-0.8671000000
0.8041100000
2.3378000000
0.3848700000
-4.1140000000
-5.7369000000
-3.2088000000
1.3292000000
3.2852000000
-8.1631000000
-21.7490000000
-25.7640000000
-20.7120000000
-12.8490000000
-7.1438000000
-4.6319000000
-3.7147000000
-2.5506000000
-0.4165100000
2.1199000000
1.7784000000
-4.2163000000
-8.8663000000
-8.1291000000
-3.5490000000
1.5288000000
2.8365000000
-7.2881000000
-18.1250000000
-20.4960000000
-15.4380000000
-8.3855000000
-3.3594000000
-1.0266000000
-0.0593540000
0.7862200000
1.5721000000
1.1011000000
-0.6463200000
-1.2390000000
0.5160600000
3.0480000000
-0.5864300000
-9.7453000000
-14.4150000000
-12.1040000000
-6.2025000000
-0.7743800000
2.2170000000
0.6894900000
-4.4383000000
-6.9338000000
-4.8197000000
-0.1676800000
3.6389000000
-3.3918000000
-17.6540000000
-24.7000000000
-21.8380000000
-14.2980000000
-7.7737000000
-4.4196000000
-3.2072000000
-2.2217000000
-0.3988200000
1.9640000000
1.9734000000
-3.4252000000
-7.9700000000
-7.4545000000
-3.1118000000
1.8632000000
2.5083000000
-8.9736000000
-20.1830000000
-22.1810000000
-16.6250000000
-9.3444000000
-4.3741000000
-2.1911000000
-1.2245000000
0.0102290000
1.7276000000
1.9050000000
-1.7009000000
-4.8426000000
-4.1025000000
-0.2804700000
3.6123000000
-2.7279000000
-17.5570000000
-25.5540000000
-23.2030000000
-15.6170000000
-8.8011000000
-5.2263000000
-3.9724000000
-3.0514000000
-1.2721000000
1.2734000000
2.6379000000
-1.8107000000
-7.7489000000
-8.9713000000
-5.3856000000
-0.1369700000
3.4507000000
-2.8356000000
-15.0770000000
-20.7750000000
-17.7920000000
-10.8200000000
-4.8297000000
-1.6429000000
-0.3740400000
0.4446200000
1.3652000000
1.5110000000
-0.0462050000
-1.3850000000
-0.4519100000
2.2783000000
2.0082000000
-6.6618000000
-14.0610000000
-14.2790000000
-9.1297000000
-3.0716000000
1.0428000000
2.0484000000
-1.3905000000
-5.0596000000
-4.8728000000
-1.2445000000
3.1046000000
-0.1986600000
-14.7630000000
-24.7590000000
-24.2050000000
-17.1260000000
-9.8404000000
-5.6226000000
-4.0650000000
-3.2089000000
-1.6308000000
0.8207400000
2.7075000000
-0.6549600000
-6.9112000000
-9.1045000000
-6.1709000000
-0.9811400000
3.2161000000
-0.9696000000
-13.3830000000
-20.6370000000
-18.8650000000
-12.1300000000
-5.7369000000
-2.0940000000
-0.6184700000
0.2236400000
1.2194000000
1.6831000000
0.2577000000
-1.5359000000
-1.1278000000
1.5488000000
3.0216000000
-4.7995000000
-14.2520000000
-16.6480000000
-12.2960000000
-5.8213000000
-0.9287700000
1.4134000000
1.0819000000
-1.1791000000
-2.1490000000
-0.3236300000
2.9125000000
0.4904500000
-10.7730000000
-18.4010000000
-17.5120000000
-11.3280000000
-4.9556000000
-1.0599000000
0.5485600000
0.8819800000
0.6107000000
0.4864300000
1.0295000000
1.6828000000
0.8716900000
-1.0173000000
-1.3346000000
0.7756900000
3.2163000000
-1.8277000000
-11.5310000000
-15.7430000000
-12.7810000000
-6.5639000000
-1.1945000000
1.6905000000
1.2149000000
-2.2238000000
-4.1148000000
-2.3774000000
1.6039000000
3.0803000000
-8.3961000000
-21.2140000000
-24.5680000000
-19.3440000000
-11.6670000000
-6.2016000000
-3.7981000000
-2.8571000000
-1.6359000000
0.4758400000
2.5389000000
0.4262800000
-5.4899000000
-8.3001000000
-6.0526000000
-1.1286000000
3.2226000000
-0.8506000000
-14.1380000000
-22.2930000000
-20.8380000000
-13.9210000000
-7.2178000000
-3.4057000000
-1.9084000000
-0.9594700000
0.5534100000
2.1924000000
0.9856400000
-3.3053000000
-5.4027000000
-3.3842000000
0.9715600000
3.5546000000
-6.8905000000
-20.9490000000
-25.8900000000
-21.3730000000
-13.4980000000
-7.5170000000
-4.7810000000
-3.8132000000
-2.7169000000
-0.6586200000
1.9163000000
2.1007000000
-3.6060000000
-8.6716000000
-8.4379000000
-4.0713000000
1.0913000000
3.1868000000
-6.0035000000
-17.3310000000
-20.6030000000
-16.0510000000
-8.9745000000
-3.6765000000
-1.1257000000
-0.0961640000
0.7164100000
1.5083000000
1.2036000000
-0.4326900000
-1.1537000000
0.3945400000
2.9148000000
0.0278240000
-8.7153000000
-13.5630000000
-11.6070000000
-5.9131000000
-0.4828600000
2.5162000000
0.0937730000
-6.1311000000
-8.9368000000
-6.5308000000
-1.4760000000
2.9858000000
-0.0055088000
-12.4640000000
-20.6890000000
-19.7050000000
-13.1450000000
-6.5061000000
-2.5709000000
-0.9560400000
-0.0709260000
1.0552000000
1.8676000000
0.5039100000
-1.9346000000
-2.1674000000
0.4096100000
3.4450000000
-2.3089000000
-14.4090000000
-20.3240000000
-17.5920000000
-10.7210000000
-4.6913000000
-1.4217000000
-0.1218600000
0.5949900000
1.2686000000
1.3079000000
0.2245200000
-0.5675500000
0.3857600000
2.4427000000
1.1785000000
-5.1663000000
-9.1729000000
-7.7140000000
-2.8517000000
2.0729000000
2.1284000000
-8.9106000000
-18.8480000000
-20.0020000000
-14.3740000000
-7.4515000000
-2.8165000000
-0.7547800000
0.1313300000
0.9371900000
1.5466000000
0.8706700000
-0.6558900000
-0.8008200000
1.1544000000
2.9917000000
-1.9694000000
-9.8332000000
-12.4550000000
-9.0804000000
-3.3079000000
1.4485000000
2.4476000000
-4.1292000000
-10.8610000000
-11.5890000000
-7.1972000000
-1.5176000000
2.5160000000
0.8675800000
-7.4521000000
-12.8690000000
-11.6000000000
-6.1962000000
-0.6658600000
2.5944000000
0.1393100000
-6.7858000000
-10.2170000000
-7.9845000000
-2.7627000000
2.0728000000
2.0427000000
-7.9732000000
-16.7670000000
-17.4760000000
-12.0440000000
-5.5071000000
-1.0985000000
0.8524200000
1.0171000000
0.0963930000
-0.2954200000
0.8843500000
2.5191000000
0.2682300000
-5.1203000000
-7.3376000000
-4.8584000000
-0.0401570000
3.6437000000
-3.7501000000
-17.7700000000
-24.3810000000
-21.2760000000
-13.7490000000
-7.3570000000
-4.1062000000
-2.9162000000
-1.9045000000
-0.0691730000
2.1698000000
1.5653000000
-3.9292000000
-7.8004000000
-6.6617000000
-2.1341000000
2.6145000000
1.1273000000
-11.8720000000
-22.0160000000
-22.3640000000
-15.9620000000
-8.7944000000
-4.3384000000
-2.5279000000
-1.6051000000
-0.1777200000
1.8078000000
1.9936000000
-2.3298000000
-6.1327000000
-5.5607000000
-1.5415000000
2.9891000000
0.1467700000
-14.1980000000
-24.3760000000
-24.0840000000
-17.1310000000
-9.8223000000
-5.5218000000
-3.9071000000
-3.0457000000
-1.4951000000
0.9169000000
2.6931000000
-0.8168000000
-6.9296000000
-8.8944000000
-5.8415000000
-0.6664200000
3.3556000000
-1.7086000000
-14.3400000000
-21.1780000000
-18.9510000000
-12.0430000000
-5.7318000000
-2.2426000000
-0.8480100000
0.0486100000
1.2345000000
1.8618000000
0.0984140000
-2.2628000000
-2.0751000000
0.8196700000
3.5003000000
-3.8934000000
-15.9840000000
-20.9010000000
-17.3400000000
