0.7223100000
0.5054000000
0.9001800000
0.1816800000
0.3306500000
0.6017800000
0.7247600000
0.5009400000
0.9082900000
0.1669100000
0.3037700000
0.5528700000
0.8137800000
0.3389300000
0.6168400000
0.6973400000
0.5508300000
0.8174800000
0.3321800000
0.6045800000
0.7196700000
0.5102000000
0.8914400000
0.1975700000
0.3595800000
0.6544400000
0.6289300000
0.6753500000
0.5908600000
0.7446400000
0.4647600000
0.8458700000
0.2805200000
0.5105500000
0.8908000000
0.1987400000
0.3617100000
0.6583000000
0.6218900000
0.6881700000
0.5675300000
0.7870900000
0.3875000000
0.7052500000
0.5364400000
0.8436700000
0.2845100000
0.5178100000
0.8775800000
0.2228000000
0.4055000000
0.7380000000
0.4768400000
0.8678400000
0.2405200000
0.4377500000
0.7967100000
0.3699900000
0.6733800000
0.5944400000
0.7381200000
0.4766300000
0.8674600000
0.2412300000
0.4390300000
0.7990400000
0.3657600000
0.6656800000
0.6084700000
0.7125800000
0.5231000000
0.8679600000
0.2403100000
0.4373700000
0.7960200000
0.3712400000
0.6756700000
0.5902900000
0.7456700000
0.4628700000
0.8424300000
0.2867800000
0.5219400000
0.8700600000
0.2364800000
0.4304000000
0.7833300000
0.3943500000
0.7177100000
0.5137700000
0.8849400000
0.2094100000
0.3811300000
0.6936500000
0.5575500000
0.8052600000
0.3544300000
0.6450600000
0.6460000000
0.6442800000
0.6474000000
0.6417200000
0.6520600000
0.6332400000
0.6675000000
0.6051600000
0.7186100000
0.5121200000
0.8879400000
0.2039500000
0.3712000000
0.6755800000
0.5904500000
0.7453800000
0.4634100000
0.8434200000
0.2849800000
0.5186700000
0.8760200000
0.2256500000
0.4106800000
0.7474400000
0.4596700000
0.8365900000
0.2974000000
0.5412800000
0.8348800000
0.3005200000
0.5469500000
0.8245600000
0.3193000000
0.5811300000
0.7623500000
0.4325300000
0.7872000000
0.3872900000
0.7048700000
0.5371400000
0.8424100000
0.2868200000
0.5220200000
0.8699300000
0.2367200000
0.4308400000
0.7841300000
0.3928900000
0.7150600000
0.5185900000
0.8761700000
0.2253600000
0.4101600000
0.7465000000
0.4613700000
0.8397000000
0.2917500000
0.5309900000
0.8536100000
0.2664400000
0.4849200000
0.8825500000
0.2137700000
0.3890500000
0.7080800000
0.5313000000
0.8530400000
0.2674700000
0.4867900000
0.8859600000
0.2075500000
0.3777500000
0.6875000000
0.5687400000
0.7848900000
0.3915000000
0.7125300000
0.5231900000
0.8678000000
0.2406100000
0.4379100000
0.7969900000
0.3694800000
0.6724600000
0.5961300000
0.7350400000
0.4822200000
0.8776400000
0.2226900000
0.4053000000
0.7376400000
0.4774900000
0.8690400000
0.2383500000
0.4338000000
0.7895200000
0.3830700000
0.6971800000
0.5511300000
0.8169500000
0.3331600000
0.6063400000
0.7164600000
0.5160500000
0.8807900000
0.2169700000
0.3948800000
0.7186800000
0.5120000000
0.8881600000
0.2035600000
0.3704700000
0.6742600000
0.5928500000
0.7410200000
0.4713500000
0.8578600000
0.2586900000
0.4708200000
0.8568900000
0.2604600000
0.4740300000
0.8627300000
0.2498300000
0.4546900000
0.8275300000
0.3139000000
0.5712900000
0.7802400000
0.3999600000
0.7279200000
0.4951800000
0.9012300000
0.1797600000
0.3271600000
0.5954400000
0.7363000000
0.4799300000
0.8734800000
0.2302700000
0.4190800000
0.7627300000
0.4318300000
0.7859300000
0.3896000000
0.7090800000
0.5294800000
0.8563500000
0.2614500000
0.4758300000
0.8660100000
0.2438600000
0.4438200000
0.8077500000
0.3499000000
0.6368200000
0.6610000000
0.6169900000
0.6970800000
0.5513100000
0.8166100000
0.3337600000
0.6074500000
0.7144400000
0.5197100000
0.8741300000
0.2290900000
0.4169400000
0.7588400000
0.4389200000
0.7988300000
0.3661300000
0.6663500000
0.6072400000
0.7148200000
0.5190300000
0.8753600000
0.2268500000
0.4128700000
0.7514200000
0.4524200000
0.8234100000
0.3213900000
0.5849400000
0.7554100000
0.4451500000
0.8101700000
0.3455000000
0.6288100000
0.6755700000
0.5904700000
0.7453500000
0.4634600000
0.8434900000
0.2848500000
0.5184200000
0.8764700000
0.2248200000
0.4091700000
0.7446900000
0.4646700000
0.8457000000
0.2808400000
0.5111200000
0.8897600000
0.2006300000
0.3651500000
0.6645800000
0.6104700000
0.7089500000
0.5297200000
0.8559200000
0.2622300000
0.4772600000
0.8686100000
0.2391400000
0.4352300000
0.7921200000
0.3783400000
0.6885700000
0.5668000000
0.7884200000
0.3850700000
0.7008300000
0.5445000000
0.8290200000
0.3111900000
0.5663600000
0.7892300000
0.3836100000
0.6981600000
0.5493400000
0.8202000000
0.3272400000
0.5955800000
0.7360500000
0.4803900000
0.8743100000
0.2287600000
0.4163400000
0.7577300000
0.4409200000
0.8024800000
0.3594900000
0.6542600000
0.6292400000
0.6747800000
0.5919000000
0.7427500000
0.4681900000
0.8521100000
0.2691600000
0.4898600000
0.8915500000
0.1973700000
0.3592200000
0.6537700000
0.6301300000
0.6731600000
0.5948500000
0.7373800000
0.4779800000
0.8699200000
0.2367500000
0.4308900000
0.7842200000
0.3927100000
0.7147400000
0.5191800000
0.8750900000
0.2273300000
0.4137400000
0.7530100000
0.4495100000
0.8181100000
0.3310300000
0.6024800000
0.7234800000
0.5032600000
0.9040700000
0.1745900000
0.3177600000
0.5783200000
0.7674500000
0.4232400000
0.7702900000
0.4180700000
0.7608900000
0.4351700000
0.7920200000
0.3785300000
0.6889200000
0.5661700000
0.7895800000
0.3829700000
0.6970000000
0.5514600000
0.8163500000
0.3342500000
0.6083400000
0.7128300000
0.5226500000
0.8687700000
0.2388300000
0.4346700000
0.7911100000
0.3801800000
0.6919300000
0.5606800000
0.7995700000
0.3647900000
0.6639200000
0.6116600000
0.7067700000
0.5336800000
0.8487100000
0.2753500000
0.5011300000
0.9079400000
0.1675600000
0.3049500000
0.5550100000
0.8098800000
0.3460200000
0.6297500000
0.6738600000
0.5935800000
0.7396900000
0.4737700000
0.8622700000
0.2506700000
0.4562300000
0.8303300000
0.3087900000
0.5620100000
0.7971500000
0.3691900000
0.6719200000
0.5971100000
0.7332600000
0.4854600000
0.8835400000
0.2119600000
0.3857800000
0.7021100000
0.5421600000
0.8332800000
0.3034400000
0.5522600000
0.8149000000
0.3368900000
0.6131400000
0.7040900000
0.5385600000
0.8398200000
0.2915300000
0.5305800000
0.8543400000
0.2651100000
0.4824900000
0.8781400000
0.2217900000
0.4036500000
0.7346400000
0.4829500000
0.8789700000
0.2202800000
0.4009000000
0.7296400000
0.4920500000
0.8955200000
0.1901500000
0.3460700000
0.6298400000
0.6736900000
0.5938800000
0.7391400000
0.4747700000
0.8640800000
0.2473700000
0.4502200000
0.8193900000
0.3287100000
0.5982500000
0.7311900000
0.4892300000
0.8904100000
0.1994600000
0.3630200000
0.6606900000
0.6175400000
0.6960700000
0.5531500000
0.8132600000
0.3398600000
0.6185500000
0.6942300000
0.5565000000
0.8071800000
0.3509400000
0.6387000000
0.6575600000
0.6232400000
0.6857000000
0.5720300000
0.7789000000
0.4024000000
0.7323700000
0.4870900000
0.8865000000
0.2065700000
0.3759500000
0.6842300000
0.5747000000
0.7740500000
0.4112200000
0.7484300000
0.4578600000
0.8333100000
0.3033800000
0.5521500000
0.8150800000
0.3365500000
0.6125200000
0.7052100000
0.5365200000
0.8435400000
0.2847600000
0.5182600000
0.8767600000
0.2243000000
0.4082200000
0.7429600000
0.4678200000
0.8514300000
0.2704000000
0.4921200000
0.8956600000
0.1898900000
0.3456100000
0.6290100000
0.6752100000
0.5911200000
0.7441600000
0.4656200000
0.8474300000
0.2776800000
0.5053800000
0.9002200000
0.1816100000
0.3305300000
0.6015600000
0.7251700000
0.5002000000
0.9096400000
0.1644500000
0.2993000000
0.5447300000
0.8285900000
0.3119700000
0.5677900000
0.7866300000
0.3883400000
0.7067800000
0.5336700000
0.8487300000
0.2753200000
0.5010800000
0.9080300000
0.1673800000
0.3046400000
0.5544400000
0.8109200000
0.3441300000
0.6263200000
0.6801000000
0.5822100000
0.7603700000
0.4361200000
0.7937400000
0.3753900000
0.6832200000
0.5765400000
0.7706900000
0.4173400000
0.7595500000
0.4376100000
0.7964600000
0.3704500000
0.6742200000
0.5929200000
0.7408900000
0.4715700000
0.8582600000
0.2579600000
0.4694800000
0.8544600000
0.2648800000
0.4820800000
0.8773900000
0.2231600000
0.4061500000
0.7391900000
0.4746800000
0.8639100000
0.2476800000
0.4507700000
0.8204000000
0.3268700000
0.5949000000
0.7372800000
0.4781600000
0.8702400000
0.2361500000
0.4298000000
0.7822400000
0.3963300000
0.7213200000
0.5072000000
0.8969000000
0.1876500000
0.3415200000
0.6215700000
0.6887400000
0.5665000000
0.7889800000
0.3840600000
0.6989900000
0.5478400000
0.8229400000
0.3222500000
0.5865000000
0.7525600000
0.4503400000
0.8196100000
0.3283100000
0.5975200000
0.7325200000
0.4868200000
0.8860100000
0.2074600000
0.3775800000
0.6872000000
0.5692900000
0.7838900000
0.3933100000
0.7158300000
0.5171900000
0.8787100000
0.2207500000
0.4017700000
0.7312200000
0.4891800000
0.8903200000
0.1996200000
0.3633200000
0.6612300000
0.6165500000
0.6978700000
0.5498700000
0.8192400000
0.3289800000
0.5987500000
0.7302800000
0.4909000000
0.8934300000
0.1939500000
0.3530000000
0.6424500000
0.6507400000
0.6356600000
0.6631000000
0.6131600000
0.7040400000
0.5386400000
0.8396700000
0.2918000000
0.5310700000
0.8534400000
0.2667300000
0.4854500000
0.8835200000
0.2119900000
0.3858200000
0.7022000000
0.5420000000
0.8335500000
0.3029300000
0.5513400000
0.8165700000
0.3338500000
0.6076100000
0.7141600000
0.5202400000
0.8731700000
0.2308300000
0.4201100000
0.7646100000
0.4284100000
0.7797100000
0.4009300000
0.7296900000
0.4919600000
0.8953700000
0.1904300000
0.3465800000
0.6307800000
0.6719800000
0.5969900000
0.7334700000
0.4850800000
0.8828500000
0.2132100000
0.3880300000
0.7062200000
0.5346800000
0.8468900000
0.2786600000
0.5071600000
0.8969600000
0.1875300000
0.3413000000
0.6211700000
0.6894700000
0.5651600000
0.7914200000
0.3796200000
0.6909100000
0.5625400000
0.7961800000
0.3709500000
0.6751300000
0.5912600000
0.7439000000
0.4660900000
0.8482900000
0.2761100000
0.5025200000
0.9054100000
0.1721600000
0.3133300000
0.5702600000
0.7821300000
0.3965100000
0.7216600000
0.5065900000
0.8980100000
0.1856100000
0.3378200000
0.6148200000
0.7010200000
0.5441400000
0.8296600000
0.3100200000
0.5642400000
0.7930900000
0.3765900000
0.6853800000
0.5726000000
0.7778700000
0.4042800000
0.7357900000
0.4808700000
0.8751800000
0.2271700000
0.4134500000
0.7524800000
0.4504800000
0.8198800000
0.3278200000
0.5966400000
0.7341100000
0.4839100000
0.8807200000
0.2170900000
0.3951000000
0.7190800000
0.5112700000
0.8894800000
0.2011500000
0.3660900000
0.6662800000
0.6073700000
0.7145800000
0.5194700000
0.8745700000
0.2282800000
0.4154700000
0.7561600000
0.4437800000
0.8076900000
0.3500100000
0.6370200000
0.6606200000
0.6176800000
0.6958300000
0.5535900000
0.8124600000
0.3413200000
0.6212000000
0.6894100000
0.5652800000
0.7911900000
0.3800300000
0.6916500000
0.5611900000
0.7986300000
0.3664900000
0.6670100000
0.6060400000
0.7170100000
0.5150400000
0.8826300000
0.2136100000
0.3887800000
0.7075800000
0.5322100000
0.8513800000
0.2705000000
0.4923000000
0.8959900000
0.1892900000
0.3445100000
0.6270000000
0.6788600000
0.5844800000
0.7562400000
0.4436400000
0.8074300000
0.3504800000
0.6378800000
0.6590600000
0.6205100000
0.6906800000
0.5629700000
0.7954000000
0.3723700000
0.6777100000
0.5865600000
0.7524500000
0.4505300000
0.8199700000
0.3276500000
0.5963200000
0.7347000000
0.4828500000
0.8788000000
0.2205900000
0.4014800000
0.7306900000
0.4901400000
0.8920500000
0.1964600000
0.3575600000
0.6507600000
0.6356200000
0.6631600000
0.6130400000
0.7042600000
0.5382400000
0.8404000000
0.2904600000
0.5286400000
0.8578700000
0.2586800000
0.4708000000
0.8568600000
0.2605200000
0.4741400000
0.8629300000
0.2494600000
0.4540200000
0.8263100000
0.3161200000
0.5753300000
0.7728900000
0.4133400000
0.7522700000
0.4508700000
0.8205800000
0.3265500000
0.5943200000
0.7383300000
0.4762300000
0.8667400000
0.2425300000
0.4414100000
0.8033700000
0.3578700000
0.6513300000
0.6345800000
0.6650600000
0.6095900000
0.7105500000
0.5268000000
0.8612200000
0.2525800000
0.4596900000
0.8366400000
0.2973100000
0.5411000000
0.8351900000
0.2999500000
0.5459200000
0.8264300000
0.3158900000
0.5749200000
0.7736500000
0.4119600000
0.7497700000
0.4554200000
0.8288600000
0.3114800000
0.5668900000
0.7882500000
0.3853800000
0.7014000000
0.5434600000
0.8309000000
0.3077600000
0.5601200000
0.8005900000
0.3629300000
0.6605300000
0.6178400000
0.6955400000
0.5541200000
0.8115000000
0.3430700000
0.6243800000
0.6836300000
0.5757900000
0.7720600000
0.4148600000
0.7550400000
0.4458200000
0.8114000000
0.3432600000
0.6247300000
0.6829900000
0.5769600000
0.7699400000
0.4187100000
0.7620600000
0.4330500000
0.7881500000
0.3855700000
0.7017300000
0.5428500000
0.8320200000
0.3057200000
0.5564100000
0.8073300000
0.3506500000
0.6381900000
0.6585000000
0.6215400000
0.6888000000
0.5663800000
0.7891800000
0.3836800000
0.6983100000
0.5490800000
0.8206700000
0.3263800000
0.5940100000
0.7388900000
0.4752100000
0.8648900000
0.2459000000
0.4475400000
0.8145300000
0.3375600000
0.6143600000
0.7018600000
0.5426100000
0.8324500000
0.3049400000
0.5550000000
0.8099100000
0.3459700000
0.6296700000
0.6740100000
0.5933100000
0.7401800000
0.4728800000
0.8606400000
0.2536400000
0.4616200000
0.8401500000
0.2909200000
0.5294800000
0.8563400000
0.2614600000
0.4758500000
0.8660500000
0.2437900000
0.4437100000
0.8075500000
0.3502700000
0.6374900000
0.6597800000
