1.3952000000
1.5825000000
0.6617300000
-0.3913500000
-0.9850900000
-1.2139000000
-0.9005200000
-0.0017753000
0.9865000000
1.3493000000
0.7089900000
-0.3522200000
-1.1328000000
-1.3857000000
-0.7565000000
0.5187400000
1.6059000000
1.6269000000
0.5784800000
-0.4020600000
-0.8501200000
-0.9935500000
-0.9014900000
-0.3700200000
0.4143700000
0.9569500000
0.8159600000
-0.0113470000
-0.9636100000
-1.3795000000
-0.8103400000
0.5077200000
1.6925000000
1.7820000000
0.7203800000
-0.2816900000
-0.6958300000
-0.7420000000
-0.7789400000
-0.6918700000
-0.2904000000
0.2954800000
0.7033700000
0.6059000000
-0.0082105000
-0.7520600000
-1.0600000000
-0.5959400000
0.4344700000
1.3344000000
1.3655000000
0.4195100000
-0.5974600000
-1.2158000000
-1.2962000000
-0.5608200000
0.6719900000
1.5785000000
1.3995000000
0.3213500000
-0.5974900000
-1.0433000000
-1.1620000000
-0.7244500000
0.2035500000
1.0743000000
1.2306000000
0.4518600000
-0.5785400000
-1.2922000000
-1.3148000000
-0.4059800000
0.9592500000
1.8219000000
1.4212000000
0.2685100000
-0.5401800000
-0.8119800000
-0.8785400000
-0.8145000000
-0.3983800000
0.2626300000
0.7728900000
0.7367200000
0.0894100000
-0.7736500000
-1.2095000000
-0.7820700000
0.3509500000
1.4407000000
1.6168000000
0.6724300000
-0.3755300000
-0.9431500000
-1.1618000000
-0.9239900000
-0.1257400000
0.8249900000
1.2629000000
0.7656300000
-0.2753500000
-1.1239000000
-1.4119000000
-0.7586500000
0.5709100000
1.6944000000
1.6957000000
0.6157800000
-0.3522300000
-0.7496200000
-0.8215300000
-0.8438900000
-0.6028700000
-0.0397470000
0.5667400000
0.7971200000
0.4174000000
-0.3852600000
-1.0570000000
-1.0359000000
-0.1931500000
0.9761400000
1.6155000000
1.1201000000
-0.0002253500
-0.8145900000
-1.2060000000
-1.1205000000
-0.3586800000
0.7282500000
1.4050000000
1.0813000000
0.0268810000
-0.8640000000
-1.3425000000
-1.1195000000
-0.1019200000
1.1370000000
1.6978000000
1.0491000000
-0.0692510000
-0.7862300000
-1.0840000000
-1.0595000000
-0.4856200000
0.4408900000
1.1338000000
1.0344000000
0.1285800000
-0.8478200000
-1.4128000000
-1.0923000000
0.0997880000
1.4301000000
1.8900000000
1.0460000000
-0.0649640000
-0.6380300000
-0.7471400000
-0.7755900000
-0.7445400000
-0.4143000000
0.1603600000
0.6496600000
0.6868800000
0.1682300000
-0.6014800000
-1.0606000000
-0.7789400000
0.1756600000
1.1886000000
1.4714000000
0.6907600000
-0.3857300000
-1.0939000000
-1.3421000000
-0.8156400000
0.3445500000
1.4112000000
1.5515000000
0.6050700000
-0.4208400000
-0.9832300000
-1.1956000000
-0.8807500000
0.0024201000
0.9677000000
1.3171000000
0.6836300000
-0.3723700000
-1.1600000000
-1.3879000000
-0.7063800000
0.6028600000
1.6699000000
1.6190000000
0.5367200000
-0.4159600000
-0.8216900000
-0.9353100000
-0.8809500000
-0.4361200000
0.2831800000
0.8443700000
0.8115300000
0.1082800000
-0.8339500000
-1.3194000000
-0.8662600000
0.3637200000
1.5601000000
1.7704000000
0.7877400000
-0.2612800000
-0.7617300000
-0.8871700000
-0.9019300000
-0.5931100000
0.0506800000
0.6864100000
0.8591700000
0.3617000000
-0.5386400000
-1.2068000000
-1.0628000000
-0.0503240000
1.2110000000
1.7758000000
1.0956000000
-0.0394920000
-0.7396300000
-0.9950500000
-1.0232000000
-0.6055000000
0.1944600000
0.9127000000
1.0101000000
0.3089200000
-0.6926400000
-1.3662000000
-1.1516000000
-0.0087677000
1.3643000000
1.9362000000
1.1698000000
0.0299680000
-0.5864000000
-0.6993400000
-0.6959200000
-0.7400500000
-0.5649500000
-0.0896530000
0.4614200000
0.7138900000
0.4295900000
-0.2660000000
-0.9019800000
-0.9599100000
-0.2724700000
0.7721400000
1.4224000000
1.0831000000
0.0164550000
-0.8848300000
-1.3632000000
-1.1091000000
-0.0536970000
1.1972000000
1.7271000000
1.0304000000
-0.0863260000
-0.7736300000
-1.0405000000
-1.0352000000
-0.5288000000
0.3374800000
1.0329000000
1.0129000000
0.1882900000
-0.8048000000
-1.4047000000
-1.0959000000
0.1037100000
1.4497000000
1.9180000000
1.0684000000
-0.0460910000
-0.6117300000
-0.7013600000
-0.7064800000
-0.7387400000
-0.5278300000
-0.0270890000
0.5111400000
0.7118100000
0.3681700000
-0.3497000000
-0.9459900000
-0.9209800000
-0.1640800000
0.8787400000
1.4425000000
0.9856800000
-0.0987900000
-0.9561100000
-1.3761000000
-1.0300000000
0.0814220000
1.2969000000
1.7072000000
0.9086800000
-0.1857900000
-0.8198300000
-1.0640000000
-1.0090000000
-0.4374800000
0.4484400000
1.0866000000
0.9584600000
0.0649210000
-0.9057900000
-1.4232000000
-0.9993500000
0.2633300000
1.5595000000
1.8809000000
0.9319800000
-0.1416800000
-0.6408300000
-0.7031400000
-0.7197000000
-0.7313500000
-0.4742800000
0.0537250000
0.5680900000
0.6985700000
0.2825100000
-0.4541000000
-0.9899700000
-0.8569800000
-0.0201810000
1.0054000000
1.4482000000
0.8493000000
-0.2405100000
-1.0407000000
-1.3798000000
-0.9157300000
0.2571300000
1.4128000000
1.6616000000
0.7497800000
-0.3048600000
-0.8721400000
-1.0875000000
-0.9628200000
-0.3149000000
0.5811400000
1.1341000000
0.8694700000
-0.0893460000
-1.0229000000
-1.4276000000
-0.8613500000
0.4654600000
1.6799000000
1.8079000000
0.7597000000
-0.2510700000
-0.6700900000
-0.7056300000
-0.7359500000
-0.7136400000
-0.3985800000
0.1554800000
0.6289800000
0.6661400000
0.1651800000
-0.5800600000
-1.0262000000
-0.7559000000
0.1668700000
1.1484000000
1.4250000000
0.6653200000
-0.4080700000
-1.1366000000
-1.3621000000
-0.7542100000
0.4753200000
1.5323000000
1.5703000000
0.5500500000
-0.4404000000
-0.9302400000
-1.1079000000
-0.8861300000
-0.1491300000
0.7399900000
1.1676000000
0.7295700000
-0.2806800000
-1.1534000000
-1.4035000000
-0.6664200000
0.7142200000
1.7978000000
1.6765000000
0.5480700000
-0.3705400000
-0.6975100000
-0.7122800000
-0.7544800000
-0.6764200000
-0.2883300000
0.2847200000
0.6881800000
0.5986800000
0.0005681200
-0.7305700000
-1.0400000000
-0.5934300000
0.4138900000
1.3023000000
1.3448000000
0.4167200000
-0.6047500000
-1.2389000000
-1.3018000000
-0.5222700000
0.7426800000
1.6370000000
1.4007000000
0.2996900000
-0.5934400000
-0.9988700000
-1.1167000000
-0.7540100000
0.0860810000
0.9329000000
1.1667000000
0.5080200000
-0.5213100000
-1.2901000000
-1.3233000000
-0.3857700000
1.0161000000
1.8872000000
1.4544000000
0.2882300000
-0.4991000000
-0.7262200000
-0.7373900000
-0.7722700000
-0.5917100000
-0.1046300000
0.4643300000
0.7319000000
0.4494400000
-0.2607300000
-0.9190400000
-0.9907300000
-0.2956800000
0.7763900000
1.4564000000
1.1263000000
0.0524110000
-0.8474100000
-1.3297000000
-1.1418000000
-0.1620300000
1.0721000000
1.6750000000
1.0834000000
-0.0359340000
-0.7835100000
-1.1083000000
-1.0808000000
-0.4742300000
0.4890600000
1.1915000000
1.0596000000
0.1179900000
-0.8481200000
-1.4051000000
-1.1111000000
0.0483940000
1.3721000000
1.8658000000
1.0626000000
-0.0552460000
-0.6582000000
-0.7995800000
-0.8439600000
-0.7374700000
-0.2918000000
0.3407000000
0.7650900000
0.6366800000
-0.0401860000
-0.8350700000
-1.1393000000
-0.6081400000
0.5128100000
1.4601000000
1.4489000000
0.4408700000
-0.5557000000
-1.1035000000
-1.2459000000
-0.7156100000
0.3455400000
1.2792000000
1.3569000000
0.4458400000
-0.5685800000
-1.1963000000
-1.3008000000
-0.5936400000
0.6294600000
1.5572000000
1.4199000000
0.3544200000
-0.5803500000
-1.0427000000
-1.1719000000
-0.7387800000
0.1953600000
1.0801000000
1.2488000000
0.4716000000
-0.5616300000
-1.2778000000
-1.3245000000
-0.4451300000
0.9113500000
1.7992000000
1.4425000000
0.2953700000
-0.5339100000
-0.8265800000
-0.9037900000
-0.8223800000
-0.3707800000
0.3154800000
0.8166200000
0.7359600000
0.0361060000
-0.8479500000
-1.2502000000
-0.7500100000
0.4456100000
1.5361000000
1.6377000000
0.6328500000
-0.3885800000
-0.8977600000
-1.0805000000
-0.9197500000
-0.2544900000
0.6187300000
1.1165000000
0.8001600000
-0.1666700000
-1.0826000000
-1.4152000000
-0.7564800000
0.6069400000
1.7577000000
1.7496000000
0.6490400000
-0.3128100000
-0.6762600000
-0.6911100000
-0.7260300000
-0.7036000000
-0.3870400000
0.1644600000
0.6302000000
0.6582700000
0.1532100000
-0.5872000000
-1.0217000000
-0.7408000000
0.1828500000
1.1528000000
1.4120000000
0.6426900000
-0.4273900000
-1.1530000000
-1.3618000000
-0.7252700000
0.5203900000
1.5635000000
1.5612000000
0.5211700000
-0.4549400000
-0.9243700000
-1.0913000000
-0.8780700000
-0.1626200000
0.7087100000
1.1383000000
0.7250200000
-0.2723700000
-1.1529000000
-1.3986000000
-0.6489800000
0.7386700000
1.8143000000
1.6723000000
0.5369800000
-0.3731700000
-0.6887600000
-0.6944500000
-0.7369700000
-0.6850600000
-0.3287100000
0.2343700000
0.6637700000
0.6239500000
0.0653580000
-0.6695400000
-1.0319000000
-0.6557000000
0.3158500000
1.2385000000
1.3729000000
0.5080100000
-0.5369600000
-1.2120000000
-1.3312000000
-0.5978800000
0.6704400000
1.6256000000
1.4704000000
0.3832600000
-0.5386800000
-0.9592400000
-1.0977000000
-0.8136400000
-0.0427790000
0.8113500000
1.1444000000
0.6137300000
-0.4040200000
-1.2330000000
-1.3607000000
-0.4971400000
0.9089200000
1.8726000000
1.5562000000
0.3938700000
-0.4439700000
-0.7007200000
-0.6992500000
-0.7470300000
-0.6541300000
-0.2506200000
0.3189900000
0.6951700000
0.5692400000
-0.0485290000
-0.7640400000
-1.0279000000
-0.5356800000
0.4811100000
1.3278000000
1.2998000000
0.3378700000
-0.6642800000
-1.2745000000
-1.2752000000
-0.4281900000
0.8509100000
1.6803000000
1.3370000000
0.2163800000
-0.6328000000
-0.9991000000
-1.0945000000
-0.7193100000
0.1102100000
0.9260700000
1.1283000000
0.4612500000
-0.5612800000
-1.3151000000
-1.2906000000
-0.2962400000
1.1101000000
1.9156000000
1.3934000000
0.2250500000
-0.5191300000
-0.7112000000
-0.7096200000
-0.7542000000
-0.6037800000
-0.1456600000
0.4196900000
0.7176400000
0.4828500000
-0.1963200000
-0.8682100000
-0.9965400000
-0.3653000000
0.6847800000
1.4107000000
1.1714000000
0.1252900000
-0.8094300000
-1.3324000000
-1.1774000000
-0.2029200000
1.0604000000
1.7094000000
1.1454000000
0.0181950000
-0.7363000000
-1.0473000000
-1.0721000000
-0.5785200000
0.3086600000
1.0506000000
1.0720000000
0.2534900000
-0.7486500000
-1.3888000000
-1.1675000000
-0.0304320000
1.3392000000
1.9199000000
1.1686000000
0.0297810000
-0.5958800000
-0.7220200000
-0.7329800000
-0.7521600000
-0.5167900000
0.0037655000
0.5410100000
0.7166200000
0.3387700000
-0.3972200000
-0.9778400000
-0.9087500000
-0.1083100000
0.9429800000
1.4662000000
0.9451300000
-0.1475400000
-0.9766300000
-1.3677000000
-1.0028000000
0.1049600000
1.2950000000
1.6748000000
0.8654900000
-0.2216900000
-0.8553200000
-1.1106000000
-1.0052000000
-0.3460700000
0.5886700000
1.1827000000
0.9293100000
-0.0444480000
-0.9793800000
-1.4300000000
-0.9465800000
0.3326700000
1.5870000000
1.8327000000
0.8492800000
-0.2007300000
-0.6782700000
-0.7488900000
-0.7842900000
-0.7136600000
-0.3290700000
0.2596900000
0.6956100000
0.6362000000
0.0430980000
-0.7164700000
-1.0718000000
-0.6557400000
0.3639100000
1.3066000000
1.4113000000
0.5025500000
-0.5339300000
-1.1734000000
-1.3125000000
-0.6539100000
0.5501000000
1.5133000000
1.4512000000
0.4137700000
-0.5480900000
-1.0414000000
-1.1901000000
-0.7641500000
0.1824000000
1.0929000000
1.2828000000
0.5068200000
-0.5314400000
-1.2494000000
-1.3384000000
-0.5157000000
0.8197000000
1.7502000000
1.4769000000
0.3451600000
-0.5220100000
-0.8559700000
-0.9546300000
-0.8356300000
-0.3107400000
0.4254700000
0.9045000000
0.7300100000
-0.0759720000
-0.9912400000
-1.3219000000
-0.6808300000
0.6290600000
1.7119000000
1.6651000000
0.5693900000
-0.3898700000
-0.7835600000
-0.8701300000
-0.8633300000
-0.5327300000
0.1030700000
0.6946100000
0.8110800000
0.2854700000
-0.5876300000
-1.1837000000
-0.9706400000
0.0524150000
1.2453000000
1.7004000000
0.9559700000
-0.1585000000
-0.8395700000
-1.1203000000
-1.0352000000
-0.3812100000
0.5728900000
1.2016000000
0.9745800000
0.0011255000
-0.9395000000
-1.4248000000
-1.0060000000
0.2326200000
1.5122000000
1.8449000000
0.9189900000
-0.1575000000
-0.6800400000
-0.7782000000
-0.8173500000
-0.7152000000
-0.2851000000
0.3270300000
0.7395500000
0.6179900000
-0.0353350000
-0.8053700000
-1.1029000000
-0.5924300000
0.4912000000
1.4105000000
1.4048000000
0.4167000000
-0.5854800000
-1.1617000000
-1.2722000000
-0.6364500000
0.5129900000
1.4330000000
1.3787000000
0.3692800000
-0.6013000000
-1.1403000000
-1.2443000000
-0.6395600000
0.4663900000
1.3663000000
1.3383000000
0.3593900000
-0.6234700000
-1.1988000000
-1.2667000000
-0.5557700000
0.6350600000
1.5159000000
1.3528000000
0.2944000000
-0.6361600000
-1.1201000000
-1.2054000000
-0.6311400000
0.4198600000
1.2844000000
1.2754000000
0.3340000000
-0.6585400000
-1.2693000000
-1.2717000000
-0.4265800000
0.8503200000
1.6782000000
1.3351000000
0.2148200000
-0.6349600000
-1.0029000000
-1.0973000000
-0.7154100000
0.1208200000
0.9372700000
1.1318000000
0.4539700000
-0.5690900000
-1.3181000000
-1.2887000000
-0.2916800000
1.1133000000
1.9142000000
1.3878000000
0.2200500000
-0.5222700000
-0.7141700000
-0.7147000000
-0.7569300000
-0.5970400000
-0.1305300000
0.4341600000
0.7204700000
0.4697100000
-0.2182100000
-0.8832700000
-0.9914000000
-0.3398200000
0.7146800000
1.4223000000
1.1518000000
0.0964780000
-0.8271400000
-1.3365000000
-1.1621000000
-0.1757000000
1.0810000000
1.7059000000
1.1185000000
-0.0065589000
-0.7509900000
-1.0590000000
-1.0702000000
-0.5519800000
0.3490900000
1.0784000000
1.0639000000
0.2163700000
-0.7791900000
-1.3972000000
-1.1467000000
0.0070444000
1.3661000000
1.9121000000
1.1330000000
0.0016554000
-0.6086700000
-0.7296300000
-0.7464600000
-0.7520900000
-0.4876400000
0.0514990000
0.5767900000
0.7113900000
0.2890400000
-0.4609000000
-1.0078000000
-0.8741600000
-0.0230870000
1.0220000000
1.4752000000
0.8693300000
-0.2250200000
-1.0175000000
-1.3647000000
-0.9457900000
0.1841800000
1.3395000000
1.6427000000
0.7830700000
-0.2861300000
-0.8939600000
-1.1392000000
-0.9763900000
-0.2480000000
0.7044300000
1.2343000000
0.8657400000
-0.1505500000
-1.0469000000
-1.4264000000
-0.8701200000
0.4314700000
1.6320000000
1.7758000000
0.7478500000
-0.2693400000
-0.7141200000
-0.7874300000
-0.8247100000
-0.6701600000
-0.1862800000
0.4260300000
0.7673500000
0.5413500000
-0.1756600000
-0.9107000000
-1.0822000000
-0.4357100000
0.6883800000
1.5007000000
1.2946000000
0.2290900000
-0.7054100000
-1.2104000000
-1.2177000000
-0.4833800000
0.6728000000
1.4790000000
1.2537000000
0.1949400000
-0.7193800000
-1.2129000000
-1.2043000000
-0.4566500000
0.6970500000
1.4824000000
1.2300000000
0.1660700000
-0.7393400000
-1.2263000000
-1.1952000000
-0.4202300000
0.7412900000
1.5030000000
1.2075000000
0.1323200000
-0.7563700000
-1.2259000000
-1.1807000000
-0.4021000000
0.7486000000
1.4909000000
1.1815000000
0.1075000000
-0.7779100000
-1.2482000000
-1.1727000000
-0.3501500000
0.8194000000
1.5321000000
1.1583000000
0.0681600000
-0.7894900000
-1.2296000000
-1.1533000000
-0.3582100000
0.7779200000
1.4796000000
1.1308000000
0.0549790000
-0.8183200000
-1.2801000000
-1.1485000000
-0.2587700000
0.9292200000
1.5822000000
1.1055000000
-0.0000726290
-0.8116100000
-1.2072000000
-1.1201000000
-0.3520200000
0.7394800000
1.4141000000
1.0814000000
0.0234030000
-0.8635800000
-1.3383000000
-1.1195000000
-0.1101900000
1.1237000000
1.6881000000
1.0488000000
-0.0689140000
-0.7921400000
-1.0978000000
-1.0647000000
-0.4680200000
0.4763300000
1.1650000000
1.0368000000
0.1075300000
-0.8608600000
-1.4129000000
-1.0886000000
0.0991570000
1.4216000000
1.8772000000
1.0355000000
-0.0739270000
-0.6505000000
-0.7687600000
-0.8050100000
-0.7404600000
-0.3574900000
0.2438600000
0.7034400000
0.6643200000
0.0724200000
-0.7094300000
-1.0975000000
-0.7008100000
0.3310400000
1.3144000000
1.4620000000
0.5646900000
-0.4818400000
-1.1193000000
-1.3057000000
-0.7450200000
0.3945900000
1.3937000000
1.4647000000
0.5040400000
-0.5040200000
-1.0724000000
-1.2489000000
-0.7702300000
0.2653000000
1.2282000000
1.3797000000
0.5181700000
-0.5150000000
-1.1737000000
-1.3210000000
-0.6522700000
0.5694100000
1.5422000000
1.4706000000
0.4221400000
-0.5346500000
-1.0111000000
-1.1643000000
-0.7929800000
0.0952520000
0.9964900000
1.2475000000
0.5543200000
-0.4874200000
-1.2487000000
-1.3544000000
-0.5155800000
0.8513300000
1.8011000000
1.5153000000
0.3710400000
-0.4857500000
-0.7879800000
-0.8503900000
-0.8278700000
-0.4831500000
0.1423800000
0.6965200000
0.7694400000
0.2257800000
-0.6211000000
-1.1586000000
-0.8944900000
0.1301300000
1.2635000000
1.6324000000
0.8438100000
-0.2529700000
-0.9231300000
-1.2085000000
-0.9937400000
-0.1598200000
0.8652200000
1.3632000000
0.8627200000
-0.1998000000
-1.0350000000
-1.3978000000
-0.9132600000
0.3002900000
1.4801000000
1.7096000000
0.7632800000
-0.2848000000
-0.8161400000
-0.9906200000
-0.9473700000
-0.4640400000
0.3235100000
0.9350700000
0.8912400000
0.1173200000
-0.8591500000
-1.3854000000
-0.9513800000
0.3115500000
1.5832000000
1.8631000000
0.8921200000
-0.1723600000
-0.6606600000
-0.7258800000
-0.7529100000
-0.7257000000
-0.4043500000
0.1571700000
0.6359300000
0.6727000000
0.1654700000
-0.5879100000
-1.0378000000
-0.7629800000
0.1708300000
1.1625000000
1.4403000000
0.6727100000
-0.4016200000
-1.1231000000
-1.3563000000
-0.7743900000
0.4335400000
1.4943000000
1.5653000000
0.5668800000
-0.4356200000
-0.9487400000
-1.1382000000
-0.8849100000
-0.0976770000
0.8181500000
1.2196000000
0.7122400000
-0.3201300000
-1.1663000000
-1.4021000000
-0.6695500000
0.6975400000
1.7726000000
1.6578000000
0.5370600000
-0.3855300000
-0.7268700000
-0.7643000000
-0.7994700000
-0.6339000000
-0.1501500000
0.4412300000
0.7492600000
0.4994100000
-0.2121700000
-0.9112500000
-1.0387000000
-0.3731600000
0.7244300000
1.4763000000
1.2167000000
0.1484700000
-0.7719700000
-1.2744000000
-1.1939000000
-0.3343000000
0.8747800000
1.5952000000
1.1856000000
0.0796220000
-0.7559400000
-1.1615000000
-1.1433000000
-0.4693600000
0.5863200000
1.3311000000
1.1438000000
0.1361800000
-0.8046100000
-1.3452000000
-1.1738000000
-0.1658500000
1.1171000000
1.7494000000
1.1435000000
0.0122340000
-0.7167700000
-0.9934900000
-1.0372000000
-0.6316500000
0.1720600000
0.9113700000
1.0346000000
0.3451400000
-0.6607500000
-1.3576000000
-1.1867000000
-0.0732590000
1.3129000000
1.9402000000
1.2233000000
0.0732030000
-0.5705200000
-0.6972400000
-0.6895700000
-0.7391700000
-0.5848200000
-0.1257400000
0.4307500000
0.7122100000
0.4633100000
-0.2166800000
-0.8730600000
-0.9786200000
-0.3339600000
0.7075900000
1.4052000000
1.1361000000
0.0858450000
-0.8402700000
-1.3512000000
-1.1517000000
-0.1334400000
1.1333000000
1.7315000000
1.1008000000
-0.0247850000
-0.7445600000
-1.0265000000
-1.0473000000
-0.5787500000
0.2732700000
0.9980900000
1.0390000000
0.2590700000
-0.7436000000
-1.3881000000
-1.1473000000
0.0103480000
1.3793000000
1.9308000000
1.1478000000
0.0136240000
-0.5921900000
-0.7007400000
-0.6999700000
-0.7408500000
-0.5552000000
-0.0717810000
0.4765300000
0.7145300000
0.4126600000
-0.2905400000
-0.9162000000
-0.9503600000
-0.2417500000
0.8041500000
1.4306000000
1.0567000000
-0.0167660000
-0.9052600000
-1.3671000000
-1.0879000000
-0.0172180000
1.2241000000
1.7216000000
0.9965000000
-0.1147900000
-0.7879700000
-1.0495000000
-1.0296000000
-0.5011800000
0.3743100000
1.0540000000
0.9995200000
0.1499100000
-0.8368400000
-1.4120000000
-1.0689000000
0.1502300000
1.4827000000
1.9083000000
1.0280000000
-0.0754000000
-0.6214600000
-0.7029600000
-0.7119900000
-0.7374500000
-0.5102000000
0.0010197000
0.5320800000
0.7087700000
0.3392100000
-0.3867400000
-0.9633100000
-0.9007200000
-0.1144300000
0.9246500000
1.4476000000
0.9397300000
-0.1488000000
-0.9860400000
-1.3787000000
-0.9922000000
0.1411500000
1.3375000000
1.6934000000
0.8540500000
-0.2281100000
-0.8393900000
-1.0743000000
-0.9948700000
-0.3939400000
0.4988000000
1.1083000000
0.9298800000
0.0088460000
-0.9492600000
-1.4274000000
-0.9527800000
0.3342800000
1.6038000000
1.8580000000
0.8708100000
-0.1820000000
-0.6526400000
-0.7050300000
-0.7271100000
-0.7261400000
-0.4458600000
0.0939170000
0.5938900000
0.6882100000
0.2375300000
-0.5048900000
-1.0074000000
-0.8202100000
0.0529850000
1.0647000000
1.4439000000
0.7785200000
-0.3077700000
-1.0794000000
-1.3755000000
-0.8551200000
0.3419100000
1.4618000000
1.6297000000
0.6715700000
-0.3598500000
-0.8966400000
-1.0983000000
-0.9353300000
-0.2490000000
0.6484100000
1.1535000000
0.8175800000
-0.1672900000
-1.0777000000
-1.4222000000
-0.7870600000
0.5644300000
1.7306000000
1.7602000000
0.6747700000
-0.3010400000
-0.6827100000
-0.7088800000
-0.7451500000
-0.7005100000
-0.3537700000
0.2108500000
0.6572700000
0.6413900000
0.0970160000
-0.6462100000
-1.0373000000
-0.6916600000
0.2713900000
1.2189000000
1.3988000000
0.5612900000
-0.4938500000
-1.1825000000
-1.3415000000
-0.6599600000
0.5888300000
1.5818000000
1.5048000000
0.4434100000
-0.5080000000
-0.9609800000
-1.1161000000
-0.8346100000
-0.0492080000
0.8281400000
1.1763000000
0.6393700000
-0.3862000000
-1.2170000000
-1.3762000000
-0.5509000000
0.8450100000
1.8437000000
1.5874000000
0.4349200000
-0.4292200000
-0.7116000000
-0.7226700000
-0.7656900000
-0.6442000000
-0.2097100000
0.3671800000
0.7151700000
0.5399700000
-0.1138500000
-0.8210800000
-1.0297000000
-0.4694000000
0.5772600000
1.3840000000
1.2633000000
0.2532800000
-0.7192600000
-1.2876000000
-1.2403000000
-0.3653800000
0.8964100000
1.6682000000
1.2670000000
0.1462200000
-0.6824200000
-1.0480000000
-1.1118000000
-0.6416600000
0.2633500000
1.0606000000
1.1399000000
0.3384200000
-0.6757800000
-1.3559000000
-1.2414000000
-0.1929000000
1.1890000000
1.8984000000
1.2847000000
0.1280200000
-0.5741500000
-0.7543400000
-0.7814200000
-0.7750100000
-0.4845700000
0.0801100000
0.6118600000
0.7256300000
0.2664100000
-0.5103900000
-1.0507000000
-0.8752400000
0.0271440000
1.0944000000
1.5172000000
0.8507900000
-0.2470000000
-1.0043000000
-1.3341000000
-0.9532400000
0.1184800000
1.2461000000
1.5849000000
0.7846900000
-0.2916900000
-0.9481600000
-1.2263000000
-0.9644500000
-0.0804630000
0.9506300000
1.3927000000
0.8097300000
-0.2605300000
-1.0590000000
-1.3840000000
-0.8777800000
0.3272600000
1.4720000000
1.6638000000
0.7089800000
-0.3289200000
-0.8621100000
-1.0543000000
-0.9464400000
-0.3447000000
0.5125100000
1.0695000000
0.8590300000
-0.0552360000
-1.0035000000
-1.4186000000
-0.8500600000
0.4820500000
1.6956000000
1.8130000000
0.7570900000
-0.2505900000
-0.6616400000
-0.6882000000
-0.7135300000
-0.7165700000
-0.4401500000
0.0948240000
0.5905300000
0.6835100000
0.2355100000
-0.5017700000
-1.0004000000
-0.8139600000
0.0534070000
1.0577000000
1.4336000000
0.7713200000
-0.3135200000
-1.0885000000
-1.3797000000
-0.8419200000
0.3699200000
1.4877000000
1.6337000000
0.6589100000
-0.3652800000
-0.8868100000
-1.0782000000
-0.9313500000
-0.2765500000
0.6000600000
1.1160000000
0.8215500000
-0.1389200000
-1.0626000000
-1.4194000000
-0.7888500000
0.5649700000
1.7368000000
1.7701000000
0.6833700000
-0.2937800000
-0.6731400000
-0.6925900000
-0.7252600000
-0.7075700000
-0.3982400000
0.1510100000
0.6234500000
0.6643200000
0.1696200000
-0.5714200000
-1.0192000000
-0.7564200000
0.1577500000
1.1361000000
1.4187000000
0.6686500000
-0.4052100000
-1.1400000000
-1.3659000000
-0.7502000000
0.4883100000
1.5472000000
1.5765000000
0.5490800000
-0.4377500000
-0.9186400000
-1.0914000000
-0.8893200000
-0.1816400000
0.6936700000
1.1391000000
0.7438600000
-0.2499800000
-1.1379000000
-1.4041000000
-0.6766000000
0.7054600000
1.8002000000
1.6915000000
0.5639900000
-0.3593500000
-0.6870800000
-0.6956100000
-0.7366900000
-0.6889600000
-0.3379700000
0.2242200000
0.6596700000
0.6299400000
0.0785640000
-0.6581900000
-1.0318000000
-0.6693400000
0.2964300000
1.2275000000
1.3807000000
0.5285400000
-0.5207200000
-1.2029000000
-1.3364000000
-0.6187000000
0.6458900000
1.6153000000
1.4849000000
0.4044700000
-0.5266600000
-0.9555800000
-1.0990000000
-0.8234500000
-0.0572550000
0.8015600000
1.1475000000
0.6293500000
-0.3876200000
-1.2231000000
-1.3674000000
-0.5197900000
0.8842000000
1.8646000000
1.5731000000
0.4136200000
-0.4349800000
-0.7003500000
-0.7003600000
-0.7475000000
-0.6574800000
-0.2569600000
0.3129500000
0.6937000000
0.5741600000
-0.0399370000
-0.7578800000
-1.0295000000
-0.5455300000
0.4691900000
1.3228000000
1.3071000000
0.3510700000
-0.6546100000
-1.2694000000
-1.2802000000
-0.4430400000
0.8350100000
1.6753000000
1.3481000000
0.2296300000
-0.6262200000
-0.9977400000
-1.0968000000
-0.7260600000
0.1024700000
0.9227600000
1.1327000000
0.4711000000
-0.5522100000
-1.3104000000
-1.2967000000
-0.3116000000
1.0950000000
1.9125000000
1.4051000000
0.2365000000
-0.5148500000
-0.7119900000
-0.7111400000
-0.7553800000
-0.6052300000
-0.1471200000
0.4189400000
0.7181300000
0.4843400000
-0.1948700000
-0.8679800000
-0.9979700000
-0.3676200000
0.6832200000
1.4112000000
1.1741000000
0.1283100000
-0.8069800000
-1.3307000000
-1.1792000000
-0.2085200000
1.0542000000
1.7072000000
1.1487000000
0.0216440000
-0.7357300000
-1.0494000000
-1.0743000000
-0.5780900000
0.3124800000
1.0558000000
1.0748000000
0.2525600000
-0.7493200000
-1.3887000000
-1.1690000000
-0.0340310000
1.3352000000
1.9183000000
1.1700000000
0.0308850000
-0.5966900000
-0.7248000000
-0.7373100000
-0.7533800000
-0.5111900000
0.0142220000
0.5496100000
0.7164600000
0.3283000000
-0.4117800000
-0.9857900000
-0.9024100000
-0.0897170000
0.9616700000
1.4702000000
0.9296100000
-0.1642700000
-0.9848900000
-1.3664000000
-0.9916400000
0.1191100000
1.3015000000
1.6669000000
0.8487400000
-0.2351500000
-0.8649300000
-1.1198000000
-1.0004000000
-0.3215900000
0.6208400000
1.2004000000
0.9164400000
-0.0713680000
-0.9963300000
-1.4297000000
-0.9302100000
0.3532300000
1.5952000000
1.8188000000
0.8259100000
-0.2172000000
-0.6884800000
-0.7613200000
-0.7989400000
-0.7038500000
-0.2875700000
0.3117200000
0.7218100000
0.6118300000
-0.0223750000
-0.7794400000
-1.0818000000
-0.5937500000
0.4638300000
1.3733000000
1.3852000000
0.4169500000
-0.5926300000
-1.1899000000
-1.2854000000
-0.5982300000
0.5949200000
1.5089000000
1.3905000000
0.3427000000
-0.6023100000
-1.0939000000
-1.2065000000
-0.6822700000
0.3396400000
1.2278000000
1.2896000000
0.3963400000
-0.6157000000
-1.2613000000
-1.2964000000
-0.4648600000
0.8292100000
1.6962000000
1.3861000000
0.2639900000
-0.5958700000
-0.9572700000
-1.0662000000
-0.7701800000
-0.0177450000
0.7951000000
1.0916000000
0.5580700000
-0.4474400000
-1.2613000000
-1.3216000000
-0.3893700000
1.0235000000
1.9096000000
1.4812000000
0.3094600000
-0.4785000000
-0.6948800000
-0.6832400000
-0.7359000000
-0.6490200000
-0.2522200000
0.3129100000
0.6896900000
0.5694500000
-0.0413110000
-0.7539000000
-1.0221000000
-0.5397600000
0.4684300000
1.3148000000
1.2967000000
0.3432400000
-0.6622900000
-1.2793000000
-1.2778000000
-0.4213200000
0.8661900000
1.6949000000
1.3406000000
0.2162400000
-0.6269000000
-0.9827900000
-1.0799000000
-0.7326100000
0.0662580000
0.8760300000
1.1085000000
0.4890000000
-0.5285500000
-1.3019000000
-1.2958000000
-0.3109500000
1.0998000000
1.9210000000
1.4131000000
0.2425000000
-0.5079700000
-0.7004100000
-0.6911300000
-0.7427700000
-0.6267700000
-0.2006800000
0.3650600000
0.7044100000
0.5289100000
-0.1157000000
-0.8099200000
-1.0115000000
-0.4569000000
0.5729900000
1.3629000000
1.2386000000
0.2350800000
-0.7383400000
-1.3112000000
-1.2314000000
-0.3091400000
0.9730300000
1.7129000000
1.2456000000
0.1148000000
-0.6809700000
-1.0083000000
-1.0750000000
-0.6662200000
0.1692900000
0.9494800000
1.0921000000
0.3847000000
-0.6309800000
-1.3477000000
-1.2390000000
-0.1753700000
1.2233000000
1.9322000000
1.2994000000
0.1384600000
-0.5500200000
-0.7050900000
-0.7000400000
-0.7464900000
-0.5908600000
-0.1297100000
0.4302400000
0.7151600000
0.4675300000
-0.2145400000
-0.8752900000
-0.9844300000
-0.3395400000
0.7066900000
1.4106000000
1.1449000000
0.0937350000
-0.8327800000
-1.3450000000
-1.1581000000
-0.1539000000
1.1099000000
1.7221000000
1.1114000000
-0.0145270000
-0.7454600000
-1.0381000000
-1.0569000000
-0.5714000000
0.2987000000
1.0270000000
1.0502000000
0.2459000000
-0.7554100000
-1.3919000000
-1.1493000000
0.0065782000
1.3734000000
1.9256000000
1.1456000000
0.0118760000
-0.5961700000
-0.7086800000
-0.7129500000
-0.7450200000
-0.5378600000
-0.0383170000
0.5050000000
0.7154700000
0.3801400000
-0.3374700000
-0.9432800000
-0.9319900000
-0.1830000000
0.8652200000
1.4462000000
1.0067000000
-0.0772030000
-0.9403400000
-1.3706000000
-1.0485000000
0.0444470000
1.2648000000
1.7053000000
0.9351900000
-0.1652200000
-0.8163500000
-1.0720000000
-1.0195000000
-0.4406200000
0.4576900000
1.1040000000
0.9722400000
0.0690950000
-0.9005900000
-1.4236000000
-1.0151000000
0.2368800000
1.5387000000
1.8822000000
0.9489800000
-0.1310100000
-0.6421000000
-0.7124500000
-0.7318100000
-0.7334400000
-0.4590300000
0.0797160000
0.5874400000
0.6950800000
0.2544600000
-0.4895100000
-1.0062000000
-0.8371600000
0.0274750000
1.0490000000
1.4525000000
0.8075400000
-0.2813700000
-1.0607000000
-1.3743000000
-0.8840300000
0.2954300000
1.4287000000
1.6379000000
0.7062600000
-0.3374900000
-0.8942200000
-1.1073000000
-0.9478000000
-0.2548800000
0.6556100000
1.1711000000
0.8338400000
-0.1570600000
-1.0670000000
-1.4254000000
-0.8133300000
0.5267200000
1.7066000000
1.7706000000
0.6994700000
-0.2888900000
-0.6868000000
-0.7223900000
-0.7591900000
-0.6985900000
-0.3305900000
0.2431500000
0.6759700000
0.6293600000
0.0576240000
-0.6873600000
-1.0480000000
-0.6570600000
0.3333100000
1.2649000000
1.3891000000
0.5073300000
-0.5349400000
-1.1967000000
-1.3251000000
-0.6217100000
0.6221100000
1.5822000000
1.4650000000
0.3961100000
-0.5424600000
-0.9917300000
-1.1368000000
-0.7973700000
0.0452280000
0.9254900000
1.2045000000
0.5697600000
-0.4663500000
-1.2536000000
-1.3555000000
-0.4896300000
0.9004200000
1.8449000000
1.5236000000
0.3676000000
-0.4705800000
-0.7418600000
-0.7699900000
-0.7946100000
-0.5797900000
-0.0586080000
0.5162300000
0.7504300000
0.4133100000
-0.3341300000
-0.9793200000
-0.9874600000
-0.2182500000
0.8821600000
1.5127000000
1.0816000000
-0.0159530000
-0.8720100000
-1.3094000000
-1.1109000000
-0.1576700000
1.0335000000
1.6112000000
1.0327000000
-0.0763490000
-0.8403800000
-1.1968000000
-1.0840000000
-0.3174100000
0.7430200000
1.3763000000
1.0229000000
-0.0283380000
-0.9131700000
-1.3739000000
-1.0692000000
0.0277680000
1.2706000000
1.7359000000
0.9729100000
-0.1338000000
-0.7836700000
-1.0246000000
-1.0123000000
-0.5197000000
0.3206500000
0.9969900000
0.9817800000
0.1801200000
-0.8117100000
-1.4023000000
-1.0660000000
0.1523600000
1.4873000000
1.9150000000
1.0336000000
-0.0712200000
-0.6164000000
-0.6942200000
-0.6979000000
-0.7345900000
-0.5314300000
-0.0367460000
0.5020400000
0.7107100000
0.3776500000
-0.3349100000
-0.9364600000
-0.9253300000
-0.1817500000
0.8589800000
1.4359000000
0.9993400000
-0.0820450000
-0.9477900000
-1.3774000000
-1.0401000000
0.0693440000
1.2925000000
1.7157000000
0.9244900000
-0.1729100000
-0.8097200000
-1.0520000000
-1.0098000000
-0.4616400000
0.4109400000
1.0604000000
0.9655000000
0.0973010000
-0.8808300000
-1.4186000000
-1.0172000000
0.2354200000
1.5430000000
1.8921000000
0.9589800000
-0.1231000000
-0.6332500000
-0.6979900000
-0.7099400000
-0.7324100000
-0.4963500000
0.0192440000
0.5435900000
0.7043100000
0.3196200000
-0.4087700000
-0.9707100000
-0.8845100000
-0.0824830000
0.9503500000
1.4455000000
0.9072400000
-0.1819200000
-1.0076000000
-1.3817000000
-0.9635400000
0.1891400000
1.3728000000
1.6864000000
0.8149500000
-0.2568200000
-0.8481200000
-1.0723000000
-0.9821700000
-0.3754800000
0.5111000000
1.1042000000
0.9095900000
-0.0150000000
-0.9688400000
-1.4271000000
-0.9232200000
0.3786900000
1.6324000000
1.8457000000
0.8361800000
-0.2034700000
-0.6558100000
-0.6999900000
-0.7228800000
-0.7231000000
-0.4440400000
0.0941690000
0.5927300000
0.6866200000
0.2368500000
-0.5038400000
-1.0050000000
-0.8181200000
0.0531120000
1.0623000000
1.4405000000
0.7761200000
-0.3096800000
-1.0824000000
-1.3770000000
-0.8507300000
0.3512900000
1.4705000000
1.6311000000
0.6673200000
-0.3617100000
-0.8933800000
-1.0916000000
-0.9340400000
-0.2582000000
0.6323300000
1.1411000000
0.8189600000
-0.1581900000
-1.0732000000
-1.4215000000
-0.7872300000
0.5655500000
1.7335000000
1.7636000000
0.6773400000
-0.2986000000
-0.6789300000
-0.7022900000
-0.7373500000
-0.7035100000
-0.3714300000
0.1874000000
0.6443300000
0.6508300000
0.1257400000
-0.6170600000
-1.0308000000
-0.7176200000
0.2266900000
1.1870000000
1.4074000000
0.6031500000
-0.4602000000
-1.1671000000
-1.3520000000
-0.6945500000
0.5518400000
1.5709000000
1.5337000000
0.4837000000
-0.4810900000
-0.9435900000
-1.1061000000
-0.8576900000
-0.1040200000
0.7732000000
1.1620000000
0.6828600000
-0.3324100000
-1.1875000000
-1.3888000000
-0.5999600000
0.7929700000
1.8303000000
1.6300000000
0.4848800000
-0.4019800000
-0.7002500000
-0.7081400000
-0.7525300000
-0.6665700000
-0.2699600000
0.3023200000
0.6927100000
0.5847600000
-0.0241520000
-0.7485400000
-1.0355000000
-0.5652800000
0.4483600000
1.3171000000
1.3242000000
0.3779000000
-0.6339500000
-1.2557000000
-1.2893000000
-0.4784900000
0.7927100000
1.6566000000
1.3702000000
0.2593400000
-0.6137600000
-1.0017000000
-1.1083000000
-0.7351800000
0.1046200000
0.9374300000
1.1512000000
0.4812300000
-0.5453000000
-1.3043000000
-1.3074000000
-0.3410800000
1.0628000000
1.9007000000
1.4226000000
0.2550000000
-0.5109100000
-0.7211400000
-0.7273600000
-0.7652500000
-0.5931100000
-0.1146800000
0.4519700000
0.7266300000
0.4569500000
-0.2436900000
-0.9039700000
-0.9899400000
-0.3127600000
0.7512500000
1.4414000000
1.1351000000
0.0684850000
-0.8412000000
-1.3343000000
-1.1487000000
-0.1624300000
1.0820000000
1.6905000000
1.0952000000
-0.0265500000
-0.7699200000
-1.0853000000
-1.0754000000
-0.5092200000
0.4252700000
1.1395000000
1.0609000000
0.1596700000
-0.8214400000
-1.4046000000
-1.1240000000
0.0390280000
1.3793000000
1.8899000000
1.0898000000
-0.0327480000
-0.6337200000
-0.7608200000
-0.7934400000
-0.7502100000
-0.3985100000
0.1907500000
0.6742400000
0.6853100000
0.1364900000
-0.6444800000
-1.0831000000
-0.7589400000
0.2312200000
1.2432000000
1.4816000000
0.6535800000
-0.4146000000
-1.0932000000
-1.3241000000
-0.8050200000
0.3306800000
1.3750000000
1.5151000000
0.5835300000
-0.4436600000
-1.0255000000
-1.2354000000
-0.8427700000
0.1278900000
1.1117000000
1.3759000000
0.6188600000
-0.4357100000
-1.1561000000
-1.3557000000
-0.7063300000
0.5432300000
1.5747000000
1.5504000000
0.5019200000
-0.4668700000
-0.9286500000
-1.0915000000
-0.8700300000
-0.1485000000
0.7202500000
1.1382000000
0.7113600000
-0.2886900000
-1.1636000000
-1.3943000000
-0.6293000000
0.7618600000
1.8236000000
1.6581000000
0.5178900000
-0.3828800000
-0.6901500000
-0.6941900000
-0.7376900000
-0.6818900000
-0.3207000000
0.2432500000
0.6673700000
0.6186800000
0.0537390000
-0.6795500000
-1.0320000000
-0.6437400000
0.3329400000
1.2483000000
1.3661000000
0.4901700000
-0.5509000000
-1.2195000000
-1.3263000000
-0.5799800000
0.6908900000
1.6335000000
1.4574000000
0.3650800000
-0.5490500000
-0.9629200000
-1.0971000000
-0.8047300000
-0.0286230000
0.8217800000
1.1427000000
0.5992300000
-0.4195100000
-1.2419000000
-1.3546000000
-0.4769000000
0.9305500000
1.8790000000
1.5406000000
0.3761700000
-0.4520900000
-0.7014800000
-0.6991800000
-0.7473400000
-0.6503400000
-0.2425800000
0.3270000000
0.6974000000
0.5630500000
-0.0598420000
-0.7725000000
-1.0261000000
-0.5230200000
0.4970000000
1.3350000000
1.2909000000
0.3209400000
-0.6765200000
-1.2803000000
-1.2686000000
-0.4100500000
0.8695100000
1.6852000000
1.3226000000
0.1998900000
-0.6413500000
-1.0020000000
-1.0927000000
-0.7097600000
0.1232800000
0.9339700000
1.1242000000
0.4468100000
-0.5749200000
-1.3216000000
-1.2825000000
-0.2761300000
1.1291000000
1.9184000000
1.3772000000
0.2096900000
-0.5252200000
-0.7112600000
-0.7096300000
-0.7537900000
-0.5996700000
-0.1385400000
0.4257400000
0.7180900000
0.4764300000
-0.2058400000
-0.8738800000
-0.9930400000
-0.3534800000
0.6973100000
1.4141000000
1.1612000000
0.1114400000
-0.8186500000
-1.3358000000
-1.1697000000
-0.1866000000
1.0750000000
1.7107000000
1.1317000000
0.0052933000
-0.7422300000
-1.0492000000
-1.0690000000
-0.5695700000
0.3188300000
1.0548000000
1.0660000000
0.2411900000
-0.7590400000
-1.3921000000
-1.1583000000
-0.0127200000
1.3535000000
1.9190000000
1.1541000000
0.0183690000
-0.5994900000
-0.7214000000
-0.7326900000
-0.7509800000
-0.5132500000
0.0084746000
0.5439900000
0.7154500000
0.3336700000
-0.4029600000
-0.9797700000
-0.9045300000
-0.0999960000
0.9496700000
1.4657000000
0.9367100000
-0.1560700000
-0.9821400000
-1.3687000000
-0.9957700000
0.1172100000
1.3044000000
1.6736000000
0.8555300000
-0.2293400000
-0.8578200000
-1.1101000000
-1.0016000000
-0.3409900000
0.5919000000
1.1813000000
0.9235300000
-0.0509290000
-0.9847200000
-1.4302000000
-0.9386800000
0.3450300000
1.5955000000
1.8299000000
0.8400700000
-0.2063800000
-0.6786200000
-0.7465100000
-0.7817500000
-0.7129400000
-0.3311100000
0.2559400000
0.6927600000
0.6367000000
0.0472460000
-0.7111900000
-1.0693000000
-0.6586200000
0.3568600000
1.3001000000
1.4106000000
0.5069100000
-0.5312000000
-1.1744000000
-1.3148000000
-0.6540200000
0.5536700000
1.5190000000
1.4552000000
0.4156300000
-0.5452500000
-1.0352000000
-1.1852000000
-0.7704100000
0.1645700000
1.0737000000
1.2763000000
0.5164400000
-0.5232200000
-1.2500000000
-1.3419000000
-0.5149700000
0.8275100000
1.7617000000
1.4847000000
0.3500300000
-0.5144600000
-0.8411400000
-0.9332300000
-0.8370300000
-0.3498100000
0.3660500000
0.8645500000
0.7436400000
-0.0104630000
-0.9229800000
-1.3002000000
-0.7301200000
0.5341300000
1.6375000000
1.6745000000
0.6182500000
-0.3751500000
-0.8203900000
-0.9473300000
-0.8996900000
-0.4544100000
0.2766800000
0.8556100000
0.8344600000
0.1269500000
-0.8273100000
-1.3354000000
-0.8998600000
0.3340400000
1.5579000000
1.8027000000
0.8313600000
-0.2268000000
-0.7298400000
-0.8398100000
-0.8726800000
-0.6515000000
-0.0894200000
0.5471400000
0.8252400000
0.4788200000
-0.3332800000
-1.0580000000
-1.1004000000
-0.2834600000
0.9260700000
1.6536000000
1.2313000000
0.1055900000
-0.7315500000
-1.1200000000
-1.1367000000
-0.5416800000
0.4596800000
1.2307000000
1.1503000000
0.2085400000
-0.7683200000
-1.3617000000
-1.1976000000
-0.1558100000
1.1723000000
1.8217000000
1.1907000000
0.0496580000
-0.6554800000
-0.8795700000
-0.9444800000
-0.7365900000
-0.1412700000
0.5671900000
0.9115300000
0.5744200000
-0.3026400000
-1.1299000000
-1.2403000000
-0.3952500000
0.9362900000
1.8029000000
1.4322000000
0.2790900000
-0.5538400000
-0.8539600000
-0.9386800000
-0.8164000000
-0.3013800000
0.4162200000
0.8804600000
0.7073100000
-0.0802650000
-0.9774900000
-1.2929000000
-0.6539300000
0.6333700000
1.6861000000
1.6237000000
0.5323500000
-0.4252500000
-0.8336700000
-0.9500600000
-0.8814000000
-0.4114200000
0.3225700000
0.8723400000
0.8046000000
0.0655990000
-0.8794200000
-1.3350000000
-0.8354600000
0.4252300000
1.6095000000
1.7659000000
0.7492100000
-0.2809700000
-0.7496900000
-0.8516900000
-0.8745400000
-0.6150500000
-0.0226520000
0.6043100000
0.8290000000
0.4168500000
-0.4247200000
-1.1123000000
-1.0667000000
-0.1699800000
1.0461000000
1.6867000000
1.1434000000
0.0109380000
-0.7708600000
-1.1162000000
-1.1008000000
-0.4943100000
0.4839900000
1.2083000000
1.0892000000
0.1447300000
-0.8235800000
-1.3930000000
-1.1414000000
-0.0188050000
1.3085000000
1.8544000000
1.1043000000
-0.0235840000
-0.6600200000
-0.8280400000
-0.8793600000
-0.7365100000
-0.2372000000
0.4222700000
0.8174800000
0.6138200000
-0.1351100000
-0.9415600000
-1.1753000000
-0.5305400000
0.6663200000
1.5839000000
1.4391000000
0.3614100000
-0.5824600000
-1.0468000000
-1.1747000000
-0.7395500000
0.1967200000
1.0825000000
1.2503000000
0.4713100000
-0.5617600000
-1.2769000000
-1.3245000000
-0.4472600000
0.9078700000
1.7965000000
1.4426000000
0.2961700000
-0.5345200000
-0.8291800000
-0.9078400000
-0.8227600000
-0.3645400000
0.3257500000
0.8241200000
0.7344500000
0.0250360000
-0.8617400000
-1.2563000000
-0.7420300000
0.4643300000
1.5530000000
1.6390000000
0.6237600000
-0.3919000000
-0.8903300000
-1.0661000000
-0.9170900000
-0.2743800000
0.5841500000
1.0899000000
0.8034000000
-0.1445300000
-1.0691000000
-1.4120000000
-0.7601400000
0.6020200000
1.7573000000
1.7560000000
0.6566100000
-0.3080800000
-0.6731600000
-0.6866100000
-0.7199600000
-0.7059700000
-0.4015300000
0.1448400000
0.6189100000
0.6654500000
0.1767600000
-0.5626400000
-1.0154000000
-0.7615800000
0.1458000000
1.1254000000
1.4179000000
0.6784700000
-0.3966700000
-1.1370000000
-1.3687000000
-0.7566100000
0.4830800000
1.5478000000
1.5838000000
0.5578300000
-0.4309700000
-0.9120300000
-1.0846000000
-0.8939500000
-0.2009300000
0.6696500000
1.1272000000
0.7553900000
-0.2294100000
-1.1255000000
-1.4057000000
-0.6904400000
0.6893800000
1.7950000000
1.7037000000
0.5798400000
-0.3503000000
-0.6833300000
-0.6913000000
-0.7310100000
-0.6935700000
-0.3559700000
0.2019300000
0.6486200000
0.6405900000
0.1066700000
-0.6313900000
-1.0279000000
-0.6961500000
0.2536700000
1.1993000000
1.3923000000
0.5705400000
-0.4872100000
-1.1862000000
-1.3472000000
-0.6567700000
0.6036400000
1.6007000000
1.5146000000
0.4460400000
-0.5008200000
-0.9421900000
-1.0939000000
-0.8450900000
-0.1021200000
0.7600500000
1.1407000000
0.6682300000
-0.3406300000
-1.1960000000
-1.3803000000
-0.5692600000
0.8305100000
1.8487000000
1.6131000000
0.4605900000
-0.4114900000
-0.6946500000
-0.6950400000
-0.7411600000
-0.6708400000
-0.2923000000
0.2745300000
0.6796300000
0.5994500000
0.0122660000
-0.7147700000
-1.0317000000
-0.6006600000
0.3936000000
1.2823000000
1.3409000000
0.4275300000
-0.5987300000
-1.2439000000
-1.3073000000
-0.5176700000
0.7592000000
1.6565000000
1.4098000000
0.3028200000
-0.5843900000
-0.9769900000
-1.0961000000
-0.7717000000
0.0252710000
0.8625200000
1.1375000000
0.5452700000
-0.4765200000
-1.2732000000
-1.3308000000
-0.4041000000
1.0057000000
1.8978000000
1.4826000000
0.3137200000
-0.4803300000
-0.7049600000
-0.7013900000
-0.7497900000
-0.6341900000
-0.2078200000
0.3613000000
0.7063600000
0.5355300000
-0.1090300000
-0.8086500000
-1.0178000000
-0.4674600000
0.5656600000
1.3652000000
1.2508000000
0.2490400000
-0.7269300000
-1.3023000000
-1.2382000000
-0.3343100000
0.9431200000
1.6996000000
1.2598000000
0.1316800000
-0.6772300000
-1.0174000000
-1.0863000000
-0.6653200000
0.1872800000
0.9754500000
1.1080000000
0.3795000000
-0.6378000000
-1.3490000000
-1.2444000000
-0.1878200000
1.2090000000
1.9253000000
1.3037000000
0.1427700000
-0.5520800000
-0.7140800000
-0.7151500000
-0.7539600000
-0.5748500000
-0.0937530000
0.4640400000
0.7207500000
0.4352200000
-0.2667900000
-0.9101300000
-0.9706300000
-0.2778800000
0.7773900000
1.4363000000
1.0966000000
0.0264020000
-0.8728900000
-1.3517000000
-1.1202000000
-0.0910770000
1.1538000000
1.7087000000
1.0473000000
-0.0711020000
-0.7797000000
-1.0676000000
-1.0523000000
-0.5051300000
0.3995000000
1.0962000000
1.0297000000
0.1536700000
-0.8308500000
-1.4110000000
-1.0965000000
0.0986830000
1.4372000000
1.9033000000
1.0584000000
-0.0546240000
-0.6251100000
-0.7255200000
-0.7439800000
-0.7446700000
-0.4700000000
0.0727230000
0.5882100000
0.7033100000
0.2645000000
-0.4855500000
-1.0129000000
-0.8515300000
0.0151800000
1.0489000000
1.4672000000
0.8285000000
-0.2631700000
-1.0426000000
-1.3677000000
-0.9095800000
0.2444400000
1.3839000000
1.6342000000
0.7355600000
-0.3199800000
-0.9024000000
-1.1323000000
-0.9579100000
-0.2291500000
0.7093100000
1.2187000000
0.8378900000
-0.1763000000
-1.0698000000
-1.4254000000
-0.8300800000
0.4926500000
1.6733000000
1.7618000000
0.7067000000
-0.2911000000
-0.7088700000
-0.7661900000
-0.8042500000
-0.6749500000
-0.2222600000
0.3785500000
0.7423500000
0.5626600000
-0.1156000000
-0.8515000000
-1.0710000000
-0.4912700000
0.5960400000
1.4370000000
1.3157000000
0.2874700000
-0.6798100000
-1.2283000000
-1.2463000000
-0.4844400000
0.7150200000
1.5448000000
1.2990000000
0.2198300000
-0.6804800000
-1.1388000000
-1.1878000000
-0.5731300000
0.4861800000
1.3110000000
1.2345000000
0.2625000000
-0.7107400000
-1.2957000000
-1.2418000000
-0.3437300000
0.9360500000
1.7019000000
1.2715000000
0.1428900000
-0.6698000000
-1.0104000000
-1.0841000000
-0.6770900000
0.1646300000
0.9558700000
1.1067000000
0.3984700000
-0.6196100000
-1.3421000000
-1.2526000000
-0.2057400000
1.1945000000
1.9270000000
1.3211000000
0.1579700000
-0.5446100000
-0.7098100000
-0.7075900000
-0.7509800000
-0.5877900000
-0.1197800000
0.4407000000
0.7180200000
0.4589800000
-0.2301000000
-0.8870000000
-0.9822300000
-0.3222900000
0.7284800000
1.4206000000
1.1330000000
0.0750110000
-0.8433100000
-1.3455000000
-1.1484000000
-0.1402900000
1.1171000000
1.7156000000
1.0947000000
-0.0292040000
-0.7563500000
-1.0506000000
-1.0587000000
-0.5493200000
0.3370400000
1.0572000000
1.0479000000
0.2138900000
-0.7822600000
-1.3992000000
-1.1340000000
0.0336120000
1.3915000000
1.9178000000
1.1182000000
-0.0094305000
-0.6066300000
-0.7165300000
-0.7269600000
-0.7469200000
-0.5116700000
0.0072153000
0.5410200000
0.7131300000
0.3341700000
-0.3993600000
-0.9752200000
-0.9024100000
-0.1024600000
0.9436200000
1.4601000000
0.9356400000
-0.1559600000
-0.9847500000
-1.3721000000
-0.9929200000
0.1276600000
1.3170000000
1.6794000000
0.8525400000
-0.2309400000
-0.8528300000
-1.0992000000
-0.9989900000
-0.3560600000
0.5644600000
1.1592000000
0.9245200000
-0.0352270000
-0.9767200000
-1.4303000000
-0.9401800000
0.3472400000
1.6026000000
1.8385000000
0.8463400000
-0.2004900000
-0.6694200000
-0.7303300000
-0.7618800000
-0.7192000000
-0.3741400000
0.1973300000
0.6590200000
0.6582900000
0.1178700000
-0.6375700000
-1.0505000000
-0.7209200000
0.2458100000
1.2180000000
1.4283000000
0.6030400000
-0.4587500000
-1.1497000000
-1.3421000000
-0.7192700000
0.4958000000
1.5167000000
1.5222000000
0.4992400000
-0.4826500000
-0.9789100000
-1.1539000000
-0.8445600000
-0.0057465000
0.9078200000
1.2398000000
0.6392900000
-0.4029000000
-1.2088000000
-1.3820000000
-0.5971100000
0.7721000000
1.7888000000
1.5914000000
0.4570400000
-0.4342000000
-0.7557900000
-0.8047600000
-0.8201700000
-0.5697200000
-0.0112790000
0.5722400000
0.7732100000
0.3782400000
-0.4111600000
-1.0460000000
-0.9889200000
-0.1397500000
0.9951300000
1.5780000000
1.0453000000
-0.0683110000
-0.8737900000
-1.2647000000
-1.0900000000
-0.2085900000
0.9224800000
1.5084000000
1.0064000000
-0.0850480000
-0.8975000000
-1.2995000000
-1.0721000000
-0.1159400000
1.0450000000
1.5767000000
0.9713100000
-0.1304400000
-0.8884400000
-1.2447000000
-1.0569000000
-0.1915000000
0.9038500000
1.4599000000
0.9578400000
-0.1242500000
-0.9442900000
-1.3430000000
-1.0296000000
0.0247660000
1.2074000000
1.6442000000
0.9036700000
-0.1933300000
-0.8725500000
-1.1648000000
-1.0252000000
-0.2827900000
0.7158900000
1.2934000000
0.9363500000
-0.0940960000
-0.9878100000
-1.4157000000
-0.9685200000
0.2575400000
1.4934000000
1.7836000000
0.8514900000
-0.2131500000
-0.7417700000
-0.8769100000
-0.9048700000
-0.6270200000
-0.0027241000
0.6471300000
0.8656700000
0.4171300000
-0.4685800000
-1.1748000000
-1.1022000000
-0.1448900000
1.1246000000
1.7675000000
1.1734000000
0.0305070000
-0.7134700000
-0.9960800000
-1.0422000000
-0.6392800000
0.1655000000
0.9103500000
1.0406000000
0.3546200000
-0.6522500000
-1.3548000000
-1.1953000000
-0.0900640000
1.2990000000
1.9403000000
1.2369000000
0.0844400000
-0.5666100000
-0.6973700000
-0.6891500000
-0.7393500000
-0.5883900000
-0.1320200000
0.4254300000
0.7118700000
0.4690700000
-0.2082100000
-0.8680700000
-0.9818000000
-0.3445100000
0.6964900000
1.4022000000
1.1452000000
0.0982040000
-0.8320200000
-1.3484000000
-1.1590000000
-0.1482400000
1.1204000000
1.7309000000
1.1132000000
-0.0136390000
-0.7397500000
-1.0252000000
-1.0499000000
-0.5860200000
0.2650500000
0.9946700000
1.0438000000
0.2693000000
-0.7346200000
-1.3854000000
-1.1554000000
-0.0049693000
1.3671000000
1.9319000000
1.1603000000
0.0234130000
-0.5890900000
-0.7011500000
-0.6998500000
-0.7413600000
-0.5582800000
-0.0766810000
0.4727400000
0.7147700000
0.4174300000
-0.2841500000
-0.9129400000
-0.9534900000
-0.2501200000
0.7960600000
1.4293000000
1.0644000000
-0.0075919000
-0.8993600000
-1.3656000000
-1.0941000000
-0.0286590000
1.2150000000
1.7223000000
1.0062000000
-0.1067100000
-0.7846600000
-1.0486000000
-1.0320000000
-0.5071300000
0.3680900000
1.0520000000
1.0040000000
0.1579400000
-0.8301200000
-1.4107000000
-1.0760000000
0.1381900000
1.4739000000
1.9104000000
1.0379000000
-0.0683110000
-0.6194700000
-0.7033600000
-0.7118600000
-0.7380800000
-0.5128300000
-0.0027530000
0.5294900000
0.7094500000
0.3431900000
-0.3819800000
-0.9614100000
-0.9037800000
-0.1210600000
0.9189400000
1.4476000000
0.9461700000
-0.1420800000
-0.9818800000
-1.3782000000
-0.9976400000
0.1323100000
1.3313000000
1.6951000000
0.8617100000
-0.2223100000
-0.8371000000
-1.0737000000
-0.9971200000
-0.3989700000
0.4938300000
1.1070000000
0.9339500000
0.0152750000
-0.9442200000
-1.4271000000
-0.9590000000
0.3249000000
1.5979000000
1.8609000000
0.8785500000
-0.1770400000
-0.6514900000
-0.7053600000
-0.7269700000
-0.7268600000
-0.4481700000
0.0909360000
0.5921600000
0.6892200000
0.2409600000
-0.5012900000
-1.0064000000
-0.8232400000
0.0475550000
1.0606000000
1.4447000000
0.7840400000
-0.3026800000
-1.0763000000
-1.3758000000
-0.8601200000
0.3347400000
1.4574000000
1.6321000000
0.6777400000
-0.3557000000
-0.8952200000
-1.0983000000
-0.9376000000
-0.2529700000
0.6451800000
1.1536000000
0.8214300000
-0.1625100000
-1.0743000000
-1.4227000000
-0.7925900000
0.5570300000
1.7266000000
1.7635000000
0.6806600000
-0.2977900000
-0.6823500000
-0.7095300000
-0.7455600000
-0.7011500000
-0.3547200000
0.2099800000
0.6570500000
0.6420600000
0.0981860000
-0.6453800000
-1.0376000000
-0.6930200000
0.2697600000
1.2183000000
1.3998000000
0.5633000000
-0.4922200000
-1.1813000000
-1.3418000000
-0.6623300000
0.5855900000
1.5799000000
1.5060000000
0.4457800000
-0.5067400000
-0.9610400000
-1.1168000000
-0.8354400000
-0.0494020000
0.8288900000
1.1776000000
0.6403800000
-0.3855400000
-1.2163000000
-1.3768000000
-0.5530300000
0.8423900000
1.8424000000
1.5886000000
0.4365700000
-0.4286200000
-0.7120700000
-0.7237000000
-0.7664800000
-0.6437000000
-0.2078400000
0.3693200000
0.7160000000
0.5385900000
-0.1167800000
-0.8235700000
-1.0297000000
-0.4663600000
0.5815500000
1.3864000000
1.2616000000
0.2495800000
-0.7215600000
-1.2880000000
-1.2387000000
-0.3627500000
0.8981500000
1.6675000000
1.2640000000
0.1432000000
-0.6846500000
-1.0504000000
-1.1124000000
-0.6377700000
0.2705500000
1.0666000000
1.1400000000
0.3327700000
-0.6805100000
-1.3573000000
-1.2391000000
-0.1887900000
1.1916000000
1.8970000000
1.2799000000
0.1238900000
-0.5768100000
-0.7570100000
-0.7856400000
-0.7753500000
-0.4769600000
0.0928300000
0.6214800000
0.7243000000
0.2531200000
-0.5275100000
-1.0588000000
-0.8660800000
0.0499670000
1.1157000000
1.5198000000
0.8321400000
-0.2641200000
-1.0108000000
-1.3307000000
-0.9421100000
0.1294800000
1.2479000000
1.5740000000
0.7679400000
-0.3055600000
-0.9607000000
-1.2362000000
-0.9524700000
-0.0449470000
0.9899000000
1.4072000000
0.7878700000
-0.2841300000
-1.0649000000
-1.3756000000
-0.8673000000
0.3275300000
1.4575000000
1.6418000000
0.6904100000
-0.3459500000
-0.8863900000
-1.0884000000
-0.9422500000
-0.2778700000
0.6122400000
1.1353000000
0.8344200000
-0.1350300000
-1.0571000000
-1.4235000000
-0.8094800000
0.5365100000
1.7192000000
1.7784000000
0.7023000000
-0.2841800000
-0.6753500000
-0.7012300000
-0.7344300000
-0.7073700000
-0.3849300000
0.1706200000
0.6356800000
0.6582300000
0.1463500000
-0.5969500000
-1.0273000000
-0.7369700000
0.1950200000
1.1654000000
1.4152000000
0.6347400000
-0.4339700000
-1.1530000000
-1.3582000000
-0.7233600000
0.5170400000
1.5556000000
1.5536000000
0.5161800000
-0.4606200000
-0.9345100000
-1.1036000000
-0.8728300000
-0.1336700000
0.7468100000
1.1590000000
0.7095600000
-0.3003200000
-1.1677000000
-1.3967000000
-0.6351700000
0.7525800000
1.8156000000
1.6567000000
0.5193400000
-0.3842600000
-0.6965600000
-0.7061400000
-0.7495300000
-0.6748100000
-0.2909100000
0.2797200000
0.6844900000
0.5996500000
0.0064769000
-0.7233300000
-1.0369000000
-0.5977100000
0.4040400000
1.2935000000
1.3442000000
0.4229300000
-0.6009600000
-1.2402000000
-1.3046000000
-0.5224500000
0.7470300000
1.6440000000
1.4058000000
0.3028300000
-0.5888300000
-0.9898900000
-1.1089000000
-0.7622400000
0.0606360000
0.9045200000
1.1560000000
0.5242500000
-0.5028900000
-1.2834000000
-1.3272000000
-0.3943000000
1.0112000000
1.8919000000
1.4671000000
0.2996900000
-0.4906500000
-0.7166600000
-0.7212200000
-0.7630900000
-0.6116500000
-0.1508200000
0.4194400000
0.7222700000
0.4890800000
-0.1934200000
-0.8717900000
-1.0052000000
-0.3732900000
0.6839000000
1.4190000000
1.1843000000
0.1366800000
-0.7984800000
-1.3220000000
-1.1851000000
-0.2328200000
1.0241000000
1.6924000000
1.1599000000
0.0342820000
-0.7368400000
-1.0649000000
-1.0866000000
-0.5672300000
0.3476300000
1.0950000000
1.0892000000
0.2363200000
-0.7613200000
-1.3891000000
-1.1718000000
-0.0462050000
1.3169000000
1.9047000000
1.1678000000
0.0288930000
-0.6070500000
-0.7473200000
-0.7721200000
-0.7596300000
-0.4597600000
0.1039900000
0.6194800000
0.7095000000
0.2353600000
-0.5344100000
-1.0470000000
-0.8408300000
0.0714670000
1.1157000000
1.4938000000
0.7954900000
-0.2957200000
-1.0421000000
-1.3467000000
-0.9019100000
0.2189200000
1.3328000000
1.5898000000
0.7165700000
-0.3412200000
-0.9504600000
-1.1974000000
-0.9382500000
-0.0873930000
0.9045000000
1.3333000000
0.7760000000
-0.2829600000
-1.1008000000
-1.4011000000
-0.8103000000
0.4646400000
1.5960000000
1.6791000000
0.6484300000
-0.3518700000
-0.8105400000
-0.9431000000
-0.9065500000
-0.4749000000
0.2530300000
0.8453600000
0.8477400000
0.1576500000
-0.7997900000
-1.3332000000
-0.9302700000
0.2881800000
1.5295000000
1.8179000000
0.8718500000
-0.1994300000
-0.7205100000
-0.8360700000
-0.8723800000
-0.6665400000
-0.1169200000
0.5233300000
0.8232000000
0.5038800000
-0.2957200000
-1.0353000000
-1.1137000000
-0.3297300000
0.8764800000
1.6392000000
1.2682000000
0.1482300000
-0.7106600000
-1.1160000000
-1.1500000000
-0.5687700000
0.4355600000
1.2284000000
1.1756000000
0.2436600000
-0.7402300000
-1.3470000000
-1.2205000000
-0.2126600000
1.1160000000
1.8088000000
1.2304000000
0.0864210000
-0.6461500000
-0.8911900000
-0.9621400000
-0.7435300000
-0.1276700000
0.5959200000
0.9363600000
0.5751900000
-0.3266600000
-1.1597000000
-1.2580000000
-0.3869100000
0.9683100000
1.8376000000
1.4448000000
0.2845500000
-0.5336700000
-0.8074700000
-0.8700700000
-0.8156500000
-0.4178200000
0.2326100000
0.7518500000
0.7421300000
0.1219600000
-0.7343400000
-1.1932000000
-0.8065900000
0.2965700000
1.3932000000
1.6152000000
0.7071500000
-0.3545500000
-0.9505500000
-1.1861000000
-0.9338900000
-0.1016000000
0.8756800000
1.3079000000
0.7719100000
-0.2811700000
-1.1105000000
-1.4063000000
-0.7910900000
0.5057500000
1.6349000000
1.6867000000
0.6357900000
-0.3523800000
-0.7871200000
-0.8965200000
-0.8865000000
-0.5279300000
0.1408100000
0.7438000000
0.8359600000
0.2617300000
-0.6511000000
-1.2448000000
-0.9805700000
0.1122000000
1.3420000000
1.7653000000
0.9554400000
-0.1540200000
-0.7833600000
-1.0031000000
-0.9950100000
-0.5341600000
0.2726400000
0.9430200000
0.9615400000
0.2075800000
-0.7845300000
-1.3878000000
-1.0618000000
0.1493800000
1.4824000000
1.9138000000
1.0364000000
-0.0704730000
-0.6199500000
-0.7020000000
-0.7093900000
-0.7371300000
-0.5154100000
-0.0080437000
0.5248600000
0.7091500000
0.3482900000
-0.3744200000
-0.9568800000
-0.9065000000
-0.1303800000
0.9090100000
1.4448000000
0.9536300000
-0.1335400000
-0.9777100000
-1.3790000000
-1.0031000000
0.1258100000
1.3289000000
1.6996000000
0.8699900000
-0.2156800000
-0.8320100000
-1.0679000000
-0.9983200000
-0.4116400000
0.4752800000
1.0950000000
0.9387500000
0.0313420000
-0.9325200000
-1.4257000000
-0.9683800000
0.3112900000
1.5906000000
1.8674000000
0.8920800000
-0.1679100000
-0.6474300000
-0.7018900000
-0.7210700000
-0.7280800000
-0.4617500000
0.0707350000
0.5787000000
0.6939000000
0.2635200000
-0.4751500000
-0.9967300000
-0.8410900000
0.0105190000
1.0297000000
1.4456000000
0.8188000000
-0.2698000000
-1.0585000000
-1.3791000000
-0.8889000000
0.2967100000
1.4376000000
1.6496000000
0.7151700000
-0.3290700000
-0.8812500000
-1.0894000000
-0.9510100000
-0.2912800000
0.6027200000
1.1374000000
0.8486700000
-0.1182000000
-1.0442000000
-1.4256000000
-0.8307700000
0.5075000000
1.7031000000
1.7902000000
0.7251500000
-0.2713000000
-0.6739100000
-0.7040500000
-0.7363200000
-0.7095600000
-0.3877600000
0.1682300000
0.6351800000
0.6601500000
0.1495300000
-0.5948400000
-1.0281000000
-0.7407800000
0.1906700000
1.1639000000
1.4182000000
0.6405100000
-0.4290900000
-1.1491000000
-1.3585000000
-0.7304100000
0.5064300000
1.5486000000
1.5562000000
0.5232800000
-0.4569600000
-0.9355200000
-1.1070000000
-0.8749100000
-0.1316400000
0.7526300000
1.1651000000
0.7112200000
-0.3009900000
-1.1671000000
-1.3980000000
-0.6400900000
0.7459100000
1.8114000000
1.6584000000
0.5227800000
-0.3832400000
-0.6985400000
-0.7102700000
-0.7533800000
-0.6727600000
-0.2819100000
0.2907200000
0.6895900000
0.5937900000
-0.0078896000
-0.7365500000
-1.0382000000
-0.5836600000
0.4255900000
1.3070000000
1.3374000000
0.4031500000
-0.6150900000
-1.2452000000
-1.2976000000
-0.5064900000
0.7612900000
1.6449000000
1.3903000000
0.2852500000
-0.6005200000
-0.9991600000
-1.1130000000
-0.7479100000
0.0906150000
0.9321300000
1.1602000000
0.4996800000
-0.5285000000
-1.2948000000
-1.3181000000
-0.3702400000
1.0329000000
1.8928000000
1.4441000000
0.2770500000
-0.5027000000
-0.7234300000
-0.7320600000
-0.7687900000
-0.5942500000
-0.1129600000
0.4553200000
0.7290500000
0.4562100000
-0.2477300000
-0.9088200000
-0.9919600000
-0.3097700000
0.7579300000
1.4472000000
1.1354000000
0.0664450000
-0.8406500000
-1.3310000000
-1.1486000000
-0.1685200000
1.0720000000
1.6831000000
1.0951000000
-0.0259150000
-0.7738500000
-1.0951000000
-1.0796000000
-0.4971800000
0.4505900000
1.1624000000
1.0637000000
0.1451700000
-0.8304200000
-1.4043000000
-1.1218000000
0.0371070000
1.3715000000
1.8799000000
1.0828000000
-0.0388480000
-0.6432400000
-0.7778700000
-0.8165900000
-0.7470900000
-0.3541200000
0.2560100000
0.7162600000
0.6676500000
0.0615760000
-0.7288600000
-1.1120000000
-0.6978300000
0.3526900000
1.3415000000
1.4742000000
0.5591300000
-0.4828500000
-1.1049000000
-1.2928000000
-0.7595900000
0.3505300000
1.3449000000
1.4467000000
0.5153200000
-0.5030100000
-1.0993000000
-1.2745000000
-0.7459900000
0.3448500000
1.3189000000
1.4160000000
0.4942300000
-0.5239700000
-1.1341000000
-1.2895000000
-0.6972900000
0.4463100000
1.4112000000
1.4280000000
0.4450100000
-0.5474300000
-1.1035000000
-1.2503000000
-0.7141600000
0.3567300000
1.2953000000
1.3672000000
0.4472400000
-0.5653800000
-1.1853000000
-1.2969000000
-0.6106300000
0.5960200000
1.5279000000
1.4174000000
0.3654200000
-0.5805400000
-1.0621000000
-1.1912000000
-0.7248900000
0.2475200000
1.1419000000
1.2758000000
0.4511100000
-0.5772700000
-1.2669000000
-1.3181000000
-0.4684300000
0.8608100000
1.7507000000
1.4293000000
0.2943500000
-0.5546400000
-0.8817200000
-0.9823900000
-0.8165200000
-0.2293300000
0.5284100000
0.9575100000
0.6836000000
-0.1965500000
-1.0916000000
-1.3283000000
-0.5739500000
0.7855100000
1.8031000000
1.6072000000
0.4669000000
-0.4301400000
-0.7520400000
-0.7963000000
-0.8154300000
-0.5811700000
-0.0372990000
0.5471200000
0.7679700000
0.4006000000
-0.3734400000
-1.0197000000
-0.9972800000
-0.1833900000
0.9433900000
1.5574000000
1.0745000000
-0.0346660000
-0.8638000000
-1.2759000000
-1.1063000000
-0.2120400000
0.9404400000
1.5396000000
1.0313000000
-0.0662550000
-0.8713800000
-1.2681000000
-1.0886000000
-0.1965500000
0.9408700000
1.5215000000
1.0050000000
-0.0892430000
-0.8940700000
-1.2897000000
-1.0722000000
-0.1338200000
1.0168000000
1.5568000000
0.9728700000
-0.1265500000
-0.8973700000
-1.2641000000
-1.0564000000
-0.1562800000
0.9587300000
1.4980000000
0.9515700000
-0.1382300000
-0.9345600000
-1.3173000000
-1.0338000000
-0.0281560000
1.1294000000
1.5935000000
0.9082200000
-0.1890700000
-0.9063600000
-1.2304000000
-1.0261000000
-0.1695500000
0.8953800000
1.4202000000
0.9104200000
-0.1640600000
-0.9872100000
-1.3712000000
-0.9794400000
0.1505700000
1.3357000000
1.6795000000
0.8367400000
-0.2427000000
-0.8547300000
-1.0947000000
-0.9929200000
-0.3537900000
0.5598600000
1.1497000000
0.9164900000
-0.0391380000
-0.9814600000
-1.4302000000
-0.9292400000
0.3653100000
1.6163000000
1.8368000000
0.8350800000
-0.2067900000
-0.6674100000
-0.7226300000
-0.7527300000
-0.7194900000
-0.3884300000
0.1759800000
0.6452800000
0.6642300000
0.1426800000
-0.6097000000
-1.0410000000
-0.7411700000
0.2056600000
1.1856000000
1.4308000000
0.6371000000
-0.4314400000
-1.1403000000
-1.3515000000
-0.7418700000
0.4762000000
1.5167000000
1.5462000000
0.5291400000
-0.4598500000
-0.9577500000
-1.1377000000
-0.8672200000
-0.0691200000
0.8393700000
1.2163000000
0.6831600000
-0.3508000000
-1.1860000000
-1.3941000000
-0.6316200000
0.7429600000
1.7918000000
1.6315000000
0.5002800000
-0.4043100000
-0.7291000000
-0.7626300000
-0.7970200000
-0.6255000000
-0.1376100000
0.4507100000
0.7484900000
0.4873600000
-0.2280700000
-0.9190900000
-1.0305000000
-0.3521100000
0.7444200000
1.4792000000
1.1969000000
0.1241800000
-0.7885000000
-1.2835000000
-1.1829000000
-0.3031000000
0.9081100000
1.6059000000
1.1633000000
0.0538690000
-0.7673900000
-1.1610000000
-1.1329000000
-0.4553400000
0.5936100000
1.3245000000
1.1257000000
0.1174600000
-0.8205800000
-1.3560000000
-1.1597000000
-0.1264500000
1.1592000000
1.7631000000
1.1199000000
-0.0098727000
-0.7185500000
-0.9773300000
-1.0203000000
-0.6363900000
0.1402800000
0.8696800000
1.0127000000
0.3610500000
-0.6391400000
-1.3451000000
-1.1811000000
-0.0732900000
1.3098000000
1.9376000000
1.2233000000
0.0725160000
-0.5739900000
-0.7042900000
-0.7009500000
-0.7440600000
-0.5711200000
-0.0969060000
0.4568700000
0.7153200000
0.4366600000
-0.2579500000
-0.8992200000
-0.9657800000
-0.2841600000
0.7626700000
1.4231000000
1.0954000000
0.0302980000
-0.8747400000
-1.3588000000
-1.1191000000
-0.0757600000
1.1767000000
1.7240000000
1.0462000000
-0.0726160000
-0.7702500000
-1.0444000000
-1.0415000000
-0.5320700000
0.3409800000
1.0420000000
1.0217000000
0.1918800000
-0.8015200000
-1.4043000000
-1.1047000000
0.0882140000
1.4369000000
1.9179000000
1.0791000000
-0.0384020000
-0.6109300000
-0.7050700000
-0.7115200000
-0.7406200000
-0.5233800000
-0.0180060000
0.5189000000
0.7119900000
0.3591100000
-0.3627200000
-0.9534600000
-0.9158400000
-0.1477800000
0.8956400000
1.4468000000
0.9720500000
-0.1146000000
-0.9646300000
-1.3757000000
-1.0194000000
0.0960100000
1.3048000000
1.7008000000
0.8927200000
-0.1985500000
-0.8280300000
-1.0719000000
-1.0063000000
-0.4181700000
0.4757000000
1.1035000000
0.9502600000
0.0399440000
-0.9245900000
-1.4258000000
-0.9835200000
0.2872400000
1.5734000000
1.8714000000
0.9092900000
-0.1571400000
-0.6470300000
-0.7073200000
-0.7273900000
-0.7296800000
-0.4556600000
0.0816590000
0.5870100000
0.6925800000
0.2516600000
-0.4903200000
-1.0039000000
-0.8329300000
0.0307530000
1.0485000000
1.4479000000
0.8014800000
-0.2866100000
-1.0662000000
-1.3763000000
-0.8761700000
0.3109300000
1.4422000000
1.6389000000
0.6975900000
-0.3423800000
-0.8912600000
-1.0992000000
-0.9448100000
-0.2636900000
0.6378600000
1.1557000000
0.8330700000
-0.1492200000
-1.0642000000
-1.4247000000
-0.8097600000
0.5338700000
1.7139000000
1.7732000000
0.6987400000
-0.2877900000
-0.6814700000
-0.7120800000
-0.7475000000
-0.7029200000
-0.3562500000
0.2092700000
0.6575400000
0.6434100000
0.0994280000
-0.6453100000
-1.0390000000
-0.6951300000
0.2684800000
1.2190000000
1.4024000000
0.5661900000
-0.4897400000
-1.1786000000
-1.3417000000
-0.6671700000
0.5777600000
1.5743000000
1.5071000000
0.4499300000
-0.5052400000
-0.9633700000
-1.1208000000
-0.8356600000
-0.0435190000
0.8382200000
1.1841000000
0.6388500000
-0.3892000000
-1.2170000000
-1.3772000000
-0.5553800000
0.8381800000
1.8386000000
1.5878000000
0.4368400000
-0.4298100000
-0.7158200000
-0.7304500000
-0.7717400000
-0.6379600000
-0.1907000000
0.3880200000
0.7225000000
0.5255800000
-0.1428900000
-0.8447400000
-1.0281000000
-0.4385400000
0.6190700000
1.4060000000
1.2440000000
0.2162200000
-0.7422700000
-1.2926000000
-1.2242000000
-0.3371600000
0.9166100000
1.6626000000
1.2359000000
0.1154500000
-0.7039700000
-1.0691000000
-1.1152000000
-0.6041300000
0.3291900000
1.1130000000
1.1369000000
0.2856700000
-0.7185100000
-1.3672000000
-1.2185000000
-0.1532200000
1.2142000000
1.8846000000
1.2389000000
0.0886940000
-0.5993500000
-0.7796800000
-0.8198300000
-0.7739600000
-0.4100400000
0.1981000000
0.6960300000
0.7059800000
0.1388000000
-0.6665100000
-1.1173000000
-0.7808400000
0.2414100000
1.2840000000
1.5272000000
0.6796000000
-0.3896400000
-1.0463000000
-1.2920000000
-0.8612200000
0.1890800000
1.2304000000
1.4751000000
0.6468400000
-0.4076500000
-1.0691000000
-1.3052000000
-0.8248400000
0.2707500000
1.3094000000
1.4922000000
0.6036000000
-0.4363200000
-1.0551000000
-1.2731000000
-0.8239300000
0.2190800000
1.2279000000
1.4353000000
0.5944600000
-0.4516300000
-1.1135000000
-1.3179000000
-0.7574700000
0.3978000000
1.4164000000
1.4946000000
0.5272700000
-0.4818200000
-1.0384000000
-1.2270000000
-0.8109000000
0.1652900000
1.1274000000
1.3536000000
0.5726500000
-0.4748600000
-1.1853000000
-1.3493000000
-0.6494400000
0.6224500000
1.6215000000
1.5230000000
0.4461600000
-0.4951300000
-0.9238500000
-1.0702000000
-0.8526700000
-0.1530800000
0.6910500000
1.1015000000
0.6940600000
-0.2907600000
-1.1686000000
-1.3815000000
-0.5917100000
0.8063300000
1.8447000000
1.6374000000
0.4876700000
-0.3962700000
-0.6867200000
-0.6836900000
-0.7285600000
-0.6827600000
-0.3336700000
0.2255700000
0.6578000000
0.6263800000
0.0761460000
-0.6571300000
-1.0273000000
-0.6641700000
0.2983200000
1.2239000000
1.3734000000
0.5216500000
-0.5267900000
-1.2101000000
-1.3362000000
-0.6049200000
0.6675800000
1.6306000000
1.4813000000
0.3936800000
-0.5296800000
-0.9478700000
-1.0871000000
-0.8236800000
-0.0763860000
0.7724800000
1.1282000000
0.6360400000
-0.3726600000
-1.2168000000
-1.3657000000
-0.5181000000
0.8880200000
1.8697000000
1.5769000000
0.4160200000
-0.4318100000
-0.6943700000
-0.6898500000
-0.7381100000
-0.6658000000
-0.2849800000
0.2808000000
0.6806900000
0.5938900000
0.0033910000
-0.7205000000
-1.0290000000
-0.5899300000
0.4056100000
1.2863000000
1.3322000000
0.4125000000
-0.6105000000
-1.2517000000
-1.3027000000
-0.4985300000
0.7824700000
1.6672000000
1.3979000000
0.2861300000
-0.5918300000
-0.9754000000
-1.0903000000
-0.7663100000
0.0253900000
0.8559600000
1.1280000000
0.5392200000
-0.4803600000
-1.2764000000
-1.3253000000
-0.3891100000
1.0220000000
1.9038000000
1.4733000000
0.3032700000
-0.4836100000
-0.7019600000
-0.6956200000
-0.7456100000
-0.6369300000
-0.2176500000
0.3502200000
0.7023100000
0.5430400000
-0.0935550000
-0.7958300000
-1.0183000000
-0.4837200000
0.5432800000
1.3531000000
1.2607000000
0.2695000000
-0.7135700000
-1.2988000000
-1.2472000000
-0.3511700000
0.9301800000
1.7017000000
1.2774000000
0.1490800000
-0.6657900000
-1.0071000000
-1.0833000000
-0.6828600000
0.1539800000
0.9469700000
1.1066000000
0.4078000000
-0.6105500000
-1.3385000000
-1.2569000000
-0.2154300000
1.1863000000
1.9272000000
1.3300000000
0.1658500000
-0.5410300000
-0.7083400000
-0.7049300000
-0.7499000000
-0.5929100000
-0.1301000000
0.4313400000
0.7167700000
0.4682700000
-0.2155600000
-0.8776700000
-0.9866100000
-0.3397700000
0.7089900000
1.4141000000
1.1472000000
0.0947270000
-0.8309600000
-1.3424000000
-1.1594000000
-0.1607500000
1.1009000000
1.7172000000
1.1137000000
-0.0119900000
-0.7471300000
-1.0446000000
-1.0611000000
-0.5655700000
0.3141200000
1.0429000000
1.0546000000
0.2366800000
-0.7631600000
-1.3940000000
-1.1485000000
0.0074166000
1.3722000000
1.9221000000
1.1416000000
0.0086995000
-0.5995200000
-0.7139700000
-0.7216000000
-0.7472200000
-0.5252000000
-0.0149830000
0.5241700000
0.7151700000
0.3569400000
-0.3697900000
-0.9609500000
-0.9179600000
-0.1417500000
0.9067200000
