0.0037342000
-0.0365760000
-0.0605310000
-0.0650920000
-0.0470010000
-0.0030523000
0.0694230000
0.1717700000
0.3030400000
0.4592300000
0.6331500000
0.8153900000
0.9961000000
1.1669000000
1.3217000000
1.4572000000
1.5721000000
1.6662000000
1.7400000000
1.7942000000
1.8293000000
1.8462000000
1.8455000000
1.8282000000
1.7954000000
1.7485000000
1.6891000000
1.6189000000
1.5398000000
1.4535000000
1.3615000000
1.2653000000
1.1659000000
1.0643000000
0.9612700000
0.8573100000
0.7530200000
0.6489400000
0.5456900000
0.4439700000
0.3446200000
0.2486100000
0.1571100000
0.0714810000
-0.0067040000
-0.0756090000
-0.1330800000
-0.1765800000
-0.2030900000
-0.2090800000
-0.1904800000
-0.1429300000
-0.0622570000
0.0544220000
0.2072600000
0.3921600000
0.6001700000
0.8187600000
1.0347000000
1.2373000000
1.4194000000
1.5782000000
1.7130000000
1.8248000000
1.9148000000
1.9842000000
2.0337000000
2.0641000000
2.0760000000
2.0701000000
2.0474000000
2.0093000000
1.9577000000
1.8946000000
1.8224000000
1.7435000000
1.6600000000
1.5736000000
1.4859000000
1.3978000000
1.3099000000
1.2226000000
1.1360000000
1.0500000000
0.9646400000
0.8796500000
0.7949800000
0.7106000000
0.6265600000
0.5430000000
0.4601800000
0.3784600000
0.2983100000
0.2203200000
0.1451700000
0.0736660000
0.0067331000
-0.0545580000
-0.1089500000
-0.1549800000
-0.1908600000
-0.2144800000
-0.2232500000
-0.2141100000
-0.1835400000
-0.1277300000
-0.0430060000
0.0732660000
0.2215700000
0.3990000000
0.5987500000
0.8108700000
1.0244000000
1.2299000000
1.4208000000
1.5938000000
1.7481000000
1.8841000000
2.0029000000
2.1055000000
2.1923000000
2.2635000000
2.3190000000
2.3584000000
2.3814000000
2.3879000000
2.3783000000
2.3537000000
2.3162000000
2.2682000000
2.2130000000
2.1537000000
2.0937000000
2.0355000000
1.9816000000
1.9333000000
1.8916000000
1.8569000000
1.8290000000
1.8077000000
1.7923000000
1.7822000000
1.7765000000
1.7745000000
1.7754000000
1.7786000000
1.7833000000
1.7890000000
1.7952000000
1.8014000000
1.8072000000
1.8123000000
1.8165000000
1.8194000000
1.8209000000
1.8209000000
1.8190000000
1.8153000000
1.8097000000
1.8019000000
1.7919000000
1.7796000000
1.7649000000
1.7478000000
1.7282000000
1.7061000000
1.6814000000
1.6541000000
1.6242000000
1.5917000000
1.5566000000
1.5191000000
1.4791000000
1.4367000000
1.3920000000
1.3451000000
1.2960000000
1.2450000000
1.1920000000
1.1374000000
1.0811000000
1.0236000000
0.9648600000
0.9053200000
0.8452500000
0.7850300000
0.7250800000
0.6658900000
0.6080100000
0.5520700000
0.4987600000
0.4488700000
0.4032600000
0.3628700000
0.3287400000
0.3019800000
0.2838100000
0.2754400000
0.2781300000
0.2930800000
0.3212800000
0.3634800000
0.4199000000
0.4901500000
0.5730800000
0.6667200000
0.7683700000
0.8748300000
0.9827100000
1.0887000000
1.1901000000
1.2843000000
1.3696000000
1.4447000000
1.5087000000
1.5610000000
1.6009000000
1.6284000000
1.6433000000
1.6456000000
1.6354000000
1.6132000000
1.5794000000
1.5350000000
1.4807000000
1.4176000000
1.3468000000
1.2694000000
1.1866000000
1.0993000000
1.0086000000
0.9153300000
0.8205200000
0.7250300000
0.6298100000
0.5358700000
0.4443300000
0.3564400000
0.2736000000
0.1973900000
0.1296300000
0.0723220000
0.0277740000
-0.0014580000
-0.0125520000
-0.0025313000
0.0315320000
0.0921060000
0.1805500000
0.2963400000
0.4363400000
0.5945900000
0.7629100000
0.9322800000
1.0945000000
1.2432000000
1.3744000000
1.4862000000
1.5778000000
1.6494000000
1.7015000000
1.7347000000
1.7498000000
1.7475000000
1.7289000000
1.6951000000
1.6474000000
1.5874000000
1.5167000000
1.4369000000
1.3498000000
1.2568000000
1.1592000000
1.0582000000
0.9548400000
0.8499100000
0.7442900000
0.6387800000
0.5342600000
0.4316900000
0.3321800000
0.2369800000
0.1475800000
0.0656510000
-0.0068403000
-0.0676310000
-0.1140900000
-0.1431500000
-0.1513000000
-0.1346400000
-0.0890990000
-0.0110540000
0.1017000000
0.2485600000
0.4249300000
0.6218700000
0.8274800000
1.0295000000
1.2178000000
1.3861000000
1.5313000000
1.6526000000
1.7507000000
1.8267000000
1.8815000000
1.9161000000
1.9314000000
1.9284000000
1.9080000000
1.8716000000
1.8210000000
1.7579000000
1.6844000000
1.6026000000
1.5144000000
1.4215000000
1.3252000000
1.2266000000
1.1266000000
1.0258000000
0.9244000000
0.8228600000
0.7214700000
0.6205500000
0.5205200000
0.4219000000
0.3253600000
0.2317000000
0.1418800000
0.0570360000
-0.0215120000
-0.0922170000
-0.1532700000
-0.2025100000
-0.2373500000
-0.2546800000
-0.2507700000
-0.2213300000
-0.1617300000
-0.0676360000
0.0637250000
0.2319200000
0.4317600000
0.6529500000
0.8819700000
1.1054000000
1.3131000000
1.4992000000
1.6616000000
1.8006000000
1.9175000000
2.0138000000
2.0906000000
2.1485000000
2.1880000000
2.2094000000
2.2130000000
2.1996000000
2.1704000000
2.1272000000
2.0722000000
2.0081000000
1.9375000000
1.8632000000
1.7874000000
1.7120000000
1.6382000000
1.5669000000
1.4985000000
1.4330000000
1.3702000000
1.3099000000
1.2515000000
1.1946000000
1.1387000000
1.0835000000
1.0286000000
0.9737200000
0.9186100000
0.8631600000
0.8073100000
0.7510700000
0.6945400000
0.6378700000
0.5813000000
0.5251300000
0.4697100000
0.4154700000
0.3629100000
0.3126000000
0.2651600000
0.2213200000
0.1819000000
0.1478200000
0.1201100000
0.0999780000
0.0887490000
0.0879140000
0.0990870000
0.1239600000
0.1641600000
0.2211100000
0.2957400000
0.3881900000
0.4975000000
0.6215000000
0.7568500000
0.8993600000
1.0446000000
1.1883000000
1.3272000000
1.4586000000
1.5809000000
1.6931000000
1.7946000000
1.8849000000
1.9636000000
2.0304000000
2.0846000000
2.1257000000
2.1531000000
2.1664000000
2.1654000000
2.1503000000
2.1220000000
2.0815000000
2.0306000000
1.9712000000
1.9055000000
1.8357000000
1.7635000000
1.6905000000
1.6179000000
1.5465000000
1.4768000000
1.4088000000
1.3426000000
1.2778000000
1.2144000000
1.1518000000
1.0899000000
1.0282000000
0.9666000000
0.9048700000
0.8428900000
0.7806300000
0.7181400000
0.6555300000
0.5930000000
0.5308100000
0.4693000000
0.4089000000
0.3500900000
0.2934500000
0.2396000000
0.1892900000
0.1433400000
0.1027200000
0.0685000000
0.0419330000
0.0244460000
0.0176670000
0.0234130000
0.0436590000
0.0804160000
0.1355700000
0.2105400000
0.3059400000
0.4210900000
0.5537800000
0.7002000000
0.8553600000
1.0138000000
1.1704000000
1.3211000000
1.4628000000
1.5938000000
1.7133000000
1.8207000000
1.9158000000
1.9985000000
2.0685000000
2.1252000000
2.1683000000
2.1971000000
2.2113000000
2.2107000000
2.1956000000
2.1669000000
2.1261000000
2.0748000000
2.0155000000
1.9504000000
1.8817000000
1.8116000000
1.7417000000
1.6732000000
1.6068000000
1.5430000000
1.4819000000
1.4233000000
1.3670000000
1.3125000000
1.2595000000
1.2076000000
1.1563000000
1.1052000000
1.0542000000
1.0029000000
0.9511800000
0.8989600000
0.8462100000
0.7929600000
0.7393200000
0.6854700000
0.6316400000
0.5781300000
0.5253000000
0.4735800000
0.4234500000
0.3754700000
0.3302500000
0.2885000000
0.2510000000
0.2186400000
0.1924000000
0.1733700000
0.1627800000
0.1619500000
0.1722900000
0.1952200000
0.2321000000
0.2840500000
0.3517400000
0.4351900000
0.5335400000
0.6449500000
0.7666500000
0.8951900000
1.0268000000
1.1579000000
1.2853000000
1.4066000000
1.5200000000
1.6243000000
1.7186000000
1.8022000000
1.8747000000
1.9356000000
1.9842000000
2.0200000000
2.0426000000
2.0517000000
2.0470000000
2.0289000000
1.9980000000
1.9553000000
1.9023000000
1.8405000000
1.7717000000
1.6976000000
1.6198000000
1.5395000000
1.4579000000
1.3756000000
1.2931000000
1.2107000000
1.1284000000
1.0463000000
0.9642800000
0.8823300000
0.8004400000
0.7186400000
0.6370700000
0.5559500000
0.4755700000
0.3963600000
0.3188400000
0.2436400000
0.1714700000
0.1031900000
0.0397770000
-0.0176410000
-0.0677540000
-0.1090200000
-0.1396200000
-0.1573800000
-0.1597600000
-0.1438100000
-0.1062800000
-0.0438800000
0.0462060000
0.1655000000
0.3132500000
0.4856000000
0.6755800000
0.8740800000
1.0718000000
1.2608000000
1.4361000000
1.5950000000
1.7365000000
1.8611000000
1.9693000000
2.0616000000
2.1385000000
2.1998000000
2.2455000000
2.2751000000
2.2885000000
2.2858000000
2.2678000000
2.2356000000
2.1912000000
2.1371000000
2.0759000000
2.0106000000
1.9437000000
1.8775000000
1.8136000000
1.7533000000
1.6972000000
1.6456000000
1.5983000000
1.5551000000
1.5155000000
1.4790000000
1.4449000000
1.4127000000
1.3818000000
1.3517000000
1.3220000000
1.2923000000
1.2623000000
1.2317000000
1.2003000000
1.1679000000
1.1345000000
1.1000000000
1.0645000000
1.0279000000
0.9904400000
0.9521500000
0.9132500000
0.8739500000
0.8345000000
0.7951900000
0.7563700000
0.7183900000
0.6816700000
0.6466700000
0.6138700000
0.5838200000
0.5570900000
0.5342800000
0.5160500000
0.5030600000
0.4959900000
0.4955000000
0.5022400000
0.5167500000
0.5394700000
0.5706700000
0.6103700000
0.6583400000
0.7140100000
0.7764800000
0.8445600000
0.9167800000
0.9914900000
1.0670000000
1.1416000000
1.2136000000
1.2816000000
1.3444000000
1.4007000000
1.4496000000
1.4904000000
1.5224000000
1.5451000000
1.5580000000
1.5610000000
1.5539000000
1.5367000000
1.5098000000
1.4736000000
1.4285000000
1.3753000000
1.3148000000
1.2478000000
1.1753000000
1.0981000000
1.0171000000
0.9332900000
0.8475400000
0.7607900000
0.6740000000
0.5882300000
0.5045900000
0.4243300000
0.3488100000
0.2795500000
0.2182600000
0.1668000000
0.1272200000
0.1017700000
0.0927930000
0.1026600000
0.1335500000
0.1871000000
0.2639600000
0.3632700000
0.4822700000
0.6161900000
0.7587500000
0.9029900000
1.0424000000
1.1715000000
1.2867000000
1.3855000000
1.4670000000
1.5306000000
1.5765000000
1.6050000000
1.6168000000
1.6126000000
1.5931000000
1.5596000000
1.5130000000
1.4549000000
1.3866000000
1.3096000000
1.2254000000
1.1353000000
1.0406000000
0.9426500000
0.8424300000
0.7411000000
0.6397600000
0.5395700000
0.4417700000
0.3477700000
0.2591100000
0.1775700000
0.1051300000
0.0440720000
-0.0030468000
-0.0333440000
-0.0436390000
-0.0305770000
0.0091122000
0.0780770000
0.1775500000
0.3063500000
0.4601100000
0.6312300000
0.8099000000
0.9859600000
1.1508000000
1.2984000000
1.4254000000
1.5306000000
1.6137000000
1.6755000000
1.7167000000
1.7383000000
1.7413000000
1.7267000000
1.6960000000
1.6504000000
1.5917000000
1.5216000000
1.4419000000
1.3543000000
1.2604000000
1.1617000000
1.0593000000
0.9543900000
0.8478700000
0.7406100000
0.6334800000
0.5274000000
0.4233700000
0.3225400000
0.2262300000
0.1359800000
0.0535400000
-0.0190390000
-0.0793920000
-0.1247600000
-0.1519500000
-0.1572900000
-0.1367100000
-0.0860610000
-0.0017569000
0.1181100000
0.2723000000
0.4552800000
0.6571200000
0.8652400000
1.0673000000
1.2536000000
1.4183000000
1.5590000000
1.6754000000
1.7682000000
1.8387000000
1.8880000000
1.9170000000
1.9266000000
1.9180000000
1.8923000000
1.8509000000
1.7957000000
1.7286000000
1.6517000000
1.5671000000
1.4765000000
1.3817000000
1.2839000000
1.1840000000
1.0829000000
0.9810800000
0.8788500000
0.7765700000
0.6745700000
0.5732400000
0.4730500000
0.3746000000
0.2786400000
0.1860600000
0.0979140000
0.0154590000
-0.0598560000
-0.1263300000
-0.1819600000
-0.2243500000
-0.2506000000
-0.2572500000
-0.2402100000
-0.1948900000
-0.1166900000
-0.0019040000
0.1507100000
0.3381800000
0.5522800000
0.7804200000
1.0085000000
1.2246000000
1.4209000000
1.5937000000
1.7426000000
1.8686000000
1.9731000000
2.0575000000
2.1226000000
2.1690000000
2.1971000000
2.2072000000
2.1998000000
2.1761000000
2.1376000000
2.0864000000
2.0250000000
1.9561000000
1.8824000000
1.8063000000
1.7299000000
1.6545000000
1.5813000000
1.5107000000
1.4429000000
1.3778000000
1.3152000000
1.2545000000
1.1955000000
1.1376000000
1.0804000000
1.0236000000
0.9668600000
0.9099800000
0.8528100000
0.7952900000
0.7374300000
0.6793200000
0.6211300000
0.5630900000
0.5054900000
0.4487100000
0.3931900000
0.3394300000
0.2880100000
0.2395700000
0.1948600000
0.1547200000
0.1200900000
0.0920710000
0.0718920000
0.0609560000
0.0608350000
0.0732420000
0.0999780000
0.1427900000
0.2032000000
0.2821700000
0.3797800000
0.4949400000
0.6251700000
0.7667300000
0.9150700000
1.0654000000
1.2134000000
1.3556000000
1.4895000000
1.6137000000
1.7272000000
1.8295000000
1.9204000000
1.9994000000
2.0662000000
2.1203000000
2.1610000000
2.1877000000
2.2001000000
2.1980000000
2.1818000000
2.1522000000
2.1107000000
2.0590000000
1.9993000000
1.9340000000
1.8651000000
1.7947000000
1.7243000000
1.6551000000
1.5878000000
1.5229000000
1.4603000000
1.4001000000
1.3419000000
1.2853000000
1.2300000000
1.1756000000
1.1217000000
1.0680000000
1.0142000000
0.9601600000
0.9056800000
0.8507400000
0.7953400000
0.7395600000
0.6835600000
0.6275500000
0.5718200000
0.5167100000
0.4626300000
0.4100700000
0.3595600000
0.3117300000
0.2672600000
0.2269600000
0.1916900000
0.1624600000
0.1403800000
0.1267200000
0.1228500000
0.1302800000
0.1505600000
0.1852400000
0.2356500000
0.3027400000
0.3867600000
0.4870500000
0.6018600000
0.7283300000
0.8627400000
1.0010000000
1.1390000000
1.2734000000
1.4014000000
1.5212000000
1.6313000000
1.7311000000
1.8199000000
1.8973000000
1.9629000000
2.0161000000
2.0564000000
2.0832000000
2.0962000000
2.0952000000
2.0804000000
2.0524000000
2.0123000000
1.9614000000
1.9016000000
1.8347000000
1.7626000000
1.6870000000
1.6094000000
1.5309000000
1.4522000000
1.3740000000
1.2964000000
1.2195000000
1.1433000000
1.0675000000
0.9919800000
0.9166500000
0.8413800000
0.7661200000
0.6909000000
0.6158500000
0.5411600000
0.4671500000
0.3942100000
0.3228200000
0.2535700000
0.1871200000
0.1242500000
0.0658630000
0.0129690000
-0.0332390000
-0.0713720000
-0.0997970000
-0.1165900000
-0.1194900000
-0.1059300000
-0.0730440000
-0.0179370000
0.0619630000
0.1682700000
0.3008500000
0.4571100000
0.6317800000
0.8174500000
1.0059000000
1.1898000000
1.3635000000
1.5237000000
1.6688000000
1.7987000000
1.9134000000
2.0134000000
2.0991000000
2.1702000000
2.2267000000
2.2680000000
2.2938000000
2.3038000000
2.2982000000
2.2777000000
2.2437000000
2.1981000000
2.1436000000
2.0829000000
2.0187000000
1.9538000000
1.8901000000
1.8294000000
1.7727000000
1.7205000000
1.6732000000
1.6305000000
1.5921000000
1.5574000000
1.5259000000
1.4970000000
1.4701000000
1.4447000000
1.4201000000
1.3960000000
1.3719000000
1.3475000000
1.3225000000
1.2967000000
1.2699000000
1.2419000000
1.2128000000
1.1824000000
1.1508000000
1.1180000000
1.0840000000
1.0491000000
1.0133000000
0.9768400000
0.9398700000
0.9026600000
0.8654800000
0.8286300000
0.7924500000
0.7573000000
0.7236100000
0.6918000000
0.6623400000
0.6357500000
0.6125500000
0.5933000000
0.5785600000
0.5689200000
0.5649300000
0.5670900000
0.5758900000
0.5916500000
0.6146100000
0.6447900000
0.6820400000
0.7259200000
0.7757700000
0.8306500000
0.8894300000
0.9507900000
1.0133000000
1.0755000000
1.1360000000
1.1935000000
1.2467000000
1.2945000000
1.3360000000
1.3704000000
1.3971000000
1.4156000000
1.4255000000
1.4266000000
1.4188000000
1.4022000000
1.3770000000
1.3435000000
1.3023000000
1.2538000000
1.1989000000
1.1383000000
1.0727000000
1.0031000000
0.9304100000
0.8555000000
0.7793700000
0.7030600000
0.6276600000
0.5543500000
0.4843800000
0.4191400000
0.3601100000
0.3088900000
0.2672100000
0.2368800000
0.2197400000
0.2176400000
0.2322300000
0.2647800000
0.3159300000
0.3853900000
0.4716500000
0.5718700000
0.6819900000
0.7971500000
0.9122400000
1.0225000000
1.1240000000
1.2138000000
1.2900000000
1.3514000000
1.3975000000
1.4281000000
1.4437000000
1.4446000000
1.4315000000
1.4054000000
1.3671000000
1.3178000000
1.2587000000
1.1912000000
1.1166000000
1.0361000000
0.9512000000
0.8630900000
0.7731100000
0.6825700000
0.5928300000
0.5053600000
0.4217000000
0.3435500000
0.2727700000
0.2114000000
0.1616600000
0.1259700000
0.1068400000
0.1068500000
0.1283800000
0.1733100000
0.2425400000
0.3354100000
0.4492900000
0.5793800000
0.7191000000
0.8610600000
0.9981400000
1.1245000000
1.2359000000
1.3298000000
1.4050000000
1.4612000000
1.4987000000
1.5181000000
1.5202000000
1.5061000000
1.4770000000
1.4341000000
1.3790000000
1.3131000000
1.2380000000
1.1553000000
1.0665000000
0.9730100000
0.8762200000
0.7774600000
0.6780700000
0.5793900000
0.4828600000
0.3900400000
0.3026400000
0.2225600000
0.1519400000
0.0931480000
0.0488260000
0.0218710000
0.0153580000
0.0323930000
0.0757440000
0.1473100000
0.2473200000
0.3735600000
0.5208900000
0.6815200000
0.8462200000
1.0059000000
1.1532000000
1.2831000000
1.3927000000
1.4809000000
1.5478000000
1.5939000000
1.6200000000
1.6272000000
1.6167000000
1.5897000000
1.5476000000
1.4922000000
1.4250000000
1.3479000000
1.2624000000
1.1702000000
1.0727000000
0.9714100000
0.8674800000
0.7621100000
0.6564600000
0.5517100000
0.4491400000
0.3501500000
0.2563300000
0.1694500000
0.0915760000
0.0250160000
-0.0275730000
-0.0631790000
-0.0784320000
-0.0696860000
-0.0332720000
0.0339830000
0.1338800000
0.2657100000
0.4252400000
0.6044600000
0.7926400000
0.9784800000
1.1523000000
1.3076000000
1.4407000000
1.5504000000
1.6368000000
1.7007000000
1.7432000000
1.7652000000
1.7681000000
1.7529000000
1.7210000000
1.6741000000
1.6137000000
1.5420000000
1.4606000000
1.3713000000
1.2760000000
1.1759000000
1.0724000000
0.9664300000
0.8589600000
0.7507900000
0.6427200000
0.5355900000
0.4303400000
0.3280500000
0.2299500000
0.1374900000
0.0523430000
-0.0235440000
-0.0879130000
-0.1381200000
-0.1710600000
-0.1831500000
-0.1702800000
-0.1281000000
-0.0524890000
0.0593830000
0.2075900000
0.3879400000
0.5914400000
0.8054600000
1.0167000000
1.2140000000
1.3904000000
1.5425000000
1.6697000000
1.7728000000
1.8530000000
1.9115000000
1.9494000000
1.9676000000
1.9670000000
1.9487000000
1.9140000000
1.8648000000
1.8028000000
1.7303000000
1.6494000000
1.5621000000
1.4704000000
1.3755000000
1.2786000000
1.1806000000
1.0819000000
0.9829000000
0.8838600000
0.7849400000
0.6863400000
0.5883500000
0.4913000000
0.3956900000
0.3021300000
0.2113700000
0.1243100000
0.0420220000
-0.0342600000
-0.1030900000
-0.1627700000
-0.2112600000
-0.2461500000
-0.2644600000
-0.2626500000
-0.2365500000
-0.1815600000
-0.0932320000
0.0316990000
0.1936800000
0.3886900000
0.6075700000
0.8373800000
1.0646000000
1.2781000000
1.4715000000
1.6419000000
1.7893000000
1.9150000000
2.0204000000
2.1068000000
2.1748000000
2.2248000000
2.2570000000
2.2715000000
2.2688000000
2.2496000000
2.2156000000
2.1686000000
2.1115000000
2.0470000000
1.9780000000
1.9073000000
1.8372000000
1.7692000000
1.7045000000
1.6439000000
1.5874000000
1.5351000000
1.4865000000
1.4411000000
1.3985000000
1.3580000000
1.3192000000
1.2813000000
1.2441000000
1.2071000000
1.1699000000
1.1324000000
1.0941000000
1.0552000000
1.0153000000
0.9746100000
0.9330700000
0.8907700000
0.8478600000
0.8045300000
0.7610200000
0.7176100000
0.6746400000
0.6324900000
0.5915900000
0.5524200000
0.5155100000
0.4814500000
0.4508900000
0.4245100000
0.4030800000
0.3873900000
0.3783100000
0.3767100000
0.3834600000
0.3994000000
0.4252600000
0.4616000000
0.5086900000
0.5664600000
0.6344000000
0.7115000000
0.7963000000
0.8869300000
0.9812400000
1.0770000000
1.1720000000
1.2642000000
1.3520000000
1.4337000000
1.5083000000
1.5747000000
1.6320000000
1.6796000000
1.7169000000
1.7432000000
1.7582000000
1.7617000000
1.7535000000
1.7338000000
1.7030000000
1.6616000000
1.6105000000
1.5506000000
1.4829000000
1.4086000000
1.3286000000
1.2441000000
1.1559000000
1.0649000000
0.9716900000
0.8770300000
0.7815700000
0.6859800000
0.5909900000
0.4974100000
0.4061600000
0.3183000000
0.2350300000
0.1577600000
0.0880790000
0.0278020000
-0.0209720000
-0.0558460000
-0.0740890000
-0.0726590000
-0.0483220000
0.0020763000
0.0810530000
0.1896900000
0.3266800000
0.4875900000
0.6649300000
0.8492300000
1.0309000000
1.2018000000
1.3567000000
1.4924000000
1.6080000000
1.7033000000
1.7790000000
1.8354000000
1.8734000000
1.8934000000
1.8960000000
1.8821000000
1.8526000000
1.8089000000
1.7525000000
1.6851000000
1.6087000000
1.5249000000
1.4356000000
1.3420000000
1.2454000000
1.1466000000
1.0464000000
0.9452700000
0.8436700000
0.7419900000
0.6406400000
0.5401000000
0.4409800000
0.3439700000
0.2499500000
0.1599300000
0.0751200000
-0.0030867000
-0.0730600000
-0.1328900000
-0.1803300000
-0.2126700000
-0.2267200000
-0.2187100000
-0.1843800000
-0.1193300000
-0.0197730000
0.1162300000
0.2871300000
0.4866600000
0.7040100000
0.9259900000
1.1402000000
1.3376000000
1.5133000000
1.6657000000
1.7950000000
1.9026000000
1.9896000000
2.0571000000
2.1056000000
2.1356000000
2.1476000000
2.1421000000
2.1200000000
2.0829000000
2.0325000000
1.9712000000
1.9014000000
1.8257000000
1.7464000000
1.6654000000
1.5841000000
1.5036000000
1.4245000000
1.3472000000
1.2714000000
1.1972000000
1.1243000000
1.0523000000
0.9808900000
0.9098700000
0.8390200000
0.7682200000
0.6974200000
0.6266800000
0.5561400000
0.4860400000
0.4166900000
0.3484900000
0.2819400000
0.2176100000
0.1561500000
0.0983240000
0.0449920000
-0.0028451000
-0.0440300000
-0.0771980000
-0.1007400000
-0.1127700000
-0.1110800000
-0.0931310000
-0.0561870000
0.0025227000
0.0853710000
0.1937500000
0.3273100000
0.4833600000
0.6567200000
0.8402900000
1.0264000000
1.2080000000
1.3802000000
1.5397000000
1.6851000000
1.8163000000
1.9333000000
2.0366000000
2.1263000000
2.2025000000
2.2646000000
2.3122000000
2.3447000000
2.3617000000
2.3630000000
2.3492000000
2.3214000000
2.2815000000
2.2321000000
2.1762000000
2.1167000000
2.0567000000
1.9985000000
1.9442000000
1.8950000000
1.8519000000
1.8149000000
1.7841000000
1.7592000000
1.7394000000
1.7242000000
1.7129000000
1.7048000000
1.6991000000
1.6953000000
1.6926000000
1.6907000000
1.6890000000
1.6871000000
1.6848000000
1.6815000000
1.6773000000
1.6717000000
1.6647000000
1.6561000000
1.6457000000
1.6335000000
1.6194000000
1.6034000000
1.5852000000
1.5649000000
1.5424000000
1.5178000000
1.4908000000
1.4616000000
1.4302000000
1.3964000000
1.3604000000
1.3222000000
1.2819000000
1.2395000000
1.1952000000
1.1491000000
1.1014000000
1.0522000000
1.0019000000
0.9506100000
0.8987600000
0.8466700000
0.7947500000
0.7434700000
0.6933500000
0.6449500000
0.5989100000
0.5559300000
0.5167500000
0.4821900000
0.4531100000
0.4304200000
0.4150300000
0.4078700000
0.4098100000
0.4216300000
0.4439200000
0.4770200000
0.5209100000
0.5751300000
0.6387400000
0.7102700000
0.7878200000
0.8691700000
0.9519100000
1.0337000000
1.1122000000
1.1856000000
1.2522000000
1.3107000000
1.3601000000
1.3997000000
1.4290000000
1.4476000000
1.4555000000
1.4526000000
1.4391000000
1.4154000000
1.3819000000
1.3394000000
1.2885000000
1.2302000000
1.1653000000
1.0949000000
1.0199000000
0.9413200000
0.8602900000
0.7778300000
0.6950500000
0.6131200000
0.5332800000
0.4568800000
0.3853900000
0.3204200000
0.2637200000
0.2171900000
0.1828600000
0.1628800000
0.1593800000
0.1743800000
0.2095300000
0.2657600000
0.3429100000
0.4393200000
0.5516700000
0.6750900000
0.8037200000
0.9314700000
1.0529000000
1.1635000000
1.2603000000
1.3414000000
1.4059000000
1.4535000000
1.4843000000
1.4988000000
1.4976000000
1.4816000000
1.4517000000
1.4092000000
1.3553000000
1.2913000000
1.2188000000
1.1390000000
1.0534000000
0.9633100000
0.8700900000
0.7750000000
0.6793500000
0.5844600000
0.4917500000
0.4027600000
0.3191600000
0.2428200000
0.1758000000
0.1204100000
0.0791480000
0.0547650000
0.0501160000
0.0680190000
0.1109100000
0.1803500000
0.2763000000
0.3965200000
0.5361600000
0.6880900000
0.8439000000
0.9953300000
1.1355000000
1.2597000000
1.3649000000
1.4501000000
1.5149000000
1.5597000000
1.5853000000
1.5926000000
1.5827000000
1.5567000000
1.5161000000
1.4623000000
1.3969000000
1.3217000000
1.2382000000
1.1479000000
1.0524000000
0.9530500000
0.8510700000
0.7477100000
0.6441900000
0.5417600000
0.4417700000
0.3457100000
0.2552300000
0.1722200000
0.0987980000
0.0373610000
-0.0093679000
-0.0383450000
-0.0462350000
-0.0295520000
0.0150100000
0.0899800000
0.1962000000
0.3318000000
0.4914800000
0.6667100000
0.8470300000
1.0221000000
1.1837000000
1.3263000000
1.4470000000
1.5450000000
1.6205000000
1.6742000000
1.7072000000
1.7204000000
1.7152000000
1.6926000000
1.6543000000
1.6017000000
1.5366000000
1.4609000000
1.3762000000
1.2845000000
1.1871000000
1.0855000000
0.9807400000
0.8740200000
0.7662300000
0.6583200000
0.5512400000
0.4460500000
0.3439000000
0.2461700000
0.1543900000
0.0703580000
-0.0038625000
-0.0658790000
-0.1129200000
-0.1417700000
-0.1487600000
-0.1298400000
-0.0808820000
0.0016717000
0.1197000000
0.2719900000
0.4530200000
0.6529400000
0.8592200000
1.0595000000
1.2441000000
1.4071000000
1.5460000000
1.6603000000
1.7510000000
1.8191000000
1.8657000000
1.8920000000
1.8988000000
1.8874000000
1.8590000000
1.8151000000
1.7576000000
1.6884000000
1.6095000000
1.5230000000
1.4307000000
1.3341000000
1.2344000000
1.1327000000
1.0296000000
0.9257900000
0.8215700000
0.7174100000
0.6137300000
0.5110400000
0.4099500000
0.3112400000
0.2158000000
0.1247200000
0.0392700000
-0.0390570000
-0.1085300000
-0.1671100000
-0.2123600000
-0.2413500000
-0.2506100000
-0.2360100000
-0.1929600000
-0.1168300000
-0.0038772000
0.1471700000
0.3333600000
0.5464700000
0.7738000000
1.0011000000
1.2163000000
1.4113000000
1.5825000000
1.7292000000
1.8525000000
1.9538000000
2.0344000000
2.0953000000
2.1372000000
2.1604000000
2.1655000000
2.1532000000
2.1248000000
2.0818000000
2.0265000000
1.9614000000
1.8890000000
1.8119000000
1.7323000000
1.6520000000
1.5723000000
1.4941000000
1.4178000000
1.3436000000
1.2713000000
1.2006000000
1.1313000000
1.0630000000
0.9952900000
0.9279600000
0.8607600000
0.7935400000
0.7262500000
0.6589000000
0.5916100000
0.5245700000
0.4580800000
0.3924900000
0.3282300000
0.2658400000
0.2059000000
0.1491100000
0.0962470000
0.0482080000
0.0060327000
-0.0290750000
-0.0557060000
-0.0722070000
-0.0766580000
-0.0668600000
-0.0403810000
0.0053097000
0.0725710000
0.1631500000
0.2775900000
0.4146500000
0.5708800000
0.7408100000
0.9177400000
1.0949000000
1.2664000000
1.4283000000
1.5782000000
1.7149000000
1.8383000000
1.9485000000
2.0457000000
2.1298000000
2.2006000000
2.2576000000
2.3002000000
2.3279000000
2.3402000000
2.3371000000
2.3193000000
2.2881000000
2.2454000000
2.1938000000
2.1361000000
2.0753000000
2.0140000000
1.9546000000
1.8987000000
1.8476000000
1.8020000000
1.7620000000
1.7274000000
1.6980000000
1.6732000000
1.6524000000
1.6348000000
1.6199000000
1.6070000000
1.5955000000
1.5849000000
1.5747000000
1.5644000000
1.5538000000
1.5425000000
1.5303000000
1.5168000000
1.5021000000
1.4859000000
1.4682000000
1.4488000000
1.4278000000
1.4050000000
1.3805000000
1.3543000000
1.3263000000
1.2967000000
1.2654000000
1.2325000000
1.1982000000
1.1624000000
1.1253000000
1.0871000000
1.0479000000
1.0079000000
0.9673400000
0.9265300000
0.8857200000
0.8452600000
0.8055100000
0.7668800000
0.7298300000
0.6948500000
0.6624500000
0.6331900000
0.6076500000
0.5864500000
0.5701800000
0.5594600000
0.5548300000
0.5568200000
0.5658300000
0.5821400000
0.6058500000
0.6368500000
0.6747700000
0.7189700000
0.7685400000
0.8223400000
0.8790200000
0.9371100000
0.9950900000
1.0514000000
1.1048000000
1.1538000000
1.1975000000
1.2348000000
1.2650000000
1.2875000000
1.3020000000
1.3082000000
1.3059000000
1.2952000000
1.2764000000
1.2496000000
1.2155000000
1.1744000000
1.1271000000
1.0744000000
1.0169000000
0.9556200000
0.8914500000
0.8253500000
0.7583600000
0.6915400000
0.6260500000
0.5630900000
0.5039600000
0.4500300000
0.4027400000
0.3636100000
0.3341900000
0.3160100000
0.3105500000
0.3190500000
0.3424700000
0.3812200000
0.4349900000
0.5026100000
0.5819500000
0.6700300000
0.7631800000
0.8574500000
0.9490100000
1.0344000000
1.1110000000
1.1767000000
1.2301000000
1.2704000000
1.2974000000
1.3111000000
1.3118000000
1.3001000000
1.2766000000
1.2422000000
1.1981000000
1.1452000000
1.0849000000
1.0182000000
0.9465900000
0.8712700000
0.7935900000
0.7149200000
0.6366700000
0.5603100000
0.4874000000
0.4196200000
0.3587200000
0.3066000000
0.2652400000
0.2366900000
0.2229800000
0.2260100000
0.2473600000
0.2880100000
0.3480400000
0.4262900000
0.5201700000
0.6257000000
0.7378600000
0.8511500000
0.9603200000
1.0609000000
1.1494000000
1.2237000000
1.2824000000
1.3250000000
1.3515000000
1.3623000000
1.3581000000
1.3398000000
1.3084000000
1.2652000000
1.2116000000
1.1488000000
1.0784000000
1.0018000000
0.9204100000
0.8357500000
0.7492400000
0.6623700000
0.5766800000
0.4937700000
0.4153900000
0.3433700000
0.2797300000
0.2266300000
0.1863600000
0.1613300000
0.1539400000
0.1664000000
0.2005300000
0.2572500000
0.3362100000
0.4353700000
0.5507400000
0.6767000000
0.8066200000
0.9338400000
1.0525000000
1.1583000000
1.2481000000
1.3204000000
1.3745000000
1.4105000000
1.4290000000
1.4306000000
1.4164000000
1.3876000000
1.3456000000
1.2917000000
1.2275000000
1.1546000000
1.0745000000
0.9887100000
0.8987300000
0.8060300000
0.7120700000
0.6183300000
0.5263600000
0.4378000000
0.3544400000
0.2782100000
0.2112600000
0.1559200000
0.1147400000
0.0904170000
0.0857320000
0.1033300000
0.1454000000
0.2131300000
0.3061500000
0.4219000000
0.5554200000
0.6997100000
0.8467500000
0.9887700000
1.1194000000
1.2340000000
1.3300000000
1.4062000000
1.4624000000
1.4990000000
1.5167000000
1.5166000000
1.4998000000
1.4677000000
1.4217000000
1.3634000000
1.2944000000
1.2164000000
1.1309000000
1.0396000000
0.9438900000
0.8451900000
0.7448900000
0.6443500000
0.5449800000
0.4482900000
0.3559200000
0.2696800000
0.1915900000
0.1239000000
0.0691460000
0.0301160000
0.0098567000
0.0115560000
0.0383300000
0.0927710000
0.1763000000
0.2882800000
0.4253100000
0.5809400000
0.7463900000
0.9120100000
1.0691000000
1.2110000000
1.3336000000
1.4348000000
1.5142000000
1.5721000000
1.6092000000
1.6266000000
1.6254000000
1.6068000000
1.5723000000
1.5233000000
1.4617000000
1.3891000000
1.3072000000
1.2178000000
1.1224000000
1.0224000000
0.9192400000
0.8140200000
0.7079300000
0.6021600000
0.4979400000
0.3966000000
0.2996300000
0.2087300000
0.1258300000
0.0531010000
-0.0069429000
-0.0514540000
-0.0772090000
-0.0806530000
-0.0580440000
-0.0058442000
0.0785770000
0.1959000000
0.3436600000
0.5155700000
0.7018900000
0.8911500000
1.0726000000
1.2381000000
1.3825000000
1.5037000000
1.6013000000
1.6759000000
1.7284000000
1.7600000000
1.7717000000
1.7647000000
1.7404000000
1.7001000000
1.6457000000
1.5789000000
1.5016000000
1.4156000000
1.3228000000
1.2247000000
1.1225000000
1.0174000000
0.9104900000
0.8024600000
0.6941700000
0.5864100000
0.4800600000
0.3761200000
0.2757400000
0.1802700000
0.0912480000
0.0104870000
-0.0599200000
-0.1175300000
-0.1594800000
-0.1824100000
-0.1824600000
-0.1553500000
-0.0967170000
-0.0029082000
0.1277500000
0.2933700000
0.4873000000
0.6983900000
0.9132000000
1.1192000000
1.3071000000
1.4719000000
1.6118000000
1.7271000000
1.8189000000
1.8883000000
1.9367000000
1.9649000000
1.9738000000
1.9644000000
1.9380000000
1.8960000000
1.8403000000
1.7729000000
1.6961000000
1.6119000000
1.5224000000
1.4291000000
1.3334000000
1.2361000000
1.1380000000
1.0395000000
0.9408100000
0.8421800000
0.7437600000
0.6457700000
0.5485100000
0.4523600000
0.3578600000
0.2656700000
0.1765800000
0.0915540000
0.0117050000
-0.0616650000
-0.1270300000
-0.1826100000
-0.2262400000
-0.2553200000
-0.2667000000
-0.2566300000
-0.2207600000
-0.1544700000
-0.0535820000
0.0843930000
0.2585100000
0.4629900000
0.6871200000
0.9173800000
1.1409000000
1.3480000000
1.5337000000
1.6964000000
1.8365000000
1.9555000000
2.0548000000
2.1353000000
2.1978000000
2.2425000000
2.2694000000
2.2787000000
2.2711000000
2.2474000000
2.2093000000
2.1593000000
2.0998000000
2.0340000000
1.9647000000
1.8946000000
1.8256000000
1.7593000000
1.6968000000
1.6385000000
1.5846000000
1.5348000000
1.4888000000
1.4459000000
1.4058000000
1.3677000000
1.3311000000
1.2955000000
1.2604000000
1.2255000000
1.1904000000
1.1547000000
1.1184000000
1.0813000000
1.0433000000
1.0043000000
0.9645000000
0.9238300000
0.8824700000
0.8406000000
0.7984500000
0.7562800000
0.7144100000
0.6732100000
0.6330700000
0.5944500000
0.5578600000
0.5238500000
0.4930200000
0.4660200000
0.4435500000
0.4263800000
0.4152800000
0.4110800000
0.4145800000
0.4265600000
0.4477200000
0.4786000000
0.5195300000
0.5705100000
0.6311900000
0.7007700000
0.7780600000
0.8614300000
0.9489900000
1.0387000000
1.1285000000
1.2164000000
1.3006000000
1.3797000000
1.4522000000
1.5173000000
1.5738000000
1.6212000000
1.6587000000
1.6858000000
1.7021000000
1.7072000000
1.7011000000
1.6839000000
1.6558000000
1.6173000000
1.5691000000
1.5121000000
1.4473000000
1.3755000000
1.2979000000
1.2154000000
1.1290000000
1.0395000000
0.9476100000
0.8542100000
0.7600100000
0.6658100000
0.5724500000
0.4808500000
0.3920700000
0.3073000000
0.2279000000
0.1554100000
0.0915720000
0.0383910000
-0.0018727000
-0.0266700000
-0.0331810000
-0.0184050000
0.0206080000
0.0863450000
0.1801400000
0.3013900000
0.4467800000
0.6101600000
0.7831800000
0.9567800000
1.1228000000
1.2752000000
1.4101000000
1.5257000000
1.6215000000
1.6977000000
1.7548000000
1.7933000000
1.8138000000
1.8171000000
1.8038000000
1.7751000000
1.7322000000
1.6765000000
1.6096000000
1.5334000000
1.4494000000
1.3593000000
1.2644000000
1.1659000000
1.0648000000
0.9619600000
0.8579800000
0.7535300000
0.6492400000
0.5458000000
0.4439700000
0.3446800000
0.2489700000
0.1581100000
0.0735300000
-0.0030883000
-0.0697920000
-0.1243000000
-0.1639300000
-0.1855200000
-0.1854200000
-0.1595400000
-0.1036400000
-0.0140260000
0.1113300000
0.2712400000
0.4601400000
0.6679900000
0.8820900000
1.0900000000
1.2823000000
1.4533000000
1.6008000000
1.7247000000
1.8258000000
1.9055000000
1.9646000000
2.0040000000
2.0245000000
2.0267000000
2.0115000000
1.9801000000
1.9342000000
1.8756000000
1.8065000000
1.7291000000
1.6457000000
1.5580000000
1.4677000000
1.3758000000
1.2833000000
1.1906000000
1.0981000000
1.0057000000
0.9136300000
0.8218200000
0.7303100000
0.6392200000
0.5487300000
0.4591600000
0.3709100000
0.2845500000
0.2007200000
0.1202400000
0.0440260000
-0.0268440000
-0.0911120000
-0.1473100000
-0.1936800000
-0.2281300000
-0.2480900000
-0.2504900000
-0.2316800000
-0.1875300000
-0.1138100000
-0.0069019000
0.1349200000
0.3100000000
0.5122300000
0.7313300000
0.9549300000
1.1716000000
1.3730000000
1.5548000000
1.7156000000
1.8560000000
1.9771000000
2.0801000000
2.1660000000
2.2351000000
2.2875000000
2.3229000000
2.3414000000
2.3430000000
2.3284000000
2.2989000000
2.2567000000
2.2043000000
2.1449000000
2.0816000000
2.0174000000
1.9549000000
1.8958000000
1.8417000000
1.7931000000
1.7505000000
1.7136000000
1.6822000000
1.6556000000
1.6331000000
1.6142000000
1.5980000000
1.5840000000
1.5715000000
1.5600000000
1.5489000000
1.5378000000
1.5264000000
1.5144000000
1.5014000000
1.4873000000
1.4719000000
1.4550000000
1.4367000000
1.4167000000
1.3951000000
1.3719000000
1.3469000000
1.3204000000
1.2922000000
1.2624000000
1.2311000000
1.1984000000
1.1643000000
1.1290000000
1.0926000000
1.0553000000
1.0173000000
0.9786900000
0.9398300000
0.9009700000
0.8624200000
0.8245200000
0.7876700000
0.7522700000
0.7187800000
0.6876800000
0.6595000000
0.6347600000
0.6140200000
0.5978400000
0.5867800000
0.5813500000
0.5820200000
0.5891700000
0.6030800000
0.6238400000
0.6513800000
0.6854000000
0.7253700000
0.7705000000
0.8197900000
0.8720500000
0.9259700000
0.9801600000
1.0332000000
1.0838000000
1.1307000000
1.1729000000
1.2093000000
1.2392000000
1.2621000000
1.2774000000
1.2849000000
1.2844000000
1.2760000000
1.2596000000
1.2356000000
1.2045000000
1.1665000000
1.1225000000
1.0730000000
1.0189000000
0.9608500000
0.8998500000
0.8368200000
0.7727300000
0.7086300000
0.6456300000
0.5849000000
0.5276800000
0.4753000000
0.4291100000
0.3905800000
0.3611400000
0.3422700000
0.3353200000
0.3414900000
0.3616500000
0.3962200000
0.4449700000
0.5068900000
0.5801200000
0.6619900000
0.7492000000
0.8381400000
0.9251900000
1.0071000000
1.0812000000
1.1453000000
1.1981000000
1.2386000000
1.2664000000
1.2814000000
1.2839000000
1.2744000000
1.2535000000
1.2220000000
1.1808000000
1.1311000000
1.0740000000
1.0106000000
0.9422200000
0.8701700000
0.7957200000
0.7202300000
0.6451000000
0.5718000000
0.5018500000
0.4368900000
0.3786600000
0.3289700000
0.2897300000
0.2628800000
0.2503100000
0.2537800000
0.2746900000
0.3138400000
0.3711800000
0.4455200000
0.5343600000
0.6339800000
0.7397100000
0.8464900000
0.9494500000
1.0444000000
1.1281000000
1.1984000000
1.2539000000
1.2940000000
1.3187000000
1.3284000000
1.3237000000
1.3053000000
1.2744000000
1.2322000000
1.1799000000
1.1188000000
1.0504000000
0.9761100000
0.8973500000
0.8155700000
0.7322400000
0.6488600000
0.5669700000
0.4882300000
0.4143800000
0.3472800000
0.2889300000
0.2414700000
0.2071300000
0.1881800000
0.1868200000
0.2049700000
0.2440000000
0.3043400000
0.3850700000
0.4836400000
0.5958500000
0.7161100000
0.8382500000
0.9562600000
1.0650000000
1.1607000000
1.2409000000
1.3042000000
1.3502000000
1.3789000000
1.3908000000
1.3868000000
1.3679000000
1.3353000000
1.2903000000
1.2344000000
1.1689000000
1.0956000000
1.0158000000
0.9310500000
0.8428900000
0.7527800000
0.6622200000
0.5727600000
0.4860200000
0.4037400000
0.3278100000
0.2602800000
0.2033800000
0.1595000000
0.1311800000
0.1210200000
0.1315100000
0.1647200000
0.2219500000
0.3031400000
0.4063600000
0.5275800000
0.6607900000
0.7988100000
0.9342900000
1.0609000000
1.1737000000
1.2696000000
1.3469000000
1.4052000000
1.4444000000
1.4653000000
1.4686000000
1.4554000000
1.4271000000
1.3849000000
1.3305000000
1.2652000000
1.1909000000
1.1090000000
1.0211000000
0.9287200000
0.8333200000
0.7363200000
0.6391700000
0.5433500000
0.4504400000
0.3621800000
0.2804200000
0.2072800000
0.1450300000
0.0962300000
0.0636370000
0.0501820000
0.0588100000
0.0922150000
0.1523400000
0.2397500000
0.3528800000
0.4875300000
0.6369700000
0.7927500000
0.9461600000
1.0896000000
1.2177000000
1.3268000000
1.4154000000
1.4831000000
1.5302000000
1.5576000000
1.5661000000
1.5569000000
1.5314000000
1.4909000000
1.4370000000
1.3715000000
1.2959000000
1.2120000000
1.1214000000
1.0255000000
0.9258800000
0.8237500000
0.7204600000
0.6172900000
0.5155900000
0.4168200000
0.3225800000
0.2346500000
0.1550400000
0.0860390000
0.0301970000
-0.0096068000
-0.0302020000
-0.0281830000
-0.0001649100
0.0568130000
0.1445100000
0.2625500000
0.4075000000
0.5725200000
0.7481100000
0.9238100000
1.0902000000
1.2403000000
1.3699000000
1.4772000000
1.5618000000
1.6242000000
1.6653000000
1.6861000000
1.6879000000
1.6719000000
1.6394000000
1.5920000000
1.5315000000
1.4596000000
1.3781000000
1.2888000000
1.1932000000
1.0929000000
0.9890200000
0.8828200000
0.7753100000
0.6675200000
0.5604900000
0.4553300000
0.3532900000
0.2557900000
0.1644600000
0.0811560000
0.0080302000
-0.0524440000
-0.0974120000
-0.1235900000
-0.1272900000
-0.1045100000
-0.0512930000
0.0355100000
0.1571500000
0.3115900000
0.4925400000
0.6897500000
0.8908500000
1.0841000000
1.2607000000
1.4154000000
1.5460000000
1.6522000000
1.7350000000
1.7954000000
1.8346000000
1.8535000000
1.8533000000
1.8353000000
1.8007000000
1.7513000000
1.6888000000
1.6153000000
1.5327000000
1.4429000000
1.3477000000
1.2483000000
1.1461000000
1.0418000000
0.9362300000
0.8299900000
0.7236100000
0.6176400000
0.5127100000
0.4095400000
0.3090000000
0.2121300000
0.1201500000
0.0344820000
-0.0432160000
-0.1110000000
-0.1665800000
-0.2072400000
-0.2297500000
-0.2302700000
-0.2044400000
-0.1476100000
-0.0555230000
0.0744100000
0.2414100000
0.4398100000
0.6588400000
0.8846200000
1.1036000000
1.3056000000
1.4847000000
1.6391000000
1.7689000000
1.8755000000
1.9602000000
2.0241000000
2.0683000000
2.0932000000
2.0996000000
2.0883000000
2.0605000000
2.0177000000
1.9620000000
1.8957000000
1.8212000000
1.7410000000
1.6571000000
1.5713000000
1.4849000000
1.3987000000
1.3133000000
1.2289000000
1.1455000000
1.0629000000
0.9810600000
0.8996800000
0.8186300000
0.7378400000
0.6573000000
0.5770900000
0.4974200000
0.4185700000
0.3409500000
0.2650600000
0.1914900000
0.1209500000
0.0542520000
-0.0076739000
-0.0637410000
-0.1126800000
-0.1530000000
-0.1828800000
-0.2001800000
-0.2022900000
-0.1861600000
-0.1483600000
-0.0852970000
0.0062344000
0.1282300000
0.2803400000
0.4588900000
0.6567200000
0.8641800000
1.0712000000
1.2695000000
1.4535000000
1.6205000000
1.7699000000
1.9024000000
2.0186000000
2.1193000000
2.2051000000
2.2758000000
2.3313000000
2.3710000000
2.3946000000
2.4018000000
2.3931000000
2.3696000000
2.3331000000
2.2863000000
2.2323000000
2.1744000000
2.1158000000
2.0594000000
2.0073000000
1.9613000000
1.9221000000
1.8903000000
1.8657000000
1.8479000000
1.8364000000
1.8305000000
1.8293000000
1.8320000000
1.8378000000
1.8461000000
1.8562000000
1.8673000000
1.8791000000
1.8910000000
1.9026000000
1.9136000000
1.9237000000
1.9326000000
1.9401000000
1.9461000000
1.9503000000
1.9526000000
1.9530000000
1.9513000000
1.9474000000
1.9411000000
1.9326000000
1.9216000000
1.9082000000
1.8923000000
1.8740000000
1.8533000000
1.8302000000
1.8048000000
1.7772000000
1.7475000000
1.7157000000
1.6820000000
1.6464000000
1.6091000000
1.5700000000
1.5292000000
1.4868000000
1.4427000000
1.3971000000
1.3500000000
1.3013000000
1.2511000000
1.1995000000
1.1465000000
1.0922000000
1.0367000000
0.9802400000
0.9228900000
0.8649300000
0.8066300000
0.7483500000
0.6904700000
0.6334400000
0.5777900000
0.5241100000
0.4730600000
0.4253800000
0.3819000000
0.3435200000
0.3112300000
0.2861300000
0.2693700000
0.2621700000
0.2657800000
0.2814100000
0.3101100000
0.3526800000
0.4094900000
0.4802800000
0.5640500000
0.6590200000
0.7626100000
0.8717300000
0.9830400000
1.0933000000
1.1995000000
1.2993000000
1.3908000000
1.4726000000
1.5438000000
1.6036000000
1.6516000000
1.6872000000
1.7103000000
1.7207000000
1.7185000000
1.7038000000
1.6770000000
1.6388000000
1.5900000000
1.5316000000
1.4648000000
1.3906000000
1.3102000000
1.2248000000
1.1354000000
1.0427000000
0.9478000000
0.8513400000
0.7541200000
0.6569300000
0.5606200000
0.4661300000
0.3745100000
0.2869900000
0.2049400000
0.1299500000
0.0638080000
0.0085859000
-0.0333600000
-0.0593510000
-0.0663880000
-0.0512410000
-0.0106770000
0.0580810000
0.1566000000
0.2843000000
0.4376300000
0.6097800000
0.7915800000
0.9731500000
1.1458000000
1.3032000000
1.4417000000
1.5597000000
1.6569000000
1.7338000000
1.7910000000
1.8292000000
1.8490000000
1.8511000000
1.8366000000
1.8063000000
1.7617000000
1.7043000000
1.6359000000
1.5582000000
1.4731000000
1.3821000000
1.2867000000
1.1880000000
1.0869000000
0.9842400000
0.8806100000
0.7765400000
0.6725700000
0.5692800000
0.4673400000
0.3675300000
0.2708000000
0.1782400000
0.0911640000
0.0110640000
-0.0603020000
-0.1208800000
-0.1682600000
-0.1995600000
-0.2114100000
-0.1998800000
-0.1606500000
-0.0894070000
0.0172350000
0.1603800000
0.3372400000
0.5401900000
0.7574900000
0.9757700000
1.1833000000
1.3720000000
1.5379000000
1.6798000000
1.7985000000
1.8950000000
1.9706000000
2.0263000000
2.0628000000
2.0805000000
2.0802000000
2.0628000000
2.0295000000
1.9821000000
1.9225000000
1.8532000000
1.7764000000
1.6945000000
1.6093000000
1.5223000000
1.4348000000
1.3475000000
1.2608000000
1.1748000000
1.0896000000
1.0050000000
0.9208600000
0.8371100000
0.7536500000
0.6704800000
0.5876700000
0.5054300000
0.4240500000
0.3439400000
0.2656100000
0.1896800000
0.1168800000
0.0480430000
-0.0158570000
-0.0736960000
-0.1241500000
-0.1656700000
-0.1963600000
-0.2139600000
-0.2157500000
-0.1985300000
-0.1586900000
-0.0924810000
0.0034050000
0.1308900000
0.2893100000
0.4743800000
0.6781300000
0.8901900000
1.1001000000
1.2995000000
1.4832000000
1.6489000000
1.7963000000
1.9260000000
2.0391000000
2.1364000000
2.2182000000
2.2846000000
2.3352000000
2.3698000000
2.3879000000
2.3897000000
2.3757000000
2.3472000000
2.3065000000
2.2563000000
2.1999000000
2.1404000000
2.0810000000
2.0243000000
1.9724000000
1.9266000000
1.8875000000
1.8555000000
1.8304000000
1.8117000000
1.7989000000
1.7911000000
1.7876000000
1.7875000000
1.7903000000
1.7951000000
1.8014000000
1.8085000000
1.8159000000
1.8233000000
1.8303000000
1.8364000000
1.8415000000
1.8454000000
1.8477000000
1.8485000000
1.8474000000
1.8445000000
1.8395000000
1.8323000000
1.8230000000
1.8113000000
1.7972000000
1.7806000000
1.7615000000
1.7399000000
1.7157000000
1.6889000000
1.6595000000
1.6276000000
1.5931000000
1.5562000000
1.5169000000
1.4753000000
1.4313000000
1.3852000000
1.3370000000
1.2868000000
1.2347000000
1.1809000000
1.1254000000
1.0684000000
1.0102000000
0.9509600000
0.8909300000
0.8304400000
0.7698600000
0.7096200000
0.6502000000
0.5921500000
0.5361100000
0.4827800000
0.4329300000
0.3874400000
0.3472700000
0.3134600000
0.2871600000
0.2695600000
0.2619500000
0.2656000000
0.2817300000
0.3113900000
0.3553300000
0.4138000000
0.4864000000
0.5719300000
0.6683300000
0.7728100000
0.8820700000
0.9926400000
1.1012000000
1.2048000000
1.3011000000
1.3883000000
1.4651000000
1.5306000000
1.5843000000
1.6256000000
1.6543000000
1.6702000000
1.6734000000
1.6640000000
1.6423000000
1.6090000000
1.5648000000
1.5105000000
1.4473000000
1.3763000000
1.2987000000
1.2155000000
1.1277000000
1.0365000000
0.9426500000
0.8470800000
0.7506500000
0.6542400000
0.5588100000
0.4653800000
0.3751200000
0.2893400000
0.2095400000
0.1374000000
0.0748420000
0.0240550000
-0.0124980000
-0.0320600000
-0.0316130000
-0.0080557000
0.0415230000
0.1192500000
0.2257100000
0.3590700000
0.5145400000
0.6845300000
0.8598200000
1.0313000000
1.1914000000
1.3351000000
1.4595000000
1.5635000000
1.6472000000
1.7108000000
1.7552000000
1.7808000000
1.7886000000
1.7793000000
1.7541000000
1.7141000000
1.6607000000
1.5957000000
1.5208000000
1.4376000000
1.3478000000
1.2528000000
1.1538000000
1.0520000000
0.9481300000
0.8430700000
0.7375100000
0.6321800000
0.5278500000
0.4254000000
0.3258400000
0.2303500000
0.1403000000
0.0572730000
-0.0168790000
-0.0800190000
-0.1296400000
-0.1628200000
-0.1761500000
-0.1657200000
-0.1273600000
-0.0570350000
0.0482410000
0.1890400000
0.3620900000
0.5595000000
0.7696700000
0.9797000000
1.1784000000
1.3581000000
1.5149000000
1.6477000000
1.7571000000
1.8439000000
1.9095000000
1.9547000000
1.9805000000
1.9875000000
1.9766000000
1.9491000000
1.9064000000
1.8504000000
1.7831000000
1.7066000000
1.6231000000
1.5345000000
1.4423000000
1.3479000000
1.2522000000
1.1558000000
1.0590000000
0.9622100000
0.8654500000
0.7689000000
0.6727000000
0.5771200000
0.4824700000
0.3892200000
0.2979600000
0.2094000000
0.1244200000
0.0440360000
-0.0305790000
-0.0980410000
-0.1567300000
-0.2047200000
-0.2396900000
-0.2588300000
-0.2587400000
-0.2354500000
-0.1845200000
-0.1015400000
0.0169050000
0.1717900000
0.3599700000
0.5733900000
0.7999700000
1.0264000000
1.2415000000
1.4380000000
1.6126000000
1.7647000000
1.8956000000
2.0064000000
2.0985000000
2.1726000000
2.2290000000
2.2680000000
2.2895000000
2.2937000000
2.2812000000
2.2533000000
2.2118000000
2.1593000000
2.0984000000
2.0323000000
1.9638000000
1.8955000000
1.8292000000
1.7663000000
1.7078000000
1.6539000000
1.6046000000
1.5597000000
1.5187000000
1.4811000000
1.4462000000
1.4135000000
1.3823000000
1.3521000000
1.3224000000
1.2929000000
1.2632000000
1.2329000000
1.2019000000
1.1700000000
1.1371000000
1.1032000000
1.0681000000
1.0321000000
0.9950600000
0.9572300000
0.9187500000
0.8798200000
0.8406900000
0.8016400000
0.7630000000
0.7251300000
0.6884400000
0.6533600000
0.6203800000
0.5900200000
0.5628500000
0.5394800000
0.5205300000
0.5066600000
0.4985600000
0.4968800000
0.5022700000
0.5153000000
0.5364300000
0.5659500000
0.6039700000
0.6502800000
0.7043900000
0.7655000000
0.8324600000
0.9038600000
0.9781200000
1.0535000000
1.1284000000
1.2011000000
1.2700000000
1.3340000000
1.3919000000
1.4425000000
1.4853000000
1.5193000000
1.5442000000
1.5594000000
1.5647000000
1.5600000000
1.5452000000
1.5205000000
1.4864000000
1.4433000000
1.3919000000
1.3330000000
1.2675000000
1.1961000000
1.1198000000
1.0395000000
0.9562200000
0.8707200000
0.7839800000
0.6969400000
0.6106300000
0.5261300000
0.4446500000
0.3675300000
0.2962300000
0.2324000000
0.1778500000
0.1346100000
0.1048500000
0.0909210000
0.0952020000
0.1199800000
0.1670900000
0.2375400000
0.3309800000
0.4452000000
0.5759800000
0.7173600000
0.8624400000
1.0044000000
1.1375000000
1.2575000000
1.3616000000
1.4485000000
1.5175000000
1.5688000000
1.6025000000
1.6193000000
1.6198000000
1.6048000000
1.5753000000
1.5325000000
1.4776000000
1.4121000000
1.3375000000
1.2552000000
1.1666000000
1.0731000000
0.9758500000
0.8760600000
0.7748000000
0.6731700000
0.5722800000
0.4733700000
0.3777400000
0.2869000000
0.2025300000
0.1265300000
0.0610730000
0.0086183000
-0.0280650000
-0.0458870000
-0.0415200000
-0.0115930000
0.0468690000
0.1357500000
0.2548600000
0.4010400000
0.5677600000
0.7457600000
0.9247000000
1.0952000000
1.2502000000
1.3855000000
1.4991000000
1.5905000000
1.6603000000
1.7092000000
1.7381000000
1.7480000000
1.7400000000
1.7151000000
1.6750000000
1.6210000000
1.5550000000
1.4786000000
1.3938000000
1.3021000000
1.2050000000
1.1039000000
0.9998400000
0.8938300000
0.7867500000
0.6794500000
0.5727900000
0.4677200000
0.3653000000
0.2667800000
0.1735600000
0.0872830000
0.0098577000
-0.0565220000
-0.1093000000
-0.1454900000
-0.1616400000
-0.1538500000
-0.1179300000
-0.0498720000
0.0532350000
0.1918900000
0.3627400000
0.5578300000
0.7654900000
0.9728000000
1.1685000000
1.3449000000
1.4981000000
1.6268000000
1.7315000000
1.8133000000
1.8734000000
1.9127000000
1.9323000000
1.9330000000
1.9160000000
1.8826000000
1.8344000000
1.7733000000
1.7013000000
1.6206000000
1.5331000000
1.4406000000
1.3445000000
1.2460000000
1.1460000000
1.0450000000
0.9435500000
0.8418500000
0.7402600000
0.6390800000
0.5387000000
0.4396300000
0.3425000000
0.2480600000
0.1572600000
0.0711750000
-0.0089004000
-0.0814790000
-0.1448100000
-0.1968100000
-0.2350000000
-0.2563700000
-0.2573100000
-0.2336200000
-0.1806600000
-0.0939280000
0.0298700000
0.1911600000
0.3858300000
0.6045300000
0.8340700000
1.0606000000
1.2731000000
1.4646000000
1.6326000000
1.7769000000
1.8987000000
1.9996000000
2.0808000000
2.1429000000
2.1866000000
2.2121000000
2.2198000000
2.2102000000
2.1845000000
2.1442000000
2.0917000000
2.0295000000
1.9604000000
1.8870000000
1.8118000000
1.7367000000
1.6631000000
1.5920000000
1.5238000000
1.4587000000
1.3966000000
1.3370000000
1.2795000000
1.2238000000
1.1693000000
1.1155000000
1.0622000000
1.0090000000
0.9556100000
0.9018900000
0.8477500000
0.7931600000
0.7381700000
0.6829200000
0.6275800000
0.5724300000
0.5177700000
0.4640000000
0.4115700000
0.3609900000
0.3128400000
0.2677900000
0.2265700000
0.1900400000
0.1591200000
0.1349100000
0.1186000000
0.1115300000
0.1151900000
0.1311300000
0.1609600000
0.2061400000
0.2678300000
0.3466300000
0.4422800000
0.5534700000
0.6777300000
0.8115800000
0.9509600000
1.0917000000
1.2301000000
1.3630000000
1.4883000000
1.6045000000
1.7107000000
1.8063000000
1.8909000000
1.9639000000
2.0249000000
2.0733000000
2.1086000000
2.1301000000
2.1376000000
2.1311000000
2.1108000000
2.0777000000
2.0331000000
1.9786000000
1.9162000000
1.8480000000
1.7759000000
1.7016000000
1.6264000000
1.5514000000
1.4772000000
1.4041000000
1.3324000000
1.2618000000
1.1923000000
1.1236000000
1.0554000000
0.9874000000
0.9195300000
0.8515900000
0.7835300000
0.7153500000
0.6471400000
0.5791000000
0.5114700000
0.4446000000
0.3789100000
0.3149200000
0.2532000000
0.1944300000
0.1393900000
0.0889440000
0.0441160000
0.0060679000
-0.0238420000
-0.0440380000
-0.0526930000
-0.0477270000
-0.0268250000
0.0124300000
0.0723530000
0.1547500000
0.2604300000
0.3885600000
0.5363300000
0.6988900000
0.8699800000
1.0430000000
1.2119000000
1.3723000000
1.5213000000
1.6575000000
1.7803000000
1.8898000000
1.9860000000
2.0688000000
2.1381000000
2.1935000000
2.2345000000
2.2605000000
2.2713000000
2.2669000000
2.2479000000
2.2155000000
2.1713000000
2.1178000000
2.0574000000
1.9927000000
1.9264000000
1.8603000000
1.7962000000
1.7351000000
1.6777000000
1.6243000000
1.5748000000
1.5290000000
1.4863000000
1.4463000000
1.4085000000
1.3723000000
1.3372000000
1.3027000000
1.2685000000
1.2342000000
1.1995000000
1.1641000000
1.1280000000
1.0909000000
1.0529000000
1.0139000000
0.9740600000
0.9333500000
0.8919700000
0.8501000000
0.8079800000
0.7658800000
0.7241400000
0.6831100000
0.6432100000
0.6048900000
0.5686700000
0.5351000000
0.5047800000
0.4783700000
0.4565700000
0.4401200000
0.4297900000
0.4263900000
0.4306900000
0.4434300000
0.4652400000
0.4966200000
0.5378000000
0.5887200000
0.6489500000
0.7176400000
0.7935400000
0.8750300000
0.9602500000
1.0472000000
1.1338000000
1.2183000000
1.2989000000
1.3741000000
1.4427000000
1.5037000000
1.5562000000
1.5994000000
1.6327000000
1.6557000000
1.6680000000
1.6693000000
1.6596000000
1.6391000000
1.6081000000
1.5670000000
1.5167000000
1.4579000000
1.3917000000
1.3189000000
1.2406000000
1.1576000000
1.0710000000
0.9815900000
0.8901300000
0.7974800000
0.7044600000
0.6119400000
0.5208800000
0.4323500000
0.3475200000
0.2677700000
0.1945900000
0.1297400000
0.0751390000
0.0330040000
0.0057851000
-0.0038126000
0.0070539000
0.0411860000
0.1009400000
0.1876300000
0.3008300000
0.4376300000
0.5925000000
0.7577400000
0.9247900000
1.0857000000
1.2343000000
1.3665000000
1.4801000000
1.5744000000
1.6494000000
1.7053000000
1.7428000000
1.7625000000
1.7651000000
1.7513000000
1.7222000000
1.6790000000
1.6232000000
1.5563000000
1.4800000000
1.3959000000
1.3054000000
1.2101000000
1.1110000000
1.0092000000
0.9056100000
0.8009300000
0.6959700000
0.5915200000
0.4884500000
0.3877300000
0.2904800000
0.1980200000
0.1118500000
0.0337100000
-0.0343760000
-0.0900680000
-0.1306400000
-0.1529100000
-0.1532600000
-0.1277100000
-0.0722500000
0.0164700000
0.1400100000
0.2967400000
0.4808100000
0.6822500000
0.8887900000
1.0886000000
1.2727000000
1.4357000000
1.5754000000
1.6915000000
1.7849000000
1.8565000000
1.9075000000
1.9388000000
1.9510000000
1.9451000000
1.9222000000
1.8837000000
1.8312000000
1.7667000000
1.6923000000
1.6099000000
1.5216000000
1.4290000000
1.3334000000
1.2358000000
1.1371000000
1.0376000000
0.9377400000
0.8378100000
0.7380300000
0.6386700000
0.5400900000
0.4427400000
0.3472100000
0.2542300000
0.1646800000
0.0795820000
0.0001609600
-0.0721790000
-0.1357800000
-0.1887000000
-0.2285800000
-0.2525900000
-0.2573400000
-0.2388200000
-0.1925300000
-0.1139300000
0.0006028500
0.1523400000
0.3384700000
0.5510700000
0.7779400000
1.0054000000
1.2216000000
1.4187000000
1.5932000000
1.7444000000
1.8733000000
1.9813000000
2.0697000000
2.1394000000
2.1908000000
2.2241000000
2.2397000000
2.2378000000
2.2194000000
2.1859000000
2.1391000000
2.0817000000
2.0163000000
1.9459000000
1.8729000000
1.7996000000
1.7278000000
1.6585000000
1.5924000000
1.5298000000
1.4707000000
1.4147000000
1.3614000000
1.3103000000
1.2610000000
1.2129000000
1.1656000000
1.1186000000
1.0716000000
1.0244000000
0.9768200000
0.9286400000
0.8798500000
0.8304600000
0.7805500000
0.7302600000
0.6798100000
0.6294400000
0.5794900000
0.5303200000
0.4823800000
0.4361700000
0.3922300000
0.3512000000
0.3137800000
0.2807500000
0.2529700000
0.2314200000
0.2171400000
0.2113000000
0.2151300000
0.2298900000
0.2568100000
0.2970100000
0.3512800000
0.4199900000
0.5028500000
0.5987900000
0.7059100000
0.8216000000
0.9427200000
1.0660000000
1.1883000000
1.3070000000
1.4199000000
1.5253000000
1.6222000000
1.7096000000
1.7868000000
1.8533000000
1.9084000000
1.9515000000
1.9822000000
1.9999000000
2.0044000000
1.9957000000
1.9739000000
1.9399000000
1.8945000000
1.8392000000
1.7755000000
1.7048000000
1.6289000000
1.5491000000
1.4665000000
1.3822000000
1.2967000000
1.2105000000
1.1239000000
1.0370000000
0.9500400000
0.8629500000
0.7758800000
0.6889600000
0.6024300000
0.5165900000
0.4318800000
0.3488300000
0.2680800000
0.1904000000
0.1166900000
0.0479790000
-0.0145320000
-0.0694520000
-0.1151500000
-0.1497000000
-0.1708000000
-0.1757400000
-0.1613900000
-0.1242700000
-0.0608430000
0.0318900000
0.1555000000
0.3090100000
0.4879700000
0.6845300000
0.8886500000
1.0903000000
1.2813000000
1.4565000000
1.6136000000
1.7520000000
1.8721000000
1.9747000000
2.0605000000
2.1299000000
2.1829000000
2.2194000000
2.2393000000
2.2427000000
2.2302000000
2.2027000000
2.1618000000
2.1098000000
2.0490000000
1.9823000000
1.9123000000
1.8411000000
1.7708000000
1.7025000000
1.6372000000
1.5753000000
1.5168000000
1.4616000000
1.4093000000
1.3595000000
1.3116000000
1.2652000000
1.2197000000
1.1748000000
1.1301000000
1.0852000000
1.0400000000
0.9941900000
0.9477600000
0.9006600000
0.8529000000
0.8045700000
0.7558300000
0.7068800000
0.6579900000
0.6094700000
0.5617000000
0.5151100000
0.4701900000
0.4274900000
0.3876200000
0.3512700000
0.3191900000
0.2922300000
0.2713000000
0.2574100000
0.2516500000
0.2551600000
0.2690900000
0.2945700000
0.3325600000
0.3837700000
0.4484700000
0.5263700000
0.6164700000
0.7170500000
0.8257500000
0.9397500000
1.0560000000
1.1718000000
1.2843000000
1.3916000000
1.4920000000
1.5843000000
1.6675000000
1.7408000000
1.8037000000
1.8554000000
1.8954000000
1.9231000000
1.9383000000
1.9405000000
1.9299000000
1.9067000000
1.8715000000
1.8253000000
1.7692000000
1.7047000000
1.6331000000
1.5558000000
1.4742000000
1.3892000000
1.3019000000
1.2129000000
1.1226000000
1.0315000000
0.9397800000
0.8477300000
0.7555900000
0.6636600000
0.5722900000
0.4819600000
0.3932400000
0.3068300000
0.2235500000
0.1443800000
0.0704320000
0.0030194000
-0.0563480000
-0.1059000000
-0.1435700000
-0.1668800000
-0.1729300000
-0.1584200000
-0.1196900000
-0.0531180000
0.0442150000
0.1735300000
0.3331200000
0.5175600000
0.7179400000
0.9234600000
1.1238000000
1.3112000000
1.4807000000
1.6306000000
1.7605000000
1.8711000000
1.9632000000
2.0374000000
2.0943000000
2.1338000000
2.1563000000
2.1618000000
2.1510000000
2.1247000000
2.0844000000
2.0319000000
1.9697000000
1.9002000000
1.8256000000
1.7482000000
1.6698000000
1.5917000000
1.5148000000
1.4396000000
1.3663000000
1.2948000000
1.2249000000
1.1563000000
1.0886000000
1.0217000000
0.9550300000
0.8885200000
0.8219800000
0.7553200000
0.6885700000
0.6218100000
0.5552200000
0.4890600000
0.4236800000
0.3594800000
0.2969800000
0.2367400000
0.1794300000
0.1258000000
0.0767080000
0.0331550000
-0.0037158000
-0.0325700000
-0.0518460000
-0.0597370000
-0.0541680000
-0.0328360000
0.0066915000
0.0667480000
0.1492000000
0.2549000000
0.3831500000
0.5312100000
0.6943500000
0.8663400000
1.0405000000
1.2110000000
1.3732000000
1.5244000000
1.6629000000
1.7884000000
1.9008000000
2.0001000000
2.0865000000
2.1597000000
2.2193000000
2.2646000000
2.2953000000
2.3107000000
2.3109000000
2.2962000000
2.2677000000
2.2271000000
2.1768000000
2.1194000000
2.0577000000
1.9944000000
1.9318000000
1.8717000000
1.8154000000
1.7636000000
1.7168000000
1.6749000000
1.6375000000
1.6043000000
1.5747000000
1.5481000000
1.5238000000
1.5013000000
1.4800000000
1.4594000000
1.4391000000
1.4187000000
1.3979000000
1.3763000000
1.3538000000
1.3302000000
1.3054000000
1.2793000000
1.2518000000
1.2230000000
1.1928000000
1.1614000000
1.1287000000
1.0950000000
1.0603000000
1.0248000000
0.9886400000
0.9521300000
0.9154900000
0.8789700000
0.8429000000
0.8076000000
0.7734400000
0.7408400000
0.7102100000
0.6820300000
0.6567800000
0.6349700000
0.6171400000
0.6038000000
0.5954900000
0.5927000000
0.5958700000
0.6053800000
0.6214700000
0.6442700000
0.6737000000
0.7095100000
0.7511700000
0.7979800000
0.8489900000
0.9030800000
0.9589800000
1.0154000000
1.0709000000
1.1243000000
1.1743000000
1.2198000000
1.2599000000
1.2937000000
1.3206000000
1.3400000000
1.3515000000
1.3550000000
1.3501000000
1.3370000000
1.3159000000
1.2870000000
1.2507000000
1.2076000000
1.1583000000
1.1035000000
1.0439000000
0.9805000000
0.9140400000
0.8455000000
0.7758500000
0.7061400000
0.6374600000
0.5709700000
0.5079500000
0.4497200000
0.3977300000
0.3534800000
0.3185800000
0.2946400000
0.2832600000
0.2859200000
0.3038500000
0.3378400000
0.3880200000
0.4536700000
0.5330300000
0.6233300000
0.7209200000
0.8216600000
0.9213000000
1.0160000000
1.1024000000
1.1783000000
1.2417000000
1.2918000000
1.3281000000
1.3504000000
1.3590000000
1.3543000000
1.3369000000
1.3078000000
1.2679000000
1.2182000000
1.1599000000
1.0943000000
1.0227000000
0.9462200000
0.8663200000
0.7842900000
0.7014600000
0.6192600000
0.5391500000
0.4627000000
0.3916000000
0.3276500000
0.2728200000
0.2291700000
0.1988800000
0.1841500000
0.1871000000
0.2095500000
0.2527200000
0.3168800000
0.4009300000
0.5021700000
0.6162800000
0.7376900000
0.8603200000
0.9783800000
1.0870000000
1.1825000000
1.2627000000
1.3262000000
1.3726000000
1.4020000000
1.4149000000
1.4121000000
1.3944000000
1.3630000000
1.3192000000
1.2643000000
1.1998000000
1.1272000000
1.0478000000
0.9633100000
0.8750200000
0.7843900000
0.6928600000
0.6019200000
0.5131000000
0.4280600000
0.3485800000
0.2766300000
0.2143300000
0.1640000000
0.1281300000
0.1093500000
0.1102600000
0.1332500000
0.1801500000
0.2516800000
0.3469200000
0.4628600000
0.5942800000
0.7342900000
0.8753000000
1.0102000000
1.1332000000
1.2404000000
1.3294000000
1.3993000000
1.4498000000
1.4814000000
1.4948000000
1.4911000000
1.4713000000
1.4368000000
1.3890000000
1.3294000000
1.2596000000
1.1813000000
1.0959000000
1.0051000000
0.9102800000
0.8128500000
0.7142100000
0.6157600000
0.5189500000
0.4253700000
0.3367200000
0.2548900000
0.1819900000
0.1203400000
0.0725350000
0.0414130000
0.0299840000
0.0413060000
0.0781600000
0.1425600000
0.2350400000
0.3538600000
0.4944800000
0.6497000000
0.8106600000
0.9683300000
1.1151000000
1.2454000000
1.3561000000
1.4457000000
1.5141000000
1.5616000000
1.5891000000
1.5977000000
1.5884000000
1.5626000000
1.5217000000
1.4673000000
1.4011000000
1.3249000000
1.2402000000
1.1487000000
1.0520000000
0.9513800000
0.8481600000
0.7435900000
0.6389000000
0.5353400000
0.4342900000
0.3372500000
0.2458800000
0.1621100000
0.0880780000
0.0262340000
-0.0206520000
-0.0494640000
-0.0567910000
-0.0390390000
0.0071792000
0.0844610000
0.1936300000
0.3326600000
0.4959900000
0.6746600000
0.8578500000
1.0351000000
1.1979000000
1.3410000000
1.4616000000
1.5592000000
1.6338000000
1.6866000000
1.7184000000
1.7304000000
1.7238000000
1.6999000000
1.6601000000
1.6062000000
1.5398000000
1.4629000000
1.3773000000
1.2847000000
1.1865000000
1.0843000000
0.9790500000
0.8719000000
0.7637600000
0.6555400000
0.5481700000
0.4426800000
0.3402200000
0.2421500000
0.1499700000
0.0654700000
-0.0093052000
-0.0719820000
-0.1198000000
-0.1495600000
-0.1575800000
-0.1397800000
-0.0919450000
-0.0103850000
0.1069900000
0.2591900000
0.4409000000
0.6423200000
0.8508000000
1.0537000000
1.2411000000
1.4068000000
1.5483000000
1.6650000000
1.7579000000
1.8282000000
1.8769000000
1.9051000000
1.9138000000
1.9042000000
1.8774000000
1.8349000000
1.7786000000
1.7105000000
1.6326000000
1.5470000000
1.4554000000
1.3596000000
1.2608000000
1.1599000000
1.0577000000
0.9547300000
0.8513900000
0.7480400000
0.6450600000
0.5428900000
0.4420800000
0.3432900000
0.2473500000
0.1552500000
0.0681380000
-0.0126210000
-0.0854470000
-0.1484800000
-0.1995100000
-0.2359000000
-0.2544700000
-0.2514200000
-0.2223700000
-0.1626200000
-0.0677890000
0.0648730000
0.2347900000
0.4364700000
0.6592300000
0.8892100000
1.1128000000
1.3198000000
1.5044000000
1.6648000000
1.8013000000
1.9153000000
2.0083000000
2.0813000000
2.1352000000
2.1704000000
2.1872000000
2.1863000000
2.1685000000
2.1351000000
2.0880000000
2.0295000000
1.9624000000
1.8892000000
1.8125000000
1.7344000000
1.6565000000
1.5800000000
1.5057000000
1.4337000000
1.3642000000
1.2970000000
1.2316000000
1.1678000000
1.1050000000
1.0429000000
0.9812600000
0.9197000000
0.8580500000
0.7962000000
0.7341200000
0.6718700000
0.6095700000
0.5474400000
0.4857600000
0.4248900000
0.3652600000
0.3073700000
0.2517900000
0.1991800000
0.1503000000
0.1059900000
0.0672250000
0.0351330000
0.0110080000
-0.0036530000
-0.0071427000
0.0024576000
0.0272220000
0.0692700000
0.1305300000
0.2124000000
0.3153300000
0.4383500000
0.5787700000
0.7323200000
0.8935800000
1.0569000000
1.2170000000
1.3702000000
1.5136000000
1.6459000000
1.7664000000
1.8748000000
1.9710000000
2.0548000000
2.1261000000
2.1841000000
2.2285000000
2.2584000000
2.2736000000
2.2738000000
2.2595000000
2.2315000000
2.1913000000
2.1411000000
2.0834000000
2.0208000000
1.9556000000
1.8903000000
1.8264000000
1.7654000000
1.7079000000
1.6545000000
1.6050000000
1.5593000000
1.5171000000
1.4778000000
1.4408000000
1.4058000000
1.3720000000
1.3391000000
1.3066000000
1.2741000000
1.2414000000
1.2081000000
1.1740000000
1.1391000000
1.1032000000
1.0662000000
1.0282000000
0.9893500000
0.9496100000
0.9091900000
0.8682700000
0.8270900000
0.7859400000
0.7451200000
0.7050000000
0.6660000000
0.6285500000
0.5931600000
0.5603700000
0.5307600000
0.5049600000
0.4836600000
0.4675500000
0.4573900000
0.4539100000
0.4578400000
0.4698700000
0.4905600000
0.5203500000
0.5594300000
0.6077100000
0.6647600000
0.7297700000
0.8015600000
0.8786100000
0.9591700000
1.0414000000
1.1233000000
1.2032000000
1.2793000000
1.3504000000
1.4151000000
1.4723000000
1.5214000000
1.5614000000
1.5918000000
1.6122000000
1.6221000000
1.6215000000
1.6102000000
1.5885000000
1.5566000000
1.5152000000
1.4648000000
1.4063000000
1.3406000000
1.2685000000
1.1911000000
1.1093000000
1.0240000000
0.9360100000
0.8462600000
0.7556100000
0.6649700000
0.5753100000
0.4877100000
0.4033400000
0.3235300000
0.2497600000
0.1837000000
0.1272200000
0.0824070000
0.0515770000
0.0372550000
0.0420830000
0.0686590000
0.1192100000
0.1950800000
0.2961400000
0.4201500000
0.5624800000
0.7164400000
0.8742300000
1.0282000000
1.1721000000
1.3015000000
1.4136000000
1.5073000000
1.5822000000
1.6384000000
1.6765000000
1.6969000000
1.7005000000
1.6878000000
1.6601000000
1.6184000000
1.5641000000
1.4988000000
1.4239000000
1.3410000000
1.2516000000
1.1570000000
1.0585000000
0.9571500000
0.8539300000
0.7497900000
0.6456400000
0.5424700000
0.4413500000
0.3434700000
0.2502100000
0.1631400000
0.0840570000
0.0150260000
-0.0415750000
-0.0830100000
-0.1061500000
-0.1075000000
-0.0832950000
-0.0298830000
0.0556110000
