13.7900000000
-2.4156000000
-0.7631300000
5.5563000000
-3.3658000000
-6.5736000000
-9.6163000000
0.7269800000
17.8820000000
-6.6615000000
-1.8698000000
-8.8235000000
-9.6391000000
0.0557830000
-17.8620000000
6.6227000000
1.8316000000
9.0325000000
9.3431000000
-0.1775900000
13.7400000000
-6.0953000000
-2.1937000000
-10.0070000000
-10.9960000000
-1.4729000000
-4.9413000000
4.2658000000
-3.3400000000
-11.0650000000
-6.4805000000
1.3708000000
20.1350000000
-5.4151000000
0.1205700000
-18.8620000000
3.7559000000
-1.1338000000
-2.2156000000
5.6389000000
9.4496000000
13.1950000000
5.4443000000
1.7269000000
12.0890000000
8.0233000000
-0.1511000000
17.5430000000
-6.0261000000
-1.2743000000
-12.8090000000
-4.8796000000
2.0396000000
19.4250000000
-3.0004000000
2.2762000000
17.4030000000
-1.3079000000
-4.7825000000
13.5290000000
1.9185000000
1.1433000000
-6.5439000000
2.9312000000
6.4226000000
6.0809000000
-2.3340000000
-12.7720000000
0.6328800000
12.6380000000
-13.3750000000
-6.2555000000
-2.2977000000
-8.3864000000
-12.1580000000
-1.7815000000
-2.4621000000
4.1776000000
-3.6734000000
-9.3092000000
-9.3438000000
0.0944930000
-17.0530000000
6.4394000000
1.8279000000
9.5570000000
9.2992000000
-0.0482740000
18.5140000000
-6.5978000000
-1.6344000000
-9.7354000000
-7.6955000000
0.9560200000
17.4570000000
-5.9884000000
-1.2561000000
-13.0010000000
-4.7448000000
2.0960000000
19.3260000000
-2.7520000000
2.3639000000
17.4750000000
-0.4877500000
-22.8850000000
9.9536000000
3.6135000000
2.4455000000
16.6340000000
4.2874000000
-1.0114000000
1.2291000000
-5.1811000000
-11.5880000000
-11.5900000000
-5.6870000000
-2.8934000000
-9.4256000000
-12.8810000000
-3.7999000000
-0.6537100000
-17.6950000000
0.4406900000
22.9140000000
-9.7063000000
-3.7044000000
-2.7140000000
-16.2360000000
-5.3197000000
0.3402200000
-16.6140000000
4.3384000000
-0.0891950000
16.4640000000
-2.7095000000
0.7488500000
7.8357000000
-3.1806000000
-3.4613000000
-9.8689000000
1.5428000000
12.6320000000
-7.1873000000
1.0065000000
16.3900000000
-5.6973000000
-1.2046000000
-14.0850000000
-4.3937000000
2.1489000000
19.3420000000
-2.5549000000
2.1740000000
16.8770000000
-0.3975000000
-21.4890000000
8.8206000000
3.4653000000
3.5387000000
16.0150000000
5.3435000000
-0.0086226000
19.3560000000
-3.4144000000
1.5935000000
11.1730000000
-3.4481000000
-0.9787800000
-12.3670000000
1.9397000000
3.8997000000
-7.5460000000
2.0367000000
11.5130000000
-3.0229000000
3.4694000000
15.4340000000
4.7191000000
-1.6062000000
-16.6380000000
4.2314000000
-0.1807900000
15.2630000000
-2.9550000000
0.4074300000
1.7705000000
-5.2407000000
-11.6080000000
-11.6910000000
-4.2306000000
-1.5791000000
-16.4710000000
-4.3655000000
1.4729000000
11.8090000000
-4.2217000000
-0.9808400000
-17.7060000000
-0.5676600000
-17.2830000000
11.9160000000
3.7242000000
1.1365000000
17.6450000000
1.0326000000
5.3081000000
-14.0210000000
-2.9794000000
0.1940500000
-5.3982000000
3.9545000000
5.0244000000
14.1600000000
1.7188000000
1.4993000000
-9.4901000000
1.8118000000
9.5111000000
-5.6418000000
2.1681000000
16.4270000000
-2.1040000000
3.0541000000
16.7610000000
4.1640000000
-1.2560000000
-5.2163000000
4.6838000000
4.3435000000
15.6910000000
5.4276000000
0.3017000000
18.9970000000
-2.0254000000
2.1042000000
16.8610000000
2.0684000000
-1.0936000000
-14.3480000000
0.8481500000
18.9640000000
-10.1980000000
-2.1809000000
-2.7846000000
-6.9253000000
2.6716000000
7.1234000000
3.2703000000
-3.6972000000
-13.0620000000
-6.9223000000
0.6441100000
-1.2236000000
6.0015000000
10.6740000000
11.9810000000
6.8006000000
3.6667000000
6.5618000000
14.4170000000
7.1824000000
2.2284000000
6.4320000000
12.2020000000
0.7888200000
12.8780000000
-9.3818000000
-0.3131500000
-20.4810000000
7.1704000000
0.3702500000
18.8090000000
-4.3818000000
1.7865000000
17.3460000000
-3.7450000000
0.7128300000
-5.2411000000
4.3320000000
4.6345000000
15.4400000000
3.5431000000
-0.6526900000
6.2545000000
-4.0991000000
-3.6981000000
-15.7150000000
-2.5939000000
0.9448400000
7.9722000000
-3.2688000000
-3.1311000000
-10.9390000000
1.2752000000
15.2100000000
-8.5341000000
-0.1512000000
-20.9710000000
6.5595000000
0.4111300000
18.3210000000
-3.0714000000
2.6425000000
18.2880000000
-0.0468070000
1.3877000000
-7.5426000000
-8.9806000000
-11.9110000000
-8.7881000000
-5.3862000000
-4.9712000000
-10.6800000000
-12.1060000000
-6.5899000000
-3.3868000000
-6.9382000000
-14.4750000000
-6.1019000000
-1.5058000000
-11.0100000000
-6.7254000000
1.2401000000
19.4690000000
-5.6203000000
-0.3497300000
-18.7880000000
1.8056000000
-1.7656000000
-16.5480000000
-2.9575000000
1.3887000000
9.4793000000
-3.3579000000
-1.8582000000
-12.0350000000
1.4864000000
9.3417000000
-9.1006000000
0.4340800000
-0.1210000000
-22.9590000000
9.8781000000
6.7930000000
5.4730000000
7.9771000000
11.9400000000
9.6095000000
5.8248000000
4.5872000000
9.3415000000
12.8370000000
7.3978000000
3.5663000000
5.3962000000
14.9450000000
6.9492000000
1.6516000000
8.5378000000
7.3650000000
-1.3761000000
-20.4370000000
5.9395000000
-0.3462300000
16.2610000000
-4.8195000000
-0.4012500000
-18.6700000000
0.7976200000
12.7290000000
-13.0040000000
-4.1664000000
-0.8407600000
-18.0180000000
-0.9805000000
-5.4633000000
14.2850000000
3.7846000000
-0.0054178000
15.4090000000
-2.5272000000
0.1966600000
7.3619000000
-3.0575000000
-4.4105000000
-8.1816000000
1.8817000000
11.7140000000
-4.3822000000
2.6410000000
16.4590000000
0.4322900000
20.7680000000
-11.9360000000
-5.2278000000
-2.2810000000
-11.5950000000
-10.2410000000
-1.5507000000
-5.0256000000
1.5809000000
-3.9446000000
-14.0890000000
-9.0869000000
-2.2896000000
-3.6115000000
-10.8030000000
1.1428000000
18.0630000000
-8.4507000000
-0.6068300000
-16.2170000000
5.3177000000
-1.6121000000
-19.1200000000
4.4638000000
-0.6236100000
10.6070000000
-4.0362000000
-1.2614000000
-17.1360000000
-0.5464900000
-18.0990000000
11.5190000000
3.3995000000
1.2184000000
16.8760000000
0.1927500000
21.3390000000
-8.7929000000
-3.5063000000
-3.5893000000
-15.9270000000
-5.6246000000
-0.1760400000
-19.4840000000
2.9801000000
-2.2007000000
-17.0300000000
1.4928000000
3.0701000000
-13.4670000000
-1.1140000000
-6.9262000000
10.3650000000
-0.1390300000
12.9920000000
-6.2313000000
-2.5060000000
-9.2326000000
-12.3570000000
-2.6050000000
-0.7314100000
-6.2385000000
3.3956000000
5.0547000000
10.9500000000
-0.5502900000
-15.4240000000
6.6421000000
2.4300000000
7.9188000000
12.8380000000
2.2787000000
0.7697900000
-0.3077100000
-23.5960000000
11.6350000000
6.8308000000
3.9783000000
6.6565000000
14.0100000000
8.1210000000
3.0643000000
4.2050000000
15.7600000000
3.8456000000
-0.6453300000
8.4231000000
-3.9405000000
-2.1857000000
-16.3640000000
-1.3053000000
-2.8916000000
13.5030000000
1.0725000000
7.4866000000
-10.4570000000
-0.0304360000
-19.4470000000
7.0863000000
1.9109000000
7.6808000000
9.8225000000
-0.2941600000
5.6000000000
-5.7638000000
-4.1647000000
-12.5820000000
-10.8840000000
-4.0778000000
-1.9752000000
-16.1880000000
-5.2177000000
0.7826900000
-5.4347000000
4.9424000000
4.0443000000
15.3330000000
6.9807000000
1.1783000000
11.1180000000
2.3594000000
-3.7226000000
-15.4690000000
-6.0690000000
0.4358500000
-13.7520000000
4.9785000000
1.0902000000
16.7220000000
2.9897000000
-2.5159000000
-18.1800000000
0.5573500000
21.5350000000
-10.9870000000
-3.8920000000
-1.8148000000
-16.8680000000
-3.9181000000
1.5096000000
10.5110000000
-4.0001000000
-1.2833000000
-17.0020000000
-0.4428900000
-20.9180000000
10.8260000000
3.4437000000
1.6917000000
17.1260000000
1.6221000000
0.0650670000
-14.7990000000
-0.8133500000
-11.6250000000
11.3960000000
1.6141000000
3.7954000000
-3.8332000000
3.6942000000
10.6100000000
8.5027000000
-0.2570500000
12.6260000000
-5.7959000000
-2.1236000000
-11.2910000000
-10.0130000000
-1.1582000000
-8.3788000000
4.7669000000
-2.7355000000
-13.9500000000
-1.7315000000
2.9290000000
16.0660000000
5.6932000000
-0.0603830000
19.4690000000
-4.0534000000
1.1156000000
1.2489000000
-5.0877000000
-11.7290000000
-11.5180000000
-5.4811000000
-2.7493000000
-10.1790000000
-12.1770000000
-3.1652000000
-0.7517000000
-14.2740000000
1.6445000000
4.3752000000
-10.8010000000
0.4510700000
9.2589000000
-5.9686000000
-3.1039000000
-10.3970000000
-12.3900000000
-3.9605000000
-1.0038000000
-17.8560000000
-1.2206000000
-2.2463000000
14.8990000000
2.9872000000
-0.5946900000
1.0648000000
-3.2823000000
-12.8320000000
-10.4440000000
-4.5946000000
-2.6914000000
-13.4160000000
-9.3274000000
-1.7224000000
-4.9722000000
-3.0174000000
4.0636000000
12.0590000000
8.9173000000
0.5251200000
17.4870000000
-6.3650000000
0.8074000000
2.4844000000
-6.1351000000
-7.6840000000
-13.7060000000
-7.7224000000
-3.1289000000
-4.7843000000
-15.5300000000
-4.6416000000
0.0568050000
-18.2610000000
2.8510000000
-1.4119000000
-11.4820000000
2.7542000000
1.4097000000
2.2187000000
-4.8858000000
-11.5700000000
-11.2680000000
-2.9613000000
-1.2822000000
-13.9850000000
1.2304000000
10.7200000000
-10.8240000000
-0.9358200000
-10.7740000000
7.4386000000
-1.1128000000
-19.6950000000
6.0351000000
0.6900100000
16.3680000000
-0.0841630000
-7.8866000000
7.0221000000
4.6516000000
8.1399000000
12.9930000000
8.5282000000
4.2379000000
4.1915000000
13.8250000000
9.4872000000
2.9580000000
2.6674000000
15.7710000000
1.2451000000
3.9261000000
-12.8310000000
-0.8350400000
-11.8180000000
9.9255000000
0.4931300000
18.2910000000
-7.5110000000
-0.0366220000
-20.4840000000
5.8016000000
0.0750710000
19.6900000000
-3.5420000000
1.7397000000
13.3730000000
-3.3340000000
-0.1893400000
-8.2705000000
3.1967000000
2.9821000000
10.1720000000
-1.6012000000
-11.0300000000
7.2108000000
-1.1978000000
-20.1500000000
5.9267000000
0.4006000000
18.4570000000
-1.9833000000
2.3748000000
16.9060000000
2.9435000000
-1.6128000000
-12.1830000000
2.9500000000
0.7842600000
4.1497000000
-4.0737000000
-7.5444000000
-12.4030000000
-1.5473000000
-3.4871000000
6.8274000000
-2.3887000000
-9.7310000000
-0.1427200000
-19.3850000000
9.0622000000
5.0287000000
4.4890000000
11.4650000000
11.8050000000
5.3884000000
2.4816000000
10.7560000000
11.2990000000
2.2784000000
1.7344000000
4.9150000000
-3.5704000000
-7.3347000000
-10.3270000000
0.1084000000
-14.5750000000
6.3994000000
2.3442000000
8.7634000000
12.1560000000
2.0104000000
1.7108000000
-1.5623000000
4.4778000000
13.1450000000
10.2570000000
3.2334000000
2.0139000000
16.6450000000
1.4208000000
1.6821000000
-13.9470000000
-0.9423900000
-9.3762000000
10.9270000000
0.7381900000
14.0430000000
-8.1532000000
0.2653100000
-13.4720000000
5.7564000000
1.8970000000
11.7880000000
8.9157000000
0.4184500000
19.0080000000
-6.6400000000
0.3609500000
-14.6020000000
5.2472000000
1.1526000000
15.7110000000
3.7523000000
-2.2774000000
-18.8660000000
2.0031000000
-1.2258000000
-15.7890000000
-0.6734900000
-14.7670000000
11.5280000000
2.4932000000
1.3379000000
7.4208000000
-2.9087000000
-4.8813000000
-6.3727000000
2.4619000000
10.3960000000
0.7098100000
7.9886000000
-13.8990000000
-6.8221000000
-2.3913000000
-6.9010000000
-13.0600000000
-1.8430000000
-1.6599000000
5.9900000000
-3.0231000000
-7.2280000000
-6.5432000000
1.9991000000
15.2210000000
-3.1254000000
3.0584000000
17.2980000000
2.1170000000
-2.4337000000
-17.1850000000
-1.8902000000
0.9536700000
15.1210000000
0.0906140000
17.8870000000
-7.7120000000
-3.1521000000
-5.1287000000
-15.3690000000
-4.9452000000
-0.2207000000
-19.0820000000
1.9064000000
-1.3952000000
-16.2550000000
-1.5919000000
-0.8559900000
13.5110000000
0.0603680000
17.7770000000
-7.4432000000
-2.8267000000
-5.6831000000
-14.8270000000
-3.5439000000
0.3791100000
-10.0480000000
3.4597000000
1.4820000000
13.0340000000
-1.3970000000
-9.1788000000
10.0720000000
0.1134900000
21.0350000000
-7.2919000000
-1.4755000000
-8.9522000000
-5.1508000000
2.4282000000
15.3780000000
-0.4400200000
-21.6770000000
11.8010000000
5.4156000000
2.5347000000
10.6010000000
11.5150000000
2.4618000000
1.3584000000
6.9183000000
-3.0309000000
-5.2049000000
-7.5836000000
1.9325000000
12.7320000000
-3.7886000000
2.9051000000
16.5340000000
1.6744000000
-2.1322000000
-16.4470000000
-4.2271000000
0.8432100000
-5.6281000000
4.5637000000
3.9875000000
15.8990000000
4.9780000000
-0.0814660000
18.7030000000
-3.2581000000
1.4186000000
9.1148000000
-3.5340000000
-1.9487000000
-13.8870000000
0.7341400000
21.5580000000
-9.4401000000
-2.3515000000
-3.2117000000
-10.9520000000
1.2384000000
15.9110000000
-8.5631000000
-0.2867500000
-20.2910000000
6.4765000000
-0.1127500000
19.4070000000
-5.0167000000
0.2108600000
-17.6910000000
3.5741000000
-0.9165100000
0.6149200000
5.4669000000
-12.8840000000
-9.1231000000
-4.6556000000
-3.8930000000
-12.5720000000
-10.8710000000
-3.8157000000
-1.8134000000
-16.9990000000
-3.5881000000
1.6528000000
12.3000000000
-3.6002000000
-0.5733000000
-13.3330000000
2.0525000000
2.3296000000
-7.9679000000
2.1720000000
8.8390000000
-2.0099000000
3.9663000000
14.7380000000
7.7350000000
0.8495900000
13.3110000000
-2.4489000000
3.5379000000
16.0710000000
5.0823000000
-1.0277000000
-2.7094000000
5.7972000000
7.5529000000
14.0180000000
7.0034000000
2.4241000000
6.4797000000
13.3110000000
1.8385000000
1.5254000000
-6.6824000000
2.8001000000
6.8693000000
4.6365000000
-2.9586000000
-12.4080000000
-3.6306000000
2.9084000000
16.9270000000
1.5374000000
-1.4955000000
-16.2190000000
-4.2286000000
0.6837900000
-9.2031000000
4.1061000000
1.8143000000
17.0370000000
1.7576000000
-0.4299600000
-14.7740000000
-0.2982200000
-22.4050000000
9.2837000000
2.8117000000
2.9837000000
15.1380000000
0.9380900000
8.8818000000
-11.8870000000
-1.4216000000
-4.7096000000
6.6080000000
-2.2928000000
-11.4240000000
0.8241100000
5.5305000000
-14.2350000000
-6.8009000000
-2.1424000000
-7.3691000000
-11.6260000000
-0.7801600000
-13.1590000000
8.8362000000
0.0124080000
20.1290000000
-6.6130000000
-1.1402000000
-12.2030000000
-2.9231000000
3.3698000000
