92468.0000000000
182960.0000000000
189000.0000000000
48295.0000000000
193670.0000000000
232730.0000000000
217070.0000000000
145490.0000000000
155620.0000000000
123840.0000000000
256910.0000000000
35614.0000000000
98507.0000000000
25376.0000000000
86792.0000000000
91034.0000000000
57075.0000000000
167760.0000000000
247990.0000000000
127850.0000000000
138530.0000000000
206890.0000000000
31948.0000000000
98426.0000000000
226920.0000000000
208330.0000000000
197790.0000000000
71137.0000000000
11446.0000000000
141020.0000000000
52299.0000000000
15725.0000000000
116460.0000000000
213430.0000000000
37875.0000000000
171850.0000000000
185800.0000000000
237740.0000000000
238060.0000000000
186440.0000000000
142290.0000000000
95561.0000000000
243890.0000000000
130220.0000000000
216180.0000000000
9301.5000000000
121880.0000000000
23913.0000000000
1422.0000000000
100700.0000000000
150730.0000000000
206730.0000000000
168850.0000000000
14199.0000000000
104490.0000000000
214560.0000000000
96929.0000000000
160270.0000000000
155720.0000000000
55705.0000000000
232900.0000000000
172370.0000000000
29030.0000000000
255430.0000000000
112340.0000000000
20723.0000000000
33843.0000000000
150930.0000000000
72282.0000000000
154010.0000000000
88323.0000000000
139040.0000000000
178020.0000000000
150790.0000000000
104140.0000000000
100830.0000000000
251390.0000000000
27567.0000000000
176830.0000000000
223720.0000000000
223190.0000000000
56625.0000000000
63305.0000000000
74080.0000000000
31880.0000000000
130120.0000000000
20256.0000000000
67303.0000000000
105540.0000000000
225860.0000000000
152060.0000000000
151620.0000000000
94243.0000000000
160220.0000000000
82766.0000000000
111820.0000000000
259180.0000000000
183550.0000000000
248000.0000000000
197030.0000000000
75430.0000000000
85057.0000000000
141370.0000000000
258000.0000000000
9890.0000000000
177010.0000000000
254360.0000000000
245330.0000000000
253640.0000000000
10872.0000000000
193130.0000000000
253970.0000000000
37489.0000000000
9425.5000000000
229630.0000000000
114200.0000000000
122720.0000000000
53359.0000000000
66356.0000000000
84154.0000000000
172650.0000000000
206200.0000000000
257930.0000000000
51981.0000000000
76972.0000000000
208060.0000000000
68608.0000000000
98800.0000000000
44902.0000000000
70999.0000000000
60259.0000000000
89645.0000000000
244740.0000000000
220760.0000000000
79499.0000000000
106810.0000000000
249010.0000000000
148140.0000000000
160850.0000000000
170420.0000000000
99625.0000000000
235520.0000000000
198690.0000000000
23751.0000000000
141810.0000000000
19404.0000000000
202390.0000000000
20194.0000000000
145280.0000000000
146610.0000000000
97887.0000000000
1414.3000000000
45363.0000000000
247990.0000000000
112410.0000000000
54689.0000000000
230590.0000000000
246590.0000000000
187260.0000000000
39060.0000000000
80597.0000000000
175380.0000000000
232910.0000000000
213090.0000000000
197710.0000000000
59837.0000000000
189810.0000000000
112990.0000000000
37687.0000000000
124480.0000000000
153910.0000000000
87616.0000000000
11648.0000000000
27404.0000000000
48601.0000000000
46965.0000000000
24054.0000000000
233260.0000000000
139100.0000000000
89958.0000000000
149040.0000000000
81379.0000000000
56348.0000000000
160180.0000000000
75573.0000000000
65939.0000000000
218620.0000000000
25642.0000000000
172590.0000000000
33705.0000000000
207410.0000000000
100900.0000000000
26967.0000000000
38585.0000000000
59448.0000000000
1248.4000000000
156650.0000000000
224170.0000000000
68197.0000000000
12828.0000000000
159810.0000000000
252710.0000000000
131830.0000000000
35606.0000000000
39207.0000000000
94830.0000000000
202770.0000000000
146310.0000000000
36123.0000000000
106490.0000000000
24447.0000000000
189390.0000000000
10719.0000000000
133960.0000000000
228840.0000000000
210360.0000000000
183180.0000000000
238740.0000000000
129240.0000000000
176340.0000000000
125280.0000000000
191310.0000000000
243370.0000000000
20630.0000000000
149510.0000000000
66519.0000000000
215780.0000000000
11232.0000000000
171040.0000000000
126080.0000000000
174570.0000000000
147420.0000000000
189680.0000000000
247550.0000000000
79322.0000000000
139490.0000000000
59003.0000000000
195700.0000000000
170700.0000000000
230890.0000000000
97917.0000000000
217800.0000000000
188740.0000000000
11601.0000000000
211810.0000000000
148660.0000000000
211260.0000000000
147450.0000000000
115290.0000000000
135490.0000000000
1774.7000000000
27090.0000000000
138160.0000000000
131710.0000000000
236630.0000000000
139340.0000000000
22529.0000000000
233080.0000000000
168210.0000000000
108940.0000000000
117600.0000000000
41846.0000000000
18418.0000000000
166680.0000000000
47203.0000000000
169290.0000000000
67482.0000000000
92374.0000000000
34136.0000000000
174300.0000000000
66676.0000000000
37010.0000000000
215740.0000000000
195490.0000000000
11878.0000000000
113680.0000000000
24211.0000000000
56173.0000000000
204320.0000000000
53345.0000000000
223800.0000000000
248500.0000000000
80132.0000000000
221380.0000000000
87923.0000000000
131200.0000000000
215110.0000000000
106940.0000000000
84323.0000000000
80172.0000000000
247030.0000000000
246660.0000000000
218620.0000000000
74979.0000000000
232450.0000000000
66090.0000000000
257070.0000000000
164640.0000000000
253810.0000000000
192150.0000000000
14107.0000000000
220550.0000000000
91412.0000000000
164960.0000000000
223080.0000000000
13458.0000000000
256160.0000000000
102330.0000000000
102220.0000000000
132800.0000000000
235900.0000000000
96349.0000000000
169410.0000000000
119650.0000000000
176210.0000000000
193120.0000000000
196870.0000000000
34080.0000000000
33883.0000000000
178120.0000000000
81990.0000000000
13689.0000000000
91345.0000000000
203910.0000000000
5204.7000000000
156180.0000000000
239760.0000000000
186760.0000000000
134390.0000000000
207480.0000000000
104610.0000000000
45528.0000000000
134810.0000000000
92335.0000000000
13605.0000000000
5442.5000000000
39846.0000000000
250400.0000000000
215080.0000000000
189050.0000000000
149750.0000000000
222840.0000000000
161120.0000000000
12763.0000000000
217620.0000000000
154860.0000000000
188300.0000000000
240210.0000000000
255310.0000000000
30250.0000000000
152870.0000000000
175580.0000000000
108230.0000000000
7534.5000000000
204250.0000000000
105780.0000000000
131650.0000000000
43341.0000000000
68257.0000000000
178590.0000000000
117460.0000000000
98932.0000000000
209370.0000000000
123200.0000000000
100160.0000000000
152360.0000000000
206750.0000000000
72360.0000000000
190740.0000000000
16224.0000000000
46148.0000000000
153340.0000000000
216290.0000000000
257000.0000000000
180660.0000000000
143690.0000000000
201920.0000000000
68826.0000000000
101110.0000000000
228540.0000000000
139940.0000000000
136810.0000000000
81554.0000000000
8425.0000000000
82949.0000000000
122010.0000000000
138450.0000000000
163770.0000000000
42656.0000000000
99170.0000000000
91431.0000000000
37082.0000000000
212580.0000000000
244880.0000000000
207210.0000000000
204670.0000000000
218840.0000000000
72128.0000000000
93956.0000000000
188410.0000000000
250050.0000000000
62423.0000000000
252460.0000000000
120310.0000000000
178540.0000000000
252380.0000000000
63242.0000000000
139020.0000000000
42232.0000000000
181040.0000000000
244940.0000000000
110420.0000000000
73051.0000000000
198060.0000000000
193450.0000000000
190560.0000000000
12440.0000000000
244610.0000000000
51448.0000000000
157380.0000000000
46924.0000000000
254360.0000000000
250790.0000000000
103330.0000000000
253250.0000000000
100840.0000000000
82809.0000000000
155830.0000000000
108360.0000000000
127940.0000000000
221520.0000000000
3496.2000000000
137700.0000000000
190100.0000000000
127510.0000000000
42242.0000000000
258800.0000000000
53266.0000000000
182350.0000000000
253460.0000000000
4038.1000000000
119810.0000000000
258890.0000000000
183740.0000000000
104150.0000000000
144700.0000000000
170850.0000000000
26270.0000000000
248610.0000000000
90036.0000000000
187140.0000000000
211720.0000000000
21155.0000000000
7622.6000000000
55822.0000000000
27238.0000000000
159370.0000000000
245500.0000000000
166480.0000000000
188190.0000000000
250210.0000000000
164080.0000000000
185330.0000000000
31515.0000000000
119160.0000000000
27554.0000000000
88008.0000000000
217050.0000000000
247370.0000000000
108770.0000000000
220290.0000000000
50507.0000000000
180040.0000000000
118230.0000000000
127660.0000000000
55216.0000000000
109940.0000000000
253030.0000000000
41654.0000000000
202270.0000000000
192950.0000000000
236990.0000000000
98216.0000000000
19873.0000000000
187650.0000000000
240050.0000000000
139240.0000000000
63504.0000000000
196440.0000000000
47955.0000000000
97317.0000000000
81251.0000000000
175510.0000000000
111270.0000000000
186100.0000000000
95168.0000000000
27951.0000000000
67087.0000000000
118650.0000000000
251430.0000000000
20961.0000000000
176790.0000000000
204960.0000000000
216870.0000000000
230950.0000000000
236600.0000000000
181540.0000000000
195530.0000000000
53510.0000000000
108150.0000000000
179370.0000000000
195650.0000000000
110960.0000000000
54576.0000000000
201390.0000000000
138950.0000000000
77502.0000000000
104740.0000000000
183340.0000000000
34829.0000000000
197960.0000000000
517.1900000000
119220.0000000000
219300.0000000000
20136.0000000000
245800.0000000000
251730.0000000000
103550.0000000000
43165.0000000000
109800.0000000000
31331.0000000000
97677.0000000000
61059.0000000000
101620.0000000000
250660.0000000000
229630.0000000000
163050.0000000000
103230.0000000000
59647.0000000000
125000.0000000000
243570.0000000000
159160.0000000000
7082.7000000000
88317.0000000000
95351.0000000000
35087.0000000000
222160.0000000000
175650.0000000000
85819.0000000000
137190.0000000000
216010.0000000000
109510.0000000000
83826.0000000000
163480.0000000000
44099.0000000000
36254.0000000000
6402.1000000000
152770.0000000000
237310.0000000000
52176.0000000000
171100.0000000000
43184.0000000000
242760.0000000000
53698.0000000000
157970.0000000000
73174.0000000000
39689.0000000000
170710.0000000000
69060.0000000000
210410.0000000000
5868.1000000000
227910.0000000000
38418.0000000000
163960.0000000000
71106.0000000000
48568.0000000000
66015.0000000000
238830.0000000000
231620.0000000000
82267.0000000000
175700.0000000000
181710.0000000000
92373.0000000000
23856.0000000000
119540.0000000000
165150.0000000000
29442.0000000000
89201.0000000000
183810.0000000000
22073.0000000000
84351.0000000000
22930.0000000000
245270.0000000000
100350.0000000000
219230.0000000000
244590.0000000000
188390.0000000000
108540.0000000000
118350.0000000000
208390.0000000000
128060.0000000000
100040.0000000000
91308.0000000000
197370.0000000000
178750.0000000000
226050.0000000000
226530.0000000000
71902.0000000000
29253.0000000000
34892.0000000000
128070.0000000000
156710.0000000000
137440.0000000000
169000.0000000000
13112.0000000000
118960.0000000000
138610.0000000000
238620.0000000000
59954.0000000000
244040.0000000000
169850.0000000000
130020.0000000000
79945.0000000000
184120.0000000000
185560.0000000000
82392.0000000000
31840.0000000000
104250.0000000000
115430.0000000000
52018.0000000000
82544.0000000000
78988.0000000000
87167.0000000000
178020.0000000000
214270.0000000000
72070.0000000000
195670.0000000000
16929.0000000000
155670.0000000000
240220.0000000000
77766.0000000000
174790.0000000000
155420.0000000000
5669.7000000000
106940.0000000000
116140.0000000000
6132.9000000000
44719.0000000000
60925.0000000000
184990.0000000000
206730.0000000000
193880.0000000000
186820.0000000000
61709.0000000000
79195.0000000000
12841.0000000000
257470.0000000000
136010.0000000000
97296.0000000000
189790.0000000000
247770.0000000000
93513.0000000000
132970.0000000000
123590.0000000000
39071.0000000000
159060.0000000000
100240.0000000000
236320.0000000000
225080.0000000000
72099.0000000000
145610.0000000000
203420.0000000000
131450.0000000000
200410.0000000000
125560.0000000000
99853.0000000000
47306.0000000000
126660.0000000000
185730.0000000000
55839.0000000000
151990.0000000000
150970.0000000000
108880.0000000000
236620.0000000000
25039.0000000000
7037.3000000000
23601.0000000000
109400.0000000000
35306.0000000000
235110.0000000000
141100.0000000000
107900.0000000000
202930.0000000000
250120.0000000000
38321.0000000000
251300.0000000000
162870.0000000000
103450.0000000000
79537.0000000000
124020.0000000000
230080.0000000000
235860.0000000000
51456.0000000000
216210.0000000000
196620.0000000000
258460.0000000000
195990.0000000000
218760.0000000000
8032.4000000000
131240.0000000000
234220.0000000000
234220.0000000000
245310.0000000000
110450.0000000000
10298.0000000000
238150.0000000000
79590.0000000000
242310.0000000000
200260.0000000000
123690.0000000000
216570.0000000000
180790.0000000000
234340.0000000000
70075.0000000000
203200.0000000000
106950.0000000000
172110.0000000000
198420.0000000000
205680.0000000000
157890.0000000000
50450.0000000000
33059.0000000000
961.2300000000
179710.0000000000
73908.0000000000
101280.0000000000
106750.0000000000
63635.0000000000
92220.0000000000
228280.0000000000
125020.0000000000
146990.0000000000
179480.0000000000
229760.0000000000
1570.4000000000
123730.0000000000
241280.0000000000
150780.0000000000
54379.0000000000
93414.0000000000
205080.0000000000
51212.0000000000
29954.0000000000
119740.0000000000
16124.0000000000
115020.0000000000
38883.0000000000
113090.0000000000
216620.0000000000
46852.0000000000
977.5500000000
37088.0000000000
256880.0000000000
88549.0000000000
192030.0000000000
179950.0000000000
240870.0000000000
26931.0000000000
40963.0000000000
194640.0000000000
144540.0000000000
80732.0000000000
102170.0000000000
18196.0000000000
135820.0000000000
37952.0000000000
204680.0000000000
78311.0000000000
181740.0000000000
13204.0000000000
258100.0000000000
9463.1000000000
238750.0000000000
233070.0000000000
86565.0000000000
25871.0000000000
248750.0000000000
108650.0000000000
105080.0000000000
26445.0000000000
199770.0000000000
224090.0000000000
246280.0000000000
60535.0000000000
251530.0000000000
242780.0000000000
247990.0000000000
80884.0000000000
148230.0000000000
247870.0000000000
5548.7000000000
20572.0000000000
251250.0000000000
74001.0000000000
248190.0000000000
193970.0000000000
44747.0000000000
259110.0000000000
169750.0000000000
207300.0000000000
75557.0000000000
209730.0000000000
49068.0000000000
7552.0000000000
69982.0000000000
59962.0000000000
47101.0000000000
218680.0000000000
225730.0000000000
3237.6000000000
105680.0000000000
209720.0000000000
235850.0000000000
207240.0000000000
170280.0000000000
115740.0000000000
191900.0000000000
16066.0000000000
218330.0000000000
72405.0000000000
255900.0000000000
68390.0000000000
93209.0000000000
33732.0000000000
137860.0000000000
73992.0000000000
180560.0000000000
173010.0000000000
193350.0000000000
24722.0000000000
75861.0000000000
52586.0000000000
253050.0000000000
174240.0000000000
167970.0000000000
191180.0000000000
72267.0000000000
45788.0000000000
177060.0000000000
67266.0000000000
104540.0000000000
96701.0000000000
90202.0000000000
75202.0000000000
7153.9000000000
78194.0000000000
124880.0000000000
176590.0000000000
62685.0000000000
51895.0000000000
238960.0000000000
171620.0000000000
73374.0000000000
175200.0000000000
223840.0000000000
35220.0000000000
134660.0000000000
33004.0000000000
121600.0000000000
58819.0000000000
177540.0000000000
107890.0000000000
188520.0000000000
20078.0000000000
94104.0000000000
204660.0000000000
145900.0000000000
231850.0000000000
187110.0000000000
13248.0000000000
50745.0000000000
63930.0000000000
129100.0000000000
254940.0000000000
194530.0000000000
158400.0000000000
59993.0000000000
5259.7000000000
29980.0000000000
44194.0000000000
194190.0000000000
43370.0000000000
13780.0000000000
222820.0000000000
233350.0000000000
45384.0000000000
144550.0000000000
171740.0000000000
139950.0000000000
248940.0000000000
120800.0000000000
41290.0000000000
198000.0000000000
72127.0000000000
82036.0000000000
83672.0000000000
101830.0000000000
166870.0000000000
118780.0000000000
146660.0000000000
183200.0000000000
130640.0000000000
106450.0000000000
9771.9000000000
111300.0000000000
171040.0000000000
122570.0000000000
44419.0000000000
249460.0000000000
243130.0000000000
151080.0000000000
124450.0000000000
225510.0000000000
29191.0000000000
110690.0000000000
156710.0000000000
158940.0000000000
20058.0000000000
207240.0000000000
157980.0000000000
138440.0000000000
69292.0000000000
54857.0000000000
137530.0000000000
23452.0000000000
85718.0000000000
194700.0000000000
44469.0000000000
88124.0000000000
13175.0000000000
49689.0000000000
39109.0000000000
174860.0000000000
134270.0000000000
91288.0000000000
51491.0000000000
208650.0000000000
142920.0000000000
183030.0000000000
182350.0000000000
257860.0000000000
96117.0000000000
62479.0000000000
132060.0000000000
141350.0000000000
134460.0000000000
147180.0000000000
249590.0000000000
137230.0000000000
8314.6000000000
72595.0000000000
54249.0000000000
201220.0000000000
223970.0000000000
146080.0000000000
191830.0000000000
27381.0000000000
144170.0000000000
14409.0000000000
49169.0000000000
210490.0000000000
41479.0000000000
247340.0000000000
99099.0000000000
103560.0000000000
106030.0000000000
97946.0000000000
162990.0000000000
146640.0000000000
36470.0000000000
252600.0000000000
70897.0000000000
113090.0000000000
250910.0000000000
202480.0000000000
127330.0000000000
12813.0000000000
52273.0000000000
86356.0000000000
86565.0000000000
23332.0000000000
5655.6000000000
6127.6000000000
7247.3000000000
226590.0000000000
233270.0000000000
184770.0000000000
134890.0000000000
151290.0000000000
70177.0000000000
