139.0000000000
141.2500000000
145.0000000000
140.0000000000
143.5000000000
145.0000000000
145.0000000000
146.0000000000
144.0000000000
142.0000000000
144.7500000000
153.0000000000
150.0000000000
151.5000000000
151.7500000000
161.7500000000
155.0000000000
145.0000000000
138.5000000000
138.7500000000
136.0000000000
130.0000000000
127.0000000000
125.7500000000
125.2500000000
140.0000000000
136.0000000000
138.0000000000
141.2500000000
142.0000000000
142.2500000000
145.2500000000
153.7500000000
150.2500000000
157.2500000000
147.0000000000
157.7500000000
154.2500000000
150.7500000000
153.2500000000
160.5000000000
155.7500000000
153.0000000000
141.0000000000
146.2500000000
149.7500000000
139.7500000000
139.5000000000
146.0000000000
143.7500000000
154.7500000000
161.0000000000
168.0000000000
165.2500000000
168.0000000000
170.0000000000
165.0000000000
165.2500000000
174.0000000000
171.0000000000
172.2500000000
173.7500000000
179.0000000000
172.2500000000
169.2500000000
179.7500000000
193.0000000000
190.0000000000
182.0000000000
186.0000000000
179.0000000000
175.0000000000
199.0000000000
186.2500000000
182.0000000000
185.0000000000
173.5000000000
174.2500000000
177.0000000000
173.0000000000
189.5000000000
193.0000000000
210.0000000000
186.7500000000
190.0000000000
166.7500000000
172.2500000000
162.0000000000
170.0000000000
170.0000000000
174.7500000000
160.5000000000
166.0000000000
176.5000000000
180.0000000000
195.7500000000
193.0000000000
185.7500000000
210.5000000000
219.0000000000
206.5000000000
184.7500000000
180.0000000000
170.2500000000
167.0000000000
147.2500000000
159.0000000000
155.0000000000
153.0000000000
144.7500000000
138.5000000000
146.0000000000
143.5000000000
159.7500000000
168.0000000000
161.0000000000
155.2500000000
180.0000000000
160.0000000000
164.0000000000
170.7500000000
171.0000000000
163.5000000000
166.2500000000
153.7500000000
167.0000000000
190.0000000000
209.2500000000
212.2500000000
215.0000000000
218.5000000000
234.0000000000
221.0000000000
205.2500000000
208.0000000000
198.0000000000
201.7500000000
214.0000000000
207.5000000000
184.7500000000
192.2500000000
178.5000000000
182.7500000000
187.5000000000
184.0000000000
166.2500000000
172.0000000000
160.0000000000
160.0000000000
158.0000000000
149.0000000000
143.0000000000
148.0000000000
155.5000000000
167.2500000000
160.5000000000
156.0000000000
177.0000000000
183.5000000000
176.0000000000
157.5000000000
166.5000000000
165.0000000000
133.0000000000
132.0000000000
129.2500000000
131.0000000000
135.0000000000
133.0000000000
141.0000000000
143.0000000000
149.5000000000
151.7500000000
151.2500000000
137.0000000000
116.0000000000
104.5000000000
98.7500000000
100.5000000000
100.0000000000
104.0000000000
99.0000000000
92.5000000000
99.0000000000
109.0000000000
110.0000000000
106.5000000000
109.5000000000
142.7500000000
145.0000000000
137.0000000000
147.7500000000
150.0000000000
161.0000000000
157.5000000000
154.5000000000
142.0000000000
168.0000000000
172.0000000000
167.5000000000
141.0000000000
132.0000000000
164.5000000000
188.0000000000
228.0000000000
215.0000000000
216.0000000000
232.7500000000
236.0000000000
235.0000000000
232.2500000000
236.2500000000
240.0000000000
244.2500000000
250.0000000000
262.7500000000
260.5000000000
272.2500000000
265.2500000000
266.5000000000
272.0000000000
282.0000000000
290.2500000000
300.0000000000
290.0000000000
274.0000000000
263.2500000000
259.0000000000
256.7500000000
255.7500000000
264.0000000000
262.7500000000
268.2500000000
261.0000000000
284.7500000000
289.2500000000
292.0000000000
278.0000000000
290.0000000000
282.0000000000
285.0000000000
282.2500000000
289.0000000000
295.2500000000
300.7500000000
305.0000000000
316.0000000000
327.7500000000
339.2500000000
341.2500000000
320.5000000000
310.0000000000
319.5000000000
288.0000000000
299.0000000000
276.0000000000
270.0000000000
270.0000000000
255.0000000000
260.0000000000
250.7500000000
258.0000000000
263.0000000000
260.0000000000
262.0000000000
255.0000000000
267.2500000000
266.0000000000
273.5000000000
274.0000000000
292.0000000000
300.5000000000
305.0000000000
293.0000000000
302.0000000000
302.0000000000
283.5000000000
282.0000000000
290.0000000000
294.7500000000
280.0000000000
277.5000000000
277.0000000000
280.0000000000
274.0000000000
270.2500000000
262.0000000000
270.0000000000
278.0000000000
283.0000000000
293.2500000000
300.0000000000
288.0000000000
288.7500000000
295.7500000000
294.7500000000
295.0000000000
325.0000000000
323.5000000000
302.5000000000
292.0000000000
295.0000000000
298.5000000000
289.0000000000
272.0000000000
282.5000000000
270.0000000000
264.0000000000
267.5000000000
268.0000000000
284.0000000000
295.0000000000
303.5000000000
317.0000000000
327.0000000000
326.5000000000
318.7500000000
320.5000000000
322.0000000000
328.2500000000
328.2500000000
324.7500000000
328.0000000000
323.0000000000
321.2500000000
327.2500000000
325.7500000000
335.2500000000
350.0000000000
346.7500000000
356.7500000000
345.5000000000
346.0000000000
355.0000000000
345.0000000000
362.0000000000
346.0000000000
340.0000000000
344.0000000000
331.5000000000
335.0000000000
351.7500000000
337.0000000000
332.5000000000
335.0000000000
340.0000000000
362.5000000000
365.0000000000
375.0000000000
370.0000000000
357.2500000000
355.0000000000
360.0000000000
356.0000000000
374.5000000000
365.0000000000
368.0000000000
376.0000000000
402.5000000000
382.0000000000
368.2500000000
378.7500000000
375.0000000000
378.2500000000
380.2500000000
378.0000000000
375.0000000000
370.0000000000
370.0000000000
363.0000000000
366.0000000000
380.0000000000
386.0000000000
401.7500000000
402.0000000000
399.0000000000
410.0000000000
420.0000000000
426.0000000000
427.0000000000
407.0000000000
398.0000000000
400.7500000000
397.2500000000
391.0000000000
385.0000000000
416.0000000000
418.7500000000
444.0000000000
454.2500000000
440.0000000000
467.0000000000
494.2500000000
506.0000000000
514.5000000000
503.0000000000
500.0000000000
508.0000000000
510.0000000000
518.5000000000
515.0000000000
518.5000000000
505.0000000000
506.5000000000
494.0000000000
508.5000000000
513.0000000000
512.0000000000
526.0000000000
517.0000000000
515.0000000000
528.0000000000
525.5000000000
505.0000000000
505.0000000000
520.0000000000
538.5000000000
538.0000000000
541.0000000000
518.0000000000
509.0000000000
490.7500000000
504.0000000000
500.0000000000
494.0000000000
492.5000000000
492.0000000000
467.0000000000
489.5000000000
488.5000000000
507.5000000000
522.5000000000
510.0000000000
507.0000000000
498.0000000000
510.0000000000
511.5000000000
520.0000000000
506.5000000000
506.5000000000
512.0000000000
538.0000000000
529.5000000000
537.0000000000
532.0000000000
519.5000000000
507.0000000000
508.0000000000
513.5000000000
513.0000000000
514.0000000000
510.0000000000
518.5000000000
540.0000000000
552.0000000000
553.0000000000
567.5000000000
550.0000000000
545.0000000000
539.0000000000
528.0000000000
537.5000000000
531.0000000000
553.0000000000
569.0000000000
580.0000000000
585.0000000000
589.5000000000
587.0000000000
582.5000000000
587.0000000000
587.5000000000
591.5000000000
608.5000000000
616.5000000000
625.0000000000
630.0000000000
619.0000000000
620.5000000000
617.0000000000
615.0000000000
620.0000000000
617.5000000000
621.0000000000
626.0000000000
646.0000000000
643.0000000000
614.0000000000
614.0000000000
610.5000000000
606.0000000000
600.0000000000
621.5000000000
618.0000000000
615.0000000000
620.0000000000
626.5000000000
625.5000000000
620.5000000000
630.0000000000
639.5000000000
640.5000000000
640.0000000000
635.5000000000
654.0000000000
657.5000000000
654.0000000000
654.0000000000
650.0000000000
647.0000000000
650.0000000000
650.0000000000
629.5000000000
629.5000000000
630.0000000000
648.0000000000
626.0000000000
605.0000000000
610.0000000000
575.0000000000
579.5000000000
580.0000000000
575.0000000000
570.0000000000
578.0000000000
623.5000000000
630.0000000000
630.5000000000
621.5000000000
608.5000000000
601.0000000000
612.0000000000
623.0000000000
630.0000000000
626.0000000000
645.0000000000
635.0000000000
633.5000000000
630.0000000000
638.5000000000
642.0000000000
634.5000000000
639.5000000000
653.0000000000
638.5000000000
641.0000000000
640.0000000000
651.0000000000
661.5000000000
662.5000000000
656.5000000000
649.0000000000
631.0000000000
625.0000000000
620.0000000000
620.0000000000
619.0000000000
620.0000000000
632.0000000000
627.5000000000
634.0000000000
630.0000000000
633.0000000000
630.0000000000
626.0000000000
652.5000000000
660.0000000000
668.0000000000
690.5000000000
702.5000000000
712.5000000000
715.5000000000
725.5000000000
725.5000000000
737.0000000000
719.0000000000
714.5000000000
713.0000000000
712.0000000000
713.0000000000
705.5000000000
705.5000000000
709.5000000000
709.0000000000
706.0000000000
703.5000000000
706.5000000000
712.5000000000
711.0000000000
705.5000000000
710.0000000000
713.0000000000
702.0000000000
696.0000000000
684.0000000000
670.0000000000
663.0000000000
666.5000000000
653.0000000000
644.0000000000
635.0000000000
647.0000000000
635.0000000000
634.0000000000
647.5000000000
648.5000000000
647.0000000000
640.0000000000
640.0000000000
645.5000000000
648.5000000000
643.5000000000
609.0000000000
613.0000000000
614.5000000000
610.0000000000
602.5000000000
605.0000000000
606.0000000000
619.0000000000
611.0000000000
615.0000000000
628.0000000000
621.5000000000
616.0000000000
620.0000000000
618.5000000000
623.5000000000
626.0000000000
628.0000000000
630.0000000000
632.0000000000
626.5000000000
625.0000000000
625.5000000000
630.0000000000
612.0000000000
610.0000000000
619.0000000000
606.5000000000
605.0000000000
589.5000000000
588.0000000000
593.5000000000
571.5000000000
575.0000000000
568.0000000000
568.0000000000
579.5000000000
573.0000000000
587.0000000000
583.5000000000
574.7500000000
570.0000000000
574.7500000000
534.7500000000
537.7500000000
532.0000000000
517.0000000000
529.5000000000
519.0000000000
507.7500000000
504.0000000000
501.7500000000
492.0000000000
500.0000000000
492.5000000000
492.7500000000
500.5000000000
503.0000000000
507.7500000000
499.0000000000
504.7500000000
503.0000000000
487.0000000000
477.0000000000
481.0000000000
473.0000000000
480.2500000000
489.7500000000
482.0000000000
480.0000000000
486.0000000000
502.0000000000
503.0000000000
495.0000000000
496.7500000000
492.0000000000
497.0000000000
491.7500000000
484.5000000000
491.0000000000
491.5000000000
502.5000000000
496.5000000000
485.5000000000
493.7500000000
485.0000000000
491.2500000000
503.7500000000
499.0000000000
505.2500000000
503.0000000000
495.5000000000
491.0000000000
496.0000000000
501.5000000000
499.5000000000
488.0000000000
475.0000000000
480.0000000000
483.7500000000
476.5000000000
469.0000000000
467.0000000000
459.7500000000
472.0000000000
476.0000000000
460.0000000000
448.0000000000
438.0000000000
440.0000000000
437.0000000000
445.0000000000
456.0000000000
470.0000000000
484.0000000000
476.0000000000
468.0000000000
464.5000000000
478.0000000000
478.5000000000
465.0000000000
461.0000000000
456.0000000000
445.0000000000
465.0000000000
455.0000000000
465.0000000000
485.0000000000
483.0000000000
496.5000000000
509.5000000000
523.0000000000
523.0000000000
529.5000000000
531.0000000000
530.0000000000
535.0000000000
531.5000000000
535.5000000000
531.5000000000
532.0000000000
535.5000000000
534.0000000000
540.0000000000
535.0000000000
545.0000000000
556.5000000000
554.0000000000
550.0000000000
545.5000000000
545.5000000000
545.5000000000
545.5000000000
560.5000000000
574.0000000000
571.0000000000
569.0000000000
556.0000000000
550.0000000000
559.5000000000
565.5000000000
568.0000000000
560.0000000000
570.0000000000
576.5000000000
567.5000000000
565.5000000000
578.0000000000
565.5000000000
574.5000000000
580.2500000000
550.0000000000
555.0000000000
545.0000000000
547.2500000000
545.7500000000
539.7500000000
548.0000000000
552.0000000000
564.7500000000
555.0000000000
555.0000000000
545.7500000000
552.7500000000
548.5000000000
551.0000000000
554.7500000000
550.2500000000
555.2500000000
557.0000000000
563.7500000000
561.7500000000
559.7500000000
553.0000000000
560.0000000000
565.2500000000
564.5000000000
542.0000000000
550.7500000000
547.0000000000
529.5000000000
525.0000000000
518.0000000000
522.0000000000
525.0000000000
521.0000000000
519.5000000000
500.0000000000
497.0000000000
493.2500000000
502.7500000000
498.0000000000
493.7500000000
500.0000000000
512.7500000000
509.7500000000
507.5000000000
508.0000000000
518.0000000000
522.0000000000
517.5000000000
528.0000000000
535.5000000000
537.2500000000
535.0000000000
539.7500000000
538.5000000000
535.0000000000
537.0000000000
537.0000000000
538.5000000000
514.7500000000
501.0000000000
500.0000000000
502.0000000000
495.2500000000
490.7500000000
495.7500000000
493.0000000000
485.0000000000
473.5000000000
475.2500000000
475.0000000000
479.7500000000
482.0000000000
486.0000000000
494.2500000000
492.0000000000
485.2500000000
493.0000000000
486.2500000000
485.0000000000
472.2500000000
477.5000000000
472.0000000000
470.7500000000
473.0000000000
483.0000000000
480.0000000000
474.7500000000
453.5000000000
456.2500000000
467.7500000000
459.7500000000
456.5000000000
450.0000000000
458.0000000000
443.0000000000
428.7500000000
420.0000000000
417.0000000000
417.2500000000
421.2500000000
415.0000000000
422.0000000000
420.7500000000
423.0000000000
430.2500000000
435.0000000000
430.5000000000
437.0000000000
439.0000000000
432.7500000000
426.5000000000
431.5000000000
426.0000000000
428.2500000000
437.7500000000
434.0000000000
433.0000000000
435.5000000000
438.0000000000
429.0000000000
418.0000000000
417.5000000000
416.0000000000
420.0000000000
427.0000000000
431.5000000000
430.0000000000
430.0000000000
426.7500000000
425.2500000000
422.5000000000
422.0000000000
414.5000000000
422.0000000000
415.7500000000
420.0000000000
420.0000000000
419.0000000000
419.0000000000
416.0000000000
412.0000000000
410.0000000000
410.0000000000
411.0000000000
404.5000000000
391.5000000000
390.2500000000
385.0000000000
390.0000000000
392.7500000000
382.0000000000
383.0000000000
388.0000000000
395.2500000000
401.0000000000
397.0000000000
407.0000000000
410.0000000000
408.0000000000
406.0000000000
412.2500000000
419.0000000000
418.0000000000
417.0000000000
412.0000000000
406.7500000000
407.7500000000
395.2500000000
399.0000000000
394.0000000000
390.2500000000
402.0000000000
402.0000000000
411.0000000000
415.0000000000
419.5000000000
420.0000000000
407.0000000000
423.0000000000
415.2500000000
417.0000000000
420.0000000000
410.0000000000
405.0000000000
401.0000000000
397.2500000000
401.0000000000
415.0000000000
414.0000000000
399.0000000000
401.7500000000
404.7500000000
399.0000000000
398.2500000000
396.2500000000
399.7500000000
395.0000000000
398.0000000000
402.0000000000
397.2500000000
403.7500000000
407.0000000000
402.0000000000
397.0000000000
399.0000000000
389.2500000000
397.0000000000
390.0000000000
391.7500000000
385.0000000000
384.0000000000
370.2500000000
375.5000000000
385.0000000000
369.0000000000
363.0000000000
360.5000000000
360.0000000000
359.0000000000
355.7500000000
361.0000000000
361.7500000000
355.0000000000
356.0000000000
361.0000000000
349.0000000000
343.2500000000
339.0000000000
352.7500000000
364.5000000000
377.5000000000
370.0000000000
365.0000000000
364.0000000000
377.7500000000
372.0000000000
375.0000000000
388.0000000000
400.0000000000
394.0000000000
388.0000000000
395.0000000000
394.0000000000
400.0000000000
404.0000000000
404.5000000000
404.0000000000
395.5000000000
397.2500000000
401.5000000000
400.2500000000
398.2500000000
398.2500000000
394.0000000000
405.0000000000
402.5000000000
402.0000000000
401.7500000000
409.0000000000
406.5000000000
410.0000000000
407.2500000000
393.2500000000
392.0000000000
407.2500000000
406.0000000000
411.7500000000
405.5000000000
415.0000000000
415.0000000000
420.0000000000
421.7500000000
409.7500000000
414.0000000000
410.0000000000
419.0000000000
420.0000000000
420.0000000000
415.2500000000
425.5000000000
430.0000000000
427.0000000000
430.0000000000
428.0000000000
428.2500000000
426.0000000000
424.7500000000
408.0000000000
400.0000000000
399.5000000000
395.0000000000
392.0000000000
393.0000000000
390.0000000000
392.5000000000
395.0000000000
392.0000000000
395.0000000000
383.2500000000
378.0000000000
378.0000000000
378.0000000000
376.2500000000
378.7500000000
375.0000000000
372.0000000000
373.0000000000
375.0000000000
371.5000000000
376.0000000000
380.5000000000
383.7500000000
377.0000000000
382.0000000000
377.2500000000
384.0000000000
384.0000000000
380.0000000000
384.0000000000
385.2500000000
380.5000000000
371.0000000000
372.0000000000
369.0000000000
362.0000000000
365.0000000000
360.5000000000
356.0000000000
342.7500000000
344.7500000000
345.0000000000
343.2500000000
342.0000000000
340.0000000000
341.7500000000
340.5000000000
340.0000000000
339.2500000000
340.0000000000
340.5000000000
343.7500000000
348.7500000000
355.2500000000
348.5000000000
346.0000000000
343.0000000000
346.5000000000
341.0000000000
340.0000000000
334.0000000000
340.0000000000
339.7500000000
341.0000000000
346.5000000000
345.0000000000
338.0000000000
335.0000000000
339.0000000000
340.0000000000
337.5000000000
335.0000000000
331.0000000000
329.7500000000
334.5000000000
341.0000000000
350.0000000000
347.7500000000
348.5000000000
359.0000000000
361.0000000000
355.0000000000
351.7500000000
352.5000000000
356.0000000000
355.7500000000
357.2500000000
352.0000000000
352.7500000000
350.0000000000
355.0000000000
354.7500000000
357.0000000000
356.2500000000
365.0000000000
367.0000000000
375.0000000000
370.0000000000
366.0000000000
371.0000000000
368.0000000000
379.0000000000
376.5000000000
370.0000000000
368.0000000000
370.0000000000
368.0000000000
368.0000000000
366.2500000000
360.0000000000
359.5000000000
358.0000000000
360.0000000000
363.2500000000
359.7500000000
358.5000000000
354.0000000000
344.2500000000
335.0000000000
336.0000000000
338.0000000000
340.0000000000
334.0000000000
336.7500000000
334.7500000000
335.2500000000
335.0000000000
338.0000000000
335.0000000000
328.2500000000
334.7500000000
345.0000000000
338.0000000000
345.0000000000
347.0000000000
349.0000000000
348.0000000000
353.0000000000
356.0000000000
363.5000000000
361.5000000000
355.0000000000
355.0000000000
354.5000000000
359.2500000000
351.5000000000
353.0000000000
351.5000000000
355.0000000000
358.0000000000
356.0000000000
362.0000000000
373.5000000000
366.5000000000
356.2500000000
356.0000000000
358.0000000000
347.2500000000
336.0000000000
333.0000000000
330.5000000000
332.0000000000
334.5000000000
333.7500000000
328.0000000000
329.2500000000
332.5000000000
339.0000000000
343.2500000000
336.0000000000
348.0000000000
349.5000000000
344.0000000000
337.0000000000
336.7500000000
337.0000000000
330.0000000000
331.0000000000
331.2500000000
335.0000000000
327.0000000000
335.0000000000
335.0000000000
338.0000000000
343.0000000000
336.0000000000
335.0000000000
342.0000000000
344.5000000000
343.0000000000
345.0000000000
344.0000000000
352.5000000000
358.5000000000
357.0000000000
357.0000000000
360.5000000000
360.7500000000
361.0000000000
363.7500000000
366.7500000000
364.0000000000
367.5000000000
363.5000000000
366.0000000000
364.2500000000
367.0000000000
359.7500000000
366.0000000000
374.7500000000
378.0000000000
385.0000000000
387.0000000000
387.0000000000
378.0000000000
387.0000000000
392.0000000000
390.0000000000
387.2500000000
387.2500000000
385.0000000000
386.0000000000
375.0000000000
384.0000000000
390.0000000000
387.0000000000
390.0000000000
400.0000000000
385.0000000000
383.0000000000
370.0000000000
367.0000000000
373.2500000000
369.0000000000
371.5000000000
371.0000000000
375.0000000000
374.0000000000
375.0000000000
370.0000000000
378.0000000000
380.0000000000
374.0000000000
375.7500000000
380.0000000000
375.0000000000
368.0000000000
362.2500000000
362.0000000000
358.0000000000
363.0000000000
363.0000000000
359.0000000000
360.0000000000
352.0000000000
350.5000000000
353.0000000000
347.7500000000
338.0000000000
336.5000000000
338.0000000000
332.0000000000
330.0000000000
332.0000000000
332.0000000000
338.0000000000
333.5000000000
333.0000000000
337.0000000000
342.0000000000
345.0000000000
340.5000000000
337.5000000000
330.0000000000
335.0000000000
337.0000000000
330.0000000000
331.9000000000
328.5000000000
329.7500000000
328.0000000000
336.7000000000
338.0000000000
334.7500000000
335.7500000000
336.5000000000
331.0000000000
330.0000000000
331.2500000000
331.2500000000
330.0000000000
323.0000000000
324.4800000000
321.5400000000
315.7500000000
314.0000000000
310.0000000000
307.5000000000
315.0000000000
314.0000000000
322.0000000000
323.0000000000
320.0000000000
321.0000000000
325.0000000000
316.5000000000
311.5000000000
310.0000000000
307.5000000000
305.5000000000
300.0000000000
301.0000000000
302.0000000000
300.2500000000
303.5000000000
306.5000000000
308.0000000000
308.7500000000
308.0000000000
307.0000000000
307.5000000000
312.0000000000
321.2500000000
316.0000000000
314.0000000000
314.0000000000
310.0000000000
306.0000000000
301.0000000000
310.5000000000
313.5000000000
316.5000000000
312.0000000000
302.0000000000
298.0000000000
318.0000000000
325.0000000000
330.0000000000
337.5000000000
342.0000000000
347.5000000000
353.0000000000
344.0000000000
333.5000000000
336.0000000000
337.5000000000
338.5000000000
341.0000000000
339.5000000000
337.0000000000
338.5000000000
338.0000000000
333.0000000000
330.5000000000
331.5000000000
326.0000000000
328.0000000000
331.0000000000
336.0000000000
337.5000000000
340.0000000000
348.5000000000
345.5000000000
345.5000000000
347.5000000000
340.5000000000
339.5000000000
335.0000000000
340.0000000000
339.0000000000
345.5000000000
350.0000000000
353.0000000000
342.0000000000
345.0000000000
350.0000000000
345.0000000000
345.5000000000
343.5000000000
335.9100000000
350.2000000000
355.2000000000
351.5000000000
351.3000000000
346.5200000000
335.2000000000
323.5000000000
328.0000000000
319.0000000000
313.0000000000
317.8200000000
323.4000000000
328.0000000000
329.0000000000
330.0000000000
322.3000000000
325.0000000000
320.0000000000
302.3000000000
295.0000000000
288.0000000000
287.2500000000
285.0000000000
284.0000000000
286.0000000000
292.5000000000
295.0000000000
289.0000000000
300.0000000000
295.0000000000
287.0000000000
285.0000000000
287.0000000000
285.2000000000
292.0000000000
297.0000000000
298.0000000000
300.0000000000
300.0000000000
296.0000000000
298.0000000000
307.0000000000
308.0000000000
313.0000000000
318.0000000000
312.8500000000
310.0000000000
305.0000000000
301.0000000000
300.0000000000
297.7700000000
296.4000000000
300.0000000000
296.6000000000
292.0000000000
289.8500000000
290.0000000000
286.8000000000
277.9000000000
275.2000000000
276.0000000000
285.0000000000
281.4000000000
282.2500000000
282.0600000000
285.0000000000
284.0000000000
285.7000000000
280.0000000000
272.7000000000
269.7000000000
269.0000000000
273.9200000000
271.4000000000
268.4000000000
263.8000000000
259.5000000000
257.5000000000
259.0000000000
257.0400000000
266.0000000000
266.2000000000
269.6000000000
271.8000000000
275.0000000000
270.0000000000
263.0000000000
264.3300000000
264.3300000000
262.0000000000
268.0000000000
272.0000000000
272.0000000000
268.0000000000
266.5000000000
264.0000000000
264.0000000000
267.0000000000
264.0000000000
260.0000000000
262.0000000000
263.0000000000
262.0000000000
270.5000000000
275.0000000000
271.0000000000
267.5000000000
270.0000000000
271.0000000000
269.0000000000
267.1000000000
263.0000000000
254.0000000000
252.0000000000
251.0000000000
256.8500000000
260.0000000000
268.0000000000
269.5000000000
262.9500000000
258.0000000000
263.1500000000
266.0000000000
262.0000000000
265.0000000000
263.0000000000
261.5000000000
261.0000000000
260.2000000000
266.5000000000
261.0000000000
271.0000000000
271.5000000000
252.1500000000
249.0000000000
252.0000000000
256.0000000000
256.0000000000
256.0000000000
249.9600000000
243.0000000000
242.0000000000
242.0000000000
237.0000000000
238.9000000000
235.1500000000
236.2000000000
247.0000000000
251.1500000000
255.1500000000
259.0000000000
250.0000000000
250.0000000000
247.5000000000
247.9700000000
247.0000000000
248.0000000000
255.0000000000
248.0000000000
235.5000000000
238.0000000000
237.5000000000
242.0000000000
239.0000000000
237.8500000000
237.0000000000
