0.4076300000
0.8497400000
0.5904400000
0.9615000000
0.1815100000
0.4388300000
0.8858100000
0.4768800000
0.9210800000
0.3491200000
0.7664300000
0.7905500000
0.7412000000
0.8350100000
0.6320200000
0.9489000000
0.2362600000
0.5576800000
0.9605900000
0.1855400000
0.4478800000
0.8950900000
0.4448900000
0.8920800000
0.4553900000
0.9023800000
0.4189600000
0.8635600000
0.5489400000
0.9588100000
0.1933800000
0.4653800000
0.9114700000
0.3855900000
0.8206500000
0.6699100000
0.9231700000
0.3410200000
0.7534100000
0.8143900000
0.6856500000
0.9082900000
0.3973900000
0.8365900000
0.6277000000
0.9509600000
0.2274700000
0.5392600000
0.9561100000
0.2052300000
0.4914700000
0.9319000000
0.3065100000
0.6942900000
0.8990400000
0.4309400000
0.8772700000
0.5052900000
0.9407000000
0.2706400000
0.6270400000
0.9512500000
0.2262100000
0.5365900000
0.9552200000
0.2090600000
0.4998200000
0.9373800000
0.2842800000
0.6532700000
0.9362000000
0.2891400000
0.6624100000
0.9293800000
0.3165800000
0.7121200000
0.8774800000
0.5046100000
0.9403000000
0.2723000000
0.6302800000
0.9497500000
0.2326300000
0.5501100000
0.9590900000
0.1921800000
0.4627000000
0.9091000000
0.3944000000
0.8326300000
0.6384800000
0.9455000000
0.2506300000
0.5872200000
0.9618300000
0.1800800000
0.4356000000
0.8823600000
0.4884600000
0.9297900000
0.3149300000
0.7092400000
0.8811900000
0.4923600000
0.9325100000
0.3040700000
0.6898800000
0.9038500000
0.4136200000
0.8571500000
0.5685000000
0.9619100000
0.1796900000
0.4347300000
0.8814200000
0.4916000000
0.9319900000
0.3061600000
0.6936500000
0.8997400000
0.4284100000
0.8744600000
0.5144500000
0.9457400000
0.2496100000
0.5851400000
0.9619900000
0.1793700000
0.4339900000
0.8806200000
0.4942600000
0.9337900000
0.2989000000
0.6804900000
0.9134400000
0.3782200000
0.8102900000
0.6956900000
0.8974700000
0.4365100000
0.8833500000
0.4851700000
0.9274200000
0.3243600000
0.7255800000
0.8589600000
0.5630200000
0.9613700000
0.1821100000
0.4401700000
0.8872200000
0.4720800000
0.9171900000
0.3640600000
0.7895100000
0.7434600000
0.8313100000
0.6420200000
0.9434600000
0.2591600000
0.6043800000
0.9590400000
0.1924000000
0.4631900000
0.9095300000
0.3928000000
0.8304900000
0.6442300000
0.9421300000
0.2647100000
0.6154000000
0.9558400000
0.2063800000
0.4939700000
0.9335900000
0.2996900000
0.6819300000
0.9120400000
0.3834800000
0.8177200000
0.6773400000
0.9164600000
0.3668300000
0.7936700000
0.7343200000
0.8458800000
0.6016000000
0.9596700000
0.1896200000
0.4570100000
0.9039000000
0.4134700000
0.8569600000
0.5690600000
0.9619500000
0.1795100000
0.4343200000
0.8809800000
0.4930800000
0.9330000000
0.3021000000
0.6863300000
0.9075900000
0.3999700000
0.8399600000
0.6183600000
0.9548000000
0.2109200000
0.5038500000
0.9398500000
0.2741500000
0.6338600000
0.9479700000
0.2402000000
0.5658600000
0.9616800000
0.1807200000
0.4370400000
0.8839100000
0.4832900000
0.9260200000
0.3298700000
0.7349400000
0.8449300000
0.6043300000
0.9590500000
0.1923400000
0.4630700000
0.9094300000
0.3932000000
0.8310200000
0.6428100000
0.9429900000
0.2611200000
0.6082800000
0.9580300000
0.1968100000
0.4729700000
0.9179100000
0.3612700000
0.7853000000
0.7525200000
0.8159500000
0.6817700000
0.9121900000
0.3829300000
0.8169400000
0.6793000000
0.9146000000
0.3738700000
0.8040200000
0.7106500000
0.8793900000
0.4983500000
0.9364600000
0.2880700000
0.6604200000
0.9309400000
0.3103600000
0.7011500000
0.8911400000
0.4586600000
0.9054300000
0.4078900000
0.8500600000
0.5895000000
0.9616100000
0.1810500000
0.4377900000
0.8847100000
0.4805900000
0.9239700000
0.3378800000
0.7482700000
0.8232700000
0.6632000000
0.9287500000
0.3190700000
0.7164700000
0.8717200000
0.5232700000
0.9499800000
0.2316400000
0.5480200000
0.9585900000
0.1943700000
0.4675800000
0.9133800000
0.3784600000
0.8106300000
0.6948800000
0.8983800000
0.4332600000
0.8798300000
0.4968800000
0.9355100000
0.2919300000
0.6676200000
0.9251300000
0.3333700000
