0.2970400000
0.2727300000
-0.1083300000
0.0817970000
0.2748600000
-0.1558200000
-0.4998100000
0.3131500000
-0.1243700000
-0.0279930000
0.2422600000
0.3162800000
0.2114400000
-0.0952330000
-0.4321900000
-0.9440600000
-0.7270200000
-1.0866000000
-0.6427700000
0.3633100000
0.0812600000
0.1929400000
0.4032500000
-0.4773700000
-0.2453500000
-0.3979200000
-0.2602800000
-0.8632600000
-0.5823700000
-0.1324100000
-0.3478600000
-0.3965000000
0.0271470000
-0.6333300000
-0.7506900000
-0.6635400000
-0.2666100000
-0.2158400000
-0.1515400000
0.5076500000
0.8580100000
-0.2764200000
0.3769300000
0.4837700000
0.1813700000
-0.0844900000
-0.1495200000
0.0464450000
0.0798310000
0.4515900000
-0.6723200000
-0.3812500000
-0.4138800000
-1.2394000000
-0.0189750000
-0.2128000000
-0.5917200000
-0.9168800000
-0.9317100000
-1.0168000000
-0.0692240000
-0.4553900000
0.1417600000
0.3863500000
0.4103000000
0.9845100000
1.1244000000
0.5814300000
1.0161000000
0.4782500000
0.3865100000
0.4781000000
0.8464500000
1.0664000000
0.9029900000
0.1272300000
0.8974300000
0.3404300000
0.3225000000
0.4801000000
0.4409000000
0.6827400000
0.1957500000
0.1163000000
0.6464500000
0.9016600000
0.6753900000
0.4346300000
-0.0138100000
-0.2558900000
-0.0428880000
0.0029339000
0.0757630000
0.5976200000
0.4266000000
0.3108700000
0.5911500000
0.0559110000
0.7550100000
0.2620900000
-0.0727320000
0.7492600000
0.4300900000
0.5454500000
-0.0447360000
-0.2597400000
-0.0251370000
-0.6485300000
0.2074200000
-0.5785000000
-0.5667100000
0.5162200000
0.3631900000
0.5695200000
0.3957200000
-0.0277460000
0.5751300000
0.6141600000
0.8240800000
0.1776900000
0.7207600000
0.5701200000
0.3142500000
0.5331100000
-0.0617580000
-0.2973100000
0.1730800000
-0.8447900000
-0.2882500000
-0.1314300000
-0.4867300000
0.3502200000
-0.0577400000
-0.4541900000
-0.2323800000
-0.8436700000
-0.0853630000
0.1764500000
-0.0618740000
0.6251700000
0.3873700000
0.1670400000
0.3859900000
0.6089100000
0.2735000000
-0.5513500000
-0.2287600000
-0.2869100000
-0.1758400000
-0.8440200000
-0.2357700000
-0.4132900000
-0.5524200000
-0.1959200000
0.1104300000
-0.5556800000
-0.7937500000
-0.6928000000
-0.5008100000
0.1892100000
-0.0618220000
-0.1416100000
0.5575600000
-0.0796290000
0.0331950000
0.5872900000
0.0652970000
-0.3637100000
0.0226220000
0.2173400000
-0.2575400000
-0.1518300000
0.3463100000
0.2360900000
0.1206000000
0.5329900000
0.4150600000
-0.5075800000
0.4923100000
-0.6547200000
-0.3485000000
-0.2756000000
-1.7033000000
-0.3435200000
-0.4260300000
-1.2203000000
-0.4669600000
-0.6040000000
-0.6333000000
0.1661000000
0.4301700000
0.9471600000
0.4570000000
-0.4315400000
-0.3058000000
-1.0398000000
-0.7259800000
-0.3472900000
-0.2194400000
0.3049900000
0.1284400000
0.1917100000
0.5341700000
0.6727800000
0.1340700000
0.1885900000
0.4373300000
-0.4325100000
-0.9160500000
-0.7547000000
-0.6363700000
-0.6387600000
0.0510810000
-0.4982700000
0.1331900000
0.4330900000
-0.4912800000
0.3980700000
0.7412900000
-0.2899800000
0.5554000000
0.0200520000
-0.0567840000
-0.4246300000
0.1458000000
-0.3155100000
-0.7436900000
-0.2827400000
-0.5093300000
-0.6173400000
-0.7462600000
-0.6731300000
-0.4871100000
-0.7711300000
-0.5137300000
-0.5983000000
-0.3993500000
0.1312100000
-0.1406700000
0.3493100000
0.2603200000
-0.3326600000
-0.1025200000
0.2397200000
-0.2762300000
0.1474100000
0.8532400000
0.6549300000
0.3036900000
0.0406530000
-1.0127000000
-1.0858000000
-0.8245800000
-0.7405600000
-0.3596600000
0.3398800000
0.4081100000
-0.1097200000
0.0053491000
0.3787800000
0.1081900000
0.6560100000
0.0006924800
1.4932000000
0.7132600000
0.9233800000
2.0966000000
0.6289700000
1.2161000000
0.9098100000
0.3433500000
0.3916400000
-0.1731900000
-0.0870170000
0.6893900000
0.5682500000
0.1723100000
0.2975300000
0.4602600000
0.0213720000
0.4441500000
0.4120300000
0.7372700000
0.3521000000
0.8607700000
0.6844800000
0.6341000000
0.6835700000
0.9102300000
0.8823600000
0.5300600000
-0.1080400000
-0.7642400000
-0.8034700000
-0.3392300000
-0.9953200000
-0.3427100000
-0.0970890000
0.0654140000
0.0788380000
0.2992500000
0.3707600000
0.5331900000
0.4430500000
0.1040000000
0.3590600000
-0.5413200000
-0.0269650000
0.0412550000
0.6202900000
0.6844700000
0.1523300000
0.4008700000
-0.0196250000
-0.4945700000
-0.2035700000
-0.5698800000
-0.2753000000
0.1972600000
-0.2472800000
-0.5124100000
-1.0777000000
-1.4901000000
-0.7227800000
-0.6946900000
-0.7087600000
-0.6757700000
-0.7635200000
-0.3386500000
-0.7364900000
-0.3101100000
0.1348600000
-0.4350600000
-0.1197300000
0.2606400000
0.3179600000
-0.2081600000
-0.1187600000
0.8001500000
0.4587400000
0.6056200000
0.6438200000
-0.1131000000
0.4781400000
-0.2901600000
-0.8842600000
-0.4664500000
-0.2178200000
-1.1480000000
0.0401330000
-0.7298700000
-0.1040900000
-0.8393900000
-0.2567200000
-0.7043700000
-0.1844500000
-0.6311100000
-0.3594400000
0.0574300000
-0.0150030000
0.2355900000
-0.4569200000
-0.3404800000
-0.2153000000
0.1172300000
0.2328300000
0.1447000000
0.6543700000
0.4405500000
0.2551300000
0.0184730000
-0.6020900000
-0.5807700000
-0.3247200000
-0.2400000000
-0.3865800000
-0.1002000000
-0.1808500000
-0.4275000000
0.5305500000
1.4705000000
0.3424100000
1.2607000000
-0.0223100000
-0.3296200000
-0.3197600000
-0.6111100000
-0.6442000000
0.4900900000
-0.1220000000
-0.3325800000
-0.1047800000
-0.4688300000
-0.6300900000
0.2148100000
0.2945100000
0.4801800000
0.6918500000
0.4385700000
0.5933700000
0.7602600000
0.0656680000
0.4977800000
-0.1225600000
-0.5508300000
-0.3167500000
-0.6237000000
-1.2680000000
-0.4145100000
-0.1336800000
-0.2931800000
0.3195700000
0.4653500000
0.4580600000
0.3145300000
-0.7024400000
-1.0364000000
-0.5599800000
-1.6519000000
-0.9205100000
-0.2954100000
-0.2117100000
-0.2027800000
-0.4476000000
0.2166800000
0.7934500000
-0.2551800000
0.7278100000
0.2922300000
0.2428800000
0.3585900000
0.9351400000
0.0631260000
-0.3266800000
0.4300600000
0.1532300000
0.3319700000
0.2696500000
0.3294500000
-0.2682700000
-0.6950700000
-0.2356500000
-1.0754000000
-0.9028700000
-0.3789500000
-0.5752800000
-0.3111500000
-0.0282180000
0.9609900000
0.0855940000
0.5738500000
0.5197200000
-0.2643200000
-0.4229500000
0.0468870000
-0.3097400000
0.1354300000
0.5651100000
0.5228100000
0.1715900000
0.3995500000
0.8562400000
0.5762900000
0.0662740000
0.2590500000
-0.6020400000
-1.3567000000
-1.3354000000
-1.1630000000
-1.0731000000
-0.2941600000
0.1943700000
-0.0184320000
0.3519200000
-0.0868970000
0.2394700000
0.2436100000
-0.2183100000
-0.3210600000
-0.1690500000
0.0027424000
0.1388400000
0.2793100000
0.7844000000
0.2899500000
0.5530200000
0.2993100000
0.0528390000
-0.5565700000
-0.4999700000
-0.0055837000
-0.0998380000
-0.0016678000
-0.2440100000
-0.9959700000
-0.6996000000
-0.7730500000
-0.7037600000
-0.1501900000
-0.2920200000
0.0811730000
0.0449250000
-0.2441100000
0.0502260000
0.2877000000
0.0089885000
0.3094300000
0.7570900000
0.1456700000
-0.1988500000
0.5266000000
0.3099000000
-0.0500670000
-0.1737600000
-0.5799800000
-0.1598200000
-0.0103860000
0.0420280000
-0.1420000000
0.1540400000
0.1839700000
0.4594700000
0.1067300000
0.2011200000
-0.5528800000
-0.3989300000
-0.9040700000
-0.5935900000
0.6688500000
1.0533000000
0.5115800000
0.0782020000
0.8355100000
0.1730500000
-0.0245490000
0.6591000000
0.6095000000
0.5564300000
0.2540700000
0.2055700000
0.2344200000
-0.3971500000
-0.3983100000
0.7885200000
-0.5944200000
-0.2681100000
0.6066600000
-0.5031600000
0.1123500000
0.4348600000
0.4986400000
0.3523900000
0.7869500000
1.2203000000
0.6972400000
0.4760400000
0.2137900000
-0.0591230000
-0.2072500000
0.3146900000
-0.0275000000
0.1353100000
0.0629440000
-0.3988600000
0.3405000000
0.1540800000
-0.1998900000
-0.0448430000
-0.6201100000
0.4042600000
0.2474500000
-0.0472390000
-0.0738110000
0.0603690000
0.3287300000
0.4928700000
0.5502900000
1.0812000000
0.9537800000
0.3983300000
0.3103500000
0.7040000000
-0.1862200000
0.4109800000
0.8136800000
0.5503300000
0.3433900000
0.2723900000
-0.5518200000
-0.3623800000
-0.3514000000
-0.6352300000
-0.3365000000
-0.4765500000
0.2332700000
0.1647300000
0.1620700000
-0.0776090000
0.2635000000
-0.5384500000
-0.2021200000
0.3522400000
0.2132700000
0.1614200000
-0.1060900000
-0.5635700000
-1.2871000000
-0.5048000000
-1.2628000000
-0.8977400000
-0.0584690000
0.0038472000
0.3277900000
0.5251000000
-0.1371300000
-0.8736200000
-0.1439900000
-0.2747700000
0.6877600000
0.3830700000
0.2688400000
1.6323000000
0.4146300000
-0.1190200000
0.6116700000
-0.4535000000
-0.5058900000
-0.4855800000
-0.5580200000
-0.8696500000
-0.4095500000
-0.6076100000
-0.6452400000
0.1272600000
0.1803300000
0.6671600000
1.0071000000
0.8592900000
0.4541700000
0.0919950000
0.2026300000
-0.6193600000
-0.4443600000
0.5714000000
-0.3230500000
-0.6234200000
0.2465600000
-0.8267600000
-0.2581600000
-0.2792000000
-1.1249000000
-0.4118500000
-0.4662300000
0.0353370000
0.7205400000
0.2265200000
-0.2209900000
0.3124800000
0.4483100000
-0.0257670000
0.8474500000
0.5066700000
-0.2564900000
-0.6669400000
-0.8263200000
-0.4037300000
-0.1965000000
0.4091800000
-0.2463500000
0.0006659200
-0.3820300000
-0.5178300000
-0.3658000000
-0.2676100000
0.4620000000
0.6828000000
0.6575200000
0.2104400000
-0.1455900000
1.3445000000
0.4459800000
0.0491430000
0.7262600000
0.0695250000
0.8316800000
0.7854300000
0.4251800000
0.8012800000
0.1812500000
0.3977900000
-0.1940000000
-0.5758700000
-0.3205500000
-0.7742600000
-0.1132200000
0.2439900000
-0.1617600000
0.4065900000
-0.2956000000
-0.6956300000
0.1956200000
-0.0431890000
-0.1569000000
1.1847000000
0.2264900000
0.3780800000
0.3350700000
-0.0952570000
0.1244600000
0.0077257000
0.1783600000
-0.0025598000
-0.0982680000
0.1746700000
0.1376300000
0.7107200000
0.4760500000
0.7961600000
0.8329500000
0.4299000000
0.2583700000
0.5634800000
0.4796500000
0.5383800000
0.0726860000
0.4481800000
-0.1115300000
-0.1555300000
0.2968400000
-0.0860490000
-0.3042800000
-0.1338500000
-0.4123300000
-0.0893440000
0.0557190000
0.1250300000
0.6240400000
0.9597800000
1.4666000000
0.6692200000
1.2320000000
1.1010000000
0.3426000000
-0.1156800000
-0.4747000000
-0.3806900000
-0.5180400000
-0.9326800000
-0.2177100000
-0.6183300000
-0.2939600000
-0.1695900000
-0.4241600000
0.3550100000
0.6604500000
0.1347800000
1.0732000000
1.4191000000
1.3222000000
1.3297000000
1.4651000000
0.3439000000
-0.0540230000
-0.1522700000
0.0375530000
0.5443300000
0.3841100000
0.9095800000
0.6694700000
-0.1759200000
0.1337300000
0.3287800000
0.5372800000
0.1674300000
-0.8401000000
-0.6202200000
-0.5635100000
-1.2695000000
-0.0662630000
-0.8551500000
-0.3425100000
0.0492430000
-0.3582200000
-0.2340500000
-0.3632100000
0.6977600000
0.0824600000
-0.2698800000
0.1085000000
-0.4760100000
-0.4492400000
-0.0473620000
0.2838200000
0.3880900000
-0.6167000000
0.0885160000
-0.5269700000
0.3055400000
0.7465100000
1.0511000000
0.3584900000
0.2459500000
0.4964200000
0.2889000000
-0.2369400000
-0.5796800000
-0.3736800000
-0.5016600000
-0.0570660000
-0.3241500000
-0.3712500000
-0.5715000000
-0.5393300000
-0.8454500000
-1.1200000000
-0.4154000000
0.0651890000
-0.4352800000
-0.2663400000
-0.0570500000
-0.7172800000
0.5759400000
0.3256300000
0.4626100000
0.2001300000
0.0302860000
0.4372500000
0.0071398000
0.3156900000
0.6075700000
0.5309900000
0.4846800000
0.4613400000
0.4382600000
0.2829700000
0.7208400000
0.0962180000
-0.1673400000
-0.0906900000
-0.1385000000
0.0954530000
-0.5884100000
-0.0447600000
-0.5669800000
0.1423900000
-0.0537480000
-0.6552100000
0.4950000000
0.4677200000
0.0130680000
-0.0530190000
-0.1880800000
-0.5637900000
-0.3025500000
0.1240300000
-0.2588800000
0.1056200000
0.5747700000
0.0973410000
0.7802500000
0.4815200000
0.3590500000
0.0091475000
-0.0585150000
-0.1737700000
-0.1383300000
-0.2109400000
0.0336710000
0.0628270000
-0.6695100000
-0.3236200000
0.0067433000
-0.1049300000
0.4443900000
1.4522000000
0.6917600000
1.4375000000
0.8789900000
-0.1249000000
0.8470000000
0.2206100000
-0.0895210000
0.1877800000
0.0969030000
-0.3523100000
0.0666820000
0.1974600000
-0.1968300000
0.0371850000
-0.5705100000
-0.2469300000
0.2701800000
0.0339320000
-0.3462000000
0.1002600000
0.5916100000
0.5860300000
0.4876000000
0.7263800000
0.7510400000
-0.3844600000
0.4475100000
0.6979200000
0.8401100000
0.4648700000
0.6470300000
0.0232990000
-0.2834000000
0.5379100000
-0.0874500000
0.7431600000
1.0069000000
0.5362400000
0.5557000000
-0.2240400000
-0.5262000000
-0.2811100000
-0.8914300000
-0.4415500000
-0.1529500000
-0.7238000000
-0.1637500000
0.7677700000
-0.1365300000
0.3933000000
0.5558300000
0.5157900000
0.0180080000
0.3142300000
-0.4185300000
0.9628800000
0.3154400000
0.3909500000
0.9424900000
0.2514900000
0.5662600000
0.3604700000
0.3556700000
-0.7890100000
-0.1795400000
-1.0227000000
-0.2024400000
-0.3315000000
0.1036400000
0.4739000000
-0.3256200000
0.1056500000
-0.2856500000
-0.2893500000
-0.6186400000
-0.5864300000
-0.4355800000
-0.3372300000
0.0370920000
-0.2714800000
-0.4557800000
-0.6481100000
-0.8125200000
-1.3159000000
-0.2541400000
-0.2664300000
-0.7360700000
0.0655630000
-0.1509700000
-0.0815390000
0.5027700000
-0.4595300000
-0.1313600000
0.4138500000
-0.5322900000
0.2218500000
-0.4250100000
-0.3835600000
0.1680600000
-0.6633400000
-0.2475100000
-0.3090600000
-0.4554500000
-0.3913600000
-0.4434800000
-0.3317800000
0.0795530000
0.2666300000
-0.5379200000
0.5009700000
-0.1994100000
-0.5089300000
-0.3656300000
0.1985500000
-0.5754300000
-0.2956000000
-0.0260800000
-1.0577000000
-0.1818400000
0.0046867000
0.5025100000
0.0130460000
0.1157900000
0.6665300000
0.4004300000
0.5455700000
0.7494400000
-0.3895700000
-0.3399300000
-0.6571500000
-0.7664600000
-0.7217200000
-0.0949390000
-0.0811760000
-0.1211300000
0.2750600000
0.3743800000
-0.1515700000
-0.4016300000
-0.4034900000
-0.0817530000
-0.5896600000
0.0235340000
0.5840200000
0.0520440000
-0.1742800000
0.1477100000
-0.1773200000
-0.4281400000
-0.9594700000
-0.1542600000
-0.3857900000
-0.3642000000
0.8811700000
0.3958100000
0.4363500000
-0.0899490000
0.0850440000
0.4920200000
0.1442000000
0.0824990000
0.8074800000
0.5072700000
1.1930000000
0.5172800000
0.8370600000
0.3228000000
-0.2070200000
-0.2655800000
-0.3048600000
0.3177100000
0.6463900000
0.1400200000
0.2330900000
-0.2357900000
-0.9759600000
-0.9257100000
-1.7711000000
-0.5866300000
-0.5403500000
0.2794800000
-0.1798200000
0.2839700000
-0.4612600000
0.5192600000
-0.4508000000
-0.2652700000
-0.0377870000
-0.2525400000
0.2660000000
-0.9460200000
0.1607300000
-0.7570400000
-0.1935100000
-0.5967000000
-0.0077540000
0.1823000000
0.0299890000
0.3662400000
-0.4460000000
-0.1880600000
0.2047500000
0.1025100000
-0.2787800000
0.4129400000
0.5813800000
0.9650200000
0.8508800000
0.8623500000
0.4646600000
0.4467500000
0.5231800000
-0.0068575000
-0.2264700000
-0.3889200000
-0.2695600000
-0.4351300000
0.3009700000
-0.2167300000
-0.0611000000
-0.1490400000
-0.9382400000
0.0311240000
-0.2805100000
-0.6035900000
-0.0854280000
0.5543600000
0.5668100000
0.7079000000
0.3840900000
-0.5641500000
-0.0728780000
-0.1787100000
-0.3699000000
0.1190100000
-0.0798720000
0.1759900000
0.1260700000
0.1629100000
0.2066600000
0.1455200000
-0.7204400000
-0.3215500000
-0.3120900000
-0.2525600000
-0.0266120000
0.4935700000
0.5053000000
0.4667800000
0.8485400000
0.2510100000
0.3831200000
0.3586900000
0.4189600000
0.5015400000
-0.0408450000
0.0467070000
-0.9518200000
-0.9539600000
-0.0784460000
-0.0530820000
0.3402300000
0.7667100000
0.2003300000
0.0247310000
-0.0907190000
-0.0935580000
-0.8026100000
-0.6191200000
0.1588300000
0.0409050000
-0.1632800000
1.0404000000
-0.1222600000
-0.6761200000
0.5233800000
-0.0830510000
0.0666490000
-0.3172800000
0.2562400000
0.0525110000
-0.5254900000
0.3522800000
-0.5237500000
0.0651830000
-0.1408500000
0.8495700000
1.0604000000
1.1097000000
0.3503400000
0.2873800000
0.2234300000
-0.2879200000
0.3521500000
0.2007400000
0.0428750000
-0.2109600000
0.5108200000
0.6431500000
1.3426000000
1.2691000000
0.8995800000
0.3138000000
-0.0014788000
-0.1213300000
-0.5649300000
-0.1443100000
0.5794800000
0.4220100000
-0.4357600000
-0.4328100000
-1.1775000000
-1.0552000000
-0.3641300000
-0.9681100000
-0.4412800000
-0.8347400000
-0.5677800000
-0.0039163000
-0.4650900000
-0.0297770000
-0.7086700000
-1.0932000000
0.2881200000
-0.0907350000
-0.1930100000
0.5167100000
0.0981100000
0.0990970000
0.6823100000
-0.0503150000
0.1357800000
0.4776300000
0.3346500000
0.4307400000
0.3674700000
0.3864100000
0.0721550000
0.0566370000
-0.0554630000
-0.2708100000
0.2344400000
-0.4715000000
-0.6929100000
-0.1209100000
0.1039900000
0.3295500000
-0.3332000000
-0.2007600000
-0.3403200000
-0.0466380000
0.3841800000
0.3158100000
-0.0072255000
-0.1306000000
0.5143600000
-0.0491140000
-0.5381500000
-0.5310800000
-1.1395000000
-1.4638000000
-0.5853200000
-0.7671900000
-0.9561900000
-0.3826700000
-0.9078100000
-0.4257600000
-0.3322000000
0.2089400000
0.1956100000
0.6774200000
0.2300300000
0.2921600000
0.2407100000
0.9156100000
0.0945980000
0.3314600000
0.2267300000
0.3152000000
-0.5189800000
-0.7992200000
-0.6941300000
-1.6384000000
-1.2788000000
-0.1640200000
-0.2467400000
0.0791600000
0.2321800000
-0.0535820000
-0.0920340000
-0.8692100000
-1.5073000000
-0.5629700000
0.1090300000
0.6918800000
0.4119400000
0.8369900000
1.1167000000
0.1514600000
-0.2280600000
0.0458920000
-0.1097900000
-0.3987100000
0.2795600000
0.5995800000
0.5289600000
-0.0454190000
0.1573900000
-0.0858800000
-0.4770800000
0.2213100000
0.6543100000
0.8542100000
0.8085300000
0.9755800000
0.1550300000
0.6657800000
0.9388700000
0.1238000000
0.3520200000
0.4032900000
-0.1385200000
0.3007700000
0.2531800000
-0.4800500000
-0.4374000000
-0.5885200000
-0.9580000000
-0.6647500000
-0.3084600000
-0.2079500000
0.0922130000
0.9727700000
-0.4450600000
-0.3665600000
0.2939200000
-0.5759100000
-0.6482100000
-0.3889700000
-0.4183200000
-0.1764800000
-0.3468700000
0.3955200000
0.5893600000
0.1396000000
0.3522600000
0.3959400000
-0.5699100000
-0.7555100000
-0.8889200000
-1.3727000000
-1.0551000000
-0.3837300000
-1.1353000000
-0.6362500000
-0.6522400000
-0.5105000000
-0.4197900000
0.1681100000
-0.9629000000
-1.1890000000
-0.9921800000
-0.9656100000
-0.5488900000
0.3354400000
0.1384400000
-0.0850610000
-0.0138580000
-0.3520800000
-0.5032900000
-0.2431500000
-0.2804100000
-0.2506200000
-0.1158300000
-0.4214900000
0.3470000000
0.5184300000
0.0162880000
0.5001500000
0.6814200000
-0.6392200000
0.2400500000
0.2059600000
0.6607900000
0.4483300000
0.3509300000
-0.1011500000
0.3153100000
-0.3028300000
-0.6501300000
-0.2458300000
-0.7468000000
0.1352700000
-0.1191600000
-0.0342040000
-0.1276500000
-0.5387300000
0.0553600000
-0.7060600000
0.0421640000
0.5730300000
0.6496300000
0.5480700000
0.4241300000
0.3264100000
0.3137100000
-0.3508300000
-0.3086900000
-0.0378320000
-0.3766000000
-0.2295700000
0.3587400000
0.5214000000
0.0781910000
0.7568800000
0.2304400000
-0.0847360000
0.2091600000
-0.1420600000
0.0030229000
0.7923000000
-0.0128580000
0.4120800000
-0.5563800000
-1.4520000000
-0.3615800000
-0.8401000000
-0.4307300000
-0.2581100000
-0.6586600000
-0.7652300000
-1.2155000000
-1.1689000000
-0.3291900000
0.2976800000
-0.5113000000
-0.0194380000
1.1612000000
0.2488800000
0.8252100000
0.0413520000
0.1743500000
0.1318300000
-0.3259100000
0.4826700000
0.4905100000
-0.1647000000
0.0944890000
-0.3265500000
-0.2167700000
-0.8162700000
-0.7735400000
0.1570100000
-0.0992280000
0.1723300000
-0.0994120000
0.5507100000
-0.0548460000
0.4515900000
0.2308200000
-0.0785850000
-0.8192000000
-0.4509500000
-0.0276080000
0.2408600000
0.2362000000
0.3280200000
-0.3598400000
-0.3680000000
-0.3819300000
0.2686900000
0.5749900000
0.7824000000
0.2471400000
0.3910800000
-0.1456100000
-0.4201100000
-0.3855800000
-0.8955600000
-0.0165030000
-0.1098200000
0.2528700000
0.7644800000
0.3927900000
0.3983600000
0.5605100000
-0.4299600000
-0.4451900000
-0.6536000000
-1.8126000000
-1.6851000000
-0.7477300000
-1.4061000000
-0.5213700000
0.1485300000
0.0738900000
0.1739300000
0.0009237700
-0.6203100000
-0.2858200000
-0.1521400000
0.2849000000
1.0470000000
0.6322800000
0.5379200000
0.6988900000
0.4611600000
0.9248500000
0.2653700000
0.4627600000
0.4694000000
0.1255800000
0.8778700000
0.9421900000
-0.4524000000
0.4512000000
0.1156200000
0.2102800000
-0.3011400000
0.7967600000
-0.2532900000
-0.9054700000
-0.3561500000
-0.8808600000
0.4500000000
0.4043500000
0.6886700000
1.1876000000
0.1272800000
0.4697800000
0.5638500000
-0.2729900000
-0.3002200000
-0.0162460000
-0.5582100000
-0.6488100000
-0.0337090000
-0.7403500000
-0.0873000000
-0.3871700000
-0.4565300000
-0.3385700000
0.4355400000
0.2975400000
0.3658400000
0.2384700000
0.1342400000
-0.2723600000
0.2008000000
-0.1670100000
-0.1075300000
0.3610600000
-0.1910800000
0.2231900000
0.4737500000
-0.0642650000
-0.5956900000
0.0385590000
-0.2575000000
-0.4262900000
-0.8361200000
-0.5298400000
0.1199300000
0.2549400000
1.5176000000
0.6561800000
0.6697000000
0.2634300000
0.2015800000
0.0073334000
-0.5238300000
0.0745490000
0.0789990000
0.5903400000
0.4583400000
0.3129500000
0.6988100000
0.9083900000
0.5231100000
0.6348200000
0.1293800000
0.0210590000
-0.0218850000
0.1328400000
0.0234930000
-0.3109200000
-0.9914200000
-0.5537700000
-0.3538200000
-0.2344900000
0.7773100000
-0.0908410000
0.2855900000
0.8338200000
0.6134100000
0.1606500000
-0.9987400000
-0.8225800000
-0.5791200000
-0.7003600000
-0.7274700000
0.0718980000
-0.2590700000
-0.1384000000
0.2680700000
0.0852610000
0.2388600000
0.8832700000
0.9116800000
1.3719000000
1.4786000000
0.7052000000
1.2574000000
0.5449400000
0.5253100000
0.6077700000
0.4186600000
0.2797600000
0.2716900000
0.2261500000
-0.3250900000
0.6894100000
0.1118900000
0.1264100000
-0.0309710000
0.0908550000
0.2196600000
0.8136600000
0.3773100000
-0.0631750000
0.7433400000
0.7214000000
0.6767400000
0.6914600000
0.1491000000
-0.1701900000
-0.0830120000
-0.2851800000
-0.4718400000
-0.2956000000
0.3079000000
0.2211000000
0.9349300000
0.5394700000
-0.1879700000
0.1688200000
0.3551000000
0.4479900000
1.1801000000
0.4656000000
0.2761900000
-0.1920900000
0.3007100000
0.2522500000
-1.0606000000
-0.5504300000
-1.2022000000
-1.1199000000
-0.8809100000
-0.9170000000
-0.4937400000
-0.3612500000
0.2443800000
0.9273200000
0.5562100000
0.0692180000
-0.0954840000
-0.0388920000
0.5622600000
0.1817900000
0.8842200000
0.7449500000
0.5957100000
0.7564700000
0.2490800000
0.3218900000
-0.2189800000
0.4055300000
-0.2015500000
0.3473100000
1.2789000000
0.9404200000
0.9481300000
0.7873300000
1.0837000000
0.2227100000
0.0441230000
0.5644500000
0.8280200000
0.2938100000
0.6779900000
0.6012700000
-0.2156700000
-0.5460800000
0.1107700000
-0.7556700000
0.1632000000
0.4798300000
-0.3933900000
0.1758900000
-0.2900900000
-0.5054400000
0.2508200000
0.0903560000
0.3701400000
0.8756100000
-0.3150000000
-0.0154570000
0.1440300000
-0.5476800000
-0.3979700000
0.1572400000
-0.4553800000
-0.2280300000
0.2142900000
0.0130840000
-0.0866690000
-0.1741800000
-0.1432000000
0.0888570000
0.0428490000
0.4079600000
0.5295100000
0.2719200000
0.7250800000
0.4739800000
0.4342900000
1.2924000000
0.6515900000
0.6577900000
0.2274600000
0.2228100000
0.0206420000
0.0503880000
-0.0909010000
0.0725640000
0.2488700000
0.3208500000
0.1654600000
0.6052800000
0.7467300000
0.3366400000
0.4457600000
0.6032000000
-0.2734400000
-0.5173800000
0.2670100000
-0.5237300000
-0.3912500000
0.2606100000
-0.3991900000
-0.3555600000
0.0560570000
-0.3487100000
-0.8017000000
-0.4315200000
-0.0080466000
-0.1867100000
0.0854190000
-0.0389930000
-0.1069000000
0.2339600000
-0.1773700000
-0.5100900000
-0.3279200000
-0.4867200000
-1.2385000000
-0.2847100000
-0.0477210000
-0.4785600000
-0.2856600000
0.2443400000
-0.3055500000
-0.0244160000
-0.3398600000
0.3363300000
-0.0262840000
0.0710570000
0.0930720000
-0.3810500000
0.5285700000
0.0292180000
-1.0166000000
-0.4979200000
-1.4520000000
-1.1379000000
-0.3633600000
-0.6567200000
-0.1158700000
-0.6047500000
-0.8171000000
-0.7243800000
-0.9401800000
-0.2153200000
-0.0383530000
-1.0619000000
-0.0182120000
-0.4028700000
-0.7210900000
0.4469100000
0.2803000000
-0.2685700000
0.1651200000
0.3127300000
0.3821300000
-0.1128100000
0.0582080000
0.1484100000
0.0581370000
0.7084000000
0.5958900000
0.4004400000
0.2540500000
0.2021200000
0.1638800000
-0.4523000000
-0.5677600000
-0.2089300000
-0.5788100000
-0.8377600000
-0.5713200000
-0.6664400000
-0.1026700000
0.4186900000
0.2973400000
0.4905600000
0.1980800000
-0.1324700000
0.2385900000
0.0520570000
0.3331000000
0.0376990000
0.6247000000
0.6351200000
0.3025800000
1.0031000000
-0.1576700000
0.0454020000
0.3354000000
-0.6587100000
-1.3104000000
-0.3032200000
-0.0311260000
-0.0393010000
0.5308100000
0.7957600000
0.0001205800
0.8175200000
0.6304700000
-0.4138800000
-0.0531200000
0.4776900000
-0.5555900000
-0.3277700000
-0.0514590000
-0.5759400000
-0.3456200000
-0.8565700000
-0.5772300000
-0.1095400000
-0.4705800000
-0.0996240000
0.1743300000
-0.4992800000
0.0343670000
-0.2861900000
0.2911700000
0.4654900000
0.5771200000
0.6690600000
0.3337900000
-0.4325700000
-0.4495400000
-0.9840000000
-0.4991200000
-0.4037300000
-0.2399700000
-0.7581500000
-0.1455000000
-0.4282000000
-0.0978480000
0.8201200000
1.1047000000
0.0743390000
-0.1937500000
0.3202300000
-0.3303600000
0.3137200000
-0.2924200000
-0.4142400000
-0.2971700000
-0.7304100000
-0.1251800000
-0.6266600000
0.1238800000
-0.4322200000
-0.2868700000
0.3445800000
-0.0622570000
1.0880000000
0.1523900000
0.0672530000
0.1537600000
0.0517780000
-0.0911800000
0.3998700000
-0.2038400000
0.5167200000
0.2895900000
-0.4093200000
0.2936300000
0.1291800000
0.2053100000
0.6161600000
0.5082900000
-0.1778800000
0.1722900000
-0.5224500000
0.5131800000
0.4773500000
0.7380300000
0.5348400000
0.3119400000
-0.2074100000
0.0452490000
-0.1788600000
0.6517400000
0.5570500000
0.4386100000
0.4649900000
-0.3304600000
-0.4074100000
-0.7399600000
-0.7336300000
-0.2391200000
-0.6523900000
0.1352600000
0.1966400000
0.2682900000
0.8237400000
0.4193800000
0.1226400000
-0.0345060000
0.1756200000
-0.4419200000
-0.2277900000
-0.6269200000
-0.5378700000
-0.5876000000
-0.3868200000
-0.4563700000
0.5512900000
0.3256500000
0.3148100000
0.4363900000
0.3887800000
0.2477500000
0.1585200000
1.1445000000
0.4173900000
0.5424600000
0.7391900000
-0.0088349000
-0.1427400000
0.1636400000
-0.4816300000
0.0820830000
0.1605600000
0.5325800000
-0.3228100000
-0.6585200000
-0.7535200000
-0.5738900000
-0.0825320000
-0.0210310000
0.1627400000
-0.7247200000
-1.0283000000
-0.5162200000
-0.1807500000
0.5219300000
0.3263800000
-0.0858460000
-0.4995800000
-0.5915500000
-0.6294300000
-0.4735400000
0.1064300000
0.0169520000
-0.1934800000
0.5505600000
0.2194700000
-0.4012800000
0.2065100000
0.2380200000
-0.5071900000
0.2285100000
-0.1361700000
-1.0197000000
-1.3820000000
-0.9173900000
-1.2500000000
-0.3205600000
0.1372800000
-0.4464900000
-0.6448400000
-0.6938600000
-0.5001200000
0.1274600000
-0.1393800000
-1.0646000000
-0.8204100000
-0.6414400000
-1.0135000000
-0.4847400000
-0.8247600000
-0.9447800000
-0.8934600000
-0.3856900000
-0.2951700000
-0.1132500000
-0.1960700000
-0.5990100000
-0.7627400000
-0.6259900000
0.0632350000
-0.2083600000
0.0641100000
0.3162500000
0.3111900000
0.1813600000
-0.0271690000
0.0058113000
0.0412950000
-0.3381400000
0.2474200000
0.4955700000
-0.2872800000
0.3368600000
0.2664400000
-0.0112660000
0.3599300000
0.2142200000
-0.2432200000
-0.1327800000
0.0164160000
-0.0593640000
0.7518800000
0.0610690000
0.0749200000
-0.2498900000
-0.8409900000
-0.5791900000
-0.8805700000
-0.6878900000
-0.2986000000
-0.6955000000
0.0463240000
0.5165100000
-0.2501500000
0.2626800000
0.1584700000
0.4623600000
0.4745400000
-0.3130600000
0.5905300000
0.6889200000
-0.4894500000
-0.7112300000
-0.1612000000
-0.0714020000
-0.3608000000
0.2610400000
-0.0514630000
0.1117000000
0.4263300000
0.5145900000
0.5034800000
-0.6455100000
-0.1839500000
-0.2122800000
-0.3596900000
0.1203700000
0.4072100000
-0.3046900000
0.0674180000
0.5120200000
-0.2490500000
0.6238900000
0.6276100000
-0.1422100000
1.4391000000
1.0138000000
-0.0297470000
-0.5747500000
-0.2993900000
-0.6044500000
-0.2139200000
0.3451300000
0.7796900000
0.7237300000
-0.2295600000
0.2453300000
-0.1743100000
-0.2459800000
0.1161100000
0.0874530000
0.2040700000
0.0723530000
0.2783000000
-0.2397600000
-0.1754800000
0.0021613000
-0.7432100000
-0.1600000000
-0.6276700000
-0.5856600000
0.0576450000
-0.0387480000
0.5183500000
0.2445200000
-0.2941700000
-0.1973000000
-0.0072160000
-0.2099900000
-0.1494200000
0.2411900000
1.1878000000
0.2429000000
0.7445400000
1.1023000000
0.8598100000
0.7516000000
0.9436900000
0.7585700000
-0.4255900000
0.0527850000
0.0097887000
0.3820900000
0.7112800000
0.6802300000
0.2642000000
0.2462000000
-0.0610250000
-1.0272000000
-0.3279400000
-0.4154600000
-0.5983300000
0.6827200000
1.2468000000
1.1862000000
1.4737000000
1.2359000000
0.5661600000
0.3047400000
0.0026584000
-0.2063300000
-0.6618300000
-0.9210900000
-1.2566000000
-0.9741600000
-0.4974800000
-0.3220600000
-0.8532200000
-0.2845000000
0.2366200000
-0.5146800000
-0.5080500000
0.1963800000
-0.4207100000
-0.2403200000
-0.2016700000
0.2181000000
-0.2552600000
-0.2240800000
-0.0044983000
0.3210200000
0.3627400000
0.2025900000
-0.1974000000
-0.2724400000
-0.2454700000
-0.7485300000
-0.6693900000
-0.1682800000
-0.9804500000
-0.3045700000
-0.5931000000
-1.1124000000
-1.0771000000
-1.2868000000
-0.7214700000
-0.6849900000
-0.1934400000
-0.2363200000
0.0244130000
-0.3656300000
0.1232900000
0.0281000000
0.6528000000
0.5316200000
0.4990400000
-0.6943700000
0.0387580000
0.2511900000
0.1864800000
-0.0470090000
0.6102700000
0.5394600000
0.0821230000
0.3440000000
0.1399600000
-0.0001142400
0.7411000000
0.1701000000
-0.0320470000
-0.4284400000
0.2489500000
-0.7177200000
-0.9248700000
-0.5744500000
-0.4825800000
-0.3633100000
-0.3363900000
0.0224820000
-0.0556300000
0.6194700000
0.0020089000
-0.1019400000
-0.2753900000
-0.2186500000
-0.2278900000
-0.0577720000
0.1819700000
-0.7294900000
-0.6216900000
-0.1360600000
-0.0051302000
-0.1356900000
-0.1935300000
-0.0991570000
-0.0375470000
-0.3701900000
-0.0330700000
-1.1407000000
-0.0491020000
0.4114400000
0.1137800000
0.5023200000
0.0388710000
-0.4138400000
-0.7098600000
0.3599200000
0.6517000000
0.3470700000
0.5397500000
0.4809400000
-0.3220700000
-0.4941800000
0.1291800000
0.3885000000
0.2402400000
0.4363900000
0.0646640000
0.0832510000
-0.0794010000
0.3061600000
1.3013000000
0.2979200000
0.0421420000
0.4712100000
-0.1610800000
-0.4250900000
0.3808000000
-0.3672000000
0.3558300000
0.0769120000
0.3338000000
0.9112300000
0.0150690000
0.5470000000
-0.1123400000
0.2255700000
0.0330180000
-0.2539100000
-0.7301500000
0.0595820000
0.4559800000
0.3560400000
0.7201200000
0.8950000000
-0.7330300000
-0.9084400000
0.0133320000
-0.4861800000
-0.7832000000
0.0247810000
-0.8868700000
-0.4181200000
0.1861500000
-0.0888650000
0.5082800000
0.4164400000
0.1387600000
0.4358500000
-0.0188490000
-0.1657400000
-0.3276300000
0.2922400000
-0.2963400000
-0.2170100000
0.1507000000
-0.7300300000
-0.8902100000
-0.5861800000
-0.5506900000
-0.8705400000
-0.5473700000
-0.6049000000
0.1988600000
0.9245100000
0.5801300000
0.1341500000
0.2236500000
0.0932020000
-0.1953000000
-0.4888000000
-0.2453100000
-1.0196000000
-0.8169300000
-0.6857200000
-1.0645000000
-0.0127740000
0.0551860000
-0.1476500000
0.5083400000
0.0953270000
0.0871070000
-0.0372270000
0.4944100000
0.3278400000
0.6997900000
0.2688900000
0.0660600000
0.9129300000
0.1364200000
0.6717100000
-0.2513500000
-0.5308700000
-0.2820100000
-0.5667600000
-0.5596300000
0.3112800000
-0.3624300000
1.2090000000
0.7061700000
0.8509000000
1.2635000000
-0.3060700000
-0.5574200000
-0.1991600000
-1.0573000000
0.3327100000
0.1322700000
-0.1984200000
0.1212500000
-0.0046567000
0.1703900000
0.2388600000
0.3597300000
0.3153900000
0.1211200000
-0.1228800000
0.4819400000
0.0765650000
0.4692400000
0.5792600000
-0.3084700000
-0.0950210000
-0.1281800000
-0.0743520000
0.2877700000
0.2760400000
0.7078900000
-0.2881500000
-0.0316510000
-0.4530400000
-0.2815300000
0.0445660000
0.3723200000
0.2944400000
0.9150600000
0.3258700000
-0.3350900000
0.4712100000
-0.5834700000
-0.5198100000
-0.0691610000
-0.3549200000
-0.0943760000
0.2903300000
0.5248200000
-0.0776010000
-0.1258000000
-0.1357400000
-0.9070700000
-0.6640800000
-1.1195000000
-1.3061000000
-1.1658000000
-0.7495900000
-0.8129200000
0.3500200000
-0.0896530000
0.1537200000
0.1202800000
-0.1203900000
0.1234400000
0.2949400000
0.1031300000
0.2635800000
0.6197800000
-0.2975700000
-0.6134100000
-0.0475040000
-0.3462500000
0.1809700000
1.2650000000
1.0650000000
0.7785300000
0.1667100000
0.0604440000
-0.3140700000
0.2569800000
-0.4614500000
-0.4919400000
0.4956600000
0.1984500000
0.3239000000
-0.1154100000
0.0341920000
-0.7118600000
-0.5962700000
-0.9278100000
-1.1439000000
0.0517960000
0.2640500000
0.3356300000
1.1959000000
0.4261000000
-0.1603800000
-0.5547400000
-1.1232000000
-0.5899800000
-0.1408800000
0.2392300000
0.7355800000
0.2930100000
-0.0270370000
-0.0255640000
0.1637000000
0.3346400000
0.0120250000
0.3163900000
0.6147300000
0.1316100000
0.1347400000
0.8012700000
0.4381400000
-0.1674400000
-0.4901200000
-0.9364600000
-1.1645000000
-1.3886000000
-0.7388900000
-0.3095400000
-0.1091300000
0.7127300000
1.1131000000
0.3279300000
1.2842000000
0.8462900000
0.7130600000
0.2832600000
0.1177500000
-0.2908600000
-0.3987500000
-0.3493600000
0.1921700000
-0.0542030000
0.5300400000
0.2997900000
0.0469500000
0.2424500000
-0.0903630000
-0.1588800000
0.2871900000
0.0505640000
0.3060200000
-0.8242700000
-0.3329000000
-0.3941800000
-0.3980700000
0.2464600000
-0.1974600000
0.0162580000
0.5459800000
0.1192400000
0.2994300000
0.4021000000
0.4908400000
0.2259200000
-0.2815700000
0.7849400000
0.4378700000
-0.3226800000
0.4848400000
-0.9049000000
-0.6554200000
-0.0166210000
0.0704810000
0.3495400000
0.3925500000
-0.7968300000
-0.6766200000
-1.1243000000
-1.1211000000
-0.4483700000
-0.3370100000
-0.4903300000
-0.4175900000
-0.2763100000
-0.5769800000
0.6879000000
0.6750400000
0.2335700000
-0.2308500000
-0.4038800000
-0.5047300000
0.0345570000
-0.8439200000
-1.0559000000
-0.2169400000
-0.1393400000
0.2184200000
0.3695000000
-0.0920740000
-0.4837900000
-0.0988920000
-0.4667900000
0.4914000000
0.5055200000
0.1917600000
0.1613300000
0.4443100000
-0.2605100000
-0.3994900000
-0.3007600000
-1.0278000000
-0.2657000000
-0.7854800000
-0.5289100000
-0.8072000000
-0.7876300000
-0.6546700000
-0.6169200000
-0.4188900000
-1.4064000000
-0.2201800000
0.0927850000
-1.0185000000
0.0744720000
-0.2910200000
-0.6753100000
0.7556300000
-0.3217500000
-0.6341700000
-0.0054497000
-0.2289100000
-0.4203800000
0.3172700000
0.1072400000
0.2448200000
1.0446000000
0.4191200000
0.4405800000
-0.0586170000
-1.2337000000
-0.8210600000
-0.7143400000
-0.6235800000
0.7293300000
-0.1543700000
0.0460290000
-0.0515610000
-0.3696000000
-0.0055389000
0.5650600000
1.1397000000
1.0846000000
0.7495900000
0.7965200000
0.6266800000
0.1809300000
-0.8031900000
0.2067400000
-0.8243700000
-1.3250000000
-0.8706500000
-0.9871900000
-0.8297100000
-1.1648000000
-0.9805100000
0.0881400000
-0.0923810000
0.0779030000
-0.5260200000
-0.9843200000
-0.3362300000
-0.3462700000
0.1489100000
0.1903700000
-0.0682170000
0.2565300000
0.3381500000
0.5633800000
1.2021000000
1.3047000000
1.0825000000
0.4932100000
0.1528200000
-0.1348700000
-0.1897200000
0.0213450000
-0.7878700000
0.1623800000
0.2331500000
0.0309370000
0.6968400000
0.1963300000
-0.4320000000
-0.3140800000
-0.2792400000
-0.2908100000
-0.0819370000
0.2766000000
-0.1433300000
-0.0918550000
-0.1356000000
0.1777400000
-0.2467300000
0.4634200000
0.2791600000
-0.4903300000
-0.3211900000
-0.2378400000
0.0812210000
0.0028138000
0.2481200000
0.6363700000
-0.2735700000
-0.3321200000
-0.1022200000
-0.8100800000
-0.5371300000
0.6660300000
-0.1145900000
0.4935000000
0.4958000000
0.3838500000
-0.4490600000
0.1831400000
0.1228300000
0.0350710000
0.5128000000
-0.0892640000
0.7001500000
0.9343300000
0.0183940000
0.3398800000
-0.0244160000
-0.2808300000
-0.4225100000
-0.2783100000
0.1318400000
-0.2614200000
0.0915280000
-0.4862200000
-0.2654500000
0.1113100000
-1.0475000000
-0.8518400000
-1.1691000000
-0.5443700000
-0.7485000000
-0.4024800000
-0.0489590000
-0.3636000000
-0.5599400000
-0.4902900000
-0.4320900000
-0.7728400000
-0.0563940000
0.7121000000
0.2668900000
1.1741000000
0.4390200000
0.9499300000
0.8062900000
-0.1397300000
0.0285580000
0.0001307200
0.3787600000
0.2986800000
0.2523100000
0.1410500000
-0.0906560000
-0.2024100000
-0.2906700000
-0.9292200000
-0.3716600000
0.0139580000
0.2461200000
0.1401500000
0.3109300000
0.4659500000
0.8352700000
0.4962700000
0.7655300000
0.7656400000
0.4136400000
0.5431600000
0.6752100000
-0.3490900000
-0.0286880000
-0.1235200000
-0.0754670000
0.2163000000
-0.4902200000
-0.3189700000
0.1290600000
-0.2203700000
-0.4513000000
0.1847100000
0.6025400000
0.7306400000
0.0101060000
-0.5429400000
-0.0054737000
0.0597690000
-0.0269260000
0.7021300000
0.3465600000
-0.0944710000
0.1790600000
0.2894100000
-0.0967000000
-0.4892200000
-0.4987700000
0.0678780000
1.2360000000
0.3058100000
0.3075400000
0.5038700000
-0.2497200000
-0.0274870000
-0.0956390000
0.6396700000
0.7478600000
0.1547700000
0.2417400000
0.2348200000
0.4731300000
0.4877500000
0.4576500000
0.0780570000
0.8185000000
-0.5130900000
-0.1549500000
-0.1547300000
-0.1136100000
-0.2489000000
-0.6392300000
0.8502700000
0.0576770000
0.3536900000
0.3882900000
0.9828700000
-0.2388500000
0.3551400000
0.8889100000
0.8620600000
-0.1613900000
0.0398720000
0.3489500000
-0.8072700000
0.2630700000
-0.1726100000
-0.2086700000
0.3394200000
0.2812600000
-0.4255300000
-0.0015498000
-0.1497000000
-0.3356200000
-0.0540830000
0.3597300000
-0.4949800000
0.3209700000
0.3501100000
-0.0756370000
0.1659600000
0.5538400000
0.7301100000
-0.3825300000
0.7457800000
-0.1727600000
-0.6617700000
-0.5146000000
-0.6082700000
0.0522840000
0.0829760000
0.9591800000
0.5182600000
-0.1020000000
0.1617000000
-0.7541200000
-1.0530000000
-0.3015500000
-0.6453100000
-0.2895800000
-0.3196400000
-0.4980700000
-0.7074100000
0.1884000000
0.1232400000
0.0408020000
0.1245800000
0.6625500000
-0.1415700000
-0.0602030000
0.4292800000
-0.7439300000
0.3276900000
-0.1396600000
-0.7245600000
-0.0361120000
-0.3791900000
-0.6802900000
-0.8749200000
-0.4600500000
0.0278280000
-1.1251000000
-0.8712300000
-0.9604500000
-0.8331400000
-0.4415700000
0.1215100000
-0.0683390000
0.3773600000
0.2278000000
0.6333400000
0.4008500000
0.8143800000
0.1439500000
-0.4530000000
-0.5533500000
0.2038800000
0.0344570000
-0.2462400000
0.3860200000
0.4228500000
0.1488300000
0.1121400000
0.2431000000
-0.0712240000
-0.2038800000
-0.2170400000
0.2781100000
0.0209120000
0.2904500000
0.1246800000
-0.5606400000
0.2991200000
0.1924700000
0.4073800000
0.3227900000
0.1639900000
0.5011200000
0.2860600000
-0.0388850000
-0.3122700000
-0.0616940000
0.2815100000
-0.2215300000
0.0369080000
-0.1954700000
0.4800900000
-0.1158600000
-0.0967000000
0.0173670000
-1.2676000000
-0.3795700000
-0.5497200000
-0.3552700000
0.3345300000
-0.3471400000
-0.0984570000
0.0864080000
-0.5230700000
0.0489080000
-0.7538900000
-0.5581400000
0.2444800000
-0.4774000000
0.3444800000
1.0150000000
1.2030000000
0.9531700000
0.7941300000
0.6214000000
0.2716500000
-0.0758870000
-0.2717300000
0.2201400000
-0.1324700000
-0.4387600000
0.0102600000
-0.7871000000
-0.2561400000
-1.0263000000
-0.1974200000
-0.5645600000
-0.2334100000
-0.5663200000
-0.8941200000
0.3596600000
-0.1241400000
0.6521500000
0.0304440000
0.5258300000
0.3492300000
-0.1706400000
0.4642900000
-0.3343200000
-0.3106400000
0.2721100000
-0.0324220000
-0.2151800000
0.6333500000
0.4985500000
0.4499400000
0.0555630000
0.0646860000
-0.7881200000
-0.3370100000
-0.4024000000
0.1112600000
0.5692400000
0.8107800000
0.5364200000
-0.2665200000
-0.5413100000
-0.5024700000
-0.1601600000
-0.1431400000
0.5549300000
0.0498870000
-0.3418600000
0.3227400000
0.0984020000
-0.3173000000
-0.3698200000
-0.2637200000
-0.1467600000
-0.4688200000
-0.2338200000
-0.0902210000
0.1699600000
-0.6024200000
-0.5172700000
-1.3675000000
-1.6762000000
-1.5159000000
-0.7090700000
-0.6513200000
0.1353000000
0.3669800000
-0.1805600000
-0.4047100000
-0.0798290000
-0.6984100000
-0.9965100000
-0.4392900000
0.0508310000
-0.3114800000
0.6574100000
0.4582000000
0.4507600000
1.0282000000
0.6651500000
1.0109000000
1.1877000000
0.5599900000
0.1386100000
-0.1565700000
0.0617310000
-0.1170000000
-0.4224500000
0.2610000000
0.1617600000
-0.0247620000
0.0078792000
0.4323000000
0.3436200000
0.6163500000
-0.1441200000
-0.1774200000
-0.0860740000
-0.0900300000
0.7901200000
0.6235000000
1.0634000000
1.1315000000
0.8086100000
0.6996400000
0.9425800000
-0.2322100000
0.2906600000
0.0214460000
0.0202990000
0.1159200000
0.1325900000
-0.0083538000
0.2174200000
-0.5285300000
1.0310000000
0.2940800000
0.1062500000
0.8071600000
0.2966300000
0.5079000000
0.3934400000
0.2342400000
0.3120700000
-0.3541300000
-0.0643320000
0.1709500000
0.3526200000
0.1781300000
-0.2731200000
-0.1035200000
-0.6507800000
0.2644800000
0.1724900000
-0.0833270000
-0.1011200000
0.6608400000
0.5735800000
1.0796000000
1.0098000000
1.1190000000
1.2096000000
0.1071500000
-0.0812050000
-0.4069700000
0.0919200000
0.0420230000
-0.3712300000
-0.8199200000
-0.0570060000
-0.6116300000
-0.8126200000
0.1840900000
-0.0930150000
0.2432200000
0.5510800000
0.0627750000
-0.5571900000
-0.0963210000
0.2609100000
0.2829700000
0.9635800000
0.0964480000
0.5803200000
0.6506200000
0.1733200000
0.4460700000
0.3651000000
0.3512100000
-0.3309900000
-0.1597600000
-0.4348500000
-0.5216000000
-0.7587900000
0.4454800000
-0.1226800000
0.6433300000
0.0952100000
0.7789800000
0.3852900000
-0.0954650000
0.8241700000
-0.4014600000
0.1399600000
0.4930400000
-0.3114900000
0.2736700000
0.0555790000
0.0232930000
0.0504980000
-0.2919600000
-0.2700400000
-0.2434500000
-0.9334000000
-0.6524200000
0.3917700000
-1.1144000000
-0.0952260000
-0.4924000000
-0.9162600000
0.1093300000
-0.2409900000
0.2730400000
0.3303400000
-0.3335300000
-0.2560900000
-0.0018735000
-0.7508000000
-0.2638100000
-0.5194800000
-1.0245000000
-0.3015700000
0.1098600000
0.2408100000
0.0813780000
0.3796000000
0.0652150000
0.0035070000
-0.2591900000
-0.2855500000
0.2163300000
0.2379000000
-0.3102400000
-0.3660700000
-0.2653500000
-0.3595800000
-0.3856400000
-0.2628700000
0.0809780000
-0.2398900000
0.3953600000
-0.6102300000
-0.0068774000
1.1199000000
0.3146300000
0.5987200000
0.5060500000
-0.3880700000
0.0895220000
-0.0599190000
0.1670000000
-0.1724000000
-0.0796440000
0.3586600000
0.3352900000
0.2213000000
0.4634900000
-0.4185000000
-0.4099400000
-0.4288900000
-0.5802000000
-0.8440700000
-0.5685300000
0.2771200000
0.0683700000
0.1859900000
0.0419870000
-0.1111100000
0.7477500000
-0.0740560000
0.1610900000
0.3651600000
0.0661940000
0.0989460000
0.1870800000
-0.3564300000
-0.2540900000
0.1755100000
0.1253200000
0.0396610000
-0.0497760000
0.3493900000
-0.7920200000
-0.0943900000
-0.5705900000
0.3857200000
0.2026700000
-0.2776400000
0.4449400000
-0.0520680000
-0.1126900000
-0.4911200000
-0.0370900000
-0.5662500000
-0.1640000000
-0.0586050000
-0.0467800000
0.4383100000
0.1645000000
0.6838500000
0.1763600000
-0.0181750000
-0.0353480000
-0.5323700000
-0.0627930000
0.0269380000
-0.7707400000
-0.5326100000
-0.6083000000
-0.3175200000
0.2027000000
-0.3377500000
0.4764200000
0.5570100000
0.4715900000
0.7393700000
0.0969510000
-0.3588600000
0.0267990000
-0.6789700000
0.2384400000
0.0037830000
0.2330600000
0.7093300000
-0.4499300000
0.4199200000
-0.4791700000
-0.4981300000
-0.2151300000
0.0081008000
0.0811410000
-0.8154700000
0.3394300000
-0.4352100000
-0.2826700000
0.6257000000
-0.7496000000
-0.1271600000
0.1516800000
-0.2300600000
0.6516800000
0.9616400000
-0.1393300000
0.2364600000
0.6752600000
0.0254890000
0.2060100000
-0.0166590000
0.2418500000
0.2552500000
-0.4083500000
0.5363100000
-0.2532200000
-0.4634800000
-0.3021800000
-0.8191700000
-1.0298000000
-1.5992000000
-0.8187600000
-1.3258000000
-0.8091700000
-0.3229100000
-0.3880900000
0.3311700000
-0.6677200000
-0.2045900000
0.2979600000
0.3145500000
0.6846800000
0.7706900000
0.3750800000
-0.0663960000
0.5230700000
0.0502070000
0.1686700000
-0.3530500000
0.2859800000
0.0607340000
0.1847100000
0.3488200000
0.0281820000
0.7761900000
0.0087687000
0.0793040000
0.1364400000
0.0175560000
-0.0177610000
0.2224600000
-0.1605600000
0.1084800000
0.0446650000
0.4283500000
0.6353100000
0.4143700000
0.9772500000
-0.1266500000
-0.0151750000
-0.2765200000
-0.5378800000
-0.8136900000
-1.3707000000
-0.7501400000
-0.9165200000
-1.4381000000
-0.4535300000
-0.1289400000
-0.2965300000
0.7297600000
0.5594800000
1.0971000000
0.6536200000
0.3523800000
0.5287500000
0.0327900000
-0.5693700000
0.3263900000
0.4463700000
-0.0647570000
0.1354500000
-0.0317260000
0.0493220000
0.2275400000
-0.0976820000
0.3730400000
0.1191100000
0.0893330000
0.6379400000
0.0068484000
0.3996500000
0.4324000000
0.6707800000
0.2910600000
0.6661100000
0.1936300000
0.2966600000
0.1756200000
0.5291800000
-0.4597700000
-0.5391500000
-0.5309800000
-0.3155400000
0.2402200000
0.5298400000
0.2302600000
-0.4822200000
0.5032700000
0.1049600000
-0.6557800000
0.0148730000
0.1391000000
0.2992000000
0.8653100000
0.7174500000
1.5227000000
0.4486500000
0.1649200000
0.0198080000
-0.6383500000
-0.8465700000
-0.5757900000
-0.3213500000
-0.5794600000
0.0356970000
0.0314940000
-0.5583400000
-0.0410050000
-0.4009000000
-0.1678900000
-0.5929700000
-0.0499410000
-0.3149800000
-0.2925300000
-0.0844640000
0.0759570000
-0.5229800000
-0.0917100000
0.1927300000
0.6153000000
0.8042100000
0.7580000000
1.4162000000
-0.0733450000
0.0778050000
-0.0549490000
-0.8277800000
-0.3250400000
-0.6624500000
-0.7535500000
-0.7586700000
-0.9423800000
-0.9005800000
0.3171200000
-0.4051200000
0.0147650000
0.2602800000
0.2151300000
-0.3126500000
-0.0906410000
-0.5843300000
-0.8826500000
-0.5374400000
-1.2998000000
-0.7479400000
-0.4795900000
-0.9326000000
-0.5744200000
-0.1234100000
-0.8668900000
-0.1265500000
-0.3040400000
-0.6435600000
-0.0409930000
-0.9838200000
-0.1994100000
0.1968400000
-0.0611070000
0.1888200000
-0.0601040000
-0.9824700000
-0.6448300000
-0.8693300000
-0.8608500000
-0.1908400000
0.2662600000
-0.1534200000
0.1445400000
-0.0565460000
1.0884000000
0.7080100000
-0.2939700000
0.0999950000
-0.2412400000
-0.3349100000
-0.2252000000
0.1653700000
0.1226800000
0.1088500000
-0.0761160000
0.5602800000
-0.3114900000
-0.0032126000
-0.0434310000
-0.5089100000
-0.8421300000
-0.6726600000
-0.4928000000
-0.0188160000
-0.8507400000
-0.3115600000
-0.6487200000
-1.2675000000
-0.5871000000
-0.2443600000
0.4608800000
0.2135200000
0.1016100000
0.8301300000
0.6811500000
0.5128400000
0.7177100000
-0.2561600000
-0.1057000000
-0.6151400000
-0.3399100000
-0.4590900000
-0.3394600000
0.9872000000
0.2469500000
0.1956100000
0.7542900000
0.3031000000
0.3231400000
1.1171000000
0.4635700000
0.0414860000
0.4859800000
-0.2838700000
-0.4805700000
0.1941700000
0.0928830000
-0.2241400000
-0.8503900000
-0.0714140000
-0.6319200000
-0.7882000000
-0.0194690000
-0.5238600000
-0.2502600000
0.1542200000
1.2696000000
0.6480400000
0.9045100000
0.7072300000
0.1982400000
0.4233700000
0.3191400000
-0.5928000000
0.4101500000
-0.0929410000
-0.3832000000
0.1301700000
-0.4738700000
0.1305000000
0.6769200000
0.0812540000
0.8706400000
0.3890900000
1.0086000000
0.1005200000
0.2700200000
0.5579600000
-1.5845000000
-0.2684700000
0.0822340000
-0.8067400000
-0.2577400000
-0.5184600000
-0.6273100000
-0.5902200000
-0.9674700000
0.0803820000
0.0102970000
-0.1218200000
0.5501100000
0.2687300000
0.0706560000
-0.9063600000
-1.0076000000
-0.3699000000
-0.0599120000
-0.9195300000
-0.4711100000
-0.1156500000
0.7121200000
-0.1251700000
1.0583000000
0.3800300000
0.7843200000
0.0024100000
-0.0484000000
-0.5994000000
-0.1422200000
-0.0525150000
-0.5401900000
-0.3207200000
-0.2732700000
0.2291100000
-0.2444900000
0.3888900000
0.0374230000
-0.5936900000
-0.2847000000
0.4589800000
-0.3737700000
-0.6556900000
0.0097264000
-0.2573000000
-0.5335200000
-1.0556000000
-0.7932600000
-0.5157400000
-0.6612400000
0.2913500000
0.1271600000
0.0169200000
0.0374490000
-0.3173000000
0.4001200000
0.0414800000
0.2622700000
0.0196710000
-0.0326860000
0.2569200000
1.0238000000
0.0420100000
0.3475700000
0.4897700000
-0.5814700000
-0.5352700000
-0.3976200000
-0.5412200000
-0.5237900000
-0.4880800000
-0.2154700000
-0.0144230000
-0.0492730000
-0.0904500000
-0.2761300000
0.8884300000
-0.4590100000
0.5807100000
-0.3805100000
-0.4960300000
-0.0007236400
-0.3673600000
-0.0405620000
0.7649500000
0.6160000000
0.2376400000
0.4016600000
0.6868000000
-0.3398300000
-0.9625300000
-0.2556300000
-0.3012800000
0.0011891000
0.3540000000
-0.3295500000
-0.0392960000
-0.8070900000
-0.3873400000
-1.1517000000
-0.6832400000
-0.0732050000
-0.0682080000
0.6698500000
0.8717700000
0.5087900000
1.7419000000
0.4440500000
1.1257000000
0.5950900000
0.3993700000
0.7246600000
0.5007600000
0.4027400000
0.1198700000
0.2276300000
-0.1241400000
0.0344610000
-0.5861400000
-0.5167300000
-0.2805100000
-0.3831400000
-0.4583000000
0.1371900000
0.3927300000
0.4357400000
0.0920700000
0.1250200000
-0.3748200000
-1.0950000000
-0.9566200000
-0.2122000000
0.3016100000
-0.3883900000
0.1274800000
0.5407100000
-0.4076500000
0.2011400000
0.4092600000
0.2200400000
-0.1582200000
0.9629700000
0.3754000000
0.1060200000
1.3736000000
0.8195200000
0.9650700000
1.8544000000
0.3660100000
0.7620800000
0.3808900000
0.3754400000
0.2106600000
-0.3212600000
-0.4707900000
-0.3310500000
-0.0566450000
-0.4608700000
-0.1327900000
0.2773900000
0.2748200000
0.1701600000
-0.0666920000
0.0552740000
-0.4166700000
-0.0044018000
0.2132600000
-0.1031200000
0.4321700000
-0.0750680000
0.6451200000
-0.4842200000
-0.8433100000
-0.2640700000
-0.3081700000
-0.1301000000
0.9372400000
1.1128000000
0.6492800000
-0.0858560000
-0.3526300000
-0.4755100000
-0.5540300000
0.0393360000
-0.4272400000
-0.5836300000
-0.3367500000
-0.4476300000
-0.8368200000
0.1511200000
0.3252300000
0.5982300000
0.0573230000
0.3543700000
-0.1612900000
-0.5360900000
-0.4741900000
-1.1053000000
-0.4875400000
-0.6280600000
-0.1595100000
0.6280200000
0.3637200000
0.7611100000
0.1179700000
0.1847300000
-0.0664640000
-0.5258400000
0.0731860000
-0.2307500000
-0.0839310000
0.3032500000
-0.0530050000
-0.7113200000
0.0795680000
0.3310400000
-0.2557300000
0.6083200000
0.2182800000
-0.0282900000
0.6959900000
0.3567900000
0.4310200000
0.1952500000
0.1078000000
0.1202700000
0.0474600000
0.0233890000
-0.4365500000
-0.3297400000
0.3688100000
0.2517000000
0.4121800000
0.2917500000
0.7416800000
-0.0813930000
1.0114000000
0.5250200000
0.0193060000
-0.2146800000
-1.4064000000
-0.8419100000
0.0548920000
-0.0753220000
-0.6523300000
-0.1529900000
-0.5489300000
-0.4791500000
0.0733610000
0.4315900000
-0.0227430000
0.9987800000
-0.4829900000
-0.7781000000
-1.1333000000
-1.2730000000
-1.0122000000
-0.8284100000
-0.4752600000
-0.0239920000
0.0093139000
-0.2154000000
0.2259900000
0.0115330000
-0.4643600000
-0.1429400000
-0.8056100000
0.4119500000
0.1735300000
0.6616500000
0.0427010000
-0.3596500000
0.5613900000
0.3144400000
0.2243300000
0.3811300000
-0.5254400000
-0.0296550000
-0.3587300000
-0.5738600000
-0.1842500000
-0.3021400000
0.3761900000
0.2434900000
0.2642700000
0.6380200000
0.1989200000
-0.2253400000
0.4276100000
0.6250500000
0.2078500000
0.5920200000
0.5032100000
0.1347600000
-0.2779900000
0.0733590000
-0.5446700000
-0.0170590000
-1.1030000000
0.0463160000
-0.3227300000
-0.7492100000
0.3697300000
0.0364220000
-0.1003000000
0.1158900000
0.2345100000
-0.4050900000
-0.1644500000
-0.1139600000
-0.5178300000
-0.7190600000
-0.8046600000
-0.6275200000
-0.5222000000
-0.9674300000
-0.5771700000
-0.4376300000
-0.9049300000
0.4408300000
0.1855100000
-0.5298200000
0.8056300000
-0.4880900000
-0.6103200000
-0.1320700000
0.0491360000
0.6410800000
0.5741600000
0.6570000000
0.6196900000
0.3160700000
0.0348850000
0.3440700000
0.0036789000
-0.0222110000
-0.5449800000
-0.2355700000
-0.5536400000
-0.2658100000
0.1330500000
0.3740000000
0.0974370000
0.4302900000
-0.5575200000
-0.9195000000
0.2266300000
0.0327330000
-0.0737140000
-0.1016600000
-0.2900300000
-0.6125100000
-1.0201000000
-0.5131400000
-0.9169900000
-0.6246800000
0.1430200000
-0.1056800000
1.1526000000
0.2805600000
0.3098100000
0.3960700000
0.4786600000
-0.0580760000
0.2233900000
0.6838000000
0.2020400000
-0.3338100000
-0.0312210000
0.0060297000
-0.2056400000
0.2649200000
0.4510500000
0.2464900000
0.2709300000
0.1228500000
-0.5491400000
0.0723340000
-0.1969700000
0.1583000000
-0.2121300000
-0.1675300000
-0.2692000000
-0.2474500000
0.4319600000
-0.1817800000
-0.3867900000
-0.2364400000
-0.9502000000
-0.2709600000
-0.5960100000
-0.0448970000
0.4640100000
0.9565200000
0.6336500000
0.0140070000
-0.0566510000
-0.1269400000
-0.5604100000
-0.1710900000
0.6548400000
0.8426300000
0.4603900000
0.9982300000
0.3312700000
0.3221100000
0.6554200000
0.3594700000
0.3870000000
-0.1468600000
-0.0203470000
-0.1253100000
-0.1533800000
-0.0317510000
-0.6167900000
0.0198880000
-0.2196700000
-1.2528000000
-0.0015803000
-0.8099400000
-0.5565800000
-0.0081387000
0.6704400000
0.8144300000
0.8207100000
0.3518000000
0.0904700000
0.6443100000
0.7707800000
1.3205000000
1.5700000000
0.2382200000
-0.3389200000
-0.7913000000
-0.5385900000
0.0564800000
0.0670270000
0.8736000000
0.7170500000
0.1923700000
0.0855080000
0.2389100000
0.1729300000
0.0820910000
0.5441600000
-0.3375500000
0.0953390000
0.4670400000
0.5978400000
0.6267300000
0.0578250000
0.3107200000
-0.1697400000
-0.5336700000
-0.2451200000
0.5516600000
-0.2410800000
0.5281700000
0.4443900000
0.2101300000
-0.1502100000
-0.3687400000
-0.3075700000
-0.4287700000
-0.3353300000
-0.9167300000
-0.6468200000
-1.0569000000
-0.8452400000
-0.1501800000
0.3595200000
0.4051600000
0.7265600000
0.2031000000
-0.5518500000
-0.8029200000
-0.4323600000
-0.6134600000
0.1617100000
-0.5685300000
-0.4165300000
-0.0565990000
-0.1863900000
-0.1116200000
0.1492800000
0.3319900000
0.4318800000
-0.7066500000
-0.7302400000
-0.4901000000
-0.2984500000
-0.3359900000
0.3478700000
-0.0965400000
-0.4694300000
0.0240800000
-0.0879030000
-0.1802700000
-0.2891600000
-0.1698500000
0.4937500000
0.8607900000
0.6910000000
0.1066000000
0.1696500000
-0.0039174000
-0.2437800000
-0.1663600000
0.4874400000
0.2259000000
0.6174000000
-0.3450400000
0.6195400000
0.3846500000
0.1480800000
0.2875900000
-0.3165200000
-0.4247400000
-0.4944000000
-0.8076500000
-1.0953000000
-0.2804600000
0.3733400000
0.5982200000
-0.0628750000
0.4049900000
-0.1386600000
0.2030600000
0.1307100000
0.0928780000
0.0106760000
-0.6149300000
0.3513900000
-0.3583000000
-0.5019700000
0.2994900000
-0.8747600000
-0.6876800000
-0.8539200000
-0.4760800000
-0.2460400000
0.4419000000
0.2174700000
0.4988000000
0.3134500000
-0.0939010000
-0.3388200000
-0.4932500000
-0.5415000000
-0.0797700000
0.3219500000
-0.0848420000
-0.4043800000
0.4604300000
0.0750570000
-0.4716200000
0.1813200000
0.3727700000
-0.0935250000
-0.3581100000
0.3898700000
-0.4898500000
-0.8968200000
0.4754900000
0.0850570000
0.6621900000
0.2273400000
-0.1336000000
0.3681700000
-0.1109100000
-0.0767640000
-0.2686500000
0.6143200000
0.6476200000
0.3130500000
0.6136300000
0.2561700000
-0.2308100000
-0.2796800000
-0.0945870000
-0.0672930000
0.1200800000
-0.3551100000
0.1704500000
-0.0050527000
-0.2671200000
0.6190600000
-0.1420200000
0.1906100000
0.0603370000
0.4799700000
-0.4125500000
-0.1041500000
0.2939600000
1.1063000000
0.0960230000
0.7773300000
1.1672000000
0.2755700000
-0.0832970000
-0.0593250000
-0.5789100000
-0.7387700000
-0.1953400000
-0.1563300000
0.0561520000
0.1363800000
0.5789400000
0.3336100000
0.3199600000
-0.1919500000
-0.6168200000
0.2654500000
-0.2660900000
-0.0925220000
0.3449100000
-0.1993800000
-0.0129320000
0.0203090000
-0.1686400000
-0.0703620000
-0.9452800000
-0.5425400000
-0.6050400000
-0.5294000000
-0.1969400000
0.1994400000
0.2904200000
-0.1728400000
0.2100500000
0.2877000000
0.6107800000
-0.1926000000
-0.0815120000
0.4326600000
-0.2316600000
-0.1521400000
0.3443000000
0.5947000000
0.2166200000
0.4557300000
0.5706800000
0.2307400000
-0.2012700000
0.6305200000
0.9463300000
0.0775770000
1.2247000000
0.6475400000
-0.0503340000
1.0366000000
-0.0695460000
0.4010200000
0.5220700000
-0.1399800000
0.1369800000
0.0748850000
0.0897910000
-0.3554700000
-0.8713500000
-0.4910200000
-0.4195400000
-0.3429500000
0.0599340000
0.0840110000
0.3206500000
0.1135700000
0.0736230000
0.5361500000
-0.2507600000
-0.0375360000
-0.1152200000
-0.1932600000
-0.7449600000
-0.2975000000
-0.1106200000
0.4354100000
0.0153290000
1.0536000000
-0.1270500000
0.3593000000
0.0306270000
-0.3321000000
0.4041800000
-0.3986800000
0.7330600000
0.6180900000
-1.1077000000
-0.2253600000
0.0940520000
-0.5288400000
-0.0249930000
0.3929100000
0.6496100000
-0.1420300000
0.9135500000
0.5190900000
0.3482800000
0.4624000000
0.3713600000
0.0986810000
0.1008700000
0.0293370000
-0.1228100000
0.2875900000
0.4052200000
-0.6096400000
-0.4293600000
-0.0084256000
-0.0590470000
0.2194700000
1.0151000000
0.1424500000
0.0937070000
0.7420000000
0.5827300000
0.2151400000
0.0099953000
-0.4902600000
-0.1482100000
-0.3563900000
0.1722800000
0.6381100000
-0.8050700000
-0.6476200000
-0.0861090000
-0.4922600000
-0.7029000000
-0.6000700000
-0.8540200000
-0.5502400000
-0.1578400000
0.1253200000
0.2284800000
0.4874700000
-0.7492500000
0.0000332490
0.6188700000
0.0947960000
0.6413400000
0.9354400000
0.2313500000
0.4446800000
0.2954300000
-0.7398700000
-0.5636900000
-0.1076000000
-0.4560300000
-0.7732900000
-0.4576300000
-0.3229500000
-0.4941000000
-0.4947300000
-0.4332000000
0.2132600000
0.4055300000
0.1812800000
0.3341200000
0.8957000000
0.7214700000
0.3617400000
1.1320000000
0.6278800000
0.2704700000
0.3608700000
0.0627470000
-0.5675000000
-0.4742000000
-0.7914700000
-0.5710000000
0.6378400000
0.5143300000
-0.1396300000
0.4786800000
-0.0141640000
-0.3558700000
-0.5263500000
-1.5170000000
-0.2543700000
-0.9443600000
-0.7306600000
-0.3538200000
-0.7191300000
-0.2956900000
-0.0183450000
0.5031000000
0.1417600000
0.3070100000
0.8752500000
0.4089900000
0.5832800000
0.3358900000
-0.4661700000
0.3473800000
0.4369900000
-0.9797400000
0.5436100000
-0.7950600000
-1.2664000000
-0.1397500000
-0.8050300000
0.4212200000
-0.0052433000
-0.1485900000
0.5948500000
0.0618950000
-0.8658100000
0.0317480000
-1.0496000000
-1.3504000000
-1.1451000000
-0.9495000000
-0.8351900000
-0.2698100000
-0.6207100000
-0.0613310000
0.5988200000
-0.1467100000
0.6050500000
-0.2214200000
-0.1588100000
0.3248100000
-0.8026600000
-0.7581600000
-0.5334900000
-0.9853300000
-0.1597800000
-0.0563010000
0.5409800000
0.2297900000
0.5822500000
0.7477600000
0.6587100000
0.1233600000
0.3083600000
0.8789300000
0.3822100000
0.4158700000
0.7307800000
0.5557200000
-0.0006149800
0.0077465000
-0.4093500000
-0.1517300000
-0.3542900000
-0.5943400000
-0.2435800000
-0.8613200000
-0.2960900000
-0.3835300000
-0.4227500000
0.0301260000
0.4965400000
0.8920300000
0.0622920000
0.4932800000
0.2615900000
-0.6301000000
0.4449800000
-0.0154400000
-0.5264100000
-0.1958600000
-0.1682800000
-0.0012930000
0.4486000000
0.4574900000
0.3271700000
-0.0290040000
0.0547600000
-0.5321000000
-0.2183000000
0.3310900000
0.3940500000
1.0458000000
0.3177700000
-0.8650900000
-0.0006021100
-0.5944300000
-1.0811000000
-0.4440500000
-0.6354200000
-0.2270700000
-0.4977400000
-0.5730600000
-0.3633200000
-0.3084100000
-0.3807200000
-1.3792000000
0.0690920000
-0.5019600000
-0.7012700000
0.1976700000
-0.6064900000
-0.1595100000
-0.6585100000
-0.3166100000
0.0369070000
-0.4080100000
0.7277800000
0.3162100000
0.5588900000
-0.0894690000
-0.2000800000
0.0889400000
-0.1603300000
-0.1345300000
0.0381710000
0.1909500000
-0.0367800000
-0.1039400000
0.0907470000
-1.0447000000
-0.5835700000
0.3752200000
-0.1034800000
0.8245400000
0.5175400000
0.3384500000
0.3956000000
0.2635600000
0.8477900000
-0.1120200000
-0.0334280000
-0.6965300000
-0.4803400000
-0.5243500000
-1.3818000000
-0.4186100000
-0.8432200000
-1.5857000000
-0.4817200000
0.3849400000
0.1869600000
0.7437500000
0.8827800000
0.3257000000
0.6348300000
0.2699200000
0.3217400000
0.5383500000
0.0207870000
-0.6346200000
0.3441300000
0.2646500000
0.8299900000
0.5868800000
0.2857700000
0.7041000000
-0.7734000000
-0.3575600000
-0.5286600000
-0.5049800000
-0.4505100000
1.2661000000
0.3575200000
0.7049300000
0.8016400000
-0.2952800000
-0.1038500000
0.4681000000
0.3153100000
0.2856700000
0.1223700000
0.0899650000
0.1006100000
0.5419100000
0.1433500000
0.5729400000
0.0556390000
-0.2809800000
0.0545710000
-1.1742000000
-0.6363600000
-0.2871400000
-0.6851200000
-1.1468000000
-0.7892700000
-0.2776300000
-0.7344100000
-0.6725600000
-0.1931200000
-0.3518900000
-0.5888900000
-0.5476500000
-0.4364200000
-0.6128500000
-0.0415110000
-0.1457500000
-0.1820700000
0.6052000000
0.0811110000
-0.0326340000
0.8324300000
1.0031000000
1.2011000000
0.7505300000
1.1613000000
0.2989000000
0.1491400000
0.1744900000
-0.1233800000
0.1856900000
0.9828000000
-0.0453010000
0.1337200000
0.6102200000
-0.3980400000
-0.1861600000
0.3388900000
-0.1125400000
0.0964110000
-0.3348800000
-0.7627900000
-0.9340000000
0.3171600000
0.2723400000
0.3501600000
0.3128400000
0.0844560000
0.0418600000
-0.6192800000
-0.2964600000
-0.6875500000
0.1233200000
-0.7709900000
0.1746800000
0.3037200000
0.1417500000
0.5241200000
-0.1999800000
-0.1610100000
0.0439440000
-0.1451400000
0.6533900000
-0.3157700000
-0.2185800000
-0.3125900000
-1.1103000000
-0.8959000000
0.0216470000
0.4656600000
-0.2957500000
0.0723590000
0.2254700000
0.6015000000
0.3105200000
0.3339500000
0.0737630000
0.1048800000
0.3029600000
-0.1691300000
1.0922000000
1.1165000000
0.6391800000
0.6199300000
-0.4357100000
-0.4663100000
0.0202530000
-0.4971400000
-0.1478300000
0.2970700000
0.2591000000
0.0921090000
-0.2832300000
-0.2238400000
-0.4043700000
-0.4395500000
-0.1906100000
-0.6352700000
0.0160670000
0.4870700000
0.6816000000
0.4789100000
0.8538100000
0.6967200000
0.4231500000
-0.1955700000
-0.4206700000
0.4533400000
-0.4906100000
-0.1147500000
-0.0138000000
0.2500700000
-0.3089100000
-0.3419400000
0.8289200000
0.1298000000
-0.4159800000
-0.2285200000
-0.0655410000
-0.7791400000
-0.2131400000
-0.7358700000
-0.8453900000
-0.0839770000
-0.3183100000
-0.1073400000
0.0265370000
-0.0798430000
-0.0402960000
-0.0959310000
0.0504990000
-0.0858530000
0.7775600000
0.2295300000
-0.4104500000
-0.0010350000
-0.3198400000
-0.6425200000
-0.6870000000
-0.0693850000
-0.1632900000
-0.1952200000
0.0846350000
0.1089600000
-0.0321860000
-0.6109500000
-0.5330100000
0.0720020000
-0.2821700000
0.8146000000
0.5931800000
0.3804100000
0.2322700000
-0.0111990000
-0.1157400000
0.2375100000
0.1462800000
0.1416300000
0.7402400000
0.3107100000
0.0227090000
-0.2660200000
-0.1157200000
-0.9804600000
-0.5489500000
-0.0519660000
-1.1204000000
-0.4783700000
0.2833100000
-0.4971900000
-0.6042900000
-0.4829300000
-0.7443500000
-0.4484400000
-0.8893000000
-0.7925400000
-1.1691000000
-0.6271000000
-0.8488400000
0.0484500000
0.1317300000
0.3583500000
0.2859600000
0.7575400000
0.2439600000
1.3388000000
0.8396900000
0.8353200000
1.3448000000
0.7200000000
0.6633200000
0.1301300000
0.0985530000
-0.5851700000
-0.5998500000
-0.1758700000
-0.9250700000
-0.4317200000
-0.2008200000
-0.2452000000
-0.0591870000
-0.3318400000
0.2384900000
-0.0076940000
-0.1270100000
0.4177600000
0.1088900000
0.0957880000
0.3520300000
-0.0992200000
-0.0332900000
-0.0835790000
0.2361600000
0.0345150000
0.7777200000
0.2671600000
0.4869400000
0.0677840000
0.4900400000
-0.0802240000
-0.3346400000
0.0223820000
-1.0223000000
-0.1255100000
0.1667700000
0.7057700000
0.8088100000
0.5882600000
0.5134200000
0.0121630000
0.0098484000
0.3863800000
-0.2279900000
-0.3004000000
-0.1681300000
-0.8085800000
-0.5838400000
-0.5585300000
0.0992040000
0.5401400000
0.4064000000
0.1815500000
0.4857400000
-0.0420030000
0.4201000000
-0.1646600000
-0.2100900000
0.5685700000
-0.1346800000
-0.1504500000
0.2013100000
0.0141540000
-0.2369500000
-0.3202800000
-0.0281010000
-0.2328100000
-0.0852820000
0.9505000000
0.0674160000
-0.3310400000
0.1199000000
-0.7621500000
0.3887000000
0.6543800000
1.0168000000
-0.7198600000
-0.2488800000
-1.3366000000
-0.2403400000
-0.0302470000
-0.3608300000
0.5887600000
0.1053200000
0.9623600000
0.5187600000
0.3672300000
1.1268000000
0.8597900000
1.1815000000
0.8035200000
1.1599000000
0.7222500000
0.4861700000
0.6661900000
-0.1463900000
-0.1795000000
-0.5443500000
-0.4647700000
-0.3542600000
0.2224300000
-0.2362000000
-0.3714400000
0.3825100000
-0.2754800000
0.1089600000
0.1592500000
-0.3596400000
0.3219200000
-0.2675800000
-0.6828300000
-0.6115800000
-0.9210600000
-0.6034000000
-0.5030200000
-0.4535000000
0.4989600000
-0.4694100000
-0.0368740000
-0.2565600000
0.1205100000
-0.3555800000
-0.3951100000
-0.8984600000
-0.6634400000
-0.7108200000
-0.4305800000
-0.5142400000
0.3380100000
0.1002200000
-0.2833700000
0.4399000000
-0.2339600000
0.0111320000
-0.2609400000
0.7592300000
0.0717050000
-0.3241900000
0.4239800000
-0.1699500000
-0.9862900000
-0.1961200000
-1.3109000000
-1.6829000000
-0.6698500000
-0.2682700000
-0.1782500000
0.4233200000
0.2343400000
0.3476600000
0.2783100000
-0.2427300000
0.0734930000
0.3641200000
-0.1428400000
-0.1359700000
0.6356600000
-0.1336500000
-0.2261600000
-0.2562300000
-0.3749400000
-1.4605000000
-1.2966000000
-1.0610000000
-0.7200600000
0.5515700000
0.2054300000
1.0160000000
0.7402300000
0.4487000000
0.9267000000
0.7956700000
0.3779600000
1.0325000000
-0.0589790000
0.3716500000
0.3868100000
0.4276900000
-0.2338700000
0.2140200000
-0.0691480000
-0.6165000000
0.7530700000
0.8506100000
0.2329000000
0.2314300000
-1.6762000000
-0.8299800000
-0.9192400000
-0.9260300000
0.0956570000
0.2066100000
-0.3456600000
0.2663100000
0.0694790000
-0.0947120000
-0.3111100000
0.4035900000
0.0896090000
0.1846500000
0.3603600000
-0.5699200000
-0.8736000000
-0.0129180000
-0.9781600000
-0.3426100000
-0.7346500000
-0.8089800000
-0.5515000000
-0.7740500000
-0.8488700000
0.2149900000
-0.0330980000
-0.0422410000
0.3014000000
0.5207500000
-0.6621900000
0.5618300000
0.1263800000
0.3246300000
1.1452000000
0.3666100000
0.0289550000
0.3382900000
0.7348400000
0.2124300000
-0.1601700000
-0.1076500000
-0.6676800000
-0.4822000000
-0.2956100000
-0.0076089000
0.1202200000
0.4475100000
0.6003300000
0.7447500000
1.0443000000
0.4360000000
0.5660400000
0.8112800000
1.1657000000
1.4526000000
0.6050400000
0.4738500000
-0.1937000000
0.3393800000
0.1607500000
0.1575800000
0.1336900000
0.5230700000
0.8793800000
0.6475800000
0.5993400000
0.7020200000
0.7459700000
0.9643100000
-0.3006600000
-0.6843600000
-0.4286100000
-0.7342900000
0.3209500000
-0.7968900000
-0.5217900000
-0.5607200000
0.0437070000
0.8088100000
0.3855800000
0.7466800000
0.1387100000
-0.3474500000
-0.6890500000
-0.3598900000
0.0895980000
0.0212680000
-0.1930100000
0.2606300000
0.0880070000
-0.3797500000
0.2799100000
-0.0950840000
0.1391400000
0.1425300000
-0.2204000000
0.2229500000
0.4172300000
0.5252800000
0.1288300000
-0.0766270000
-0.6287200000
-0.6438700000
-0.4315200000
-0.8454100000
-0.5545500000
-0.7037300000
-0.0689380000
-0.0066430000
0.1393900000
0.1389500000
-0.1166100000
-0.8260300000
-0.9137100000
-0.7392700000
-0.2755900000
-0.3442600000
0.5106200000
0.1457600000
-0.4214600000
0.0832230000
0.5129800000
0.7529700000
0.8211600000
0.7046200000
1.3098000000
1.1351000000
0.6467000000
0.6685300000
0.0142880000
-0.4147400000
-0.5693200000
-0.0207460000
-0.2502500000
-0.1578400000
0.2959900000
-0.3018400000
0.4262200000
0.1616500000
0.2678700000
0.8410900000
0.7009800000
0.6196300000
-0.1109100000
0.1204100000
-0.9022600000
-0.2537500000
0.4339000000
0.3151000000
0.9302500000
0.6588600000
0.1304700000
0.1446700000
0.0445980000
-0.3102000000
