0.6371000000
0.3398000000
0.1699000000
0.1133000000
0.1416000000
0.1557000000
0.3115000000
2.9166000000
8.1553000000
6.6261000000
2.2172000000
0.7561000000
0.6315000000
0.3596000000
0.1209000000
0.1416000000
0.1416000000
0.1557000000
0.7079000000
3.8228000000
3.5113000000
2.3673000000
0.9316000000
1.1695000000
0.8325000000
0.4502000000
0.1416000000
0.1416000000
0.1841000000
0.2175000000
0.7079000000
5.4085000000
10.1090000000
3.6529000000
1.4328000000
0.7051000000
0.5550000000
0.3455000000
0.1529000000
0.1051000000
0.1124000000
0.1087000000
0.7872000000
2.8883000000
6.4562000000
4.4174000000
1.5999000000
0.9316000000
0.7334000000
0.3710000000
0.2161000000
0.1552000000
0.1532000000
0.3200000000
0.7561000000
2.3192000000
5.1253000000
2.9166000000
1.6141000000
0.7759000000
0.6513000000
0.3993000000
0.1869000000
0.1467000000
0.0915000000
0.1019000000
0.4417000000
2.1068000000
7.8721000000
4.7855000000
1.5065000000
0.5182000000
0.3115000000
0.2823000000
0.2362000000
0.1631000000
0.1430000000
0.2254000000
0.5692000000
3.9360000000
11.2980000000
5.0404000000
1.9397000000
0.8552000000
0.7815000000
0.5324000000
0.2280000000
0.1532000000
0.1192000000
0.1413000000
0.9458000000
4.2192000000
3.7945000000
2.0077000000
0.7957000000
0.5550000000
0.3483000000
0.3710000000
0.1818000000
0.1419000000
0.1416000000
0.1521000000
0.2888000000
4.3608000000
7.1642000000
4.6156000000
2.6759000000
0.9769000000
0.4531000000
0.4191000000
0.2039000000
0.1569000000
0.1501000000
0.2945000000
0.6286000000
5.0687000000
11.2700000000
3.9927000000
2.3050000000
0.8523000000
0.3341000000
0.2614000000
0.2888000000
0.1934000000
0.1286000000
0.1438000000
0.3993000000
2.7269000000
5.2103000000
2.2908000000
1.0902000000
0.4021000000
0.3653000000
0.2973000000
0.2172000000
0.1543000000
0.1257000000
0.1594000000
0.5182000000
3.4263000000
8.0137000000
5.9465000000
2.0643000000
0.7023000000
0.8835000000
0.5663000000
0.2973000000
0.1886000000
0.1832000000
0.1676000000
0.7108000000
4.4174000000
7.8155000000
3.5679000000
0.9713000000
0.4842000000
0.7589000000
0.4361000000
0.2115000000
0.1580000000
0.1560000000
0.1894000000
0.8693000000
2.5145000000
1.9425000000
2.2144000000
1.4158000000
1.2686000000
0.7532000000
0.6541000000
0.3228000000
0.1937000000
0.1526000000
0.1756000000
1.1270000000
6.2580000000
8.1836000000
4.8705000000
2.2795000000
0.6031000000
0.3964000000
0.2973000000
0.2022000000
0.1093000000
0.0991000000
0.1339000000
0.8353000000
4.2192000000
5.1820000000
4.7855000000
1.9822000000
0.7815000000
0.7136000000
0.4417000000
0.3002000000
0.1926000000
0.1855000000
0.1979000000
0.4191000000
4.8422000000
5.7766000000
5.0404000000
1.8576000000
0.5493000000
0.4842000000
0.2860000000
0.1563000000
0.1373000000
0.1235000000
0.1413000000
0.2540000000
2.6221000000
6.5129000000
3.7378000000
2.2993000000
1.4158000000
0.7844000000
0.4248000000
0.1784000000
0.1770000000
0.1747000000
0.1662000000
1.3479000000
2.3956000000
5.4368000000
2.8317000000
2.1974000000
0.7504000000
0.4389000000
0.2209000000
0.1189000000
0.0850000000
0.0850000000
0.1150000000
0.4332000000
2.7156000000
5.6067000000
1.6707000000
0.7957000000
0.3851000000
0.4616000000
0.2265000000
0.1133000000
0.1133000000
0.1133000000
0.1470000000
0.5182000000
3.4830000000
5.7483000000
3.3131000000
1.0194000000
0.3511000000
0.3228000000
0.2217000000
0.1671000000
0.1019000000
0.0807000000
0.1487000000
0.3455000000
2.4607000000
8.7499000000
3.0865000000
0.7957000000
0.8184000000
0.3002000000
0.1846000000
0.1422000000
0.1184000000
0.1472000000
0.1979000000
1.0506000000
4.7572000000
2.3418000000
0.7504000000
0.3993000000
0.3256000000
0.2696000000
0.2209000000
0.1470000000
0.1371000000
0.1294000000
0.1317000000
0.4106000000
1.9397000000
8.4667000000
5.1537000000
1.4385000000
0.5862000000
0.3058000000
0.2673000000
0.1498000000
0.1416000000
0.1354000000
0.1600000000
1.3082000000
5.8050000000
6.9376000000
3.3980000000
1.8264000000
0.6116000000
0.5012000000
0.3511000000
0.1971000000
0.0566000000
0.0963000000
0.1189000000
0.7023000000
3.9360000000
4.8988000000
2.6929000000
1.1072000000
0.6739000000
0.5069000000
0.4361000000
0.2917000000
0.2127000000
0.1693000000
0.2155000000
0.8722000000
3.6529000000
8.8065000000
4.2475000000
1.5404000000
1.3620000000
0.5890000000
0.3058000000
0.2325000000
0.1668000000
0.1124000000
0.2189000000
0.8807000000
4.7289000000
4.4457000000
1.8179000000
0.6456000000
0.3483000000
0.2860000000
0.3115000000
0.1237000000
0.1413000000
0.1362000000
0.1716000000
0.6343000000
3.1715000000
5.1820000000
2.5882000000
0.8722000000
0.8014000000
0.7561000000
0.3313000000
0.2141000000
0.1730000000
0.1790000000
0.2214000000
0.4276000000
5.5501000000
5.6351000000
2.2427000000
0.8099000000
0.4955000000
0.5522000000
0.3794000000
0.2192000000
0.1753000000
0.1733000000
0.1940000000
0.8920000000
3.7661000000
7.7871000000
3.1715000000
0.8523000000
0.4474000000
0.3256000000
0.3200000000
0.2387000000
0.1841000000
0.1753000000
0.2214000000
1.3875000000
3.5679000000
6.9376000000
3.4263000000
1.0336000000
0.3285000000
0.3625000000
0.1996000000
0.1334000000
0.0963000000
0.0934000000
0.0980000000
0.1900000000
3.2564000000
7.1642000000
3.2281000000
0.7447000000
0.2860000000
0.2724000000
0.1651000000
0.1337000000
0.1161000000
0.1218000000
0.1246000000
0.2322000000
3.7378000000
6.2014000000
5.1820000000
2.8883000000
0.9968000000
0.5493000000
0.4332000000
0.2229000000
0.2010000000
0.1662000000
0.2178000000
1.6282000000
2.3899000000
4.7006000000
2.0756000000
0.8297000000
0.4616000000
0.5550000000
0.4984000000
0.3370000000
0.1977000000
0.1829000000
0.2101000000
0.5409000000
3.9360000000
6.0315000000
5.1253000000
3.3414000000
1.1582000000
0.6824000000
0.4417000000
0.2537000000
0.1787000000
0.1914000000
0.2291000000
0.8807000000
3.6246000000
5.1537000000
2.4834000000
0.8807000000
0.3483000000
0.4021000000
0.2373000000
0.2478000000
0.1858000000
0.1203000000
0.1634000000
0.6456000000
3.2848000000
9.6844000000
5.1537000000
1.7018000000
0.4304000000
0.4955000000
0.3030000000
0.1606000000
0.1337000000
0.1365000000
0.1283000000
0.4559000000
2.5287000000
6.2580000000
2.1294000000
0.6881000000
0.4446000000
0.3341000000
0.2059000000
0.1640000000
0.1356000000
0.1144000000
0.1521000000
0.5295000000
4.2758000000
8.2402000000
5.1537000000
1.9029000000
0.6286000000
0.4644000000
0.3370000000
0.2214000000
0.1741000000
0.1467000000
0.1269000000
0.7419000000
4.6156000000
11.1570000000
4.3325000000
1.7358000000
0.5607000000
0.3908000000
0.1538000000
0.1288000000
0.1371000000
0.1138000000
0.1597000000
0.3851000000
2.3899000000
8.3818000000
3.2848000000
1.3139000000
0.3681000000
0.2534000000
0.1617000000
0.1124000000
0.0991000000
0.0915000000
0.1119000000
0.5267000000
2.3475000000
2.6193000000
1.5121000000
0.5069000000
0.5097000000
0.5918000000
0.3766000000
0.2104000000
0.1447000000
0.0850000000
0.1453000000
0.5578000000
2.5570000000
4.7572000000
2.6391000000
1.1468000000
0.3879000000
0.3511000000
0.1974000000
0.1657000000
0.1399000000
0.1257000000
0.1722000000
0.6031000000
5.2386000000
6.9093000000
2.3588000000
1.1440000000
0.3653000000
0.2299000000
0.3426000000
0.1651000000
0.1308000000
0.1560000000
0.1566000000
0.4417000000
2.9166000000
10.4770000000
8.9481000000
3.1149000000
1.0760000000
0.7079000000
0.4559000000
0.2050000000
0.1614000000
0.2095000000
0.2200000000
0.5154000000
7.1075000000
7.2491000000
2.3503000000
0.9175000000
0.4757000000
0.2798000000
0.2197000000
0.2030000000
0.1792000000
0.1659000000
0.1852000000
0.5239000000
3.1149000000
9.0897000000
3.5396000000
1.6707000000
0.6230000000
1.0024000000
0.5918000000
0.2945000000
0.2483000000
0.1679000000
0.2781000000
1.2941000000
3.9644000000
8.2685000000
3.8511000000
1.4243000000
0.7674000000
