31.0000000000
45.5000000000
39.5000000000
43.5000000000
52.5000000000
65.5000000000
52.5000000000
37.0000000000
35.0000000000
28.0000000000
50.0000000000
50.0000000000
59.0000000000
46.7500000000
42.7500000000
43.5000000000
39.5000000000
41.0000000000
63.0000000000
62.5000000000
40.0000000000
53.7500000000
30.0000000000
59.2500000000
28.0000000000
38.5000000000
24.0000000000
54.5000000000
23.0000000000
47.0000000000
34.5000000000
37.5000000000
36.0000000000
46.5000000000
57.0000000000
46.0000000000
37.0000000000
26.0000000000
40.0000000000
26.0000000000
26.5000000000
26.0000000000
21.5000000000
26.5000000000
72.0000000000
52.0000000000
48.0000000000
73.5000000000
55.0000000000
41.5000000000
75.0000000000
97.5000000000
33.0000000000
32.5000000000
17.0000000000
21.0000000000
75.5000000000
48.0000000000
43.5000000000
54.5000000000
65.5000000000
49.5000000000
33.5000000000
19.5000000000
46.5000000000
32.0000000000
35.5000000000
37.0000000000
40.0000000000
53.0000000000
24.5000000000
73.0000000000
36.5000000000
47.5000000000
96.0000000000
54.5000000000
45.5000000000
77.0000000000
52.0000000000
53.0000000000
79.5000000000
39.5000000000
60.0000000000
44.5000000000
63.0000000000
58.5000000000
48.0000000000
46.5000000000
29.0000000000
35.5000000000
44.5000000000
39.5000000000
43.0000000000
33.5000000000
68.5000000000
55.0000000000
56.0000000000
55.5000000000
46.5000000000
115.0000000000
88.5000000000
30.0000000000
36.0000000000
36.5000000000
46.0000000000
34.5000000000
50.0000000000
50.0000000000
28.0000000000
35.0000000000
49.5000000000
33.5000000000
72.5000000000
26.5000000000
70.0000000000
81.0000000000
62.5000000000
64.5000000000
90.0000000000
77.0000000000
52.0000000000
121.5000000000
33.5000000000
70.5000000000
66.5000000000
98.0000000000
71.0000000000
48.0000000000
42.0000000000
79.0000000000
30.0000000000
181.0000000000
67.0000000000
72.0000000000
52.0000000000
54.0000000000
45.0000000000
52.0000000000
49.0000000000
68.0000000000
53.0000000000
64.0000000000
43.0000000000
35.0000000000
48.0000000000
33.0000000000
52.0000000000
97.0000000000
43.0000000000
39.0000000000
27.0000000000
23.0000000000
32.0000000000
33.0000000000
68.0000000000
35.0000000000
86.0000000000
120.0000000000
82.0000000000
48.0000000000
41.0000000000
40.0000000000
63.0000000000
47.0000000000
41.0000000000
37.0000000000
45.0000000000
45.0000000000
32.0000000000
46.0000000000
59.0000000000
24.0000000000
51.0000000000
35.0000000000
128.0000000000
72.0000000000
23.5000000000
47.5000000000
46.5000000000
16.0000000000
24.5000000000
31.0000000000
45.5000000000
31.0000000000
27.0000000000
25.0000000000
45.5000000000
61.0000000000
47.0000000000
33.0000000000
25.0000000000
41.0000000000
33.0000000000
36.0000000000
33.0000000000
63.0000000000
27.0000000000
49.0000000000
42.0000000000
37.0000000000
51.0000000000
30.0000000000
73.0000000000
32.0000000000
46.0000000000
55.0000000000
49.0000000000
35.0000000000
21.0000000000
68.0000000000
40.0000000000
33.0000000000
31.0000000000
60.0000000000
0.0000000000
22.0000000000
44.0000000000
43.0000000000
42.0000000000
49.0000000000
30.0000000000
34.0000000000
25.0000000000
75.0000000000
21.0000000000
42.0000000000
26.0000000000
46.0000000000
35.0000000000
0.0000000000
51.0000000000
30.0000000000
33.0000000000
46.0000000000
28.0000000000
46.0000000000
28.0000000000
53.0000000000
56.0000000000
63.0000000000
43.0000000000
41.0000000000
29.0000000000
39.0000000000
46.0000000000
46.0000000000
47.0000000000
30.0000000000
67.0000000000
59.0000000000
55.0000000000
79.0000000000
67.0000000000
100.0000000000
72.0000000000
54.0000000000
88.0000000000
43.0000000000
53.0000000000
0.0000000000
0.0000000000
51.0000000000
53.0000000000
63.0000000000
54.0000000000
68.0000000000
61.0000000000
66.0000000000
77.0000000000
62.0000000000
48.0000000000
63.0000000000
95.0000000000
55.0000000000
54.0000000000
71.0000000000
61.0000000000
46.0000000000
44.0000000000
59.0000000000
50.0000000000
41.0000000000
43.0000000000
67.0000000000
47.0000000000
69.0000000000
63.0000000000
64.0000000000
97.0000000000
38.0000000000
48.0000000000
51.0000000000
37.0000000000
64.0000000000
40.0000000000
53.0000000000
45.0000000000
70.0000000000
42.0000000000
71.0000000000
114.0000000000
170.0000000000
94.0000000000
125.0000000000
75.0000000000
120.0000000000
80.0000000000
133.0000000000
52.0000000000
128.0000000000
58.0000000000
126.0000000000
50.0000000000
61.0000000000
58.0000000000
94.0000000000
39.0000000000
28.0000000000
0.0000000000
81.0000000000
36.0000000000
43.0000000000
0.0000000000
0.0000000000
45.0000000000
47.0000000000
37.0000000000
94.0000000000
36.0000000000
82.0000000000
59.0000000000
73.0000000000
85.0000000000
64.0000000000
61.0000000000
54.0000000000
56.0000000000
84.0000000000
112.0000000000
40.0000000000
128.0000000000
98.0000000000
66.0000000000
54.0000000000
80.0000000000
75.0000000000
118.0000000000
72.0000000000
65.0000000000
130.0000000000
67.0000000000
86.0000000000
80.0000000000
51.0000000000
64.0000000000
89.0000000000
75.0000000000
50.0000000000
81.0000000000
46.0000000000
39.0000000000
66.0000000000
76.0000000000
83.0000000000
67.0000000000
72.0000000000
65.0000000000
48.0000000000
43.0000000000
40.0000000000
78.0000000000
99.0000000000
62.0000000000
48.0000000000
32.0000000000
49.0000000000
59.0000000000
27.0000000000
47.0000000000
36.0000000000
87.0000000000
30.0000000000
75.0000000000
79.0000000000
59.0000000000
109.0000000000
89.0000000000
36.0000000000
41.0000000000
38.0000000000
72.0000000000
44.0000000000
50.0000000000
72.0000000000
86.0000000000
117.0000000000
25.0000000000
41.0000000000
47.0000000000
101.0000000000
114.0000000000
48.0000000000
60.0000000000
49.0000000000
49.0000000000
84.0000000000
46.0000000000
56.0000000000
105.0000000000
0.0000000000
75.0000000000
170.0000000000
90.0000000000
65.0000000000
80.0000000000
114.0000000000
87.0000000000
67.0000000000
74.0000000000
117.0000000000
69.0000000000
140.0000000000
179.0000000000
110.0000000000
68.0000000000
65.0000000000
54.0000000000
158.0000000000
37.0000000000
61.0000000000
121.0000000000
139.0000000000
48.0000000000
56.0000000000
113.0000000000
58.0000000000
91.0000000000
46.0000000000
26.0000000000
29.0000000000
44.0000000000
75.0000000000
65.0000000000
76.0000000000
55.0000000000
44.0000000000
55.0000000000
56.0000000000
138.0000000000
92.0000000000
83.0000000000
65.0000000000
53.0000000000
19.0000000000
26.0000000000
33.0000000000
87.0000000000
90.0000000000
34.0000000000
58.0000000000
54.0000000000
76.0000000000
33.0000000000
44.0000000000
40.0000000000
60.0000000000
135.0000000000
144.0000000000
70.0000000000
30.0000000000
0.0000000000
65.0000000000
48.0000000000
30.0000000000
0.0000000000
71.0000000000
53.0000000000
46.0000000000
31.0000000000
45.0000000000
50.0000000000
52.0000000000
50.0000000000
47.0000000000
46.0000000000
67.0000000000
26.0000000000
83.0000000000
112.0000000000
0.0000000000
55.0000000000
48.0000000000
57.0000000000
46.0000000000
39.0000000000
32.0000000000
55.0000000000
50.0000000000
71.0000000000
27.0000000000
25.0000000000
44.0000000000
83.0000000000
116.0000000000
29.0000000000
24.0000000000
33.0000000000
44.0000000000
34.0000000000
0.0000000000
0.0000000000
22.0000000000
29.0000000000
50.0000000000
40.0000000000
53.0000000000
31.0000000000
66.0000000000
38.0000000000
47.0000000000
47.0000000000
39.0000000000
103.0000000000
61.0000000000
52.0000000000
100.0000000000
56.0000000000
91.0000000000
44.0000000000
45.0000000000
54.0000000000
40.0000000000
97.0000000000
57.0000000000
79.0000000000
59.0000000000
101.0000000000
150.0000000000
90.0000000000
45.0000000000
30.0000000000
35.0000000000
38.0000000000
30.0000000000
26.0000000000
39.0000000000
41.0000000000
59.0000000000
39.0000000000
50.0000000000
47.0000000000
49.0000000000
63.0000000000
18.0000000000
46.0000000000
77.0000000000
47.0000000000
52.0000000000
28.0000000000
41.0000000000
48.0000000000
55.0000000000
42.0000000000
25.0000000000
30.0000000000
20.0000000000
29.0000000000
45.0000000000
12.0000000000
37.0000000000
38.0000000000
93.0000000000
14.0000000000
17.0000000000
74.0000000000
41.0000000000
50.0000000000
27.0000000000
24.0000000000
0.0000000000
30.0000000000
30.0000000000
71.0000000000
0.0000000000
0.0000000000
40.0000000000
26.0000000000
30.0000000000
33.0000000000
35.0000000000
27.0000000000
72.0000000000
19.0000000000
15.0000000000
15.0000000000
33.0000000000
26.0000000000
30.0000000000
29.0000000000
86.0000000000
30.0000000000
52.0000000000
20.0000000000
40.0000000000
65.0000000000
64.0000000000
26.0000000000
27.0000000000
20.0000000000
23.0000000000
37.0000000000
17.0000000000
15.0000000000
72.0000000000
23.0000000000
17.0000000000
16.0000000000
19.0000000000
14.0000000000
19.0000000000
21.0000000000
26.0000000000
38.0000000000
56.0000000000
27.0000000000
28.0000000000
7.0000000000
37.0000000000
19.0000000000
24.0000000000
20.0000000000
29.0000000000
23.0000000000
49.0000000000
28.0000000000
22.0000000000
17.0000000000
12.0000000000
27.0000000000
15.0000000000
9.0000000000
17.0000000000
31.0000000000
15.0000000000
24.0000000000
19.0000000000
24.0000000000
36.0000000000
14.0000000000
17.0000000000
30.0000000000
12.0000000000
10.0000000000
7.0000000000
24.0000000000
8.0000000000
17.0000000000
16.0000000000
33.0000000000
10.0000000000
22.0000000000
22.0000000000
72.0000000000
15.0000000000
13.0000000000
44.0000000000
32.0000000000
16.0000000000
46.0000000000
0.0000000000
35.0000000000
12.0000000000
15.0000000000
34.0000000000
19.0000000000
31.0000000000
27.0000000000
58.0000000000
17.0000000000
7.0000000000
14.0000000000
26.0000000000
13.0000000000
17.0000000000
26.0000000000
30.0000000000
0.0000000000
18.0000000000
20.0000000000
21.0000000000
24.0000000000
36.0000000000
19.0000000000
26.0000000000
34.0000000000
14.0000000000
24.0000000000
27.0000000000
13.0000000000
25.0000000000
15.0000000000
26.0000000000
36.0000000000
37.0000000000
28.0000000000
32.0000000000
27.0000000000
16.0000000000
72.0000000000
59.0000000000
27.0000000000
38.0000000000
43.0000000000
19.0000000000
16.0000000000
8.7500000000
14.0000000000
5.2700000000
13.6400000000
17.4700000000
17.1100000000
72.0000000000
26.4300000000
12.9500000000
4.9800000000
24.3000000000
49.0000000000
25.0000000000
17.4400000000
12.3000000000
26.9400000000
37.5000000000
16.0000000000
46.3600000000
0.0000000000
42.0000000000
24.0000000000
23.1200000000
64.0000000000
85.0000000000
19.5400000000
39.0000000000
71.6000000000
33.7000000000
28.0000000000
21.0000000000
55.0000000000
19.0000000000
17.0000000000
16.0000000000
23.0000000000
19.0000000000
25.0000000000
6.0000000000
0.0000000000
17.0000000000
19.0000000000
30.0000000000
21.0000000000
10.0000000000
13.0000000000
17.0000000000
17.0000000000
20.0000000000
0.0000000000
0.0000000000
13.0000000000
34.0000000000
57.0000000000
21.0000000000
11.0000000000
10.0000000000
10.0000000000
28.0000000000
16.0000000000
15.0000000000
20.0000000000
37.0000000000
15.0000000000
19.0000000000
27.0000000000
124.0000000000
115.0000000000
110.0000000000
62.0000000000
39.0000000000
39.0000000000
15.0000000000
20.0000000000
30.0000000000
18.0000000000
40.0000000000
31.0000000000
20.0000000000
16.0000000000
29.0000000000
33.0000000000
53.0000000000
22.0000000000
24.0000000000
17.0000000000
40.0000000000
19.0000000000
18.0000000000
15.0000000000
21.0000000000
15.0000000000
31.0000000000
48.0000000000
18.0000000000
26.0000000000
28.0000000000
18.0000000000
45.0000000000
10.0000000000
32.0000000000
18.0000000000
69.0000000000
32.0000000000
21.0000000000
21.0000000000
42.0000000000
22.0000000000
12.0000000000
15.0000000000
18.0000000000
42.0000000000
30.0000000000
30.0000000000
27.0000000000
25.0000000000
17.0000000000
35.0000000000
47.0000000000
34.0000000000
38.0000000000
32.0000000000
29.0000000000
21.0000000000
0.0000000000
9.0000000000
7.0000000000
24.0000000000
0.0000000000
0.0000000000
14.0000000000
20.0000000000
16.0000000000
18.0000000000
34.0000000000
37.0000000000
36.0000000000
48.0000000000
20.0000000000
31.0000000000
35.0000000000
16.0000000000
43.0000000000
19.0000000000
25.0000000000
27.0000000000
23.0000000000
50.0000000000
7.0000000000
22.0000000000
34.0000000000
18.0000000000
23.0000000000
20.0000000000
21.0000000000
15.0000000000
23.0000000000
29.0000000000
22.0000000000
40.0000000000
38.0000000000
27.0000000000
30.0000000000
33.0000000000
48.0000000000
26.0000000000
19.0000000000
17.0000000000
20.0000000000
19.0000000000
11.0000000000
27.0000000000
30.0000000000
18.0000000000
47.0000000000
14.0000000000
21.0000000000
18.0000000000
15.0000000000
25.0000000000
24.0000000000
48.0000000000
18.0000000000
7.0000000000
14.0000000000
12.0000000000
14.0000000000
18.0000000000
35.0000000000
13.0000000000
25.0000000000
25.0000000000
14.0000000000
22.0000000000
27.0000000000
10.0000000000
28.0000000000
38.0000000000
21.0000000000
29.0000000000
22.0000000000
31.0000000000
20.0000000000
22.0000000000
29.0000000000
26.0000000000
15.0000000000
18.0000000000
25.0000000000
8.0000000000
15.0000000000
22.0000000000
6.0000000000
17.0000000000
0.0000000000
22.0000000000
20.0000000000
15.0000000000
20.0000000000
7.0000000000
14.0000000000
20.0000000000
25.0000000000
15.0000000000
24.0000000000
12.0000000000
12.0000000000
11.0000000000
12.0000000000
14.0000000000
9.0000000000
23.0000000000
8.0000000000
13.0000000000
20.0000000000
10.0000000000
13.0000000000
19.0000000000
10.0000000000
22.0000000000
23.0000000000
22.0000000000
14.0000000000
18.0000000000
23.0000000000
41.0000000000
8.0000000000
12.0000000000
28.0000000000
23.0000000000
10.0000000000
45.0000000000
17.0000000000
35.0000000000
17.0000000000
20.0000000000
9.0000000000
15.0000000000
15.0000000000
15.0000000000
23.0000000000
24.0000000000
14.0000000000
33.0000000000
14.0000000000
40.0000000000
14.0000000000
20.0000000000
9.0000000000
15.0000000000
34.0000000000
10.0000000000
21.0000000000
13.0000000000
24.0000000000
0.0000000000
23.0000000000
5.0000000000
14.0000000000
0.0000000000
12.0000000000
22.0000000000
41.0000000000
13.0000000000
24.0000000000
25.0000000000
20.0000000000
15.0000000000
10.0000000000
15.0000000000
5.0000000000
15.0000000000
37.0000000000
35.0000000000
19.0000000000
27.0000000000
16.0000000000
23.0000000000
15.0000000000
0.0000000000
18.0000000000
24.0000000000
6.0000000000
10.0000000000
9.0000000000
15.0000000000
13.0000000000
14.0000000000
17.0000000000
35.0000000000
15.0000000000
32.0000000000
19.0000000000
18.0000000000
5.0000000000
12.0000000000
15.0000000000
10.0000000000
13.0000000000
17.0000000000
24.0000000000
44.0000000000
25.0000000000
24.0000000000
0.0000000000
0.0000000000
12.0000000000
15.0000000000
15.0000000000
25.0000000000
18.0000000000
73.0000000000
19.0000000000
15.0000000000
15.0000000000
16.0000000000
27.0000000000
14.0000000000
13.0000000000
14.0000000000
2.0000000000
10.0000000000
9.0000000000
8.0000000000
18.0000000000
10.0000000000
11.0000000000
8.0000000000
5.0000000000
29.0000000000
29.0000000000
4.0000000000
11.0000000000
14.0000000000
8.0000000000
10.0000000000
7.0000000000
10.0000000000
50.0000000000
18.0000000000
18.0000000000
13.0000000000
20.0000000000
16.0000000000
19.0000000000
8.0000000000
10.0000000000
21.0000000000
9.0000000000
3.0000000000
4.0000000000
6.0000000000
17.0000000000
14.0000000000
14.0000000000
5.0000000000
19.0000000000
7.0000000000
14.0000000000
8.0000000000
9.0000000000
10.0000000000
10.0000000000
22.0000000000
0.0000000000
16.0000000000
7.0000000000
24.0000000000
0.0000000000
0.0000000000
0.0000000000
10.0000000000
21.0000000000
8.0000000000
13.0000000000
24.0000000000
39.5000000000
32.0000000000
43.0000000000
12.5000000000
19.5000000000
20.0000000000
10.5000000000
8.0000000000
10.0000000000
18.5000000000
25.0000000000
22.0000000000
15.5000000000
1.5000000000
15.0000000000
6.0000000000
7.5000000000
7.5000000000
15.0000000000
15.5000000000
10.5000000000
12.0000000000
15.0000000000
10.0000000000
8.5000000000
5.0000000000
0.0000000000
7.0000000000
8.5000000000
26.0000000000
10.0000000000
3.0000000000
8.0000000000
9.5000000000
15.0000000000
9.0000000000
17.0000000000
14.5000000000
6.5000000000
1.0000000000
2.0000000000
6.0000000000
4.5000000000
3.5000000000
5.0000000000
7.5000000000
5.0000000000
11.5000000000
13.0000000000
14.0000000000
14.5000000000
6.0000000000
18.0000000000
3.5000000000
18.5000000000
9.5000000000
15.0000000000
29.0000000000
17.0000000000
15.0000000000
14.0000000000
0.0000000000
12.0000000000
14.5000000000
8.0000000000
12.5000000000
5.0000000000
7.0000000000
8.5000000000
7.5000000000
14.5000000000
10.5000000000
10.0000000000
10.0000000000
22.0000000000
19.0000000000
8.5000000000
8.5000000000
0.0000000000
5.0000000000
14.0000000000
5.5000000000
9.0000000000
11.0000000000
7.0000000000
7.0000000000
8.5000000000
11.0000000000
13.0000000000
5.0000000000
8.5000000000
5.0000000000
8.5000000000
15.0000000000
6.0000000000
10.0000000000
14.5000000000
2.5000000000
7.0000000000
15.0000000000
11.5000000000
20.0000000000
15.0000000000
6.0000000000
12.5000000000
13.0000000000
3.5000000000
20.0000000000
9.0000000000
0.5000000000
12.0000000000
10.0000000000
0.0000000000
11.0000000000
5.5000000000
7.5000000000
5.0000000000
9.0000000000
9.0000000000
12.0000000000
22.5000000000
2.0000000000
15.0000000000
11.0000000000
6.0000000000
5.0000000000
5.0000000000
6.0000000000
10.0000000000
6.0000000000
3.5000000000
7.0000000000
5.0000000000
11.5000000000
8.0000000000
12.0000000000
25.0000000000
11.5000000000
13.0000000000
16.0000000000
2.5000000000
15.0000000000
14.0000000000
0.0000000000
17.0000000000
13.0000000000
8.5000000000
1.5000000000
10.5000000000
1.5000000000
8.0000000000
7.0000000000
3.0000000000
4.0000000000
8.5000000000
8.0000000000
7.0000000000
7.0000000000
9.5000000000
12.0000000000
13.0000000000
10.0000000000
10.0000000000
0.0000000000
7.0000000000
9.0000000000
3.5000000000
15.0000000000
11.5000000000
4.0000000000
6.0000000000
2.0000000000
9.0000000000
2.5000000000
8.0000000000
4.0000000000
7.0000000000
5.5000000000
0.0000000000
0.0000000000
15.0000000000
3.0000000000
10.0000000000
6.0000000000
12.0000000000
14.0000000000
10.0000000000
12.0000000000
0.5000000000
11.0000000000
12.5000000000
6.0000000000
10.0000000000
8.5000000000
6.5000000000
10.0000000000
5.0000000000
12.0000000000
7.5000000000
9.5000000000
24.5000000000
5.0000000000
18.0000000000
5.5000000000
7.0000000000
4.5000000000
8.5000000000
9.5000000000
5.0000000000
5.0000000000
16.0000000000
8.0000000000
5.0000000000
0.0000000000
10.0000000000
14.5000000000
0.0000000000
2.0000000000
1.0000000000
11.5000000000
9.0000000000
6.0000000000
0.0000000000
7.0000000000
7.5000000000
5.0000000000
9.0000000000
6.0000000000
10.0000000000
10.0000000000
5.0000000000
0.0000000000
10.0000000000
0.0000000000
10.0000000000
11.0000000000
0.5000000000
5.5000000000
5.0000000000
31.0000000000
3.5000000000
5.0000000000
9.0000000000
24.0000000000
7.5000000000
3.0000000000
3.5000000000
5.0000000000
0.0000000000
4.0000000000
0.0000000000
0.0000000000
0.0000000000
0.0000000000
0.0000000000
0.0000000000
3.0000000000
3.0000000000
7.0000000000
1.0000000000
15.5000000000
0.0000000000
7.0000000000
4.5000000000
12.0000000000
5.0000000000
5.5000000000
2.0000000000
6.5000000000
1.5000000000
20.0000000000
4.0000000000
12.0000000000
17.0000000000
4.0000000000
13.5000000000
9.5000000000
4.5000000000
16.0000000000
11.0000000000
11.5000000000
16.0000000000
67.5000000000
14.0000000000
7.5000000000
14.5000000000
8.0000000000
1.0000000000
6.0000000000
3.0000000000
6.5000000000
6.0000000000
4.5000000000
10.0000000000
5.6600000000
11.0000000000
12.5000000000
9.0000000000
12.0000000000
5.0000000000
6.0000000000
12.0000000000
18.5000000000
2.0000000000
6.0000000000
4.0000000000
3.5000000000
23.5000000000
5.0000000000
4.0000000000
3.5000000000
9.5000000000
6.0000000000
2.8200000000
2.1700000000
5.0000000000
6.0000000000
5.0000000000
7.5000000000
10.3300000000
8.0000000000
6.1600000000
4.5000000000
0.0000000000
0.5000000000
0.6600000000
0.0000000000
3.0000000000
0.6600000000
16.0000000000
2.8500000000
15.0000000000
11.2500000000
13.0000000000
7.0000000000
4.0000000000
7.0000000000
5.9600000000
5.0000000000
1.5000000000
5.0000000000
2.5000000000
0.0000000000
0.0000000000
9.0000000000
5.6300000000
7.7500000000
2.3200000000
7.0000000000
6.5000000000
7.0000000000
0.0000000000
5.0000000000
5.5000000000
1.0000000000
4.0000000000
4.0000000000
6.0000000000
2.5000000000
1.0000000000
4.5000000000
17.4000000000
3.8300000000
16.0000000000
5.0000000000
1.0000000000
5.0000000000
2.0600000000
1.4400000000
4.0000000000
10.0000000000
5.3800000000
7.0000000000
0.0000000000
0.0000000000
3.5700000000
6.0000000000
3.0000000000
2.5000000000
5.5000000000
5.0000000000
0.0000000000
6.0000000000
7.5000000000
9.0000000000
11.5000000000
0.5800000000
3.5000000000
4.5000000000
5.0000000000
4.2500000000
4.2300000000
14.0000000000
4.0000000000
10.0000000000
17.0000000000
10.0000000000
5.2800000000
5.0000000000
23.5000000000
5.4000000000
3.8000000000
6.0000000000
10.0000000000
9.0000000000
11.1100000000
20.0000000000
7.0000000000
0.0000000000
2.0000000000
7.0000000000
4.5300000000
6.0000000000
7.0000000000
20.2500000000
8.0000000000
8.0000000000
5.0000000000
11.5400000000
21.1300000000
11.0000000000
1.4800000000
2.0000000000
0.0000000000
3.2500000000
0.7500000000
8.2100000000
8.0000000000
2.0000000000
8.0000000000
7.0000000000
6.5000000000
7.0000000000
0.0000000000
0.0000000000
0.0000000000
14.0000000000
7.0000000000
1.0000000000
5.0000000000
8.0000000000
9.5000000000
5.0000000000
5.5000000000
2.5000000000
3.0000000000
2.2500000000
5.0000000000
4.0000000000
8.0000000000
7.0000000000
1.0000000000
5.9300000000
5.5000000000
7.0000000000
7.0000000000
10.0000000000
2.0000000000
4.1100000000
4.0000000000
18.2500000000
20.2200000000
12.1800000000
9.0000000000
7.2400000000
7.0000000000
10.0000000000
2.7500000000
10.0000000000
4.0000000000
13.0000000000
9.2500000000
13.5000000000
7.0000000000
1.5000000000
17.0000000000
8.0000000000
10.0000000000
7.0000000000
5.0000000000
1.2500000000
8.2400000000
9.1400000000
2.3000000000
4.5000000000
0.0000000000
2.8000000000
0.0000000000
4.7700000000
0.0000000000
3.0000000000
3.0000000000
3.5000000000
12.0000000000
3.0000000000
3.0300000000
5.0000000000
5.0000000000
8.0000000000
13.0000000000
4.5400000000
10.0000000000
5.0000000000
0.0000000000
3.5000000000
6.0000000000
0.0000000000
8.0000000000
0.0000000000
3.1500000000
8.0000000000
0.0000000000
1.2500000000
1.5000000000
0.0000000000
0.0000000000
0.0000000000
0.7500000000
5.0000000000
0.0000000000
10.0000000000
0.0000000000
4.5900000000
4.0000000000
9.0000000000
5.0000000000
9.0000000000
13.0000000000
2.0000000000
1.0000000000
2.0000000000
5.0000000000
11.0000000000
3.0000000000
7.0000000000
1.5000000000
0.0000000000
3.5000000000
6.0000000000
1.0000000000
3.0000000000
4.0000000000
6.0000000000
4.0000000000
4.0000000000
7.0000000000
0.0000000000
4.0000000000
4.1600000000
7.0000000000
0.0000000000
11.5000000000
8.5000000000
5.0000000000
7.0000000000
1.0000000000
5.0000000000
2.5000000000
3.5000000000
8.0000000000
7.0000000000
4.0000000000
6.0000000000
6.0000000000
5.5200000000
11.1200000000
6.1300000000
5.0000000000
5.0000000000
6.5000000000
19.0000000000
0.5000000000
0.0000000000
3.0000000000
2.0000000000
2.0000000000
5.0000000000
10.0000000000
7.0000000000
2.0000000000
0.0000000000
4.0000000000
12.4000000000
10.0000000000
7.0000000000
3.5000000000
12.0000000000
6.3000000000
2.5000000000
3.0000000000
5.0000000000
0.0000000000
2.0000000000
5.6900000000
3.0000000000
0.6900000000
3.7500000000
13.7000000000
7.0000000000
2.5000000000
3.7500000000
20.0000000000
18.0000000000
0.0000000000
10.0000000000
2.0000000000
7.0000000000
0.0000000000
8.0000000000
8.0000000000
9.3400000000
0.0000000000
7.0000000000
5.4000000000
0.0000000000
10.0000000000
6.0000000000
4.0000000000
0.0000000000
0.0000000000
5.4000000000
8.0000000000
0.0000000000
0.0000000000
0.0000000000
5.9200000000
10.0000000000
5.0000000000
1.0000000000
4.1600000000
6.0000000000
8.5000000000
29.0000000000
8.5000000000
4.1000000000
3.0000000000
12.0000000000
4.0000000000
4.7700000000
8.6400000000
0.0000000000
5.0000000000
7.0000000000
5.7600000000
5.0000000000
7.4000000000
16.0000000000
17.0000000000
15.0000000000
17.0000000000
9.0000000000
0.0000000000
3.0000000000
17.1800000000
15.0000000000
2.5000000000
20.0000000000
13.0000000000
5.0000000000
10.8000000000
15.0000000000
27.9200000000
0.0000000000
0.0000000000
9.0000000000
8.0000000000
5.0000000000
7.0000000000
0.0000000000
0.0000000000
3.4000000000
4.4000000000
5.0000000000
0.0000000000
3.7500000000
0.0000000000
7.0000000000
7.0000000000
8.4000000000
7.0000000000
9.4000000000
8.0000000000
10.0000000000
0.0000000000
7.0000000000
7.0000000000
13.0000000000
16.0000000000
10.0000000000
3.0000000000
8.0000000000
7.0000000000
5.0000000000
5.7600000000
13.0000000000
7.0000000000
7.0000000000
7.0000000000
9.0000000000
12.5000000000
9.0000000000
3.0000000000
1.9000000000
5.0000000000
6.4000000000
4.0000000000
9.0000000000
15.0000000000
0.0000000000
0.0000000000
0.0000000000
5.7100000000
15.0000000000
12.0000000000
3.5000000000
4.5000000000
9.0000000000
3.7000000000
2.2500000000
10.0000000000
3.8000000000
9.0000000000
7.0000000000
5.0000000000
10.0000000000
1.0000000000
8.0000000000
0.0000000000
0.0000000000
3.0000000000
3.0000000000
8.0000000000
6.0000000000
4.0000000000
3.0000000000
1.0000000000
7.5000000000
5.0000000000
2.7000000000
1.5000000000
6.0000000000
7.3400000000
7.0000000000
5.0000000000
6.0000000000
6.0000000000
13.0000000000
5.0000000000
0.0000000000
10.0000000000
1.0000000000
9.3400000000
8.0000000000
17.0000000000
6.0000000000
16.0000000000
3.0000000000
19.0000000000
6.0000000000
1.5000000000
3.7500000000
3.5000000000
11.0000000000
6.4000000000
8.0000000000
1.0000000000
10.0000000000
5.0000000000
4.0000000000
5.0000000000
7.0000000000
6.3800000000
0.0000000000
0.0000000000
6.0000000000
0.0000000000
0.0000000000
0.0000000000
6.0000000000
5.0000000000
7.0000000000
4.0000000000
3.8400000000
3.5000000000
1.0000000000
0.0000000000
9.0000000000
4.0000000000
2.3400000000
0.0000000000
3.0000000000
3.0000000000
0.3400000000
1.5400000000
8.3500000000
2.3500000000
16.0000000000
4.0000000000
4.0000000000
1.0000000000
3.0800000000
1.3600000000
6.9200000000
8.3600000000
0.0000000000
2.5000000000
3.7000000000
1.5000000000
3.5000000000
1.5000000000
6.5000000000
5.0000000000
4.2500000000
0.0000000000
2.0000000000
8.5000000000
1.8500000000
26.0000000000
1.9200000000
0.0000000000
4.0000000000
6.3600000000
3.3500000000
4.3500000000
6.0000000000
2.5000000000
9.3000000000
0.0000000000
8.3400000000
3.3400000000
16.0000000000
6.0000000000
8.0000000000
2.6700000000
8.0000000000
6.3400000000
1.3400000000
2.3400000000
4.0000000000
0.0000000000
3.0000000000
6.7500000000
0.0000000000
6.0000000000
10.0000000000
23.0000000000
11.7000000000
5.0000000000
6.0000000000
0.0000000000
4.0000000000
2.0000000000
0.5700000000
5.0000000000
3.1800000000
9.5000000000
2.5000000000
5.0600000000
0.3600000000
3.3600000000
4.3600000000
6.3600000000
0.3600000000
0.0000000000
3.0000000000
5.8600000000
0.3600000000
6.3600000000
0.3600000000
4.1600000000
0.3600000000
0.3600000000
7.8600000000
5.0000000000
4.0000000000
8.7500000000
2.4000000000
3.2200000000
5.0000000000
2.0000000000
2.5000000000
5.0000000000
0.7100000000
0.0000000000
3.0000000000
4.0000000000
3.5000000000
4.0000000000
4.5000000000
7.0000000000
2.0000000000
5.0000000000
6.0000000000
7.0000000000
0.0000000000
10.3600000000
1.0000000000
9.0000000000
3.0000000000
4.0000000000
4.0000000000
0.0000000000
0.0000000000
0.0000000000
6.5000000000
5.5000000000
4.2500000000
1.5000000000
10.0000000000
4.5000000000
6.3800000000
5.0000000000
1.8800000000
2.4800000000
3.5000000000
11.0000000000
13.4000000000
4.0000000000
1.2500000000
0.4000000000
5.2500000000
7.0000000000
3.4000000000
0.3900000000
1.0000000000
5.5000000000
0.0000000000
0.4000000000
0.0000000000
2.0000000000
0.0000000000
9.5000000000
1.4000000000
13.5000000000
3.7700000000
5.7500000000
7.3900000000
4.0000000000
5.0000000000
8.0000000000
4.3900000000
3.0000000000
1.8900000000
0.0000000000
4.3900000000
11.3900000000
4.0000000000
2.3900000000
8.0000000000
3.0000000000
0.8800000000
5.3900000000
5.0000000000
14.0000000000
7.5000000000
5.7500000000
4.0000000000
8.5000000000
0.0000000000
0.0000000000
2.0000000000
0.7900000000
10.0000000000
3.0000000000
5.0000000000
4.0000000000
0.4000000000
6.0000000000
4.0000000000
1.7500000000
6.0000000000
9.2000000000
7.0000000000
6.0000000000
0.0000000000
2.0000000000
3.0000000000
6.0000000000
0.0000000000
3.0000000000
7.5000000000
0.0000000000
7.5000000000
1.0000000000
0.0000000000
0.0000000000
3.8000000000
8.7500000000
8.0000000000
3.5000000000
2.7000000000
15.2500000000
5.0000000000
3.0000000000
2.0000000000
0.0000000000
3.7500000000
2.0000000000
5.0000000000
0.0000000000
8.0000000000
0.0000000000
2.2500000000
8.0000000000
9.0000000000
0.0000000000
1.5000000000
3.5000000000
1.5000000000
2.0000000000
2.0000000000
5.9000000000
0.0000000000
1.5000000000
0.0000000000
0.0000000000
0.0000000000
0.0000000000
0.0000000000
5.3700000000
7.0000000000
7.0000000000
5.3700000000
3.0000000000
3.0000000000
2.0000000000
7.0000000000
7.0000000000
2.0000000000
4.0000000000
2.5000000000
3.0000000000
1.0000000000
0.0000000000
5.0000000000
0.0000000000
2.5000000000
0.0000000000
0.0000000000
0.0000000000
2.5000000000
4.0000000000
3.0000000000
6.0000000000
0.0000000000
0.0000000000
0.0000000000
7.0000000000
2.5000000000
0.0000000000
5.0000000000
2.0000000000
0.0000000000
1.8700000000
7.3700000000
5.0000000000
8.0000000000
3.0000000000
0.0000000000
2.0000000000
2.0000000000
0.0000000000
1.0000000000
1.0000000000
4.0000000000
6.0000000000
2.5000000000
3.6200000000
5.3700000000
4.5000000000
0.0000000000
5.0000000000
3.2500000000
0.3800000000
5.5000000000
0.0000000000
7.5000000000
0.0000000000
1.0000000000
0.0000000000
0.0000000000
2.0000000000
6.5000000000
0.0000000000
8.0000000000
11.0000000000
2.0000000000
17.0000000000
7.0000000000
7.0000000000
5.0000000000
0.0000000000
10.0000000000
0.0000000000
0.0000000000
8.0000000000
3.0000000000
2.0000000000
1.0000000000
0.0000000000
7.0000000000
3.0000000000
0.3600000000
0.0000000000
0.0000000000
4.3400000000
1.3400000000
4.0000000000
8.0000000000
3.0000000000
5.3400000000
6.0000000000
0.0000000000
11.0000000000
2.5000000000
7.0000000000
0.0000000000
0.3300000000
0.3300000000
7.0000000000
0.0000000000
0.0000000000
0.0000000000
0.0000000000
3.7500000000
0.0000000000
2.5000000000
3.7500000000
1.0000000000
2.7500000000
0.7500000000
0.5000000000
1.0000000000
2.0000000000
6.0000000000
0.0000000000
0.0000000000
1.0000000000
1.0000000000
2.0000000000
8.3200000000
4.3200000000
4.0000000000
6.2500000000
3.5000000000
0.0000000000
0.0000000000
0.0000000000
0.0000000000
7.0000000000
2.0000000000
0.0000000000
5.0000000000
6.0000000000
10.0000000000
0.0000000000
0.0000000000
4.0000000000
8.0000000000
0.0000000000
5.0000000000
0.0000000000
2.0000000000
0.0000000000
0.0000000000
2.0000000000
1.0000000000
4.0000000000
3.5000000000
0.0000000000
1.5000000000
1.0000000000
0.0000000000
0.0000000000
0.3200000000
1.0000000000
8.0000000000
5.0000000000
4.7200000000
4.0000000000
1.7500000000
7.0000000000
4.0000000000
8.3000000000
3.3000000000
5.3000000000
4.0500000000
0.0000000000
0.0000000000
3.3000000000
0.0000000000
8.0000000000
2.0000000000
3.5000000000
2.0000000000
8.0000000000
0.0000000000
4.0000000000
5.2500000000
0.0000000000
3.0000000000
0.0000000000
0.0000000000
0.0000000000
15.0000000000
15.0000000000
0.0000000000
3.0000000000
0.0000000000
0.0000000000
3.0000000000
1.5000000000
0.5000000000
0.0000000000
0.0000000000
0.0000000000
0.0000000000
2.7500000000
17.0000000000
10.0000000000
6.0000000000
1.5000000000
6.0000000000
4.0000000000
8.0000000000
4.5000000000
4.0000000000
13.0000000000
1.0000000000
5.0000000000
4.5000000000
3.0000000000
8.0000000000
17.0000000000
0.0000000000
5.0000000000
0.0000000000
1.5000000000
7.0000000000
6.5000000000
1.5000000000
0.0000000000
5.0000000000
3.0000000000
1.0000000000
3.0000000000
3.5000000000
0.0000000000
2.0000000000
2.5000000000
2.5000000000
0.0000000000
0.0000000000
2.0000000000
2.7400000000
2.5000000000
2.0000000000
0.0000000000
0.0000000000
0.4000000000
6.0000000000
1.0000000000
1.0000000000
0.0000000000
5.0000000000
0.0000000000
7.0000000000
3.5000000000
0.0000000000
0.0000000000
0.0000000000
5.0000000000
5.0000000000
1.0000000000
0.0000000000
0.0000000000
0.0000000000
7.0000000000
1.0000000000
7.0000000000
3.0000000000
1.0000000000
2.0000000000
2.0000000000
0.0000000000
0.0000000000
8.0000000000
2.5000000000
3.0000000000
0.0000000000
0.0000000000
5.0000000000
17.5000000000
