0.2385000000
0.5532100000
0.0064223000
0.7958400000
0.4555400000
0.1866900000
0.6209900000
0.1410300000
0.6739500000
0.2429400000
0.5470200000
0.0059596000
0.7961800000
0.4560800000
0.1856600000
0.6222600000
0.1435200000
0.6712200000
0.2377900000
0.5541900000
0.0083859000
0.7943900000
0.4532500000
0.1911200000
0.6155300000
0.1303100000
0.6854900000
0.2645300000
0.5160500000
0.0677910000
0.7462400000
0.3735000000
0.3390400000
0.3985500000
0.2939600000
0.4715600000
0.1556000000
0.6577300000
0.2121900000
0.5886700000
0.0771830000
0.7378000000
0.3588800000
0.3646500000
0.3546000000
0.3720400000
0.3416100000
0.3942200000
0.3018600000
0.4591800000
0.1796600000
0.6295600000
0.1577800000
0.6552500000
0.2074400000
0.5948400000
0.0894390000
0.7264300000
0.3389100000
0.3987700000
0.2935600000
0.4721900000
0.1543800000
0.6591200000
0.2148300000
0.5852000000
0.0702870000
0.7440200000
0.3696700000
0.3457900000
0.3871200000
0.3147000000
0.4386800000
0.2190200000
0.5796600000
0.0592510000
0.7537100000
0.3862900000
0.3162100000
0.4362400000
0.2236700000
0.5734600000
0.0468930000
0.7641900000
0.4039700000
0.2840300000
0.4868600000
0.1256100000
0.6904300000
0.2737000000
0.5024600000
0.0947960000
0.7213300000
0.3298500000
0.4139000000
0.2656700000
0.5143700000
0.0711380000
0.7432600000
0.3683600000
0.3481100000
0.3831800000
0.3217800000
0.4271700000
0.2408300000
0.5499800000
0.0000486050
0.8004600000
0.4628500000
0.1725600000
0.6380500000
0.1743000000
0.6359800000
0.1702900000
0.6407300000
0.1795000000
0.6297500000
0.1581700000
0.6548100000
0.2066000000
0.5959300000
0.0915970000
0.7243800000
0.3352800000
0.4048500000
0.2824100000
0.4893300000
0.1207400000
0.6954900000
0.2830400000
0.4883700000
0.1226300000
0.6935300000
0.2794400000
0.4938400000
0.1118500000
0.7045600000
0.2996400000
0.4626800000
0.1728900000
0.6376600000
0.1735400000
0.6368900000
0.1720500000
0.6386600000
0.1754800000
0.6345800000
0.1675600000
0.6439500000
0.1857100000
0.6222000000
0.1434000000
0.6713600000
0.2380600000
0.5538300000
0.0076568000
0.7949300000
0.4541100000
0.1894700000
0.6175600000
0.1343100000
0.6812100000
0.2565600000
0.5276400000
0.0446820000
0.7660200000
0.4070300000
0.2783900000
0.4954200000
0.1087200000
0.7077000000
0.3053400000
0.4536700000
0.1903000000
0.6165300000
0.1322900000
0.6833800000
0.2606000000
0.5217900000
0.0563580000
0.7562000000
0.3905100000
0.3085800000
0.4485100000
0.2002300000
0.6040800000
0.1077300000
0.7086800000
0.3071200000
0.4508400000
0.1957600000
0.6097200000
0.1188800000
0.6974100000
0.2865600000
0.4830000000
0.1332100000
0.6824000000
0.2587800000
0.5244400000
0.0510690000
0.7607000000
0.3981000000
0.2947800000
0.4702800000
0.1581000000
0.6548800000
0.2067400000
0.5957400000
0.0912280000
0.7247300000
0.3359000000
0.4038100000
0.2843200000
0.4864100000
0.1264900000
0.6895100000
0.2720000000
0.5050100000
0.0897450000
0.7261400000
0.3383900000
0.3996300000
0.2919900000
0.4746300000
0.1496100000
0.6644700000
0.2250300000
0.5716300000
0.0432340000
0.7672200000
0.4090200000
0.2747100000
0.5009500000
0.0977800000
0.7184500000
0.3247100000
0.4223700000
0.2498500000
0.5372600000
0.0254780000
0.7814300000
0.4324200000
0.2309200000
0.5636500000
0.0272850000
0.7800200000
0.4301200000
0.2352700000
0.5576900000
0.0153710000
0.7891800000
0.4449300000
0.2071000000
0.5952800000
0.0903130000
0.7256000000
0.3374400000
0.4012300000
0.2890600000
0.4791600000
0.1407500000
0.6742600000
0.2435200000
0.5462100000
0.0075862000
0.7949800000
0.4541900000
0.1893100000
0.6177600000
0.1347000000
0.6808000000
0.2557900000
0.5287600000
0.0424500000
0.7678600000
0.4101000000
0.2727300000
0.5039200000
0.0919030000
0.7240900000
0.3347600000
0.4057200000
0.2808200000
0.4917500000
0.1159800000
0.7003800000
0.2920100000
0.4745900000
0.1496800000
0.6643900000
0.2248700000
0.5718400000
0.0436540000
0.7668700000
0.4084500000
0.2757800000
0.4993600000
0.1009400000
0.7153800000
0.3192000000
0.4313900000
0.2328700000
0.5609800000
0.0219490000
0.7841700000
0.4368500000
0.2225100000
0.5750100000
0.0499860000
0.7616100000
0.3996300000
0.2919800000
0.4746300000
0.1496100000
0.6644800000
0.2250300000
0.5716300000
0.0432260000
0.7672300000
0.4090300000
0.2746900000
0.5009800000
0.0977190000
0.7185100000
0.3248200000
0.4222000000
0.2501800000
0.5368000000
0.0264000000
0.7807200000
0.4312500000
0.2331300000
0.5606200000
0.0212290000
0.7847200000
0.4377500000
0.2208100000
0.5772900000
0.0545250000
0.7577700000
0.3931600000
0.3037800000
0.4561500000
0.1855200000
0.6224300000
0.1438500000
0.6708600000
0.2371200000
0.5551200000
0.0102410000
0.7930200000
0.4510700000
0.1953200000
0.6102700000
0.1199700000
0.6962900000
0.2845100000
0.4861200000
0.1270600000
0.6889100000
0.2708900000
0.5066600000
0.0864580000
0.7292300000
0.3438600000
0.3904100000
0.3087700000
0.4482100000
0.2008100000
0.6033400000
0.1062800000
0.7101300000
0.3097400000
0.4466600000
0.2037900000
0.5995300000
0.0987460000
0.7175200000
0.3230400000
0.4251200000
0.2446900000
0.5445600000
0.0108740000
0.7925500000
0.4503200000
0.1967600000
0.6084600000
0.1164000000
0.6999500000
0.2912300000
0.4758000000
0.1473100000
0.6670300000
0.2298800000
0.5650600000
0.0301200000
0.7777900000
0.4264800000
0.2421300000
0.5481500000
0.0037022000
0.7978200000
0.4586900000
0.1806200000
0.6283900000
0.1555100000
0.6578300000
0.2123700000
0.5884200000
0.0766980000
0.7382400000
0.3596500000
0.3633200000
0.3569300000
0.3680200000
0.3486900000
0.3821900000
0.3235700000
0.4242500000
0.2463200000
0.5422600000
0.0154720000
0.7891100000
0.4448100000
0.2073300000
0.5949800000
0.0897150000
0.7261700000
0.3384400000
0.3995500000
0.2921400000
0.4743900000
0.1500700000
0.6639600000
0.2240500000
0.5729500000
0.0458620000
0.7650500000
0.4054000000
0.2813900000
0.4908700000
0.1177000000
0.6986200000
0.2887800000
0.4795800000
0.1399100000
0.6751700000
0.2452300000
0.5438000000
0.0124030000
0.7914100000
0.4485000000
0.2002600000
0.6040400000
0.1076600000
0.7087500000
0.3072500000
0.4506400000
0.1961500000
0.6092300000
0.1179000000
0.6984100000
0.2884000000
0.4801600000
0.1387700000
0.6764100000
0.2475600000
0.5405100000
0.0189690000
0.7864500000
0.4405400000
0.2154800000
0.5843400000
0.0685800000
0.7455400000
0.3722900000
0.3411700000
0.3949600000
0.3005100000
0.4613200000
0.1755300000
0.6345200000
0.1674500000
0.6440800000
0.1859600000
0.6218900000
0.1427900000
0.6720200000
0.2393100000
0.5520900000
0.0041837000
0.7974700000
0.4581300000
0.1816900000
0.6271000000
0.1529800000
0.6606900000
0.2178400000
0.5812400000
0.0623920000
0.7509900000
0.3816400000
0.3245500000
0.4226400000
0.2493500000
0.5379700000
0.0240600000
0.7825400000
0.4342100000
0.2275300000
0.5682600000
0.0364940000
0.7727100000
0.4181200000
0.2578100000
0.5258500000
0.0482670000
0.7630500000
0.4020500000
0.2875500000
0.4814700000
0.1362200000
0.6791700000
0.2527400000
0.5331400000
0.0336980000
0.7749500000
0.4218200000
0.2508900000
0.5357800000
0.0284380000
0.7791200000
0.4286500000
0.2380500000
0.5538400000
0.0076751000
0.7949200000
0.4540800000
0.1895100000
0.6175100000
0.1342100000
0.6813200000
0.2567600000
0.5273600000
0.0452590000
0.7655500000
0.4062400000
0.2798600000
0.4932100000
0.1131000000
0.7033000000
0.2973300000
0.4663000000
0.1658600000
0.6459300000
0.1895500000
0.6174700000
0.1341300000
0.6814100000
0.2569300000
0.5271200000
0.0457330000
0.7651600000
0.4055800000
0.2810700000
0.4913700000
0.1167200000
0.6996200000
0.2906200000
0.4767400000
0.1454800000
0.6690600000
0.2337100000
0.5598200000
0.0196440000
0.7859400000
0.4397100000
0.2170700000
0.5822500000
0.0644150000
0.7492200000
0.3786100000
0.3299600000
0.4137200000
0.2660100000
0.5138700000
0.0721290000
0.7423700000
0.3668200000
0.3508100000
0.3785700000
0.3300300000
0.4136000000
0.2662300000
0.5135500000
0.0727760000
0.7417900000
0.3658100000
0.3525700000
0.3755400000
0.3354100000
0.4046300000
0.2828100000
0.4887200000
0.1219500000
0.6942500000
0.2807500000
0.4918500000
0.1157700000
0.7005900000
0.2923900000
0.4740000000
0.1508400000
0.6631000000
0.2224200000
0.5751400000
0.0502290000
0.7614000000
0.3992900000
0.2926100000
0.4736600000
0.1515100000
0.6623500000
0.2209900000
0.5770500000
0.0540390000
0.7581800000
0.3938600000
0.3025100000
0.4581600000
0.1816400000
0.6271600000
0.1531000000
0.6605500000
0.2175700000
0.5815900000
0.0630860000
0.7503800000
0.3806000000
0.3264000000
0.4195900000
0.2550600000
0.5298000000
0.0403710000
0.7695600000
0.4129200000
0.2674900000
0.5116900000
0.0764610000
0.7384600000
0.3600300000
0.3626600000
0.3580700000
0.3660500000
0.3521500000
0.3762600000
0.3341400000
0.4067500000
0.2789100000
0.4946400000
0.1102700000
0.7061500000
0.3025300000
0.4581300000
0.1817100000
0.6270800000
0.1529400000
0.6607300000
0.2179200000
0.5811300000
0.0621800000
0.7511700000
0.3819500000
0.3239900000
0.4235700000
0.2476100000
0.5404400000
0.0191220000
0.7863400000
0.4403500000
0.2158400000
0.5838700000
0.0676370000
0.7463800000
0.3737300000
0.3386200000
0.3992500000
0.2926800000
0.4735500000
0.1517300000
0.6621000000
0.2205200000
0.5776700000
0.0552840000
0.7571200000
0.3920700000
0.3057600000
0.4530000000
0.1916000000
0.6149300000
0.1291300000
0.6867300000
0.2668400000
0.5126500000
0.0745710000
0.7401700000
0.3630000000
0.3574800000
0.3670800000
0.3503500000
0.3793600000
0.3286200000
0.4159300000
0.2619000000
0.5198900000
0.0601380000
0.7529500000
0.3849800000
0.3185600000
0.4324300000
0.2308900000
0.5636800000
0.0273580000
0.7799700000
0.4300300000
0.2354400000
0.5574400000
0.0148860000
0.7895500000
0.4455200000
0.2059800000
0.5967300000
0.0931840000
0.7228700000
0.3325900000
0.4093400000
0.2741300000
0.5018200000
0.0960690000
0.7201000000
0.3276600000
0.4175100000
0.2589500000
0.5241900000
0.0515650000
0.7602800000
0.3974000000
0.2960700000
0.4682700000
0.1620100000
0.6503900000
0.1981200000
0.6067400000
0.1130000000
0.7034000000
0.2975200000
0.4660100000
0.1664100000
0.6452900000
0.1883000000
0.6190100000
0.1371400000
0.6781700000
0.2508700000
0.5358200000
0.0283590000
0.7791800000
0.4287500000
0.2378600000
0.5541000000
0.0082009000
0.7945300000
0.4534700000
0.1907000000
0.6160400000
0.1313300000
0.6844000000
0.2625100000
0.5190000000
0.0619130000
0.7514000000
0.3823500000
0.3232700000
0.4247300000
0.2454200000
0.5435300000
0.0129390000
0.7910100000
0.4478600000
0.2014900000
0.6024700000
0.1045700000
0.7118200000
0.3128000000
0.4417500000
0.2131800000
0.5873700000
0.0746050000
0.7401400000
0.3629500000
0.3575700000
0.3669200000
0.3506200000
0.3788800000
0.3294700000
0.4145200000
0.2645300000
0.5160600000
0.0677830000
0.7462500000
0.3735100000
0.3390200000
0.3985900000
0.2939000000
0.4716600000
0.1554000000
0.6579500000
0.2126200000
0.5881100000
0.0760700000
0.7388100000
0.3606400000
0.3615900000
0.3599500000
0.3628000000
0.3578300000
0.3664700000
0.3514200000
0.3775100000
0.3319100000
0.4104800000
0.2720200000
0.5049700000
0.0898170000
0.7260700000
0.3382700000
0.3998400000
0.2916100000
0.4752100000
0.1484700000
0.6657400000
0.2274300000
0.5683800000
0.0367490000
0.7725000000
0.4177800000
0.2584400000
0.5249300000
0.0500970000
0.7615100000
0.3994800000
0.2922700000
0.4741900000
0.1504700000
0.6635100000
0.2231900000
0.5741000000
0.0481580000
0.7631400000
0.4022000000
0.2872800000
0.4818900000
0.1353700000
0.6800700000
0.2544300000
0.5307100000
0.0385640000
0.7710300000
0.4153600000
0.2629600000
0.5183500000
0.0632160000
0.7502700000
0.3804100000
0.3267500000
0.4190200000
0.2561300000
0.5282600000
0.0434450000
0.7670400000
0.4087300000
0.2752500000
0.5001500000
0.0993730000
0.7169100000
0.3219500000
0.4269100000
0.2413300000
0.5492700000
0.0014505000
0.7994500000
0.4612600000
0.1756400000
0.6343800000
0.1671800000
0.6443900000
0.1865600000
0.6211500000
0.1413500000
0.6736000000
0.2422900000
0.5479300000
0.0041347000
0.7975100000
0.4581900000
0.1815800000
0.6272300000
0.1532400000
0.6604000000
0.2172800000
0.5819700000
0.0638550000
0.7497100000
0.3794500000
0.3284600000
0.4162000000
0.2614000000
0.5206300000
0.0586660000
0.7542200000
0.3871400000
0.3146600000
0.4387500000
0.2189100000
0.5798200000
0.0595670000
0.7534400000
0.3858200000
0.3170400000
0.4348900000
0.2262400000
0.5700000000
0.0399840000
0.7698800000
0.4134400000
0.2665200000
0.5131300000
0.0736090000
0.7410400000
0.3645100000
0.3548500000
0.3716300000
0.3423500000
0.3929700000
0.3041300000
0.4556000000
0.1865900000
0.6211200000
0.1412900000
0.6736600000
0.2424000000
0.5477700000
0.0044500000
0.7972800000
0.4578300000
0.1822900000
0.6263800000
0.1515700000
0.6622700000
0.2208500000
0.5772300000
0.0544130000
0.7578600000
0.3933200000
0.3034900000
0.4566200000
0.1846200000
0.6235300000
0.1460000000
0.6684800000
0.2326300000
0.5613100000
0.0226130000
0.7836600000
0.4360200000
0.2240900000
0.5729000000
0.0457690000
0.7651300000
0.4055300000
0.2811600000
0.4912300000
0.1170000000
0.6993400000
0.2901100000
0.4775400000
0.1439200000
0.6707800000
0.2369700000
0.5553300000
0.0106610000
0.7927100000
0.4505700000
0.1962800000
0.6090700000
0.1176000000
0.6987300000
0.2889800000
0.4792700000
0.1405200000
0.6745000000
0.2439800000
0.5455600000
0.0088820000
0.7940300000
0.4526700000
0.1922400000
0.6141300000
0.1275600000
0.6883800000
0.2699100000
0.5081100000
0.0835870000
0.7319100000
0.3485700000
0.3823900000
0.3232000000
0.4248500000
0.2452000000
0.5438400000
0.0123190000
0.7914700000
0.4486000000
0.2000700000
0.6042800000
0.1081400000
0.7082800000
0.3063800000
0.4520200000
0.1935000000
0.6125600000
0.1244700000
0.6916200000
0.2759100000
0.4991600000
0.1013400000
0.7149900000
0.3185100000
0.4325100000
0.2307500000
0.5638800000
0.0277440000
0.7796600000
0.4295400000
0.2363700000
0.5561600000
0.0123190000
0.7914700000
0.4486000000
0.2000700000
0.6042800000
0.1081400000
0.7082800000
0.3063900000
0.4520100000
0.1935000000
0.6125500000
0.1244600000
0.6916400000
0.2759300000
0.4991200000
0.1014000000
0.7149300000
0.3183900000
0.4327000000
0.2303800000
0.5643800000
0.0287480000
0.7788700000
0.4282500000
0.2388000000
0.5527900000
0.0055859000
0.7964500000
0.4565200000
0.1848200000
0.6232800000
0.1455300000
0.6690100000
0.2336200000
0.5599500000
0.0198970000
0.7857400000
0.4394000000
0.2176600000
0.5814700000
0.0628480000
0.7505900000
0.3809600000
0.3257700000
0.4206400000
0.2531000000
0.5326200000
0.0347410000
0.7741200000
0.4204500000
0.2534600000
0.5321000000
0.0357780000
0.7732800000
0.4190700000
0.2560300000
0.5284200000
0.0431420000
0.7672900000
0.4091500000
0.2744800000
0.5013000000
0.0970910000
0.7191200000
0.3259000000
0.4204100000
0.2535200000
0.5320200000
0.0359460000
0.7731500000
0.4188500000
0.2564500000
0.5278100000
0.0443440000
0.7663000000
0.4075000000
0.2775300000
0.4967200000
0.1061600000
0.7102500000
0.3099500000
0.4463200000
0.2044400000
0.5987000000
0.0970940000
0.7191200000
0.3259000000
0.4204200000
0.2535100000
0.5320400000
0.0359110000
0.7731800000
0.4189000000
0.2563600000
0.5279400000
0.0440950000
0.7665100000
0.4078400000
0.2769000000
0.4976700000
0.1042700000
0.7121100000
0.3133200000
0.4409100000
0.2147800000
0.5852700000
0.0704310000
0.7438900000
0.3694500000
0.3461900000
0.3864600000
0.3159000000
0.4367500000
0.2227100000
0.5747400000
0.0494450000
0.7620600000
0.4004000000
0.2905900000
0.4767900000
0.1453800000
0.6691700000
0.2339300000
0.5595200000
0.0190380000
0.7864000000
0.4404600000
0.2156500000
0.5841300000
0.0681530000
0.7459200000
0.3729500000
0.3400100000
0.3969100000
0.2969600000
0.4668800000
0.1647300000
0.6472400000
0.1920700000
0.6143400000
0.1279700000
0.6879500000
0.2691100000
0.5092900000
0.0812400000
0.7340800000
0.3523800000
0.3758600000
0.3348400000
0.4055900000
0.2810600000
0.4913900000
0.1166900000
0.6996500000
0.2906800000
0.4766500000
0.1456600000
0.6688600000
0.2333400000
0.5603300000
0.0206550000
0.7851600000
0.4384600000
0.2194500000
0.5791000000
0.0581250000
0.7546800000
0.3879400000
0.3132300000
0.4410500000
0.2145100000
0.5856200000
0.0711210000
0.7432700000
0.3683800000
0.3480600000
0.3832600000
0.3216400000
0.4274100000
0.2403900000
0.5505900000
0.0011723000
0.7996600000
0.4615700000
0.1750300000
0.6351100000
0.1686000000
0.6427200000
0.1833500000
0.6250900000
0.1490500000
0.6651000000
0.2262100000
0.5700400000
0.0400580000
0.7698200000
0.4133400000
0.2667000000
0.5128500000
0.0741540000
0.7405500000
0.3636600000
0.3563400000
0.3690500000
0.3468800000
0.3852800000
0.3180200000
0.4333100000
0.2292400000
0.5659400000
0.0318610000
0.7764100000
0.4242200000
0.2463800000
0.5421800000
0.0156430000
0.7889800000
0.4446000000
0.2077300000
0.5944600000
0.0886950000
0.7271300000
0.3401500000
0.3966800000
0.2973700000
0.4662400000
0.1659700000
0.6458000000
0.1892900000
0.6177900000
0.1347600000
0.6807300000
0.2556700000
0.5289400000
0.0421000000
0.7681500000
0.4105700000
0.2718400000
0.5052400000
0.0892890000
0.7265700000
0.3391600000
0.3983500000
0.2943300000
0.4709900000
0.1567200000
0.6564500000
0.2097500000
0.5918500000
0.0834950000
0.7319900000
0.3487200000
0.3821300000
0.3236600000
0.4241000000
0.2466100000
0.5418500000
0.0162920000
0.7884900000
0.4438200000
0.2092300000
0.5925100000
0.0848250000
0.7307600000
0.3465500000
0.3858400000
0.3170100000
0.4349500000
0.2261200000
0.5701600000
0.0402980000
0.7696200000
0.4130200000
0.2673000000
0.5119700000
0.0759200000
0.7389500000
0.3608800000
0.3611800000
0.3606600000
0.3615600000
0.3600000000
0.3627000000
0.3580000000
0.3661700000
0.3519400000
0.3766300000
0.3334800000
0.4078600000
0.2768700000
0.4977100000
0.1042000000
0.7121900000
0.3134600000
0.4406900000
0.2152000000
0.5847100000
0.0693170000
0.7448900000
0.3711600000
0.3431600000
0.3915900000
0.3066300000
0.4516200000
0.1942500000
0.6116100000
0.1226000000
0.6935700000
0.2794900000
0.4937600000
0.1120100000
0.7044000000
0.2993400000
0.4631600000
0.1719600000
0.6387700000
0.1756900000
0.6343300000
0.1670700000
0.6445100000
0.1868100000
0.6208500000
0.1407600000
0.6742400000
0.2434900000
0.5462500000
0.0075052000
0.7950400000
0.4542800000
0.1891300000
0.6179900000
0.1351400000
0.6803200000
0.2549000000
0.5300400000
0.0398950000
0.7699500000
0.4135700000
0.2662900000
0.5134600000
0.0729540000
0.7416300000
0.3655400000
0.3530500000
0.3747100000
0.3368900000
0.4021600000
0.2873600000
0.4817700000
0.1356200000
0.6798100000
0.2539300000
0.5314300000
0.0371210000
0.7722000000
0.4172900000
0.2593600000
0.5235900000
0.0527700000
0.7592600000
0.3956800000
0.2992000000
0.4633700000
0.1715400000
0.6392500000
0.1766400000
0.6331900000
0.1648600000
0.6470900000
0.1917700000
0.6147100000
0.1287100000
0.6871700000
0.2676700000
0.5114300000
0.0769850000
0.7379800000
0.3591900000
0.3641100000
0.3555500000
0.3704000000
0.3445000000
0.3893200000
0.3107400000
0.4450700000
0.2068400000
0.5956100000
0.0909700000
0.7249800000
0.3363400000
0.4030900000
0.2856600000
0.4843800000
0.1305000000
0.6852800000
0.2641500000
0.5166000000
0.0666980000
0.7472100000
0.3751600000
0.3360900000
0.4035000000
0.2849000000
0.4855400000
0.1282100000
0.6877000000
0.2686500000
0.5099800000
0.0798660000
0.7353500000
0.3546000000
0.3720600000
0.3415800000
0.3942600000
0.3017900000
0.4593000000
0.1794400000
0.6298200000
0.1583000000
0.6546500000
0.2062900000
0.5963200000
0.0923720000
0.7236500000
0.3339700000
0.4070400000
0.2783800000
0.4954400000
0.1086800000
0.7077400000
0.3054100000
0.4535700000
0.1905100000
0.6162800000
0.1317900000
0.6839000000
0.2615800000
0.5203600000
0.0592130000
0.7537500000
0.3863400000
0.3161100000
0.4364100000
0.2233500000
0.5738900000
0.0477380000
0.7634900000
0.4027900000
0.2862000000
0.4835500000
0.1321200000
0.6835500000
0.2609300000
0.5213100000
0.0573120000
0.7553800000
0.3891200000
0.3110900000
0.4445000000
0.2079300000
0.5942000000
0.0881720000
0.7276200000
0.3410200000
0.3952100000
0.3000500000
0.4620400000
0.1741300000
0.6361900000
0.1706900000
0.6402700000
0.1786000000
0.6308400000
0.1602800000
0.6523900000
0.2019600000
0.6018700000
0.1033700000
0.7130000000
0.3149300000
0.4383200000
0.2197200000
0.5787400000
0.0574090000
0.7553000000
0.3889800000
0.3113500000
0.4440900000
0.2087200000
0.5931900000
0.0861590000
0.7295100000
0.3443500000
0.3895700000
0.3102800000
0.4457900000
0.2054500000
0.5974100000
0.0945280000
0.7215900000
0.3303000000
0.4131400000
0.2670800000
0.5122900000
0.0752760000
0.7395300000
0.3619000000
0.3594100000
0.3637300000
0.3562100000
0.3692800000
0.3464800000
0.3859500000
0.3168100000
0.4352700000
0.2255200000
0.5709700000
0.0419100000
0.7683100000
0.4108300000
0.2713600000
0.5059500000
0.0878740000
0.7279000000
0.3415100000
0.3943800000
0.3015700000
0.4596400000
0.1787800000
0.6306200000
0.1598600000
0.6528600000
0.2028800000
0.6007000000
0.1010600000
0.7152600000
0.3189900000
0.4317300000
0.2322200000
0.5618600000
0.0237230000
0.7828000000
0.4346300000
0.2267200000
0.5693400000
0.0386680000
0.7709500000
0.4152200000
0.2632200000
0.5179700000
0.0639740000
0.7496100000
0.3792700000
0.3287800000
0.4156700000
0.2623700000
0.5192100000
0.0615040000
0.7517600000
0.3829600000
0.3221900000
0.4265100000
0.2420700000
0.5482400000
0.0035256000
0.7979500000
0.4588900000
0.1802300000
0.6288700000
0.1564400000
0.6567800000
0.2103600000
0.5910500000
0.0819070000
0.7334700000
0.3513000000
0.3777200000
0.3315500000
0.4110700000
0.2709200000
0.5066100000
0.0865700000
0.7291300000
0.3436700000
0.3907200000
0.3082000000
0.4491200000
0.1990600000
0.6055600000
0.1106600000
0.7057600000
0.3018200000
0.4592400000
0.1795400000
0.6297000000
0.1580600000
0.6549300000
0.2068400000
0.5956100000
0.0909760000
0.7249700000
0.3363300000
0.4031000000
0.2856200000
0.4844300000
0.1304000000
0.6853800000
0.2643400000
0.5163300000
0.0672360000
0.7467300000
0.3743400000
0.3375400000
0.4010700000
0.2893600000
0.4786900000
0.1416500000
0.6732700000
0.2416500000
0.5488200000
0.0023614000
0.7988000000
0.4602200000
0.1776500000
0.6319700000
0.1625000000
0.6498300000
0.1970500000
0.6080900000
0.1156700000
0.7006900000
0.2925800000
0.4737000000
0.1514200000
0.6624500000
0.2211800000
0.5768000000
0.0535400000
0.7586000000
0.3945800000
0.3012100000
0.4602200000
0.1776600000
0.6319600000
0.1624700000
0.6498600000
0.1971000000
0.6080300000
0.1155400000
0.7008200000
0.2928200000
0.4733400000
0.1521300000
0.6616500000
0.2196700000
0.5788100000
0.0575510000
0.7551800000
0.3887800000
0.3117200000
0.4434800000
0.2098700000
0.5916900000
0.0831920000
0.7322800000
0.3492200000
0.3812900000
0.3251700000
0.4216200000
0.2512700000
0.5352400000
0.0295090000
0.7782800000
0.4272700000
0.2406500000
0.5502200000
0.0004482700
0.8001800000
0.4624000000
0.1734400000
0.6370100000
0.1722800000
0.6383800000
0.1749500000
0.6352100000
0.1688000000
0.6424900000
0.1829000000
0.6256200000
0.1501100000
0.6639200000
0.2239700000
0.5730500000
0.0460670000
0.7648800000
0.4051200000
0.2819200000
0.4900800000
0.1192700000
0.6970100000
0.2858200000
0.4841200000
0.1310000000
0.6847400000
0.2631500000
0.5180700000
0.0637640000
0.7497900000
0.3795900000
0.3282100000
0.4166000000
0.2606400000
0.5217300000
0.0564760000
0.7561000000
0.3903400000
0.3088900000
0.4480200000
0.2011800000
0.6028700000
0.1053400000
0.7110600000
0.3114200000
0.4439700000
0.2089300000
0.5929000000
0.0855980000
0.7300400000
0.3452800000
0.3880000000
0.3131100000
0.4412400000
0.2141500000
0.5861000000
0.0720720000
0.7424200000
0.3669100000
0.3506500000
0.3788400000
0.3295500000
0.4143900000
0.2647600000
0.5157100000
0.0684690000
0.7456400000
0.3724600000
0.3408700000
0.3954700000
0.2995900000
0.4627600000
0.1727300000
0.6378500000
0.1739200000
0.6364300000
0.1711600000
0.6397000000
0.1775100000
0.6321500000
0.1628300000
0.6494400000
0.1963000000
0.6090400000
0.1175400000
0.6987900000
0.2890900000
0.4791100000
0.1408500000
0.6741500000
0.2433200000
0.5464900000
0.0070162000
0.7954000000
0.4548500000
0.1880300000
0.6193500000
0.1378100000
0.6774500000
0.2495100000
0.5377400000
0.0245160000
0.7821800000
0.4336300000
0.2286200000
0.5667800000
0.0335450000
0.7750700000
0.4220200000
0.2505200000
0.5363100000
0.0273640000
0.7799600000
0.4300200000
0.2354500000
0.5574300000
0.0148500000
0.7895700000
0.4455600000
0.2058900000
0.5968400000
0.0933980000
0.7226700000
0.3322300000
0.4099400000
0.2730200000
0.5034900000
0.0927590000
0.7232800000
0.3333200000
0.4081300000
0.2763600000
0.4984800000
0.1026700000
0.7136900000
0.3161600000
0.4363200000
0.2235200000
0.5736600000
0.0472890000
0.7638600000
0.4034200000
0.2850400000
0.4853100000
0.1286600000
0.6872300000
0.2677700000
0.5112800000
0.0772790000
0.7377100000
0.3587300000
0.3649100000
0.3541400000
0.3728400000
0.3402000000
0.3965900000
0.2975400000
0.4659800000
0.1664800000
0.6452000000
0.1881400000
0.6192100000
0.1375500000
0.6777300000
0.2500400000
0.5369900000
0.0260200000
0.7810100000
0.4317300000
0.2322200000
0.5618700000
0.0237320000
0.7827900000
0.4346200000
0.2267500000
0.5693100000
0.0386100000
0.7710000000
0.4152900000
0.2630800000
0.5181800000
0.0635570000
0.7499700000
0.3799000000
0.3276600000
0.4175100000
0.2589400000
0.5242100000
0.0515420000
0.7603000000
0.3974300000
0.2960100000
0.4683700000
0.1618300000
0.6506000000
0.1985300000
0.6062400000
0.1120000000
0.7044100000
0.2993700000
0.4631200000
0.1720400000
0.6386700000
0.1755000000
0.6345600000
0.1675200000
0.6439900000
0.1857900000
0.6221000000
0.1432000000
0.6715700000
0.2384600000
0.5532700000
0.0065440000
0.7957500000
0.4554000000
0.1869700000
0.6206500000
0.1403700000
0.6746700000
0.2442900000
0.5451200000
0.0097508000
0.7933800000
0.4516500000
0.1942100000
0.6116700000
0.1227200000
0.6934500000
0.2792700000
0.4940900000
0.1113500000
0.7050600000
0.3005400000
0.4612600000
0.1756400000
0.6343900000
0.1671900000
0.6443800000
0.1865500000
0.6211600000
0.1413800000
0.6735700000
0.2422300000
0.5480200000
0.0039599000
0.7976400000
0.4583900000
0.1812000000
0.6277000000
0.1541600000
0.6593600000
0.2153000000
0.5845800000
0.0690600000
0.7451100000
0.3715600000
0.3424700000
0.3927700000
0.3045000000
0.4550100000
0.1877200000
0.6197300000
0.1385600000
0.6766300000
0.2479900000
0.5399100000
0.0201810000
0.7855300000
0.4390500000
0.2183300000
0.5805800000
0.0610810000
0.7521300000
0.3835900000
0.3210600000
0.4283500000
0.2386000000
0.5530700000
0.0061369000
0.7960500000
0.4558800000
0.1860500000
0.6217700000
0.1425700000
0.6722600000
0.2397700000
0.5514500000
0.0029026000
0.7984000000
0.4596000000
0.1788500000
0.6305300000
0.1596900000
0.6530600000
0.2032600000
0.6002200000
0.1001000000
0.7162000000
0.3206800000
0.4289800000
0.2374300000
0.5547000000
0.0093979000
0.7936500000
0.4520600000
0.1934100000
0.6126700000
0.1246900000
0.6913900000
0.2754800000
0.4998000000
0.1000600000
0.7162400000
0.3207400000
0.4288700000
0.2376200000
0.5544300000
0.0088626000
0.7940400000
0.4526900000
0.1921900000
0.6141800000
0.1276700000
0.6882700000
0.2697000000
0.5084200000
0.0829700000
0.7324800000
0.3495800000
0.3806700000
0.3262800000
0.4198000000
0.2546800000
0.5303600000
0.0392550000
0.7704700000
0.4144300000
0.2646900000
0.5158200000
0.0682600000
0.7458300000
0.3727800000
0.3403000000
0.3964200000
0.2978500000
0.4654900000
0.1674400000
0.6440900000
0.1859900000
0.6218600000
0.1427400000
0.6720800000
0.2394200000
0.5519300000
0.0038600000
0.7977100000
0.4585100000
0.1809700000
0.6279700000
0.1546800000
0.6587700000
0.2141700000
0.5860800000
0.0720260000
0.7424600000
0.3669800000
0.3505200000
0.3790500000
0.3291700000
0.4150200000
0.2635900000
0.5174300000
0.0650550000
0.7486600000
0.3776500000
0.3316700000
0.4108700000
0.2713000000
0.5060500000
0.0876820000
0.7280800000
0.3418300000
0.3938400000
0.3025500000
0.4581000000
0.1817600000
0.6270100000
0.1528100000
0.6608800000
0.2181900000
0.5807600000
0.0614500000
0.7518100000
0.3830400000
0.3220400000
0.4267500000
0.2416300000
0.5488600000
0.0022828000
0.7988500000
0.4603100000
0.1774800000
0.6321800000
0.1629000000
0.6493600000
0.1961500000
0.6092300000
0.1179100000
0.6984100000
0.2883900000
0.4801800000
0.1387400000
0.6764400000
0.2476200000
0.5404300000
0.0191460000
0.7863200000
0.4403200000
0.2159000000
0.5837900000
0.0674860000
0.7465100000
0.3739600000
0.3382100000
0.3999300000
0.2914300000
0.4754800000
0.1479400000
0.6663400000
0.2285600000
0.5668500000
0.0336890000
0.7749600000
0.4218300000
0.2508700000
0.5358100000
0.0283680000
0.7791700000
0.4287400000
0.2378800000
0.5540700000
0.0081448000
0.7945700000
0.4535400000
0.1905700000
0.6162000000
0.1316300000
0.6840700000
0.2619000000
0.5199000000
0.0601310000
0.7529500000
0.3849900000
0.3185400000
0.4324600000
0.2308400000
0.5637600000
0.0275070000
0.7798500000
0.4298400000
0.2358000000
0.5569500000
0.0138970000
0.7902900000
0.4467100000
0.2036900000
0.5996600000
0.0989930000
0.7172800000
0.3226100000
0.4258200000
0.2433700000
0.5464200000
0.0071558000
0.7953000000
0.4546900000
0.1883400000
0.6189600000
0.1370500000
0.6782700000
0.2510500000
0.5355500000
0.0288980000
0.7787600000
0.4280600000
0.2391700000
0.5522900000
0.0045771000
0.7971900000
0.4576800000
0.1825700000
0.6260300000
0.1509000000
0.6630300000
0.2222800000
0.5753200000
0.0505880000
0.7611000000
0.3987800000
0.2935400000
0.4722100000
0.1543300000
0.6591700000
0.2149400000
0.5850600000
0.0700130000
0.7442700000
0.3700900000
0.3450500000
0.3883900000
0.3124200000
0.4423600000
0.2120100000
0.5889000000
0.0776350000
0.7373900000
0.3581600000
0.3659000000
0.3524200000
0.3757900000
0.3349700000
0.4053800000
0.2814400000
0.4908100000
0.1178400000
0.6984800000
0.2885300000
0.4799700000
0.1391500000
0.6759900000
0.2467800000
0.5416100000
0.0167780000
0.7881200000
0.4432200000
0.2103600000
0.5910500000
0.0819090000
0.7334600000
0.3513000000
0.3777200000
0.3315400000
0.4110900000
0.2708800000
0.5066700000
0.0864480000
0.7292400000
0.3438800000
0.3903800000
0.3088200000
0.4481300000
0.2009600000
0.6031400000
0.1058900000
0.7105200000
0.3104400000
0.4455400000
0.2059300000
0.5967800000
0.0932890000
0.7227700000
0.3324200000
0.4096300000
0.2735900000
0.5026300000
0.0944490000
0.7216600000
0.3304400000
0.4129200000
0.2675000000
0.5116800000
0.0764950000
0.7384300000
0.3599700000
0.3627600000
0.3579100000
0.3663300000
0.3516600000
0.3771100000
0.3326200000
0.4092900000
0.2742300000
0.5016800000
0.0963420000
0.7198400000
0.3272000000
0.4182800000
0.2575000000
0.5262800000
0.0473960000
0.7637700000
0.4032700000
0.2853200000
0.4848900000
0.1294800000
0.6863600000
0.2661500000
0.5136700000
0.0725260000
0.7420200000
0.3662000000
0.3518900000
0.3767200000
0.3333300000
0.4081100000
0.2763900000
0.4984300000
0.1027700000
0.7135900000
0.3159800000
0.4366200000
0.2229600000
0.5744100000
0.0487820000
0.7626200000
0.4013300000
0.2888800000
0.4794300000
0.1402200000
0.6748300000
0.2446000000
0.5446900000
0.0106200000
0.7927400000
0.4506200000
0.1961800000
0.6091900000
0.1178300000
0.6984900000
0.2885500000
0.4799400000
0.1392100000
0.6759300000
0.2466700000
0.5417700000
0.0164600000
0.7883600000
0.4436100000
0.2096300000
0.5920100000
0.0838160000
0.7317000000
0.3482000000
0.3830300000
0.3220600000
0.4267200000
0.2416800000
0.5487800000
0.0024362000
0.7987400000
0.4601400000
0.1778200000
0.6317800000
0.1621100000
0.6502800000
0.1979100000
0.6070100000
0.1135300000
0.7028700000
0.2965500000
0.4675300000
0.1634600000
0.6487100000
0.1949000000
0.6108100000
0.1210100000
0.6952100000
0.2825200000
0.4891600000
0.1210800000
0.6951400000
0.2823900000
0.4893500000
0.1207000000
0.6955400000
0.2831200000
0.4882500000
0.1228800000
0.6932800000
0.2789600000
0.4945700000
0.1104200000
0.7060000000
0.3022600000
0.4585600000
0.1808800000
0.6280800000
0.1549100000
0.6585100000
0.2136700000
0.5867200000
0.0733100000
0.7413100000
0.3649800000
0.3540300000
0.3730400000
0.3398500000
0.3971800000
0.2964700000
0.4676500000
0.1632200000
0.6489900000
0.1954300000
0.6101300000
0.1196900000
0.6965700000
0.2850300000
0.4853400000
0.1286100000
0.6872800000
0.2678600000
0.5111500000
0.0775430000
0.7374700000
0.3583100000
0.3656400000
0.3528700000
0.3750300000
0.3363200000
0.4031100000
0.2856000000
0.4844600000
0.1303400000
0.6854500000
0.2644600000
0.5161500000
0.0676010000
0.7464100000
0.3737900000
0.3385200000
0.3994100000
0.2923800000
0.4740100000
0.1508200000
0.6631200000
0.2224500000
0.5750900000
0.0501320000
0.7614800000
0.3994300000
0.2923600000
0.4740500000
0.1507500000
0.6632000000
0.2226100000
0.5748800000
0.0497120000
0.7618400000
0.4000200000
0.2912800000
0.4757200000
0.1474700000
0.6668600000
0.2295500000
0.5655100000
0.0310090000
0.7770900000
0.4253300000
0.2443000000
0.5451100000
0.0097785000
0.7933600000
0.4516100000
0.1942700000
0.6115900000
0.1225600000
0.6936100000
0.2795700000
0.4936400000
0.1122400000
0.7041700000
0.2989200000
0.4638200000
0.1706800000
0.6402800000
0.1786200000
0.6308100000
0.1602400000
0.6524400000
0.2020500000
0.6017500000
0.1031400000
0.7132300000
0.3153300000
0.4376700000
0.2209500000
0.5770900000
0.0541290000
0.7581000000
0.3937300000
0.3027400000
0.4577900000
0.1823600000
0.6262900000
0.1514000000
0.6624700000
0.2212200000
0.5767400000
0.0534260000
0.7587000000
0.3947400000
0.3009100000
0.4606900000
0.1767500000
0.6330500000
0.1646000000
0.6474000000
0.1923700000
0.6139600000
0.1272300000
0.6887300000
0.2705500000
0.5071600000
0.0854720000
0.7301500000
0.3454800000
0.3876500000
0.3137500000
0.4402200000
0.2161000000
0.5835300000
0.0669520000
0.7469800000
0.3747800000
0.3367700000
0.4023500000
0.2870000000
0.4823200000
0.1345400000
0.6809700000
0.2561100000
0.5283000000
0.0433760000
0.7671000000
0.4088300000
0.2750700000
0.5004100000
0.0988490000
0.7174200000
0.3228600000
0.4254200000
0.2441400000
0.5453400000
0.0093180000
0.7937000000
0.4521600000
0.1932300000
0.6129000000
0.1251400000
0.6909300000
0.2746200000
0.5010900000
0.0975080000
0.7187200000
0.3251800000
0.4216000000
0.2513000000
0.5352000000
0.0296010000
0.7782000000
0.4271500000
0.2408700000
0.5499100000
0.0001756800
0.8003700000
0.4627000000
0.1728400000
0.6377200000
0.1736600000
0.6367500000
0.1717700000
0.6389800000
0.1761100000
0.6338200000
0.1660900000
0.6456600000
0.1890200000
0.6181300000
0.1354200000
0.6800300000
0.2543400000
0.5308400000
0.0383050000
0.7712400000
0.4157000000
0.2623100000
0.5192900000
0.0613340000
0.7519100000
0.3832100000
0.3217300000
0.4272600000
0.2406700000
0.5501900000
0.0003846400
0.8002200000
0.4624700000
0.1733000000
0.6371700000
0.1726000000
0.6380000000
0.1742100000
0.6361000000
0.1705100000
0.6404800000
0.1790000000
0.6303500000
0.1593300000
0.6534800000
0.2040500000
0.5992000000
0.0980880000
0.7181500000
0.3241800000
0.4232500000
0.2482100000
0.5396000000
0.0208040000
0.7850500000
0.4382800000
0.2198000000
0.5786300000
0.0571940000
0.7554800000
0.3893000000
0.3107800000
0.4449900000
0.2069800000
0.5954300000
0.0906160000
0.7253100000
0.3369300000
0.4020900000
0.2874900000
0.4815700000
0.1360200000
0.6793800000
0.2531400000
0.5325700000
0.0348440000
0.7740300000
0.4203100000
0.2537200000
0.5317400000
0.0365080000
0.7727000000
0.4181000000
0.2578400000
0.5258000000
0.0483640000
0.7629600000
0.4019100000
0.2878100000
0.4810800000
0.1369700000
0.6783500000
0.2512100000
0.5353300000
0.0293310000
0.7784200000
0.4275000000
0.2402200000
0.5508300000
0.0016533000
0.7993100000
0.4610300000
0.1760900000
0.6338500000
0.1661400000
0.6456000000
0.1889000000
0.6182600000
0.1356900000
0.6797400000
0.2538000000
0.5316200000
0.0367520000
0.7725000000
0.4177800000
0.2584500000
0.5249200000
0.0501180000
0.7615000000
0.3994500000
0.2923200000
0.4741000000
0.1506400000
0.6633200000
0.2228500000
0.5745600000
0.0490850000
0.7623600000
0.4009000000
0.2896600000
0.4782200000
0.1425800000
0.6722600000
0.2397500000
0.5514700000
0.0029483000
0.7983700000
0.4595500000
0.1789500000
0.6304100000
0.1594500000
0.6533400000
0.2037800000
0.5995500000
0.0987740000
0.7174900000
0.3229900000
0.4252000000
0.2445400000
0.5447800000
0.0104440000
0.7928700000
0.4508300000
0.1957800000
0.6096900000
0.1188200000
0.6974700000
0.2866700000
0.4828200000
0.1335600000
0.6820200000
0.2580800000
0.5254500000
0.0490520000
0.7623900000
0.4009500000
0.2895700000
0.4783600000
0.1423100000
0.6725400000
0.2402900000
0.5507200000
0.0014397000
0.7994600000
0.4612700000
0.1756200000
0.6344100000
0.1672400000
0.6443200000
0.1864400000
0.6213000000
0.1416500000
0.6732700000
0.2416700000
0.5488000000
0.0023996000
0.7987700000
0.4601800000
0.1777400000
0.6318700000
0.1623000000
0.6500600000
0.1974900000
0.6075400000
0.1145800000
0.7018000000
0.2946100000
0.4705500000
0.1575700000
0.6554900000
0.2079000000
0.5942500000
0.0882650000
0.7275300000
0.3408600000
0.3954700000
0.2995700000
0.4627900000
0.1726800000
0.6379100000
0.1740300000
0.6363100000
0.1709200000
0.6399900000
0.1780600000
0.6314900000
0.1615500000
0.6509300000
0.1991600000
0.6054400000
0.1104200000
0.7060000000
0.3022500000
0.4585700000
0.1808500000
0.6281200000
0.1549800000
0.6584300000
0.2135300000
0.5869200000
0.0736970000
0.7409600000
0.3643800000
0.3550800000
0.3712200000
0.3430700000
0.3917400000
0.3063500000
0.4520700000
0.1933900000
0.6126900000
0.1247200000
0.6913600000
0.2754200000
0.4998900000
0.0998790000
0.7164200000
0.3210600000
0.4283500000
0.2386100000
0.5530600000
0.0061188000
0.7960600000
0.4559000000
0.1860100000
0.6218200000
0.1426700000
0.6721600000
0.2395700000
0.5517300000
0.0034629000
0.7980000000
0.4589600000
0.1800900000
0.6290300000
0.1567700000
0.6564000000
0.2096500000
0.5919700000
0.0837500000
0.7317600000
0.3483100000
0.3828400000
0.3223900000
0.4261800000
0.2427000000
0.5473600000
0.0052758000
0.7966800000
0.4568700000
0.1841300000
0.6241300000
0.1471900000
0.6671700000
0.2301500000
0.5647000000
0.0293930000
0.7783700000
0.4274200000
0.2403700000
0.5506200000
0.0012388000
0.7996100000
0.4615000000
0.1751800000
0.6349400000
0.1682600000
0.6431200000
0.1841100000
0.6241500000
0.1472200000
0.6671400000
0.2300800000
0.5647900000
0.0295780000
0.7782200000
0.4271800000
0.2408200000
0.5499900000
0.0000205370
0.8004800000
0.4628800000
0.1725000000
0.6381200000
0.1744400000
0.6358200000
0.1699700000
0.6411200000
0.1802400000
0.6288500000
0.1564100000
0.6568100000
0.2104300000
0.5909600000
0.0817390000
0.7336200000
0.3515800000
0.3772500000
0.3323800000
0.4096900000
0.2734800000
0.5028000000
0.0941280000
0.7219700000
0.3309900000
0.4120100000
0.2691900000
0.5091800000
0.0814570000
0.7338800000
0.3520300000
0.3764700000
0.3337700000
0.4073700000
0.2777700000
0.4963600000
0.1068700000
0.7095400000
0.3086800000
0.4483600000
0.2005200000
0.6037100000
0.1070000000
0.7094100000
0.3084400000
0.4487300000
0.1998100000
0.6046100000
0.1087800000
0.7076400000
0.3052300000
0.4538500000
0.1899600000
0.6169600000
0.1331300000
0.6824700000
0.2589200000
0.5242400000
0.0514800000
0.7603500000
0.3975200000
0.2958500000
0.4686200000
0.1613400000
0.6511600000
0.1996100000
0.6048700000
0.1093000000
0.7071200000
0.3043000000
0.4553300000
0.1871100000
0.6204800000
0.1400400000
0.6750300000
0.2449700000
0.5441700000
0.0116620000
0.7919600000
0.4493800000
0.1985600000
0.6061900000
0.1119100000
0.7045000000
0.2995300000
0.4628500000
0.1725500000
0.6380600000
0.1743300000
0.6359500000
0.1702300000
0.6408100000
0.1796500000
0.6295700000
0.1578000000
0.6552200000
0.2073900000
0.5949000000
0.0895550000
0.7263200000
0.3387100000
0.3991000000
0.2929600000
0.4731200000
0.1525700000
0.6611600000
0.2187200000
0.5800600000
0.0600530000
0.7530200000
0.3851100000
0.3183300000
0.4328000000
0.2302000000
0.5646300000
0.0292480000
0.7784800000
0.4276100000
0.2400100000
0.5511100000
0.0022195000
0.7989000000
0.4603800000
0.1773400000
0.6323500000
0.1632300000
0.6489900000
0.1954200000
0.6101400000
0.1197100000
0.6965600000
0.2849900000
0.4853900000
0.1285100000
0.6873900000
0.2680600000
0.5108500000
0.0781420000
0.7369300000
0.3573600000
0.3672900000
0.3499800000
0.3799900000
0.3274900000
0.4177900000
0.2584200000
0.5249600000
0.0500460000
0.7615600000
0.3995500000
0.2921400000
0.4743900000
0.1500800000
0.6639500000
0.2240400000
0.5729700000
0.0458990000
0.7650200000
0.4053500000
0.2814900000
0.4907300000
0.1179900000
0.6983300000
0.2882500000
0.4804000000
0.1383000000
0.6769100000
0.2485100000
0.5391600000
0.0216700000
0.7843800000
0.4372000000
0.2218500000
0.5759000000
0.0517510000
0.7601200000
0.3971300000
0.2965500000
0.4675200000
0.1634700000
0.6487000000
0.1948700000
0.6108300000
0.1210700000
0.6951500000
0.2824200000
0.4893200000
0.1207700000
0.6954700000
0.2829900000
0.4884400000
0.1225000000
0.6936700000
0.2796900000
0.4934600000
0.1126000000
0.7038000000
0.2982600000
0.4648500000
0.1686600000
0.6426500000
0.1832000000
0.6252600000
0.1493900000
0.6647200000
0.2255000000
0.5710000000
0.0419730000
0.7682500000
0.4107500000
0.2715200000
0.5057100000
0.0883440000
0.7274600000
0.3407300000
0.3956900000
0.2991700000
0.4634200000
0.1714600000
0.6393600000
0.1768400000
0.6329500000
0.1644000000
0.6476300000
0.1928100000
0.6134100000
0.1261500000
0.6898600000
0.2726500000
0.5040300000
0.0916860000
0.7243000000
0.3351300000
0.4051000000
0.2819400000
0.4900400000
0.1193400000
0.6969300000
0.2856900000
0.4843300000
0.1305900000
0.6851800000
0.2639600000
0.5168900000
0.0661270000
0.7477100000
0.3760300000
0.3345500000
0.4060700000
0.2801700000
0.4927300000
0.1140400000
0.7023500000
0.2956100000
0.4689900000
0.1606100000
0.6520000000
0.2012200000
0.6028200000
0.1052400000
0.7111500000
0.3115900000
0.4436900000
0.2094800000
0.5922000000
0.0841960000
0.7313400000
0.3475800000
0.3840900000
0.3201600000
0.4298300000
0.2358300000
0.5569100000
0.0138290000
0.7903400000
0.4467900000
0.2035300000
0.5998600000
0.0993950000
0.7168900000
0.3219100000
0.4269700000
0.2412100000
0.5494400000
0.0011171000
0.7997000000
0.4616400000
0.1749100000
0.6352600000
0.1688800000
0.6423900000
0.1827100000
0.6258600000
0.1505700000
0.6634000000
0.2229800000
0.5743800000
0.0487270000
0.7626600000
0.4014000000
0.2887400000
0.4796400000
0.1397900000
0.6753000000
0.2454800000
0.5434600000
0.0130870000
0.7909000000
0.4476800000
0.2018300000
0.6020400000
0.1037100000
0.7126700000
0.3143200000
0.4392900000
0.2178600000
0.5812000000
0.0623220000
0.7510500000
0.3817400000
0.3243600000
0.4229500000
0.2487800000
0.5387900000
0.0224230000
0.7838000000
0.4362600000
0.2236300000
0.5735100000
0.0469820000
0.7641200000
0.4038500000
0.2842600000
0.4865100000
0.1263000000
0.6897100000
0.2723700000
0.5044500000
0.0908520000
0.7250900000
0.3365400000
0.4027500000
0.2862700000
0.4834400000
0.1323400000
0.6833200000
0.2605000000
0.5219300000
0.0560740000
0.7564400000
0.3909200000
0.3078400000
0.4497000000
0.1979400000
0.6069700000
0.1134500000
0.7029400000
0.2966900000
0.4673000000
0.1639000000
0.6482000000
0.1939200000
0.6120300000
0.1234300000
0.6927100000
0.2779100000
0.4961400000
0.1073100000
0.7091100000
0.3078900000
0.4496100000
0.1981300000
0.6067400000
0.1130000000
0.7034000000
0.2975300000
0.4659900000
0.1664500000
0.6452300000
0.1882000000
0.6191400000
0.1374000000
0.6778900000
0.2503500000
0.5365500000
0.0268950000
0.7803300000
0.4306200000
0.2343300000
0.5589800000
0.0179570000
0.7872200000
0.4417800000
0.2131200000
0.5874500000
0.0747680000
0.7399900000
0.3627000000
0.3580200000
0.3661500000
0.3519800000
0.3765500000
0.3336300000
0.4076100000
0.2773200000
0.4970400000
0.1055300000
0.7108700000
0.3110800000
0.4445100000
0.2079100000
0.5942300000
0.0882320000
0.7275700000
0.3409200000
0.3953800000
0.2997400000
0.4625200000
0.1731900000
0.6373000000
0.1728500000
0.6377100000
0.1736400000
0.6367700000
0.1718200000
0.6389200000
0.1760000000
0.6339600000
0.1663500000
0.6453500000
0.1884300000
0.6188500000
0.1368400000
0.6785000000
0.2514800000
0.5349400000
0.0301100000
0.7778000000
0.4264900000
0.2421100000
0.5481800000
0.0036345000
0.7978700000
0.4587600000
0.1804700000
0.6285700000
0.1558700000
0.6574200000
0.2116000000
0.5894300000
0.0786980000
0.7364200000
0.3564700000
0.3688300000
0.3472800000
0.3846000000
0.3192400000
0.4313100000
0.2330100000
0.5607900000
0.0215690000
0.7844600000
0.4373300000
0.2216100000
0.5762200000
0.0523850000
0.7595800000
0.3962300000
0.2982000000
0.4649400000
0.1684900000
0.6428500000
0.1836000000
0.6247800000
0.1484500000
0.6657600000
0.2274700000
0.5683300000
0.0366420000
0.7725900000
0.4179300000
0.2581700000
0.5253200000
0.0493240000
0.7621600000
0.4005700000
0.2902800000
0.4772700000
0.1444300000
0.6702100000
0.2359000000
0.5568100000
0.0136200000
0.7905000000
0.4470400000
0.2030500000
0.6004800000
0.1006100000
0.7157000000
0.3197800000
0.4304400000
0.2346700000
0.5585100000
0.0170210000
0.7879300000
0.4429300000
0.2109300000
0.5903100000
0.0804430000
0.7348100000
0.3536700000
0.3736500000
0.3387600000
0.3990200000
0.2931100000
0.4728900000
0.1530100000
0.6606600000
0.2177700000
0.5813300000
0.0625680000
0.7508300000
0.3813700000
0.3250200000
0.4218700000
0.2508000000
0.5359100000
0.0281790000
0.7793200000
0.4289800000
0.2374200000
0.5547000000
0.0094091000
0.7936400000
0.4520500000
0.1934300000
0.6126400000
0.1246300000
0.6914600000
0.2756000000
0.4996200000
0.1004200000
0.7158900000
0.3201200000
0.4299000000
0.2356900000
0.5571000000
0.0141980000
0.7900600000
0.4463500000
0.2043900000
0.5987700000
0.0972330000
0.7189800000
0.3256600000
0.4208200000
0.2527700000
0.5331000000
0.0337890000
0.7748800000
0.4217000000
0.2511200000
0.5354600000
0.0290720000
0.7786200000
0.4278300000
0.2395900000
0.5517000000
0.0034079000
0.7980400000
0.4590200000
0.1799700000
0.6291800000
0.1570500000
0.6560800000
0.2090200000
0.5927900000
0.0853660000
0.7302500000
0.3456600000
0.3873500000
0.3142900000
0.4393500000
0.2177600000
0.5813400000
0.0626050000
0.7508000000
0.3813200000
0.3251200000
0.4217100000
0.2511000000
0.5354800000
0.0290340000
0.7786500000
0.4278800000
0.2394900000
0.5518300000
0.0036635000
0.7978500000
0.4587300000
0.1805400000
0.6285000000
0.1557200000
0.6576000000
0.2119300000
0.5890000000
0.0778410000
0.7372000000
0.3578300000
0.3664600000
0.3514300000
0.3775000000
0.3319400000
0.4104200000
0.2721200000
0.5048300000
0.0901030000
0.7258000000
0.3377900000
0.4006400000
0.2901400000
0.4774900000
0.1440100000
0.6706800000
0.2367700000
0.5556100000
0.0112130000
0.7923000000
0.4499200000
0.1975400000
0.6074900000
0.1144700000
0.7019100000
0.2948100000
0.4702500000
0.1581700000
0.6548000000
0.2065900000
0.5959400000
0.0916130000
0.7243700000
0.3352500000
0.4049000000
0.2823200000
0.4894600000
0.1204800000
0.6957600000
0.2835300000
0.4876200000
0.1241200000
0.6919900000
0.2765800000
0.4981500000
0.1033400000
0.7130300000
0.3149800000
0.4382300000
0.2199000000
0.5785000000
0.0569380000
0.7557000000
0.3896700000
0.3101100000
0.4460700000
0.2049100000
0.5981000000
0.0959050000
0.7202600000
0.3279500000
0.4170400000
0.2598200000
0.5229300000
0.0540820000
0.7581400000
0.3938000000
0.3026200000
0.4579900000
0.1819800000
0.6267500000
0.1523000000
0.6614500000
0.2192900000
0.5793100000
0.0585610000
0.7543100000
0.3873000000
0.3143800000
0.4391900000
0.2180600000
0.5809400000
0.0618110000
0.7514900000
0.3825000000
0.3230000000
0.4251800000
0.2445800000
0.5447200000
0.0105660000
0.7927800000
0.4506800000
0.1960600000
0.6093400000
0.1181300000
0.6981800000
0.2879700000
0.4808300000
0.1374700000
0.6778200000
0.2502100000
0.5367500000
0.0264890000
0.7806500000
0.4311400000
0.2333500000
0.5603200000
0.0206470000
0.7851700000
0.4384700000
0.2194300000
0.5791200000
0.0581750000
0.7546400000
0.3878600000
0.3133700000
0.4408400000
0.2149200000
0.5850800000
0.0700450000
0.7442400000
0.3700400000
0.3451400000
0.3882400000
0.3126900000
0.4419300000
0.2128400000
0.5878100000
0.0754770000
0.7393500000
0.3615800000
0.3599600000
0.3627700000
0.3578800000
0.3663900000
0.3515700000
0.3772700000
0.3323500000
0.4097400000
0.2733800000
0.5029400000
0.0938360000
0.7222500000
0.3314800000
0.4111800000
0.2707200000
0.5069100000
0.0859670000
0.7296900000
0.3446700000
0.3890300000
0.3112500000
0.4442300000
0.2084400000
0.5935500000
0.0868750000
0.7288400000
0.3431700000
0.3915700000
0.3066600000
0.4515800000
0.1943300000
0.6115200000
0.1224200000
0.6937600000
0.2798500000
0.4932200000
0.1130800000
0.7033200000
0.2973700000
0.4662400000
0.1659700000
0.6458000000
0.1892900000
0.6177800000
0.1347400000
0.6807500000
0.2557000000
0.5288900000
0.0422010000
0.7680700000
0.4104400000
0.2721000000
0.5048600000
0.0900430000
0.7258600000
0.3379000000
0.4004700000
0.2904500000
0.4770100000
0.1449600000
0.6696300000
0.2348000000
0.5583200000
0.0166480000
0.7882200000
0.4433800000
0.2100600000
0.5914400000
0.0826880000
0.7327400000
0.3500400000
0.3798900000
0.3276800000
0.4174800000
0.2590000000
0.5241200000
0.0517090000
0.7601600000
0.3971900000
0.2964400000
0.4676900000
0.1631500000
0.6490800000
0.1956100000
0.6099100000
0.1192600000
0.6970200000
0.2858500000
0.4840800000
0.1310800000
0.6846600000
0.2629900000
0.5183100000
0.0633040000
0.7501900000
0.3802800000
0.3269800000
0.4186300000
0.2568600000
0.5272200000
0.0455260000
0.7653300000
0.4058700000
0.2805400000
0.4921700000
0.1151400000
0.7012300000
0.2935700000
0.4721700000
0.1544100000
0.6590800000
0.2147600000
0.5852900000
0.0704620000
0.7438600000
0.3694000000
0.3462700000
0.3863200000
0.3161600000
0.4363300000
0.2235000000
0.5736800000
0.0473320000
0.7638300000
0.4033600000
0.2851600000
0.4851400000
0.1289900000
0.6868700000
0.2671100000
0.5122600000
0.0753460000
0.7394700000
0.3617900000
0.3596000000
0.3634000000
0.3567900000
0.3682700000
0.3482600000
0.3829200000
0.3222500000
0.4264100000
0.2422600000
0.5479700000
0.0040538000
0.7975700000
0.4582800000
0.1814000000
0.6274500000
0.1536600000
0.6599200000
0.2163600000
0.5831800000
0.0662660000
0.7475900000
0.3758200000
0.3349300000
0.4054400000
0.2813200000
0.4909900000
0.1174700000
0.6988500000
0.2892100000
0.4789200000
0.1412200000
0.6737400000
0.2425500000
0.5475700000
0.0048689000
0.7969700000
0.4573400000
0.1832200000
0.6252400000
0.1493500000
0.6647600000
0.2255700000
0.5709000000
0.0417720000
0.7684200000
0.4110200000
0.2710200000
0.5064700000
0.0868460000
0.7288700000
0.3432200000
0.3914900000
0.3068000000
0.4513500000
0.1947800000
0.6109500000
0.1212900000
0.6949200000
0.2819900000
0.4899700000
0.1194900000
0.6967900000
0.2854200000
0.4847400000
0.1297900000
0.6860300000
0.2655500000
0.5145500000
0.0707750000
0.7435800000
0.3689200000
0.3471200000
0.3848700000
0.3187600000
0.4321000000
0.2315200000
0.5628300000
0.0256520000
0.7813000000
0.4322000000
0.2313400000
0.5630700000
0.0261440000
0.7809200000
0.4315800000
0.2325200000
0.5614600000
0.0229170000
0.7834200000
0.4356400000
0.2248100000
0.5719300000
0.0438320000
0.7667300000
0.4082000000
0.2762300000
0.4986800000
0.1022900000
0.7140600000
0.3168300000
0.4352400000
0.2255800000
0.5708900000
0.0417520000
0.7684400000
0.4110500000
0.2709700000
0.5065400000
0.0866940000
0.7290100000
0.3434700000
0.3910700000
0.3075700000
0.4501200000
0.1971400000
0.6079800000
0.1154500000
0.7009100000
0.2929900000
0.4730800000
0.1526400000
0.6610700000
0.2185600000
0.5802700000
0.0604760000
0.7526500000
0.3844800000
0.3194500000
0.4309700000
0.2336600000
0.5599000000
0.0198010000
0.7858200000
0.4395200000
0.2174400000
0.5817600000
0.0634430000
0.7500700000
0.3800700000
0.3273600000
0.4180200000
0.2580000000
0.5255600000
0.0488360000
0.7625700000
0.4012500000
0.2890200000
0.4792100000
0.1406400000
0.6743700000
0.2437400000
0.5458900000
0.0082109000
0.7945200000
0.4534600000
0.1907200000
0.6160200000
0.1312700000
0.6844600000
0.2626200000
0.5188400000
0.0622300000
0.7511300000
0.3818800000
0.3241200000
0.4233500000
0.2480300000
0.5398500000
0.0202930000
0.7854400000
0.4389100000
0.2186000000
0.5802300000
0.0603860000
0.7527300000
0.3846100000
0.3192200000
0.4313600000
0.2329200000
0.5609100000
0.0218090000
0.7842800000
0.4370300000
0.2221800000
0.5754600000
0.0508740000
0.7608600000
0.3983800000
0.2942800000
0.4710700000
0.1565700000
0.6566300000
0.2100900000
0.5914100000
0.0826270000
0.7328000000
0.3501400000
0.3797200000
0.3279800000
0.4169800000
0.2599300000
0.5227600000
0.0544190000
0.7578600000
0.3933100000
0.3035000000
0.4565900000
0.1846700000
0.6234600000
0.1458800000
0.6686200000
0.2328900000
0.5609600000
0.0219070000
0.7842000000
0.4369100000
0.2224100000
0.5751500000
0.0502540000
0.7613800000
0.3992500000
0.2926800000
0.4735600000
0.1517100000
0.6621300000
0.2205700000
0.5776100000
0.0551610000
0.7572200000
0.3922400000
0.3054400000
0.4535100000
0.1906200000
0.6161500000
0.1315300000
0.6841900000
0.2621100000
0.5195900000
0.0607510000
0.7524100000
0.3840700000
0.3201800000
0.4297800000
0.2359100000
0.5568000000
0.0136070000
0.7905100000
0.4470600000
0.2030200000
0.6005100000
0.1006900000
0.7156300000
0.3196500000
0.4306600000
0.2342500000
0.5590800000
0.0181570000
0.7870700000
0.4415400000
0.2135800000
0.5868400000
0.0735500000
0.7410900000
0.3646100000
0.3546800000
0.3719100000
0.3418500000
0.3938100000
0.3026000000
0.4580200000
0.1819100000
0.6268300000
0.1524700000
0.6612700000
0.2189300000
0.5797800000
0.0594980000
0.7535000000
0.3859200000
0.3168600000
0.4351900000
0.2256700000
0.5707600000
0.0415040000
0.7686400000
0.4113800000
0.2703400000
0.5074700000
0.0848510000
0.7307300000
0.3465000000
0.3859200000
0.3168700000
0.4351700000
0.2257100000
0.5707100000
0.0414030000
0.7687200000
0.4115200000
0.2700900000
0.5078500000
0.0841020000
0.7314300000
0.3477300000
0.3838200000
0.3206300000
0.4290500000
0.2372800000
0.5549000000
0.0097966000
0.7933500000
0.4515900000
0.1943100000
0.6115400000
0.1224600000
0.6937100000
0.2797600000
0.4933500000
0.1128200000
0.7035800000
0.2978600000
0.4654800000
0.1674400000
0.6440800000
0.1859700000
0.6218700000
0.1427600000
0.6720500000
0.2393600000
0.5520200000
0.0040309000
0.7975800000
0.4583100000
0.1813500000
0.6275100000
0.1537900000
0.6597800000
0.2161000000
0.5835200000
0.0669480000
0.7469900000
0.3747800000
0.3367600000
0.4023700000
0.2869700000
0.4823600000
0.1344600000
0.6810600000
0.2562800000
0.5280600000
0.0438600000
0.7667000000
0.4081600000
0.2763000000
0.4985700000
0.1025000000
0.7138500000
0.3164600000
0.4358400000
0.2244400000
0.5724200000
0.0448180000
0.7659100000
0.4068500000
0.2787300000
0.4949000000
0.1097500000
0.7066700000
0.3034700000
0.4566500000
0.1845700000
0.6235900000
0.1461300000
0.6683400000
0.2323500000
0.5616900000
0.0233700000
0.7830700000
0.4350800000
0.2258800000
0.5704800000
0.0409360000
0.7691000000
0.4121600000
0.2689100000
0.5095900000
0.0806370000
0.7346400000
0.3533600000
0.3741900000
0.3378100000
0.4006200000
0.2901800000
0.4774200000
0.1441500000
0.6705200000
0.2364900000
0.5560000000
0.0120040000
0.7917100000
0.4489800000
0.1993400000
0.6052000000
0.1099500000
0.7064700000
0.3031000000
0.4572300000
0.1834500000
0.6249600000
0.1488100000
0.6653600000
0.2267200000
0.5693500000
0.0386810000
0.7709400000
0.4152000000
0.2632500000
0.5179200000
0.0640720000
0.7495200000
0.3791300000
0.3290400000
0.4152400000
0.2631800000
0.5180200000
0.0638640000
0.7497000000
0.3794400000
0.3284800000
0.4161600000
0.2614700000
0.5205200000
0.0588820000
0.7540300000
0.3868300000
0.3152300000
0.4378200000
0.2206600000
0.5774800000
0.0549130000
0.7574400000
0.3926000000
0.3047900000
0.4545500000
0.1886200000
0.6186100000
0.1363700000
0.6790000000
0.2524200000
0.5335900000
0.0328060000
0.7756600000
0.4229900000
0.2487000000
0.5389000000
0.0222010000
0.7839700000
0.4365400000
0.2231100000
0.5742100000
0.0483880000
0.7629400000
0.4018800000
0.2878700000
0.4809800000
0.1371600000
0.6781500000
0.2508300000
0.5358700000
0.0282560000
0.7792600000
0.4288800000
0.2376100000
0.5544500000
0.0088923000
0.7940200000
0.4526600000
0.1922600000
0.6141000000
0.1275000000
0.6884400000
0.2700200000
0.5079400000
0.0839170000
0.7316000000
0.3480300000
0.3833100000
0.3215600000
0.4275400000
0.2401400000
0.5509400000
0.0018781000
0.7991500000
0.4607700000
0.1765800000
0.6332500000
0.1649900000
0.6469400000
0.1915000000
0.6150500000
0.1293800000
0.6864700000
0.2663500000
0.5133700000
0.0731350000
0.7414700000
0.3652500000
0.3535500000
0.3738600000
0.3384000000
0.3996200000
0.2920000000
0.4746100000
0.1496500000
0.6644300000
0.2249400000
0.5717500000
0.0434690000
0.7670300000
0.4087000000
0.2753100000
0.5000600000
0.0995510000
0.7167400000
0.3216400000
0.4274100000
0.2403700000
0.5506100000
0.0012141000
0.7996300000
0.4615300000
0.1751200000
0.6350000000
0.1683900000
0.6429700000
0.1838300000
0.6245000000
0.1479000000
0.6663800000
0.2286400000
0.5667400000
0.0334730000
0.7751300000
0.4221100000
0.2503400000
0.5365700000
0.0268580000
0.7803600000
0.4306700000
0.2342400000
0.5591000000
0.0182040000
0.7870300000
0.4414800000
0.2136900000
0.5867000000
0.0732660000
0.7413500000
0.3650500000
0.3539100000
0.3732400000
0.3394900000
0.3977900000
0.2953500000
0.4694000000
0.1598200000
0.6529100000
0.2029700000
0.6005900000
0.1008300000
0.7154800000
0.3193900000
0.4310800000
0.2334600000
0.5601700000
0.0203390000
0.7854000000
0.4388500000
0.2187000000
0.5800900000
0.0601000000
0.7529800000
0.3850400000
0.3184600000
0.4326000000
0.2305800000
0.5641100000
0.0282040000
0.7793000000
0.4289500000
0.2374900000
0.5546200000
0.0092392000
0.7937600000
0.4522500000
0.1930500000
0.6131200000
0.1255800000
0.6904700000
0.2737700000
0.5023600000
0.0949930000
0.7211400000
0.3295100000
0.4144600000
0.2646400000
0.5158900000
0.0681070000
0.7459600000
0.3730200000
0.3398900000
0.3971100000
0.2965900000
0.4674700000
0.1635800000
0.6485800000
0.1946500000
0.6111200000
0.1216300000
0.6945700000
0.2813400000
0.4909500000
0.1175500000
0.6987800000
0.2890700000
0.4791300000
0.1408000000
0.6742000000
0.2434200000
0.5463500000
0.0073053000
0.7951900000
0.4545200000
0.1886800000
0.6185400000
0.1362300000
0.6791500000
0.2527000000
0.5332000000
0.0335970000
0.7750300000
0.4219500000
0.2506400000
0.5361300000
0.0277260000
0.7796800000
0.4295600000
0.2363300000
0.5562200000
0.0124380000
0.7913800000
0.4484600000
0.2003400000
0.6039400000
0.1074600000
0.7089600000
0.3076200000
0.4500500000
0.1972900000
0.6078000000
0.1150900000
0.7012900000
0.2936600000
0.4720300000
0.1547000000
0.6587500000
0.2141400000
0.5861100000
0.0720970000
0.7424000000
0.3668700000
0.3507200000
0.3787200000
0.3297600000
0.4140400000
0.2654100000
0.5147600000
0.0703590000
0.7439600000
0.3695600000
0.3459900000
0.3867900000
0.3153000000
0.4377200000
0.2208700000
0.5772100000
0.0543570000
0.7579100000
0.3934000000
0.3033400000
0.4568500000
0.1841800000
0.6240700000
0.1470700000
0.6673000000
0.2303900000
0.5643800000
0.0287420000
0.7788800000
0.4282600000
0.2387900000
0.5528100000
0.0056285000
0.7964200000
0.4564700000
0.1849200000
0.6231700000
0.1453000000
0.6692600000
0.2341000000
0.5593000000
0.0185890000
0.7867400000
0.4410100000
0.2145900000
0.5855200000
0.0709130000
0.7434600000
0.3687000000
0.3474900000
0.3842300000
0.3199000000
0.4302400000
0.2350400000
0.5580000000
0.0159890000
0.7887100000
0.4441800000
0.2085300000
0.5934300000
0.0866350000
0.7290700000
0.3435700000
0.3909000000
0.3078700000
0.4496500000
0.1980500000
0.6068300000
0.1131800000
0.7032200000
0.2971900000
0.4665200000
0.1654200000
0.6464400000
0.1905300000
0.6162500000
0.1317300000
0.6839700000
0.2617100000
0.5201700000
0.0595820000
0.7534300000
0.3858000000
0.3170800000
0.4348300000
0.2263600000
0.5698400000
0.0396610000
0.7701400000
0.4138800000
0.2657100000
0.5143200000
0.0712380000
0.7431700000
0.3682000000
0.3483800000
0.3827200000
0.3226100000
0.4258200000
0.2433800000
0.5464000000
0.0071976000
0.7952700000
0.4546400000
0.1884400000
0.6188400000
0.1368200000
0.6785100000
0.2515100000
0.5348900000
0.0302090000
0.7777200000
0.4263700000
0.2423500000
0.5478500000
0.0043066000
0.7973800000
0.4579900000
0.1819700000
0.6267600000
0.1523300000
0.6614200000
0.2192300000
0.5793900000
0.0587150000
0.7541800000
0.3870700000
0.3147900000
0.4385400000
0.2193000000
0.5792900000
0.0585210000
0.7543400000
0.3873600000
0.3142800000
0.4393600000
0.2177300000
0.5813800000
0.0626720000
0.7507400000
0.3812200000
0.3253000000
0.4214100000
0.2516600000
0.5346800000
0.0306220000
0.7774000000
0.4258300000
0.2433600000
0.5464400000
0.0071246000
0.7953200000
0.4547300000
0.1882700000
0.6190500000
0.1372200000
0.6780900000
0.2507100000
0.5360400000
0.0279170000
0.7795300000
0.4293100000
0.2367900000
0.5555800000
0.0111650000
0.7923300000
0.4499700000
0.1974300000
0.6076300000
0.1147400000
0.7016300000
0.2943000000
0.4710400000
0.1566300000
0.6565600000
0.2099500000
0.5915900000
0.0829800000
0.7324700000
0.3495600000
0.3807000000
0.3262300000
0.4198800000
0.2545300000
0.5305800000
0.0388290000
0.7708200000
0.4150000000
0.2636200000
0.5173800000
0.0651470000
0.7485700000
0.3775100000
0.3319200000
0.4104600000
0.2720600000
0.5049100000
0.0899310000
0.7259600000
0.3380800000
0.4001600000
0.2910200000
0.4761200000
0.1466900000
0.6677200000
0.2311800000
0.5632900000
0.0265770000
0.7805800000
0.4310300000
0.2335600000
0.5600300000
0.0200660000
0.7856100000
0.4391900000
0.2180600000
0.5809400000
0.0617940000
0.7515100000
0.3825300000
0.3229600000
0.4252500000
0.2444500000
0.5449000000
0.0101920000
0.7930600000
0.4511300000
0.1952100000
0.6104200000
0.1202500000
0.6960000000
0.2839800000
0.4869300000
0.1254700000
0.6905800000
0.2739800000
0.5020500000
0.0956150000
0.7205400000
0.3284400000
0.4162200000
0.2613500000
0.5207000000
0.0585400000
0.7543300000
0.3873300000
0.3143300000
0.4392800000
0.2178800000
0.5811800000
0.0622710000
0.7510900000
0.3818200000
0.3242300000
0.4231700000
0.2483600000
0.5393700000
0.0212510000
0.7847000000
0.4377200000
0.2208600000
0.5772200000
0.0543890000
0.7578800000
0.3933600000
0.3034200000
0.4567200000
0.1844300000
0.6237600000
0.1464600000
0.6679800000
0.2316800000
0.5626100000
0.0252210000
0.7816300000
0.4327500000
0.2303000000
0.5644900000
0.0289640000
0.7787000000
0.4279700000
0.2393300000
0.5520700000
0.0041314000
0.7975100000
0.4581900000
0.1815800000
0.6272400000
0.1532600000
0.6603800000
0.2172400000
0.5820200000
0.0639540000
0.7496200000
0.3793000000
0.3287200000
0.4157600000
0.2622100000
0.5194500000
0.0610280000
0.7521700000
0.3836600000
0.3209200000
0.4285900000
0.2381700000
0.5536800000
0.0073508000
0.7951600000
0.4544600000
0.1887800000
0.6184200000
0.1359900000
0.6794200000
0.2532000000
0.5324800000
0.0350300000
0.7738800000
0.4200600000
0.2541800000
0.5310800000
0.0378270000
0.7716300000
0.4163400000
0.2611200000
0.5210300000
0.0578690000
0.7549000000
0.3883100000
0.3125600000
0.4421400000
0.2124400000
0.5883400000
0.0765200000
0.7384000000
0.3599300000
0.3628300000
0.3577900000
0.3665400000
0.3512900000
0.3777400000
0.3315000000
0.4111600000
0.2707600000
0.5068400000
0.0861020000
0.7295700000
0.3444500000
0.3894100000
0.3105700000
0.4453300000
0.2063400000
0.5962500000
0.0922460000
0.7237700000
0.3341800000
0.4066900000
0.2790300000
0.4944600000
0.1106400000
0.7057800000
0.3018600000
0.4591900000
0.1796600000
0.6295600000
0.1577900000
0.6552300000
0.2074100000
0.5948700000
0.0895030000
0.7263700000
0.3388000000
0.3989500000
0.2932300000
0.4727000000
0.1533800000
0.6602400000
0.2169700000
0.5823800000
0.0646630000
0.7490000000
0.3782400000
0.3306200000
0.4126100000
0.2680600000
0.5108500000
0.0781360000
0.7369300000
0.3573600000
0.3672800000
0.3500000000
0.3799500000
0.3275700000
0.4176600000
0.2586700000
0.5245900000
0.0507710000
0.7609500000
0.3985200000
0.2940200000
0.4714800000
0.1557600000
0.6575400000
0.2118300000
0.5891400000
0.0781170000
0.7369500000
0.3573900000
0.3672300000
0.3500900000
0.3797900000
0.3278500000
0.4172000000
0.2595300000
0.5233500000
0.0532470000
0.7588500000
0.3950000000
0.3004400000
0.4614200000
0.1753300000
0.6347600000
0.1679100000
0.6435300000
0.1849100000
0.6231700000
0.1453000000
0.6692500000
0.2340900000
0.5593100000
0.0186180000
0.7867200000
0.4409700000
0.2146600000
0.5854200000
0.0707310000
0.7436200000
0.3689800000
0.3470000000
0.3850700000
0.3184000000
0.4326900000
0.2304000000
0.5643500000
0.0287000000
0.7789100000
0.4283100000
0.2386900000
0.5529500000
0.0059095000
0.7962100000
0.4561400000
0.1855500000
0.6224000000
0.1437900000
0.6709200000
0.2372300000
0.5549700000
0.0099358000
0.7932500000
0.4514300000
0.1946300000
0.6111400000
0.1216800000
0.6945200000
0.2812500000
0.4910900000
0.1172800000
0.6990500000
0.2895800000
0.4783500000
0.1423200000
0.6725400000
0.2402800000
0.5507400000
0.0014787000
0.7994300000
0.4612300000
0.1757000000
0.6343100000
0.1670400000
0.6445600000
0.1868900000
0.6207500000
0.1405600000
0.6744600000
0.2439000000
0.5456800000
0.0086386000
0.7942100000
0.4529600000
0.1916900000
0.6148200000
0.1289100000
0.6869600000
0.2672700000
0.5120100000
0.0758300000
0.7390300000
0.3610200000
0.3609300000
0.3610900000
0.3608100000
0.3613000000
0.3604500000
0.3619200000
0.3593700000
0.3638000000
0.3560900000
0.3694900000
0.3461200000
0.3865700000
0.3156900000
0.4370800000
0.2220800000
0.5755800000
0.0511220000
0.7606500000
0.3980300000
0.2949200000
0.4700700000
0.1585200000
0.6544000000
0.2058200000
0.5969200000
0.0935690000
0.7225000000
0.3319400000
0.4104200000
0.2721200000
0.5048200000
0.0901050000
0.7258000000
0.3377900000
0.4006500000
0.2901300000
0.4775000000
0.1439800000
0.6707100000
0.2368400000
0.5555200000
0.0110370000
0.7924300000
0.4501300000
0.1971300000
0.6079900000
0.1154700000
0.7009000000
0.2929500000
0.4731300000
0.1525500000
0.6611800000
0.2187700000
0.5800000000
0.0599300000
0.7531300000
0.3852900000
0.3180100000
