82.8000000000
107.8000000000
53.2000000000
31.2000000000
190.4000000000
24.2000000000
59.3000000000
130.0000000000
35.1000000000
152.0000000000
117.0000000000
109.6000000000
218.4000000000
133.0000000000
73.9000000000
69.7000000000
51.0000000000
82.3000000000
116.0000000000
149.0000000000
213.2000000000
70.4000000000
155.0000000000
181.6000000000
131.2000000000
102.7000000000
75.3000000000
157.9000000000
74.0000000000
49.0000000000
129.8000000000
72.7000000000
91.5000000000
119.1000000000
20.9000000000
79.2000000000
163.0000000000
156.0000000000
165.1000000000
98.8000000000
72.5000000000
24.9000000000
17.5000000000
135.3000000000
96.9000000000
133.6000000000
92.7000000000
286.4000000000
188.2000000000
217.2000000000
31.9000000000
56.8000000000
66.1000000000
48.6000000000
52.2000000000
58.1000000000
260.5000000000
79.3000000000
154.3000000000
200.4000000000
148.3000000000
123.7000000000
50.7000000000
39.8000000000
95.2000000000
56.8000000000
36.3000000000
82.5000000000
99.2000000000
243.7000000000
91.4000000000
70.3000000000
94.6000000000
111.7000000000
97.2000000000
77.4000000000
39.5000000000
90.6000000000
160.9000000000
103.0000000000
97.6000000000
134.2000000000
45.7000000000
147.8000000000
243.5000000000
171.1000000000
109.8000000000
60.7000000000
81.6000000000
133.0000000000
119.2000000000
134.5000000000
178.0000000000
215.5000000000
178.4000000000
178.7000000000
297.8000000000
32.7000000000
63.7000000000
16.6000000000
49.5000000000
56.8000000000
139.5000000000
138.3000000000
86.8000000000
133.3000000000
82.7000000000
65.4000000000
165.3000000000
100.7000000000
107.6000000000
81.7000000000
55.8000000000
42.6000000000
62.1000000000
205.5000000000
183.1000000000
281.0000000000
122.0000000000
84.0000000000
202.4000000000
31.7000000000
47.0000000000
31.8000000000
62.3000000000
111.2000000000
120.4000000000
85.3000000000
153.2000000000
126.3000000000
119.5000000000
116.3000000000
62.5000000000
132.6000000000
142.1000000000
78.0000000000
40.0000000000
89.3000000000
77.7000000000
118.6000000000
137.1000000000
101.5000000000
104.3000000000
203.9000000000
230.6000000000
104.3000000000
90.3000000000
81.6000000000
90.7000000000
100.6000000000
164.7000000000
227.8000000000
91.6000000000
201.7000000000
258.0000000000
126.7000000000
120.9000000000
72.2000000000
59.3000000000
79.3000000000
154.6000000000
101.2000000000
34.0000000000
145.6000000000
146.4000000000
163.7000000000
81.2000000000
83.6000000000
36.0000000000
77.7000000000
81.0000000000
62.6000000000
54.6000000000
146.1000000000
159.8000000000
162.6000000000
105.3000000000
50.8000000000
47.4000000000
93.4000000000
41.1000000000
155.0000000000
61.9000000000
83.5000000000
45.0000000000
80.9000000000
185.1000000000
47.8000000000
141.5000000000
67.7000000000
171.0000000000
141.3000000000
12.9000000000
115.1000000000
122.1000000000
37.6000000000
89.3000000000
116.9000000000
159.9000000000
167.9000000000
97.9000000000
78.9000000000
220.6000000000
150.2000000000
98.4000000000
121.6000000000
107.4000000000
126.9000000000
61.9000000000
136.4000000000
186.1000000000
116.0000000000
80.9000000000
113.6000000000
194.0000000000
121.4000000000
220.0000000000
171.1000000000
72.6000000000
63.5000000000
41.2000000000
136.5000000000
116.2000000000
96.8000000000
151.0000000000
160.6000000000
169.2000000000
112.4000000000
217.7000000000
142.7000000000
117.1000000000
48.7000000000
83.3000000000
20.9000000000
187.2000000000
45.1000000000
126.4000000000
76.5000000000
73.6000000000
157.3000000000
82.5000000000
194.0000000000
88.3000000000
71.6000000000
88.8000000000
41.0000000000
56.0000000000
89.6000000000
143.0000000000
144.6000000000
88.8000000000
57.8000000000
168.9000000000
37.9000000000
124.7000000000
102.4000000000
145.5000000000
55.8000000000
179.1000000000
64.2000000000
170.7000000000
191.1000000000
131.0000000000
207.8000000000
108.1000000000
69.1000000000
55.5000000000
76.9000000000
60.8000000000
9.6000000000
75.3000000000
77.1000000000
154.5000000000
69.4000000000
113.1000000000
123.5000000000
65.3000000000
40.7000000000
104.2000000000
65.4000000000
80.5000000000
49.1000000000
184.0000000000
107.9000000000
35.2000000000
141.2000000000
208.7000000000
137.5000000000
63.1000000000
54.1000000000
66.5000000000
80.0000000000
95.8000000000
41.8000000000
104.0000000000
166.8000000000
60.9000000000
182.2000000000
57.7000000000
103.4000000000
230.1000000000
25.9000000000
90.3000000000
43.9000000000
86.4000000000
116.7000000000
90.7000000000
149.3000000000
111.2000000000
81.1000000000
187.3000000000
27.0000000000
93.9000000000
7.6000000000
61.8000000000
48.3000000000
71.8000000000
62.5000000000
143.8000000000
276.3000000000
196.8000000000
187.7000000000
124.2000000000
289.1000000000
90.3000000000
73.1000000000
31.5000000000
46.3000000000
146.2000000000
136.2000000000
78.3000000000
242.8000000000
227.5000000000
202.3000000000
103.8000000000
49.6000000000
69.4000000000
150.3000000000
85.3000000000
21.2000000000
63.5000000000
76.3000000000
129.7000000000
139.8000000000
123.7000000000
124.7000000000
92.8000000000
178.1000000000
189.0000000000
260.7000000000
112.7000000000
76.8000000000
119.5000000000
88.9000000000
104.3000000000
141.4000000000
28.3000000000
159.0000000000
173.6000000000
153.5000000000
68.3000000000
39.4000000000
151.7000000000
62.7000000000
24.1000000000
62.1000000000
214.0000000000
171.6000000000
49.9000000000
139.9000000000
187.3000000000
119.1000000000
75.7000000000
72.1000000000
187.0000000000
68.3000000000
21.1000000000
119.7000000000
123.4000000000
74.3000000000
173.0000000000
186.0000000000
54.5000000000
148.1000000000
36.8000000000
121.7000000000
223.4000000000
80.5000000000
55.4000000000
100.8000000000
53.7000000000
193.4000000000
148.5000000000
91.5000000000
136.1000000000
249.9000000000
99.0000000000
116.9000000000
53.8000000000
132.1000000000
85.6000000000
104.5000000000
41.3000000000
166.5000000000
43.3000000000
142.0000000000
131.3000000000
213.3000000000
272.4000000000
123.4000000000
87.1000000000
110.4000000000
108.8000000000
39.6000000000
159.0000000000
49.5000000000
176.4000000000
105.5000000000
168.7000000000
80.8000000000
137.6000000000
146.7000000000
19.2000000000
93.4000000000
80.2000000000
152.1000000000
64.6000000000
182.5000000000
73.5000000000
217.9000000000
121.8000000000
226.6000000000
80.7000000000
50.7000000000
83.8000000000
97.4000000000
52.9000000000
65.2000000000
40.0000000000
114.5000000000
63.8000000000
115.1000000000
157.8000000000
165.1000000000
84.6000000000
51.2000000000
87.1000000000
75.4000000000
86.2000000000
48.2000000000
106.4000000000
78.8000000000
70.0000000000
111.2000000000
98.6000000000
179.9000000000
223.7000000000
234.2000000000
263.9000000000
47.7000000000
105.6000000000
44.6000000000
127.4000000000
169.3000000000
153.0000000000
340.8000000000
91.9000000000
120.8000000000
187.9000000000
107.3000000000
101.5000000000
113.9000000000
118.9000000000
60.9000000000
62.3000000000
131.3000000000
47.8000000000
53.3000000000
95.8000000000
121.5000000000
57.8000000000
78.8000000000
127.4000000000
122.7000000000
40.7000000000
51.1000000000
47.2000000000
136.4000000000
111.2000000000
92.6000000000
152.9000000000
55.9000000000
201.5000000000
92.9000000000
84.2000000000
38.0000000000
173.0000000000
49.0000000000
67.5000000000
156.8000000000
40.5000000000
201.6000000000
124.5000000000
56.7000000000
71.2000000000
85.5000000000
114.3000000000
71.6000000000
149.7000000000
171.5000000000
74.0000000000
115.4000000000
16.7000000000
201.4000000000
114.3000000000
213.6000000000
115.7000000000
93.9000000000
159.8000000000
72.1000000000
101.4000000000
67.8000000000
110.3000000000
148.6000000000
143.7000000000
65.4000000000
104.3000000000
88.2000000000
136.3000000000
73.7000000000
113.4000000000
100.7000000000
56.5000000000
89.8000000000
161.6000000000
110.7000000000
71.7000000000
221.7000000000
57.4000000000
185.3000000000
118.5000000000
270.8000000000
88.3000000000
93.6000000000
78.7000000000
54.4000000000
145.3000000000
212.3000000000
14.9000000000
74.6000000000
125.0000000000
139.4000000000
66.2000000000
167.2000000000
57.3000000000
94.3000000000
82.7000000000
124.7000000000
29.8000000000
98.9000000000
100.7000000000
135.0000000000
194.6000000000
280.1000000000
118.4000000000
108.4000000000
182.7000000000
19.8000000000
60.6000000000
176.0000000000
141.5000000000
166.8000000000
78.9000000000
129.2000000000
126.9000000000
221.5000000000
155.5000000000
95.1000000000
211.9000000000
184.7000000000
62.7000000000
85.7000000000
37.2000000000
58.1000000000
89.9000000000
102.6000000000
148.6000000000
116.7000000000
140.7000000000
212.2000000000
130.7000000000
58.5000000000
74.5000000000
65.6000000000
106.9000000000
91.0000000000
74.8000000000
44.8000000000
212.6000000000
269.8000000000
132.5000000000
214.0000000000
60.6000000000
79.4000000000
52.1000000000
31.9000000000
134.6000000000
109.8000000000
37.5000000000
30.1000000000
50.7000000000
227.7000000000
192.4000000000
163.2000000000
90.4000000000
96.4000000000
108.7000000000
97.0000000000
136.9000000000
87.7000000000
69.5000000000
268.1000000000
196.8000000000
105.0000000000
69.1000000000
34.1000000000
80.6000000000
87.3000000000
78.8000000000
71.4000000000
48.3000000000
257.1000000000
110.4000000000
198.6000000000
129.7000000000
61.2000000000
153.2000000000
155.9000000000
48.2000000000
33.9000000000
57.1000000000
44.2000000000
157.1000000000
125.6000000000
296.0000000000
190.0000000000
103.2000000000
160.7000000000
149.7000000000
33.5000000000
121.2000000000
70.6000000000
44.4000000000
58.4000000000
41.0000000000
115.8000000000
86.9000000000
75.0000000000
105.0000000000
213.6000000000
188.5000000000
125.5000000000
195.1000000000
136.0000000000
180.6000000000
48.1000000000
160.1000000000
81.7000000000
80.3000000000
56.0000000000
114.4000000000
143.9000000000
249.1000000000
5.9000000000
189.2000000000
30.9000000000
81.4000000000
13.3000000000
83.9000000000
185.7000000000
56.5000000000
85.6000000000
67.9000000000
209.2000000000
119.4000000000
133.0000000000
93.2000000000
93.5000000000
54.3000000000
79.1000000000
160.4000000000
97.9000000000
113.9000000000
51.4000000000
64.5000000000
231.4000000000
110.4000000000
203.1000000000
63.5000000000
109.1000000000
103.0000000000
40.6000000000
94.0000000000
263.2000000000
138.0000000000
264.9000000000
175.8000000000
87.4000000000
176.9000000000
27.3000000000
45.2000000000
68.4000000000
163.8000000000
69.6000000000
142.5000000000
107.4000000000
181.2000000000
140.7000000000
98.3000000000
274.2000000000
170.8000000000
207.2000000000
63.0000000000
140.4000000000
155.5000000000
8.6000000000
66.4000000000
138.0000000000
134.5000000000
166.0000000000
53.5000000000
169.1000000000
185.0000000000
134.3000000000
66.1000000000
79.7000000000
79.9000000000
118.4000000000
120.0000000000
131.2000000000
159.4000000000
119.7000000000
231.5000000000
30.4000000000
159.8000000000
65.5000000000
129.9000000000
92.8000000000
79.1000000000
101.4000000000
145.6000000000
234.2000000000
220.5000000000
149.1000000000
135.4000000000
45.5000000000
292.5000000000
148.5000000000
149.1000000000
35.3000000000
46.3000000000
187.2000000000
110.8000000000
253.4000000000
68.4000000000
229.2000000000
225.1000000000
99.4000000000
48.0000000000
27.9000000000
14.0000000000
53.6000000000
78.3000000000
58.5000000000
139.8000000000
152.8000000000
63.0000000000
179.0000000000
241.7000000000
291.7000000000
234.4000000000
16.1000000000
104.0000000000
64.5000000000
56.6000000000
76.6000000000
165.7000000000
237.9000000000
94.0000000000
215.6000000000
156.3000000000
140.2000000000
110.9000000000
121.4000000000
40.2000000000
87.3000000000
88.1000000000
169.7000000000
140.3000000000
108.0000000000
59.0000000000
89.0000000000
238.0000000000
92.9000000000
223.9000000000
9.9000000000
109.3000000000
126.1000000000
106.5000000000
67.0000000000
170.8000000000
41.9000000000
151.4000000000
216.9000000000
89.3000000000
158.2000000000
159.0000000000
125.9000000000
91.5000000000
49.0000000000
90.2000000000
74.3000000000
102.4000000000
67.7000000000
45.7000000000
139.2000000000
72.4000000000
25.6000000000
197.4000000000
7.2000000000
92.2000000000
107.1000000000
110.0000000000
80.6000000000
75.7000000000
134.7000000000
141.5000000000
217.2000000000
33.1000000000
217.0000000000
72.2000000000
207.0000000000
44.8000000000
115.3000000000
23.0000000000
139.6000000000
55.9000000000
70.7000000000
220.9000000000
235.7000000000
143.2000000000
80.9000000000
169.1000000000
89.8000000000
69.7000000000
31.7000000000
31.6000000000
89.9000000000
151.1000000000
66.2000000000
164.3000000000
136.2000000000
151.7000000000
223.8000000000
163.9000000000
168.0000000000
67.0000000000
87.7000000000
87.5000000000
62.8000000000
81.8000000000
70.8000000000
112.4000000000
81.7000000000
33.8000000000
88.3000000000
187.1000000000
61.5000000000
79.2000000000
15.4000000000
101.7000000000
152.9000000000
173.3000000000
101.9000000000
70.5000000000
321.2000000000
246.5000000000
144.2000000000
215.2000000000
144.4000000000
117.2000000000
50.5000000000
24.3000000000
106.6000000000
170.7000000000
85.1000000000
45.1000000000
83.8000000000
212.4000000000
65.5000000000
15.0000000000
76.7000000000
148.5000000000
65.3000000000
61.1000000000
35.4000000000
180.3000000000
68.0000000000
130.4000000000
148.6000000000
158.9000000000
137.2000000000
31.7000000000
133.6000000000
132.6000000000
44.4000000000
76.4000000000
16.8000000000
44.8000000000
174.7000000000
34.6000000000
173.1000000000
97.0000000000
70.8000000000
68.1000000000
42.6000000000
166.9000000000
89.3000000000
112.1000000000
29.6000000000
106.3000000000
126.0000000000
143.7000000000
141.5000000000
39.1000000000
173.6000000000
203.0000000000
102.3000000000
49.6000000000
89.2000000000
135.2000000000
113.3000000000
101.3000000000
214.0000000000
139.9000000000
175.0000000000
85.9000000000
81.7000000000
148.1000000000
58.9000000000
19.2000000000
65.6000000000
60.6000000000
100.0000000000
107.9000000000
103.7000000000
188.9000000000
135.8000000000
241.1000000000
148.7000000000
117.4000000000
150.3000000000
84.2000000000
71.5000000000
138.6000000000
121.0000000000
82.9000000000
76.5000000000
118.3000000000
173.7000000000
10.8000000000
77.6000000000
151.1000000000
95.6000000000
65.7000000000
46.3000000000
50.9000000000
107.5000000000
149.9000000000
176.8000000000
204.1000000000
26.3000000000
222.8000000000
150.1000000000
169.2000000000
7.1000000000
196.3000000000
204.7000000000
92.9000000000
102.5000000000
124.6000000000
3.4000000000
109.5000000000
23.6000000000
178.7000000000
71.8000000000
262.6000000000
113.4000000000
104.0000000000
86.7000000000
53.1000000000
189.4000000000
61.5000000000
179.2000000000
164.1000000000
103.9000000000
102.4000000000
170.6000000000
87.2000000000
109.1000000000
41.0000000000
138.5000000000
77.0000000000
25.2000000000
74.5000000000
76.8000000000
50.9000000000
198.2000000000
204.5000000000
239.1000000000
91.8000000000
184.3000000000
81.4000000000
94.7000000000
65.5000000000
70.9000000000
122.9000000000
208.7000000000
262.2000000000
117.9000000000
146.0000000000
65.3000000000
131.6000000000
149.8000000000
121.8000000000
89.4000000000
62.3000000000
36.2000000000
85.5000000000
142.1000000000
138.7000000000
29.6000000000
303.7000000000
270.2000000000
87.1000000000
60.2000000000
68.1000000000
90.5000000000
73.2000000000
82.3000000000
67.3000000000
136.1000000000
123.8000000000
149.1000000000
74.6000000000
129.1000000000
43.8000000000
49.0000000000
19.3000000000
95.6000000000
66.3000000000
71.0000000000
152.2000000000
140.0000000000
159.7000000000
73.6000000000
164.5000000000
73.9000000000
111.2000000000
94.2000000000
86.1000000000
26.9000000000
117.2000000000
116.7000000000
114.1000000000
156.8000000000
218.2000000000
316.4000000000
259.9000000000
167.3000000000
100.8000000000
47.0000000000
50.8000000000
39.7000000000
102.7000000000
77.1000000000
57.0000000000
59.9000000000
79.0000000000
86.2000000000
65.4000000000
179.0000000000
96.7000000000
33.1000000000
47.3000000000
34.3000000000
51.9000000000
96.6000000000
112.9000000000
269.9000000000
100.0000000000
99.5000000000
45.5000000000
159.0000000000
173.6000000000
103.1000000000
87.2000000000
23.7000000000
69.6000000000
41.5000000000
132.9000000000
161.7000000000
138.3000000000
140.5000000000
47.8000000000
127.0000000000
128.0000000000
164.1000000000
34.2000000000
44.0000000000
129.6000000000
102.8000000000
117.8000000000
135.3000000000
155.7000000000
131.5000000000
30.4000000000
106.8000000000
93.4000000000
31.2000000000
73.9000000000
112.2000000000
32.4000000000
120.3000000000
102.6000000000
20.7000000000
36.0000000000
143.0000000000
175.3000000000
214.5000000000
170.2000000000
133.0000000000
40.6000000000
93.4000000000
64.6000000000
53.8000000000
145.7000000000
109.8000000000
76.5000000000
97.7000000000
230.4000000000
150.4000000000
173.2000000000
110.0000000000
42.0000000000
93.1000000000
66.3000000000
56.3000000000
143.7000000000
127.7000000000
115.6000000000
198.3000000000
81.3000000000
109.0000000000
233.2000000000
88.4000000000
43.9000000000
106.1000000000
98.7000000000
55.4000000000
65.3000000000
198.8000000000
140.8000000000
66.4000000000
70.7000000000
92.8000000000
29.2000000000
0.0000000000
174.2000000000
107.0000000000
91.3000000000
111.3000000000
91.2000000000
137.9000000000
120.6000000000
115.3000000000
246.5000000000
53.4000000000
46.5000000000
34.5000000000
74.8000000000
89.8000000000
88.9000000000
77.3000000000
70.0000000000
106.8000000000
89.2000000000
88.8000000000
85.0000000000
211.6000000000
171.4000000000
21.1000000000
67.0000000000
101.6000000000
75.2000000000
108.9000000000
92.5000000000
109.0000000000
169.7000000000
90.4000000000
52.5000000000
185.1000000000
68.9000000000
158.2000000000
79.8000000000
82.1000000000
96.3000000000
120.1000000000
70.7000000000
145.9000000000
148.5000000000
131.2000000000
120.7000000000
153.6000000000
95.4000000000
185.5000000000
109.9000000000
44.5000000000
177.7000000000
70.3000000000
134.6000000000
159.4000000000
165.4000000000
354.0000000000
87.4000000000
98.0000000000
102.5000000000
53.5000000000
194.5000000000
82.8000000000
88.8000000000
90.2000000000
106.8000000000
67.1000000000
260.2000000000
194.9000000000
59.1000000000
92.3000000000
102.0000000000
65.3000000000
58.5000000000
85.6000000000
111.4000000000
92.5000000000
58.8000000000
89.6000000000
104.5000000000
43.1000000000
209.1000000000
117.2000000000
123.4000000000
108.2000000000
70.5000000000
116.5000000000
27.5000000000
74.8000000000
117.1000000000
107.7000000000
134.9000000000
147.1000000000
182.3000000000
61.1000000000
91.7000000000
92.2000000000
80.5000000000
35.6000000000
54.7000000000
74.7000000000
96.5000000000
178.6000000000
33.9000000000
115.5000000000
110.8000000000
51.8000000000
142.5000000000
90.8000000000
113.5000000000
116.3000000000
124.7000000000
124.9000000000
79.8000000000
50.7000000000
27.0000000000
38.2000000000
208.2000000000
150.5000000000
79.4000000000
55.1000000000
46.1000000000
74.5000000000
86.8000000000
42.3000000000
99.7000000000
134.5000000000
61.8000000000
68.4000000000
72.2000000000
116.6000000000
263.1000000000
146.0000000000
68.5000000000
7.6000000000
48.5000000000
78.1000000000
114.4000000000
103.4000000000
148.4000000000
74.8000000000
194.6000000000
231.1000000000
257.2000000000
31.1000000000
51.1000000000
82.4000000000
42.8000000000
47.3000000000
123.7000000000
97.1000000000
174.4000000000
72.7000000000
75.1000000000
54.1000000000
117.6000000000
83.7000000000
64.1000000000
64.8000000000
109.7000000000
43.2000000000
49.5000000000
19.8000000000
153.8000000000
176.5000000000
111.2000000000
79.8000000000
114.6000000000
132.8000000000
121.3000000000
85.2000000000
43.9000000000
104.1000000000
60.9000000000
86.1000000000
113.5000000000
152.4000000000
162.0000000000
142.0000000000
174.6000000000
79.1000000000
155.3000000000
26.4000000000
28.8000000000
73.7000000000
68.9000000000
111.3000000000
149.3000000000
63.8000000000
204.1000000000
161.7000000000
77.9000000000
46.6000000000
186.6000000000
84.3000000000
142.4000000000
57.8000000000
60.3000000000
121.6000000000
95.1000000000
104.7000000000
198.5000000000
237.3000000000
94.2000000000
111.1000000000
106.8000000000
10.4000000000
33.8000000000
171.6000000000
100.5000000000
131.6000000000
103.8000000000
177.3000000000
162.1000000000
170.8000000000
95.8000000000
66.1000000000
184.0000000000
51.8000000000
98.9000000000
84.5000000000
81.8000000000
36.1000000000
220.3000000000
197.8000000000
173.1000000000
62.3000000000
154.9000000000
102.6000000000
154.7000000000
19.2000000000
72.1000000000
125.2000000000
64.4000000000
124.6000000000
102.2000000000
152.2000000000
230.2000000000
188.7000000000
189.4000000000
49.4000000000
125.7000000000
88.2000000000
139.7000000000
59.1000000000
61.6000000000
33.6000000000
118.5000000000
195.8000000000
58.5000000000
180.2000000000
194.6000000000
77.6000000000
69.1000000000
18.2000000000
22.0000000000
62.0000000000
35.9000000000
95.2000000000
175.7000000000
163.8000000000
243.0000000000
119.3000000000
61.0000000000
10.7000000000
88.6000000000
101.9000000000
81.1000000000
80.6000000000
143.6000000000
235.4000000000
162.6000000000
74.2000000000
115.2000000000
211.4000000000
160.1000000000
12.3000000000
114.3000000000
76.3000000000
145.7000000000
62.7000000000
72.0000000000
141.6000000000
24.1000000000
171.4000000000
196.2000000000
265.9000000000
53.6000000000
84.2000000000
174.5000000000
61.0000000000
49.2000000000
133.9000000000
139.9000000000
98.8000000000
149.2000000000
227.6000000000
102.8000000000
145.8000000000
218.2000000000
128.4000000000
116.3000000000
62.9000000000
64.7000000000
32.3000000000
238.6000000000
133.1000000000
119.2000000000
125.0000000000
63.1000000000
128.0000000000
93.1000000000
188.5000000000
188.4000000000
72.9000000000
44.4000000000
50.8000000000
22.4000000000
125.5000000000
24.8000000000
161.2000000000
90.3000000000
133.0000000000
269.0000000000
323.9000000000
54.1000000000
59.0000000000
71.6000000000
100.0000000000
67.7000000000
64.9000000000
79.0000000000
180.8000000000
69.3000000000
236.8000000000
162.3000000000
135.3000000000
142.8000000000
141.5000000000
18.2000000000
111.4000000000
61.1000000000
57.9000000000
65.2000000000
158.3000000000
210.7000000000
122.6000000000
42.2000000000
104.8000000000
139.9000000000
101.4000000000
72.5000000000
20.9000000000
84.8000000000
156.2000000000
125.0000000000
100.1000000000
199.2000000000
124.4000000000
240.3000000000
15.5000000000
47.6000000000
163.4000000000
150.3000000000
41.5000000000
101.9000000000
72.8000000000
102.7000000000
56.2000000000
63.2000000000
269.6000000000
182.0000000000
81.2000000000
201.1000000000
119.2000000000
32.5000000000
71.0000000000
57.0000000000
136.0000000000
110.0000000000
103.0000000000
153.1000000000
266.8000000000
228.0000000000
217.8000000000
127.9000000000
25.3000000000
72.2000000000
33.6000000000
58.4000000000
16.8000000000
88.4000000000
169.7000000000
115.5000000000
43.0000000000
82.2000000000
138.5000000000
31.2000000000
75.9000000000
54.7000000000
33.4000000000
72.8000000000
78.3000000000
71.9000000000
150.6000000000
147.7000000000
69.9000000000
12.7000000000
309.2000000000
85.1000000000
35.8000000000
104.6000000000
91.9000000000
91.9000000000
58.2000000000
80.3000000000
55.4000000000
120.1000000000
174.4000000000
179.8000000000
77.8000000000
138.8000000000
102.7000000000
56.9000000000
146.9000000000
130.1000000000
90.4000000000
83.8000000000
254.1000000000
136.8000000000
117.0000000000
254.4000000000
67.9000000000
105.0000000000
94.1000000000
108.7000000000
95.1000000000
47.0000000000
67.7000000000
144.5000000000
93.8000000000
120.0000000000
269.0000000000
156.6000000000
168.3000000000
79.0000000000
106.7000000000
73.6000000000
110.7000000000
66.2000000000
90.0000000000
202.6000000000
241.3000000000
233.5000000000
189.2000000000
88.2000000000
117.7000000000
56.9000000000
110.9000000000
26.1000000000
62.3000000000
53.7000000000
89.2000000000
132.0000000000
178.8000000000
109.4000000000
83.9000000000
170.7000000000
287.3000000000
76.1000000000
71.2000000000
138.8000000000
110.2000000000
111.2000000000
92.8000000000
61.7000000000
180.4000000000
161.0000000000
133.3000000000
