0.5732600000
0.8534900000
0.2930200000
0.5860500000
0.8279000000
0.3442000000
0.6883900000
0.6232100000
0.7535700000
0.4928500000
0.9857000000
0.0285990000
0.0571980000
0.1144000000
0.2287900000
0.4575800000
0.9151700000
0.1696700000
0.3393400000
0.6786700000
0.6426600000
0.7146800000
0.5706300000
0.8587400000
0.2825300000
0.5650500000
0.8699000000
0.2602100000
0.5204100000
0.9591800000
0.0816440000
0.1632900000
0.3265700000
0.6531500000
0.6937000000
0.6125900000
0.7748100000
0.4503700000
0.9007500000
0.1985100000
0.3970100000
0.7940300000
0.4119400000
0.8238900000
0.3522300000
0.7044600000
0.5910800000
0.8178400000
0.3643200000
0.7286400000
0.5427100000
0.9145700000
0.1708500000
0.3417100000
0.6834200000
0.6331700000
0.7336700000
0.5326600000
0.9346800000
0.1306500000
0.2613000000
0.5225900000
0.9548200000
0.0903650000
0.1807300000
0.3614600000
0.7229200000
0.5541600000
0.8916700000
0.2166600000
0.4333200000
0.8666400000
0.2667300000
0.5334500000
0.9330900000
0.1338200000
0.2676300000
0.5352600000
0.9294700000
0.1410500000
0.2821100000
0.5642100000
0.8715800000
0.2568400000
0.5136800000
0.9726300000
0.0547360000
0.1094700000
0.2189500000
0.4378900000
0.8757800000
0.2484400000
0.4968800000
0.9937500000
0.0124970000
0.0249940000
0.0499890000
0.0999780000
0.1999600000
0.3999100000
0.7998200000
0.4003500000
0.8007100000
0.3985800000
0.7971600000
0.4056800000
0.8113500000
0.3773000000
0.7546000000
0.4908000000
0.9816000000
0.0367930000
0.0735870000
0.1471700000
0.2943500000
0.5886900000
0.8226100000
0.3547700000
0.7095400000
0.5809100000
0.8381800000
0.3236400000
0.6472800000
0.7054300000
0.5891400000
0.8217200000
0.3565500000
0.7131100000
0.5737800000
0.8524400000
0.2951300000
0.5902500000
0.8195000000
0.3610000000
0.7220000000
0.5560000000
0.8880000000
0.2240000000
0.4479900000
0.8959900000
0.2080200000
0.4160500000
0.8321000000
0.3358000000
0.6716000000
0.6568000000
0.6864100000
0.6271800000
0.7456400000
0.5087300000
0.9825500000
0.0349080000
0.0698160000
0.1396300000
0.2792600000
0.5585200000
0.8829500000
0.2341000000
0.4682000000
0.9364000000
0.1272100000
0.2544100000
0.5088200000
0.9823500000
0.0353000000
0.0705990000
0.1412000000
0.2824000000
0.5648000000
0.8704100000
0.2591800000
0.5183700000
0.9632700000
0.0734620000
0.1469200000
0.2938500000
0.5876900000
0.8246200000
0.3507700000
0.7015400000
0.5969300000
0.8061500000
0.3877000000
0.7754100000
0.4491800000
0.8983700000
0.2032600000
0.4065300000
0.8130600000
0.3738900000
0.7477800000
0.5044400000
0.9911100000
0.0177720000
0.0355440000
0.0710890000
0.1421800000
0.2843500000
0.5687100000
0.8625800000
0.2748400000
0.5496700000
0.9006600000
0.1986800000
0.3973600000
0.7947300000
0.4105500000
0.8210900000
0.3578100000
0.7156300000
0.5687500000
0.8625100000
0.2749900000
0.5499800000
0.9000400000
0.1999100000
0.3998300000
0.7996600000
0.4006800000
0.8013700000
0.3972700000
0.7945400000
0.4109300000
0.8218500000
0.3563000000
0.7125900000
0.5748100000
0.8503700000
0.2992600000
0.5985100000
0.8029800000
0.3940400000
0.7880900000
0.4238200000
0.8476500000
0.3047000000
0.6094100000
0.7811900000
0.4376300000
0.8752500000
0.2495000000
0.4989900000
0.9979900000
0.0040232000
0.0080463000
0.0160930000
0.0321850000
0.0643700000
0.1287400000
0.2574800000
0.5149600000
0.9700700000
0.0598550000
0.1197100000
0.2394200000
0.4788400000
0.9576700000
0.0846530000
0.1693100000
0.3386100000
0.6772300000
0.6455500000
0.7089100000
0.5821800000
0.8356400000
0.3287200000
0.6574500000
0.6851000000
0.6298000000
0.7404000000
0.5192000000
0.9616100000
0.0767870000
0.1535700000
0.3071500000
0.6143000000
0.7714000000
0.4572000000
0.9143900000
0.1712100000
0.3424200000
0.6848400000
0.6303200000
0.7393700000
0.5212600000
0.9574800000
0.0850420000
0.1700800000
0.3401700000
0.6803300000
0.6393300000
0.7213300000
0.5573400000
0.8853200000
0.2293500000
0.4587100000
0.9174200000
0.1651600000
0.3303200000
0.6606500000
