0.6017400000
-0.2399800000
-0.0893890000
-0.3510200000
0.0212570000
0.1791600000
0.0787940000
-0.1614200000
-0.2031600000
0.3194300000
-0.2537600000
0.1266000000
-0.5120100000
-0.0723560000
0.0279380000
-0.3705600000
-0.1559200000
-0.3614000000
-0.0996540000
0.3754000000
-0.1138400000
0.0167810000
-0.0263130000
-0.2325200000
-0.0258350000
-0.3480800000
-0.3116400000
-0.2659900000
0.0275580000
-0.1780400000
-0.3241500000
0.1936800000
0.0091117000
0.1525700000
0.5413900000
0.0578500000
0.0089317000
0.1633600000
0.3810500000
-0.0428670000
-0.0507520000
0.2510400000
-0.0224350000
0.3212100000
-0.0844610000
-0.1459900000
0.0418120000
-0.2556700000
-0.1167000000
-0.0284240000
-0.2995500000
0.1473300000
-0.0008687400
0.1781600000
-0.0643890000
0.1648000000
-0.1946900000
0.0518460000
-0.0866560000
0.1348600000
-0.1193700000
-0.1130900000
0.1697500000
-0.0505270000
0.2282300000
0.2282400000
-0.0787540000
-0.2521800000
-0.3574500000
-0.2978000000
0.0728040000
-0.7134400000
0.3599400000
-0.0181420000
0.2101700000
0.2033600000
-0.2589400000
0.2109500000
0.2608000000
-0.0073872000
0.0562960000
-0.1889700000
0.2199700000
0.1442500000
0.1693300000
-0.0758700000
-0.1267700000
0.0796630000
-0.1564900000
0.4708600000
0.0052020000
0.2321100000
0.0027602000
0.2455700000
0.1380600000
-0.0637230000
-0.2107400000
0.2048700000
-0.0526100000
0.0176210000
0.1066400000
-0.3515700000
0.2389400000
-0.0750580000
-0.0991540000
0.1084100000
-0.1263600000
-0.1522900000
-0.1981800000
0.0825400000
0.0711020000
0.3004300000
-0.3849300000
0.3468200000
0.3116900000
-0.0634480000
0.1280500000
-0.1199800000
0.4484700000
-0.0080826000
-0.0794710000
0.0930290000
-0.0891490000
0.0179650000
-0.2976200000
-0.1626500000
0.0470610000
0.0742730000
0.0634740000
-0.1835800000
0.0412800000
-0.0696830000
-0.2287100000
0.1906700000
-0.2044800000
-0.0116770000
-0.4922200000
-0.2027300000
-0.3509500000
0.1132100000
0.1230500000
-0.0511950000
0.1083100000
-0.1037700000
-0.0762640000
-0.0209060000
-0.3288800000
0.3614900000
-0.2392100000
0.3804800000
-0.0239980000
-0.0759930000
0.2296200000
0.1832000000
-0.1179400000
0.2694300000
-0.1117200000
0.0680160000
0.1492600000
-0.0829510000
0.1523600000
-0.3719800000
0.1802200000
-0.0337960000
-0.0040265000
0.1090500000
-0.2562100000
-0.1475500000
-0.1012100000
-0.1189500000
0.0194790000
-0.0883350000
0.1002900000
0.1657300000
0.5175300000
-0.1064200000
-0.1381000000
-0.0854190000
-0.0886330000
0.2737700000
-0.0830340000
0.2876300000
0.1549400000
0.0666140000
0.0373800000
0.2968600000
0.3685600000
-0.0427180000
-0.1000700000
0.1280500000
0.5016100000
0.0399450000
-0.1000300000
-0.2174100000
0.1375900000
0.1423700000
0.2184900000
-0.0122840000
0.1688400000
-0.1872700000
0.0996390000
-0.4178700000
0.2254100000
-0.0090728000
0.1379400000
0.1755900000
-0.0265900000
-0.4825100000
0.0572650000
0.1692100000
0.1168900000
0.5696700000
-0.1789600000
0.4543800000
0.1498800000
0.2022400000
0.6442000000
0.1826600000
0.2414900000
-0.1993700000
0.0490160000
0.1591400000
-0.2827200000
0.1601500000
-0.1587700000
0.0549320000
-0.1843000000
0.0850140000
0.2545800000
0.3058200000
0.0361720000
-0.0734690000
0.0666110000
0.1847400000
0.1165600000
0.0427430000
-0.1689000000
0.1791500000
-0.1636000000
0.4700500000
-0.2427400000
0.1399700000
0.0026639000
-0.3280100000
0.1386200000
0.0047686000
-0.0186930000
0.0610960000
-0.5108400000
0.0478210000
-0.0922830000
0.2084200000
-0.3578100000
0.0653650000
-0.1712200000
-0.1093900000
-0.0764240000
0.0885730000
0.0126270000
0.1526100000
0.3882300000
-0.0373230000
0.2365000000
0.0175970000
-0.1274100000
0.1685200000
-0.0949390000
-0.3798500000
0.1166800000
-0.1319500000
0.1498000000
-0.0564650000
0.1971500000
-0.3337200000
0.2786200000
0.1091400000
-0.4074700000
-0.1034200000
-0.3406900000
0.3078300000
0.0451830000
-0.1898600000
-0.1015500000
-0.2118900000
0.3814300000
0.2158100000
0.0953970000
0.0470210000
-0.0702280000
0.0166630000
0.1140700000
0.4555700000
-0.2264400000
-0.0716520000
0.2419500000
0.0640510000
0.2722700000
-0.0927460000
-0.0202210000
0.2381300000
-0.1983700000
-0.0971410000
0.4889100000
0.0454080000
-0.0475040000
0.3641000000
-0.2160200000
0.3214900000
0.0271770000
-0.2697100000
0.0998540000
-0.1293000000
0.1914300000
-0.2929100000
0.2153000000
-0.1618100000
-0.1453300000
-0.2001300000
-0.3004900000
-0.0319060000
-0.0590380000
0.0303140000
-0.1850300000
-0.0542280000
-0.3064400000
-0.0638820000
-0.3060800000
-0.0429750000
0.2630100000
-0.2841600000
-0.0671020000
0.2250800000
-0.0613410000
0.4033800000
0.3227400000
0.1386800000
0.0932540000
0.1102400000
0.3125700000
-0.0558350000
-0.0332170000
0.0750300000
-0.0699240000
-0.2568300000
-0.1973700000
0.0808510000
0.2274300000
-0.2043000000
-0.2949200000
0.1741500000
0.0698520000
0.0214210000
0.0237000000
0.0042802000
0.2492300000
0.3253700000
-0.0811240000
-0.0094613000
-0.1279200000
0.0436670000
0.1134900000
-0.1676100000
0.2246100000
0.3206900000
0.3842000000
0.1356600000
-0.2331000000
0.1483900000
0.1483000000
0.0831740000
-0.0380380000
0.1744300000
-0.0021697000
0.1210500000
-0.0135480000
0.0485050000
0.2471600000
0.1834000000
0.3117600000
0.0099527000
0.0533000000
0.1882300000
-0.1384200000
0.2635300000
-0.1408500000
0.2050400000
-0.5190300000
0.0556610000
-0.0988500000
-0.3082000000
0.0492940000
0.1146400000
-0.3924600000
0.3379000000
0.0335180000
0.2319500000
-0.2481500000
-0.0765440000
-0.0545000000
-0.1008600000
0.0953320000
-0.1282800000
0.0192470000
0.1724800000
-0.0589220000
0.1860000000
0.1551800000
-0.0420020000
-0.2307000000
-0.0045713000
0.0609020000
0.2520500000
-0.1205500000
-0.0217020000
0.0619740000
-0.3077400000
-0.2991400000
-0.0222470000
0.0600660000
0.1896000000
-0.3359000000
-0.0044586000
-0.3891200000
0.1835800000
-0.0886980000
-0.7629800000
0.0433830000
-0.2038100000
0.2060700000
-0.3502700000
-0.3917000000
-0.0905400000
-0.1723400000
0.1001900000
-0.1062500000
-0.2292300000
-0.3785800000
0.1484900000
-0.1290600000
0.0083255000
-0.1645800000
-0.0878000000
0.0345400000
-0.0809470000
0.0755920000
0.2529400000
0.0623490000
0.0391280000
0.1849200000
0.0374330000
0.1513700000
0.1288000000
0.1251300000
-0.1569800000
0.4129000000
0.2809800000
0.3070800000
0.5063900000
-0.1039300000
0.2979100000
0.2917800000
0.0346970000
0.3641500000
-0.0920320000
0.0203460000
-0.0368470000
0.0250130000
0.1233800000
0.0206450000
-0.0185620000
0.2748300000
0.1323000000
-0.0243970000
-0.0120260000
0.1972900000
-0.1103900000
0.1879000000
-0.0095531000
-0.0367950000
0.1253200000
-0.3601200000
-0.0385820000
0.1245600000
-0.1725700000
0.2748000000
-0.0947710000
-0.0274100000
0.0162760000
0.0819630000
-0.1754900000
-0.0767760000
-0.1964100000
-0.0162670000
0.2892000000
0.0243640000
0.0197880000
0.1485300000
0.1399800000
-0.1148000000
-0.0123980000
