-0.0113260000
-0.0090968000
-0.0006427400
-0.0581670000
-0.0100450000
-0.0050606000
-0.0557980000
-0.0576320000
-0.0089082000
-0.0010430000
-0.0450920000
0.0613950000
0.0612280000
-0.0113310000
-0.0108840000
0.0341350000
0.0833470000
-0.0199520000
-0.0375680000
-0.0205130000
-0.0251520000
0.0053394000
0.0621710000
0.0197450000
0.0045984000
0.0733150000
0.0235820000
0.0016106000
0.0395100000
0.0127460000
0.0221550000
-0.0677270000
-0.0454450000
0.0389630000
-0.0375700000
-0.0186900000
0.0709010000
-0.0383860000
0.0375270000
-0.0312310000
0.0243960000
-0.0226920000
0.0619260000
-0.0001280400
-0.0225980000
0.0702930000
0.0285240000
0.0062689000
0.0438310000
0.0759800000
0.0467430000
0.0167780000
0.0169360000
0.0254890000
0.0081985000
-0.0710010000
0.0103650000
-0.0518880000
0.0007829000
-0.0165180000
0.0278790000
-0.0044461000
-0.0211020000
0.0171560000
0.0179400000
-0.0248310000
-0.0060944000
0.0060420000
-0.0181300000
0.0300020000
-0.0068561000
0.0088211000
-0.0450670000
-0.0298960000
0.0162930000
0.0137110000
-0.0167830000
-0.0156180000
0.0553710000
-0.0213500000
-0.0239130000
0.0175270000
-0.0224010000
-0.0416670000
0.0421110000
0.0359750000
0.0484890000
-0.0018379000
0.0214340000
-0.0066742000
0.0420040000
0.0013991000
0.0700910000
0.0212580000
0.0337460000
0.0478860000
-0.0126100000
-0.0464850000
-0.0273890000
-0.0348230000
-0.0439900000
-0.0295690000
-0.0081641000
0.0214300000
0.0656810000
0.0267340000
0.0222730000
0.0142500000
0.0037972000
0.0280900000
0.0172400000
0.0586790000
-0.0498060000
0.0029001000
0.0593010000
0.0103320000
0.0334240000
-0.0056396000
0.0488470000
0.0038149000
0.0019020000
-0.0040505000
-0.0257920000
0.0478520000
0.0091201000
-0.0059017000
0.0017573000
0.0025291000
0.0295010000
-0.0781890000
0.0169000000
0.0081025000
0.0300300000
0.0587780000
-0.0226590000
0.0155020000
-0.0287920000
-0.0187210000
-0.0461070000
0.0061239000
0.0259880000
0.0142620000
0.0042559000
0.0017238000
-0.0167330000
-0.0317890000
0.0222120000
-0.0049087000
-0.0464780000
-0.0054921000
-0.0086399000
0.0460500000
-0.0009713100
-0.0100110000
0.0043026000
0.0582710000
-0.0212330000
-0.0176800000
-0.0143100000
0.0229680000
0.0319980000
-0.0479750000
-0.0052212000
-0.0083202000
-0.0135500000
-0.0256260000
0.0021789000
0.0253940000
0.0252130000
0.0154670000
-0.0314570000
0.0037424000
-0.0515050000
-0.0325370000
-0.0397770000
0.0104940000
0.0404590000
-0.0113290000
0.0277890000
0.0277560000
-0.0405060000
0.0037340000
-0.0109430000
0.0113150000
-0.0138050000
0.0334680000
0.0111890000
-0.0087077000
0.0049799000
0.0426260000
-0.0209260000
0.0140580000
0.0312050000
-0.0133480000
0.0127710000
0.0299490000
-0.0068066000
-0.0062859000
-0.0192680000
-0.0094661000
0.0115050000
0.0059900000
0.0245630000
0.0266060000
-0.0043050000
-0.0081464000
-0.0099494000
0.0138050000
-0.0016180000
0.0162230000
-0.0053998000
0.0146930000
0.0118940000
0.0080476000
-0.0019826000
0.0163320000
0.0081425000
-0.0023023000
-0.0134960000
0.0054264000
0.0187190000
0.0030262000
0.0187900000
-0.0075741000
0.0069574000
0.0153060000
-0.0282270000
0.0167920000
-0.0053992000
0.0145750000
-0.0178170000
-0.0108330000
0.0190930000
-0.0124310000
0.0185310000
0.0327740000
-0.0179860000
-0.0039644000
-0.0105330000
-0.0068594000
-0.0024633000
0.0175790000
0.0253240000
0.0183120000
0.0032536000
0.0012105000
0.0125960000
0.0263400000
0.0017967000
-0.0426310000
-0.0149310000
0.0238170000
-0.0223920000
0.0047355000
-0.0398570000
0.0179990000
0.0151100000
-0.0388810000
0.0357140000
0.0252480000
-0.0106750000
-0.0175240000
0.0188780000
0.0250690000
0.0213230000
-0.0493520000
-0.0006374300
0.0163880000
0.0219570000
0.0207800000
-0.0042423000
-0.0168850000
-0.0393850000
0.0105770000
-0.0109380000
0.0004442500
-0.0048976000
-0.0229120000
0.0303040000
0.0189800000
0.0032550000
-0.0383130000
0.0113870000
-0.0202620000
0.0221250000
0.0004442000
0.0488320000
-0.0067633000
-0.0065147000
-0.0250620000
0.0244730000
-0.0167570000
0.0017156000
0.0187870000
-0.0095784000
0.0044116000
-0.0703800000
0.0208890000
0.0042776000
-0.0297850000
-0.0355740000
0.0375680000
-0.0585320000
-0.0093193000
0.0009265800
0.0173230000
0.0024547000
0.0238660000
0.0402300000
0.0029197000
0.0037293000
-0.0071034000
-0.0063250000
0.0034524000
-0.0151530000
-0.0201840000
-0.0168720000
0.0048199000
-0.0065018000
0.0333450000
0.0107290000
0.0397280000
0.0108050000
0.0205970000
-0.0020380000
-0.0224770000
-0.0021987000
-0.0351690000
0.0358020000
0.0023619000
-0.0191370000
-0.0079447000
-0.0307670000
0.0017714000
0.0401790000
-0.0172330000
-0.0421040000
0.0280830000
-0.0562470000
0.0640670000
0.0226810000
0.0313020000
-0.0047148000
-0.0092501000
-0.0199910000
0.0079666000
0.0268000000
0.0166080000
0.0056955000
0.0154650000
0.0179410000
0.0240050000
-0.0351290000
-0.0130270000
0.0114500000
-0.0110310000
-0.0046938000
0.0121480000
-0.0130950000
0.0088531000
0.0169360000
0.0240400000
0.0098631000
0.0045006000
0.0112610000
0.0093489000
0.0191040000
-0.0020413000
-0.0280230000
0.0170090000
0.0262000000
-0.0010537000
-0.0134200000
-0.0228390000
0.0060065000
0.0119530000
-0.0167700000
-0.0188100000
0.0028639000
0.0178130000
-0.0107620000
0.0221280000
-0.0421820000
-0.0247560000
0.0556200000
0.0330610000
0.0079345000
0.0041058000
-0.0313440000
0.0271450000
0.0424190000
0.0057542000
0.0184590000
-0.0104060000
-0.0039855000
-0.0137290000
-0.0139880000
-0.0143020000
0.0284910000
-0.0159380000
0.0190860000
-0.0432340000
-0.0054153000
0.0141760000
-0.0224250000
0.0194440000
-0.0009957000
0.0040000000
0.0243680000
0.0179440000
-0.0455010000
-0.0296970000
0.0039744000
0.0097147000
-0.0018129000
0.0191620000
-0.0293940000
0.0049634000
-0.0032270000
0.0473670000
0.0099014000
0.0213830000
0.0189540000
0.0057389000
-0.0275970000
0.0060187000
0.0181430000
0.0047844000
-0.0157260000
0.0000217430
0.0039710000
0.0102130000
0.0097487000
-0.0030403000
0.0050337000
-0.0144680000
-0.0115660000
0.0158990000
0.0129070000
-0.0128860000
-0.0004709400
-0.0008782500
0.0014134000
0.0114260000
0.0239770000
0.0110310000
-0.0000612890
0.0179790000
-0.0158370000
-0.0132370000
-0.0055518000
0.0022617000
-0.0101660000
-0.0030616000
0.0288770000
0.0327180000
0.0168600000
0.0135390000
-0.0309120000
-0.0035429000
0.0054181000
0.0116460000
0.0142440000
-0.0093444000
0.0006980500
-0.0026397000
0.0080138000
0.0045013000
0.0239330000
0.0006369300
-0.0005245000
0.0034977000
-0.0168710000
0.0142730000
0.0163030000
-0.0080253000
-0.0108270000
-0.0150140000
0.0007617900
0.0000571110
0.0069243000
0.0066137000
-0.0004320400
0.0086615000
-0.0045365000
-0.0058362000
0.0065469000
0.0186170000
0.0189610000
-0.0042228000
0.0004700900
0.0139120000
0.0074414000
-0.0133060000
-0.0036287000
0.0042023000
-0.0006632900
-0.0102920000
-0.0050132000
-0.0113540000
0.0202190000
0.0010643000
0.0044613000
0.0041198000
-0.0035815000
-0.0194370000
-0.0168230000
-0.0116940000
-0.0137770000
-0.0252370000
0.0346190000
0.0145810000
0.0110240000
-0.0042284000
-0.0070190000
-0.0287330000
-0.0160840000
0.0131070000
0.0055434000
0.0125080000
0.0111580000
0.0437680000
0.0064520000
-0.0025081000
0.0055592000
0.0049823000
0.0103790000
-0.0051586000
-0.0032838000
-0.0031358000
-0.0150760000
0.0164860000
0.0047636000
-0.0087006000
0.0152030000
-0.0132940000
-0.0082972000
-0.0079000000
-0.0227220000
-0.0157450000
0.0088186000
0.0058974000
0.0063195000
0.0062616000
-0.0031259000
-0.0212290000
0.0030075000
-0.0049244000
-0.0057541000
0.0062197000
0.0075682000
0.0076764000
-0.0020009000
0.0023859000
0.0054296000
0.0051645000
-0.0001088300
0.0242290000
0.0083575000
0.0114520000
-0.0009030400
-0.0035506000
-0.0002266900
-0.0097263000
-0.0139740000
-0.0047616000
-0.0050007000
-0.0047178000
0.0045194000
0.0049120000
-0.0088880000
-0.0126470000
-0.0145200000
0.0065839000
-0.0118080000
-0.0047060000
0.0026088000
0.0024151000
-0.0087330000
-0.0111150000
0.0021530000
-0.0003616900
-0.0005523000
0.0002857100
0.0160210000
-0.0020825000
0.0121150000
0.0173460000
-0.0064581000
-0.0134520000
0.0039916000
-0.0073270000
-0.0081523000
0.0005267500
-0.0071725000
-0.0022568000
-0.0013869000
-0.0034662000
-0.0129030000
-0.0067481000
0.0003890600
0.0033591000
-0.0074322000
-0.0112730000
0.0028990000
-0.0005515500
-0.0025845000
-0.0041373000
0.0019223000
-0.0060768000
-0.0095267000
0.0057749000
-0.0086144000
0.0148530000
-0.0029052000
-0.0019348000
-0.0111030000
0.0040297000
-0.0052619000
-0.0103220000
-0.0116060000
-0.0020269000
0.0082269000
-0.0116700000
-0.0011017000
-0.0100540000
-0.0114090000
-0.0064808000
-0.0004920400
0.0080135000
-0.0008494600
-0.0046423000
0.0009173800
0.0000426480
-0.0132010000
-0.0026396000
-0.0065641000
-0.0043709000
-0.0043461000
0.0026582000
0.0090419000
0.0096071000
0.0120720000
-0.0044993000
-0.0165280000
0.0034271000
-0.0013001000
-0.0050646000
-0.0045430000
-0.0043878000
0.0132800000
-0.0030205000
0.0047547000
0.0016231000
-0.0016448000
0.0043226000
-0.0012516000
-0.0083701000
-0.0094294000
0.0084490000
0.0003051000
-0.0078094000
0.0085935000
-0.0156460000
0.0298490000
-0.0143560000
0.0087806000
0.0109270000
-0.0100210000
-0.0103400000
-0.0009810400
-0.0048978000
-0.0333850000
0.0061454000
0.0010131000
-0.0214470000
0.0023192000
-0.0017446000
0.0086474000
0.0183270000
-0.0024183000
0.0028655000
0.0077049000
0.0051553000
-0.0134190000
0.0152270000
-0.0273560000
-0.0150090000
-0.0172470000
-0.0152670000
-0.0065026000
0.0028397000
0.0020947000
0.0050048000
-0.0059326000
0.0068549000
0.0022195000
-0.0058191000
-0.0369480000
0.0191400000
-0.0013049000
-0.0139280000
0.0306660000
-0.0074950000
0.0278790000
-0.0006059900
-0.0059629000
0.0034418000
-0.0044273000
0.0355390000
-0.0437660000
-0.0190460000
0.0165340000
-0.0556240000
0.0456310000
-0.0068063000
0.0046227000
0.0391930000
0.0037119000
0.0217610000
0.0224430000
0.0123630000
0.0053354000
-0.0034018000
-0.0077131000
-0.0147630000
-0.0167660000
0.0015564000
-0.0016241000
0.0068617000
0.0076608000
0.0079558000
0.0018745000
0.0041992000
-0.0016908000
0.0014713000
-0.0010539000
-0.0165010000
-0.0158470000
0.0099564000
0.0254630000
0.0047629000
-0.0022694000
0.0020732000
-0.0028162000
0.0002841600
0.0017033000
0.0041369000
-0.0048790000
-0.0056712000
0.0086798000
0.0133850000
-0.0027101000
0.0287660000
-0.0855270000
0.0037542000
0.0119650000
-0.0047461000
-0.0100610000
-0.0071541000
-0.0077372000
-0.0028242000
-0.0042280000
0.0009540300
0.0206020000
0.0225060000
-0.0117190000
0.0047669000
-0.0018411000
-0.0192410000
0.0093720000
-0.0183240000
-0.0019900000
-0.0032015000
-0.0037247000
-0.0031302000
-0.0047607000
-0.0008701700
0.0047649000
0.0011234000
-0.0114560000
-0.0008994700
-0.0077022000
-0.0151490000
-0.0015761000
0.0111010000
-0.0055350000
0.0095586000
-0.0022493000
-0.0201080000
-0.0126930000
0.0049388000
-0.0068963000
0.0001240100
-0.0235380000
-0.0021097000
0.0093201000
-0.0102360000
-0.0240750000
0.0046070000
0.0065486000
-0.0062370000
-0.0006752000
0.0022835000
-0.0047284000
-0.0032083000
0.0254080000
0.0016287000
0.0121320000
-0.0116490000
-0.0030291000
-0.0013776000
-0.0097739000
-0.0008768800
-0.0057704000
-0.0036919000
0.0039254000
0.0015037000
-0.0025680000
-0.0044251000
-0.0184300000
-0.0182350000
-0.0047471000
0.0054505000
-0.0035218000
0.0099912000
-0.0009408500
-0.0018305000
0.0035771000
-0.0053569000
-0.0072056000
0.0182110000
0.0030387000
-0.0015449000
-0.0137690000
0.0160590000
-0.0077425000
-0.0020659000
0.0098083000
-0.0110710000
-0.0042578000
-0.0187820000
0.0004676900
0.0023626000
-0.0185280000
-0.0032759000
0.0072931000
0.0025303000
-0.0082821000
-0.0078996000
-0.0204150000
-0.0083307000
-0.0194160000
-0.0177490000
-0.0009349900
0.0100280000
0.0023871000
-0.0013719000
-0.0179470000
0.0053333000
-0.0019058000
0.0156230000
0.0036006000
0.0026401000
0.0092300000
0.0243000000
0.0019176000
-0.0031216000
0.0022348000
0.0014013000
0.0147800000
0.0087474000
-0.0019279000
-0.0049908000
-0.0093757000
0.0040491000
-0.0154920000
0.0018924000
-0.0041910000
-0.0100320000
0.0022927000
0.0126170000
0.0019732000
-0.0032622000
0.0004584900
0.0008018600
-0.0047920000
0.0102450000
0.0013657000
-0.0042168000
0.0069992000
-0.0132140000
0.0062150000
-0.0005426300
-0.0145610000
-0.0038626000
-0.0048713000
-0.0073370000
-0.0056420000
0.0049053000
0.0000589540
-0.0010322000
-0.0089211000
0.0001786100
0.0062904000
-0.0009469700
0.0026020000
-0.0008567300
0.0123370000
-0.0164830000
0.0038212000
-0.0011537000
0.0044005000
-0.0019173000
0.0042721000
-0.0016477000
-0.0098546000
0.0041549000
0.0076708000
-0.0065460000
-0.0000887530
0.0001775000
-0.0077505000
0.0000000000
-0.0020889000
0.0058974000
0.0026988000
0.0054053000
0.0129360000
-0.0010183000
-0.0031487000
-0.0085042000
-0.0132520000
0.0210250000
-0.0171530000
0.0010399000
0.0005047100
-0.0058644000
-0.0002388800
0.0039639000
-0.0002379900
0.0106540000
0.0040247000
0.0018746000
-0.0016108000
0.0015815000
0.0065629000
-0.0183080000
-0.0016892000
0.0123800000
0.0017562000
-0.0103180000
0.0004135800
0.0035674000
0.0030854000
-0.0041160000
-0.0015331000
-0.0029253000
-0.0048054000
-0.0030674000
0.0039887000
-0.0003862700
-0.0110570000
-0.0060884000
-0.0034828000
-0.0136230000
-0.0052728000
-0.0009898200
-0.0030995000
-0.0018643000
-0.0038016000
-0.0091895000
-0.0147600000
0.0128360000
0.0001893900
-0.0041433000
0.0001267700
0.0025636000
-0.0061827000
-0.0145120000
0.0074907000
0.0140890000
0.0010416000
-0.0090318000
-0.0041150000
-0.0002237800
0.0052298000
-0.0098765000
0.0137490000
0.0089576000
0.0084734000
-0.0034307000
0.0006870900
0.0009985600
-0.0034368000
-0.0047999000
-0.0056450000
0.0014221000
-0.0021498000
-0.0023765000
-0.0028592000
-0.0026122000
0.0043287000
-0.0009850500
-0.0010178000
-0.0009870300
0.0116230000
0.0082158000
-0.0052290000
-0.0054458000
0.0160320000
0.0243950000
-0.0064168000
0.0027421000
0.0019150000
0.0062966000
0.0077854000
0.0084084000
-0.0073909000
-0.0069036000
-0.0092593000
0.0071185000
0.0003018000
-0.0087284000
0.0044949000
0.0088997000
-0.0030984000
0.0044490000
0.0309210000
-0.0085278000
0.0021681000
0.0083643000
-0.0032558000
-0.0067488000
-0.0050843000
-0.0002357400
-0.0016812000
-0.0072290000
-0.0065032000
-0.0018873000
0.0005995200
-0.0049267000
-0.0093795000
0.0110040000
0.0093667000
0.0004169100
-0.0016985000
-0.0067631000
0.0071209000
0.0050555000
-0.0083104000
0.0056372000
-0.0003569700
-0.0034573000
-0.0153130000
0.0027248000
-0.0080444000
0.0030432000
-0.0055456000
-0.0107520000
-0.0011125000
0.0108860000
0.0225600000
0.0023595000
0.0023837000
0.0017247000
-0.0191970000
0.0008779000
0.0008468900
0.0008763800
-0.0094997000
-0.0069772000
0.0006139900
-0.0108310000
-0.0089125000
0.0006258400
-0.0104400000
0.0003792500
-0.0157970000
0.0023727000
-0.0018913000
-0.0139910000
-0.0014001000
-0.0022835000
0.0036836000
0.0003253300
-0.0085588000
-0.0044059000
-0.0053526000
-0.0067479000
-0.0148180000
0.0065457000
-0.0142250000
0.0051717000
-0.0042170000
-0.0002045000
0.0029272000
-0.0052819000
-0.0003417300
-0.0050713000
-0.0036480000
0.0048496000
0.0042456000
-0.0011965000
-0.0004447900
-0.0115650000
-0.0052413000
-0.0026485000
-0.0076712000
0.0003515700
-0.0001406100
-0.0026754000
-0.0131280000
-0.0049409000
0.0040476000
-0.0021472000
-0.0023672000
0.0028686000
-0.0082335000
-0.0030734000
0.0030734000
0.0090567000
0.0107470000
-0.0110330000
-0.0038725000
0.0110750000
-0.0049152000
0.0088513000
0.0133940000
-0.0067272000
0.0123340000
-0.0026077000
-0.0040817000
0.0087361000
-0.0053161000
0.0128770000
-0.0005160200
-0.0006195800
-0.0001033000
-0.0005166600
0.0088155000
-0.0033866000
-0.0024702000
0.0115440000
-0.0246830000
-0.0113760000
0.0021100000
0.0068618000
0.0007672700
-0.0043323000
-0.0115510000
-0.0098600000
-0.0007514900
-0.0030834000
-0.0030930000
0.0046717000
-0.0059332000
-0.0100400000
-0.0072026000
-0.0073657000
0.0040947000
-0.0065373000
-0.0014462000
0.0053663000
0.0049705000
0.0006975700
0.0100060000
-0.0122100000
0.0142430000
0.0061817000
-0.0030318000
-0.0026061000
-0.0100530000
-0.0008057100
-0.0018336000
-0.0038984000
0.0101190000
-0.0076898000
-0.0027239000
0.0015469000
0.0079544000
0.0123010000
-0.0005411200
0.0009377500
0.0029518000
0.0000000000
0.0000000000
-0.0021230000
-0.0150610000
-0.0109570000
-0.0006656800
-0.0056390000
-0.0001860400
-0.0016386000
-0.0033975000
0.0042916000
-0.0050399000
-0.0067596000
0.0004897300
-0.0009796900
0.0041008000
0.0003378400
0.0025115000
-0.0055562000
-0.0031295000
-0.0018900000
0.0037011000
-0.0050641000
0.0071728000
-0.0044109000
-0.0000377840
0.0007931600
0.0036179000
-0.0052426000
-0.0088501000
-0.0001526200
0.0000381570
0.0017917000
-0.0040455000
-0.0040235000
-0.0109650000
-0.0079508000
-0.0143460000
-0.0030612000
-0.0008763500
0.0040566000
-0.0135460000
-0.0091340000
0.0153510000
0.0046272000
-0.0085532000
0.0098657000
-0.0185740000
0.0272010000
0.0115960000
0.0098832000
-0.0008488300
-0.0104770000
0.0022987000
0.0023323000
0.0041071000
0.0060908000
-0.0111300000
-0.0010498000
0.0048124000
0.0005805700
0.0078241000
-0.0101480000
-0.0075525000
0.0002735100
0.0040158000
0.0319740000
0.0025594000
-0.0028609000
-0.0028691000
-0.0028774000
-0.0015177000
-0.0031948000
-0.0021737000
0.0005343300
-0.0080066000
-0.0045490000
-0.0074462000
-0.0088365000
0.0017265000
-0.0149300000
0.0013124000
0.0111840000
0.0068540000
-0.0081124000
-0.0066724000
0.0193800000
-0.0077226000
0.0189650000
-0.0140050000
0.0075686000
-0.0013543000
0.0050979000
-0.0021596000
-0.0013908000
0.0018153000
0.0046584000
-0.0034243000
-0.0135810000
0.0051049000
-0.0145260000
0.0017338000
-0.0044587000
-0.0026134000
0.0032065000
-0.0001976300
-0.0097321000
-0.0002794600
-0.0070119000
-0.0112000000
-0.0075509000
-0.0027488000
-0.0026328000
-0.0018141000
-0.0095365000
-0.0047189000
-0.0036904000
-0.0061528000
-0.0079790000
-0.0011512000
0.0070567000
-0.0006779900
0.0061276000
0.0079729000
0.0094429000
0.0033480000
-0.0026858000
-0.0015735000
0.0020285000
-0.0040612000
0.0054663000
-0.0108790000
0.0126530000
0.0053450000
-0.0064174000
-0.0087876000
-0.0036705000
-0.0037260000
0.0007127700
-0.0029382000
0.0016381000
0.0016354000
-0.0049563000
0.0002947100
0.0010098000
0.0010087000
0.0010077000
-0.0077520000
-0.0013120000
-0.0050098000
-0.0047784000
0.0137190000
-0.0036767000
-0.0022465000
0.0030929000
-0.0163780000
-0.0016785000
0.0014204000
-0.0039218000
0.0128290000
-0.0026466000
0.0110940000
-0.0155070000
-0.0192460000
-0.0076447000
0.0007935500
0.0059316000
0.0140080000
-0.0158930000
-0.0040902000
0.0211060000
-0.0211500000
-0.0111680000
-0.0057209000
-0.0067461000
-0.0002707900
-0.0111210000
0.0027349000
0.0047681000
-0.0125820000
0.0069034000
-0.0046122000
-0.0061061000
-0.0060973000
-0.0025051000
-0.0097084000
0.0059855000
0.0007456800
0.0117640000
-0.0067449000
0.0106510000
0.0175030000
-0.0047433000
0.0008599800
0.0097698000
-0.0035907000
-0.0078998000
-0.0044968000
-0.0097901000
-0.0050236000
-0.0084447000
-0.0047641000
0.0000000000
-0.0059637000
-0.0081340000
-0.0018536000
-0.0083599000
0.0069317000
-0.0038663000
0.0050090000
0.0002854700
0.0106470000
0.0049299000
0.0042064000
0.0013982000
-0.0014449000
0.0044676000
-0.0013010000
-0.0051742000
0.0004672500
-0.0038379000
0.0019208000
0.0027576000
0.0046566000
-0.0026982000
0.0072869000
-0.0038457000
-0.0083445000
-0.0172340000
-0.0023364000
0.0119110000
-0.0036389000
-0.0019904000
-0.0010442000
-0.0009977400
-0.0045738000
-0.0012424000
-0.0070533000
-0.0010117000
-0.0085193000
-0.0027747000
-0.0096496000
-0.0012313000
-0.0063775000
-0.0038760000
0.0021883000
0.0093456000
0.0039297000
0.0042072000
-0.0017590000
-0.0007827800
0.0002936100
0.0021017000
-0.0089753000
-0.0022688000
-0.0032147000
-0.0028276000
-0.0037826000
0.0020922000
-0.0129210000
0.0060308000
0.0085315000
-0.0000993640
-0.0066800000
-0.0052657000
0.0016579000
-0.0027144000
-0.0009064400
-0.0072812000
0.0091436000
-0.0065587000
-0.0054308000
0.0013223000
0.0021324000
0.0081324000
0.0166630000
0.0092584000
0.0031812000
0.0096286000
-0.0010653000
0.0013556000
0.0028987000
-0.0055147000
-0.0016506000
0.0018932000
-0.0105800000
-0.0043224000
0.0116470000
0.0017986000
-0.0515750000
-0.0023551000
-0.0041606000
0.0051852000
-0.0057001000
-0.0052149000
-0.0021766000
-0.0130020000
0.0007355600
0.0008399800
0.0008392800
-0.0027302000
0.0006832600
-0.0078593000
0.0184690000
-0.0345360000
-0.0046927000
0.0004864700
-0.0216320000
-0.0117200000
-0.0267260000
0.0010897000
-0.0060371000
-0.0137620000
0.0000000000
0.0000000000
0.0073982000
-0.0073982000
0.0002923000
-0.0078634000
0.0125870000
-0.0068885000
-0.0132680000
-0.0045217000
-0.0020892000
-0.0020936000
-0.0020980000
0.0032949000
-0.0062997000
-0.0028931000
-0.0010871000
0.0007248600
0.0055398000
0.0029980000
-0.0181850000
0.0008531900
0.0023121000
0.0061800000
0.0115300000
0.0087389000
-0.0071877000
0.0046393000
-0.0069073000
0.0041739000
0.0226500000
-0.0176050000
-0.0162340000
-0.0122900000
0.0062548000
-0.0137140000
0.0087988000
0.0020055000
0.0555010000
0.0017216000
0.0046335000
0.0194420000
-0.0069648000
0.0121570000
0.0189740000
-0.0203670000
-0.0121170000
0.0003385800
0.0057945000
0.0143690000
0.0011605000
-0.0043173000
0.0024377000
-0.0012735000
-0.0100230000
-0.0106330000
-0.0019249000
0.0018118000
0.0133730000
-0.0060464000
-0.0058572000
-0.0056645000
0.0079213000
-0.0038962000
0.0032197000
-0.0216630000
0.0092357000
-0.0166400000
0.0091314000
0.0077366000
0.0270890000
-0.0040085000
0.0130240000
0.0106260000
0.0102440000
0.0007546800
0.0133280000
-0.0009043300
0.0024982000
-0.0090658000
0.0050230000
-0.0035776000
-0.0028928000
0.0059373000
0.0095009000
0.0082595000
-0.0005764700
-0.0085815000
-0.0007934200
-0.0007410900
-0.0210310000
0.0166790000
-0.0021297000
-0.0021342000
-0.0021388000
0.0002676000
0.0015507000
0.0005341600
0.0051135000
0.0055631000
-0.0055631000
0.0060913000
0.0001584100
-0.0072065000
0.0029737000
-0.0029737000
-0.0003191300
0.0031867000
0.0028594000
0.0026403000
0.0084025000
-0.0051382000
-0.0104620000
-0.0146070000
0.0186360000
0.0084815000
-0.0012598000
-0.0302880000
-0.0112150000
0.0092644000
0.0089105000
0.0099503000
-0.0064082000
0.0173140000
0.0039937000
-0.0001573400
0.0095010000
-0.0013518000
0.0111240000
-0.0021633000
-0.0064662000
0.0080633000
0.0002573700
-0.0066614000
0.0146580000
0.0045338000
0.0030956000
-0.0101850000
-0.0175050000
0.0031725000
-0.0054150000
0.0111620000
-0.0145620000
0.0107340000
-0.0242880000
0.0035515000
-0.0316620000
0.0091335000
0.0002705600
-0.0029259000
0.0067599000
0.0019922000
0.0079293000
-0.0265510000
0.0009859200
0.0252450000
-0.0036901000
-0.0204610000
-0.0059787000
0.0117040000
0.0199720000
-0.0187770000
0.0060103000
0.0353220000
0.0112450000
-0.0009279300
0.0127610000
0.0173150000
-0.0055708000
-0.0083386000
-0.0004060700
-0.0004570300
0.0084466000
-0.0012599000
0.0128270000
0.0029827000
-0.0045771000
0.0091334000
0.0324740000
-0.0047467000
0.0012968000
0.0012951000
-0.0029765000
-0.0084495000
0.0082571000
-0.0167790000
0.0086669000
-0.0039346000
-0.0042923000
0.0029773000
-0.0006337600
-0.0042027000
-0.0171890000
0.0058616000
-0.0091052000
0.0112820000
0.0041921000
0.0304870000
-0.0190850000
-0.0016557000
-0.0126540000
0.0031048000
-0.0053778000
0.0170690000
0.0048032000
0.0135090000
0.0145060000
-0.0182860000
-0.0249950000
0.0108510000
0.0329470000
0.0110400000
0.0146860000
0.0226630000
0.0167110000
0.0046610000
-0.0206100000
-0.0125730000
0.0067794000
0.0015303000
-0.0072219000
-0.0099703000
0.0029696000
0.0082230000
0.0029817000
0.0101880000
0.0008926600
0.0202270000
0.0046671000
0.0134860000
-0.0142260000
0.0302400000
0.0075345000
0.0094325000
-0.0016630000
0.0009149900
0.0016200000
0.0105280000
0.0023382000
0.0014740000
0.0015126000
0.0014696000
0.0093787000
-0.0020226000
0.0087886000
0.0022853000
-0.0069521000
-0.0020991000
-0.0082372000
0.0107400000
0.0007253100
0.0030566000
-0.0184820000
-0.0065666000
0.0046011000
0.0000000000
0.0027424000
-0.0009814700
-0.0110670000
0.0061864000
-0.0038310000
-0.0038458000
-0.0080703000
-0.0067052000
0.0011767000
0.0001259900
-0.0014709000
0.0072493000
-0.0007100300
-0.0080965000
-0.0068046000
-0.0045481000
0.0005536700
-0.0054222000
-0.0004281900
-0.0054110000
-0.0144430000
-0.0069265000
-0.0031724000
-0.0038468000
0.0070191000
-0.0084821000
-0.0032885000
-0.0023173000
-0.0050991000
-0.0018852000
-0.0018887000
-0.0018923000
-0.0018959000
0.0011289000
-0.0022139000
0.0003617900
0.0011749000
0.0011736000
0.0049947000
-0.0000897750
-0.0038229000
-0.0007212400
0.0058002000
-0.0064318000
-0.0023491000
0.0024394000
-0.0097022000
0.0037288000
0.0039410000
-0.0159500000
0.0067300000
0.0015957000
-0.0060315000
-0.0024780000
-0.0040514000
0.0022579000
-0.0013818000
0.0019340000
0.0108890000
0.0020456000
0.0010893000
0.0037128000
-0.0045296000
-0.0202240000
-0.0097294000
-0.0076071000
-0.0054354000
-0.0130710000
0.0011517000
-0.0011037000
-0.0040414000
-0.0046872000
0.0048319000
0.0032724000
-0.0031760000
0.0062461000
0.0056836000
-0.0057315000
-0.0101580000
-0.0107510000
-0.0151790000
-0.0103830000
-0.0051817000
-0.0032839000
-0.0000506060
-0.0045651000
0.0046663000
-0.0021783000
0.0114960000
0.0060976000
-0.0117280000
-0.0048010000
0.0051539000
-0.0052552000
-0.0053339000
-0.0031119000
-0.0048143000
-0.0006676400
-0.0006166800
-0.0006685000
-0.0072277000
0.0028974000
-0.0021205000
-0.0033190000
0.0050777000
0.0043319000
0.0113590000
0.0067945000
0.0070497000
0.0044559000
0.0117700000
-0.0102720000
0.0003491000
0.0024403000
0.0019380000
0.0020829000
-0.0048669000
0.0031314000
0.0066774000
0.0012809000
0.0058907000
-0.0036285000
-0.0001965100
0.0147780000
-0.0070445000
0.0075769000
0.0074719000
0.0039304000
-0.0121280000
0.0037215000
0.0071623000
0.0005746000
-0.0041253000
-0.0075752000
-0.0167520000
-0.0035030000
-0.0107330000
-0.0037037000
0.0074435000
0.0164380000
-0.0001958600
-0.0002448800
-0.0025012000
-0.0019169000
-0.0010829000
0.0051091000
0.0121270000
-0.0045123000
0.0007291600
0.0007286300
-0.0002428200
-0.0091240000
-0.0122300000
0.0018837000
0.0132830000
-0.0023976000
-0.0152530000
-0.0079905000
-0.0082065000
0.0099098000
-0.0067300000
-0.0067756000
-0.0149770000
-0.0071326000
-0.0270230000
0.0363160000
0.0316140000
0.0057096000
0.0194640000
0.0110090000
0.0125030000
-0.0093866000
0.0079154000
0.0333950000
-0.0011030000
0.0172780000
0.0076991000
-0.0018406000
0.0034539000
-0.0035438000
0.0032751000
0.0003582600
0.0031740000
-0.0028606000
-0.0029586000
-0.0029674000
-0.0022088000
-0.0003610800
0.0004964500
-0.0016708000
-0.0012663000
0.0050555000
-0.0007657100
-0.0032947000
-0.0008593200
-0.0021289000
0.0046143000
0.0085837000
-0.0033618000
-0.0020675000
-0.0012606000
-0.0025259000
-0.0029852000
0.0031658000
-0.0022150000
-0.0043085000
0.0009994100
0.0068779000
-0.0016699000
-0.0026685000
-0.0034025000
-0.0080762000
-0.0000916300
0.0010075000
0.0029707000
-0.0032911000
-0.0033020000
-0.0022534000
-0.0068373000
0.0038402000
0.0160790000
0.0019068000
-0.0014070000
0.0061129000
0.0032900000
-0.0048260000
-0.0006784100
-0.0018567000
0.0131490000
-0.0043038000
0.0026920000
0.0151190000
0.0064668000
-0.0017116000
-0.0014066000
0.0048269000
-0.0083521000
0.0023808000
0.0059274000
0.0034088000
-0.0004363800
0.0013521000
0.0007407200
-0.0015256000
-0.0077072000
-0.0035230000
-0.0041554000
0.0048610000
0.0012776000
0.0010121000
0.0010111000
0.0012295000
-0.0053242000
-0.0034029000
-0.0052375000
0.0031990000
-0.0017760000
-0.0020017000
-0.0064326000
0.0052296000
-0.0034834000
0.0041073000
0.0041793000
-0.0097192000
0.0006717900
0.0006265900
-0.0036307000
-0.0017528000
0.0138490000
-0.0003993700
0.0065032000
0.0040486000
0.0013605000
0.0004823200
0.0016644000
-0.0022344000
-0.0005264800
-0.0016690000
0.0009666100
-0.0010985000
-0.0010557000
-0.0011009000
-0.0021612000
-0.0009276600
-0.0041186000
-0.0036456000
-0.0211100000
0.0042669000
0.0004981300
0.0076221000
-0.0205170000
-0.0083355000
0.0069587000
-0.0005052900
-0.0090465000
0.0008342200
0.0089012000
0.0135000000
-0.0014053000
-0.0037268000
0.0072589000
-0.0024440000
0.0228030000
0.0085561000
0.0090059000
0.0048193000
-0.0002599100
-0.0076106000
-0.0044627000
-0.0069966000
0.0058119000
0.0000000000
0.0085245000
-0.0053247000
-0.0064097000
0.0051398000
-0.0034676000
-0.0044950000
0.0003532800
-0.0020773000
-0.0009738400
-0.0014182000
0.0060135000
0.0032130000
-0.0013631000
0.0019342000
0.0005268700
0.0063881000
-0.0006544400
0.0003490900
-0.0020089000
0.0017471000
-0.0009168500
-0.0033252000
-0.0007891600
-0.0042635000
-0.0043260000
-0.0080393000
-0.0081045000
-0.0029265000
-0.0017600000
-0.0093484000
-0.0074135000
0.0050399000
-0.0021045000
0.0128320000
0.0002260400
0.0036548000
-0.0023899000
-0.0018075000
-0.0024453000
-0.0118120000
0.0059008000
-0.0049378000
-0.0028457000
-0.0029000000
0.0069824000
-0.0022456000
0.0000458790
0.0000458770
0.0000458750
-0.0072744000
0.0012930000
-0.0007848400
-0.0030529000
0.0020363000
0.0054406000
0.0000459800
-0.0030392000
0.0042799000
-0.0024829000
0.0036303000
0.0058541000
-0.0019628000
-0.0091342000
0.0011060000
-0.0108830000
0.0038109000
-0.0026010000
-0.0059239000
0.0032695000
-0.0039247000
-0.0071412000
0.0055951000
0.0017801000
0.0118640000
-0.0140660000
-0.0029124000
-0.0095957000
0.0052583000
-0.0032180000
-0.0073741000
0.0043835000
-0.0013797000
-0.0050592000
-0.0023474000
-0.0194200000
-0.0056888000
0.0002458800
0.0002949700
0.0032879000
0.0029353000
0.0246560000
-0.0077028000
0.0009601100
0.0004317500
-0.0018723000
0.0073250000
0.0238970000
-0.0077145000
-0.0028201000
0.0040865000
0.0073325000
0.0056610000
0.0083401000
0.0003670200
-0.0001376200
-0.0058894000
-0.0103440000
-0.0084282000
-0.0125870000
0.0105630000
0.0028230000
-0.0120530000
-0.0012372000
0.0004760100
-0.0058228000
-0.0043655000
0.0048440000
-0.0025870000
0.0110200000
0.0027479000
-0.0011361000
0.0007102400
0.0036380000
-0.0012269000
-0.0017013000
0.0013707000
0.0019347000
0.0010837000
0.0041355000
-0.0000938000
0.0021552000
-0.0028590000
-0.0007512400
-0.0007518100
-0.0058458000
-0.0003310200
-0.0037909000
0.0002848200
-0.0060938000
-0.0053627000
-0.0061159000
-0.0154310000
-0.0038829000
-0.0036015000
-0.0003954700
-0.0006924500
0.0006430100
-0.0030208000
0.0016848000
0.0042490000
0.0053105000
-0.0036849000
-0.0074107000
-0.0051705000
-0.0008477300
-0.0008983800
0.0014969000
-0.0045474000
-0.0045682000
0.0023620000
0.0047573000
0.0074657000
-0.0063173000
0.0001496900
0.0036356000
-0.0021897000
-0.0017952000
-0.0008488300
-0.0088305000
-0.0089092000
-0.0002034100
-0.0029031000
0.0013762000
-0.0101360000
0.0037491000
-0.0047272000
0.0057007000
0.0060756000
-0.0057172000
-0.0058016000
0.0064669000
0.0072383000
-0.0040715000
-0.0040881000
0.0002560000
-0.0059561000
0.0016980000
-0.0020071000
0.0056506000
0.0019446000
-0.0005113800
-0.0019969000
0.0140970000
-0.0218150000
-0.0308940000
0.0076946000
0.0051672000
0.0028883000
0.0028800000
-0.0026702000
-0.0032558000
0.0153460000
0.0033095000
0.0009804200
-0.0095873000
-0.0021894000
-0.0040265000
-0.0014682000
-0.0112930000
-0.0063354000
-0.0048719000
-0.0019877000
-0.0019917000
-0.0009703500
-0.0018895000
0.0000540350
-0.0073213000
-0.0022887000
-0.0023486000
-0.0085672000
-0.0061409000
-0.0109360000
-0.0028654000
-0.0028172000
-0.0028818000
-0.0027766000
-0.0050060000
0.0092528000
0.0013552000
0.0038859000
0.0007304400
-0.0104450000
0.0004539500
0.0079673000
-0.0177730000
0.0016028000
0.0058173000
0.0227140000
0.0055436000
0.0137800000
0.0006540900
-0.0065054000
-0.0071002000
-0.0458890000
-0.0139180000
-0.0022896000
0.0022310000
-0.0041724000
-0.0092292000
-0.0036918000
0.0125680000
0.0078045000
0.0064092000
0.0064261000
-0.0091595000
-0.0178040000
-0.0032659000
-0.0079420000
-0.0061339000
-0.0153180000
-0.0209200000
-0.0038854000
0.0003139000
-0.0016334000
0.0031387000
-0.0032016000
-0.0023292000
-0.0193450000
-0.0103990000
-0.0137280000
0.0064300000
0.0203280000
0.0043484000
0.0057897000
0.0159230000
0.0137040000
0.0197580000
0.0135540000
0.0130790000
0.0019384000
0.0097522000
0.0064875000
-0.0010976000
-0.0085329000
-0.0037964000
-0.0099386000
0.0060103000
0.0219060000
0.0198600000
0.0104810000
0.0025059000
0.0048824000
0.0148880000
-0.0001636000
0.0099309000
-0.0031368000
0.0079312000
0.0097864000
-0.0069422000
-0.0075306000
-0.0021079000
0.0080296000
