0.9235300000
0.8351600000
0.0132010000
0.0499680000
0.8251600000
0.4940300000
0.3152900000
0.2908500000
0.1619500000
0.6388000000
0.8632300000
0.3126000000
0.5418700000
0.5679300000
0.6977500000
0.4853800000
0.9529600000
0.2321300000
0.8837100000
0.5788400000
0.4391300000
0.0035051000
0.0149210000
0.9465100000
0.9697800000
0.4122400000
0.1777400000
0.6725400000
0.9460300000
0.2602500000
0.7779500000
0.2094500000
0.0476920000
0.9864000000
0.1057900000
0.6719300000
0.9814000000
0.2430900000
0.8657600000
0.5085900000
0.3267500000
0.2664900000
0.1342200000
0.7162700000
0.0938620000
0.0236520000
0.9852600000
0.1199300000
0.7274100000
0.1350900000
0.0272340000
0.0045827000
0.9974600000
0.1857000000
0.9823400000
0.9832700000
0.4347700000
0.2003500000
0.6122100000
0.7771200000
0.3939200000
0.2385700000
0.0987770000
0.8207200000
0.4472200000
0.2497100000
0.4602400000
0.4287400000
0.9657000000
0.2219600000
0.9307500000
0.7574300000
0.8041900000
0.4020600000
0.2318900000
0.0922720000
0.8391000000
0.5147200000
0.3436300000
0.2218400000
0.0912580000
0.8350900000
0.5014700000
0.3240200000
0.2700200000
0.1382300000
0.7049200000
0.0583800000
0.0253230000
0.9508500000
0.9791900000
0.4409500000
0.2083400000
0.5899200000
0.7191500000
0.4619700000
0.0222460000
0.0142910000
0.9636800000
0.0391100000
0.4405200000
0.4625500000
0.8751400000
0.2695200000
0.6937800000
0.9576400000
0.2571300000
0.7976100000
0.2731100000
0.0804250000
0.9142000000
0.7960800000
0.9113300000
0.3051600000
0.5996500000
0.7001400000
0.4924700000
0.9371600000
0.2394900000
0.8450800000
0.4400100000
0.2348800000
0.5026100000
0.5157200000
0.7871300000
0.3571600000
0.3522800000
0.2282000000
0.4644300000
0.4436500000
0.9317400000
0.2356400000
0.8548300000
0.4757300000
0.2809100000
0.3821500000
0.2889400000
0.2980700000
0.1750800000
0.5998100000
0.7579600000
0.4136900000
0.1717400000
0.0501900000
0.9471700000
0.9458700000
0.3335700000
0.1084100000
0.8583600000
0.5717500000
0.4344700000
0.0113760000
0.0136810000
0.9573700000
0.0141380000
0.3563800000
0.3212700000
0.1892800000
0.0691180000
0.8907300000
0.7160700000
0.7219300000
0.4993400000
0.9320400000
0.2427400000
0.8295600000
0.3858700000
0.1739300000
0.6664700000
0.9313400000
0.2678400000
0.7405900000
0.0921210000
0.0246960000
0.9799300000
0.0972110000
0.6438500000
0.9085500000
0.2787100000
0.6865700000
0.9332000000
0.2699600000
0.7345800000
0.0733250000
0.0254960000
0.9620100000
0.0237520000
0.3870400000
0.3696900000
0.0756540000
0.0151370000
0.0030038000
0.0005067200
0.9997300000
0.1984400000
0.0336750000
0.9827600000
0.1017800000
0.6592400000
0.9482000000
0.2570900000
0.7907100000
0.2512300000
0.0675770000
0.9447900000
0.9235100000
0.2638200000
0.0652830000
0.9632900000
0.9985600000
0.4986500000
0.2784600000
0.4046500000
0.3244800000
0.2093400000
0.0835980000
0.8532800000
0.5703400000
0.4335500000
0.0129080000
0.0134750000
0.9593600000
0.0222820000
0.3836200000
0.3642500000
0.0880870000
0.0180820000
0.0017597000
0.9929300000
0.1690200000
0.9172800000
0.7445100000
0.7784600000
0.4301400000
0.1388700000
0.0333590000
0.9844000000
0.1087700000
0.6848200000
0.0162910000
0.0323830000
0.8916700000
0.7454800000
0.7924100000
0.4129400000
0.1942600000
0.0637940000
0.9142400000
0.8081700000
0.9436900000
0.2837400000
0.6947900000
0.9531500000
0.2596800000
0.7852800000
0.2326600000
0.0579620000
0.9661300000
0.0155090000
0.3554000000
0.3193100000
0.1941900000
0.0728110000
0.8809800000
0.6775600000
0.6382300000
0.6222200000
0.6353600000
0.6054800000
0.6652200000
0.5486900000
0.7926700000
0.3596000000
0.3485100000
0.2227000000
0.4793600000
0.4740200000
0.8682100000
0.2763300000
0.6655900000
0.8781100000
0.3056800000
0.5747400000
0.6425300000
0.5748700000
0.7279900000
0.4451100000
0.0703870000
0.0147720000
0.0001771200
0.9889400000
0.1536600000
0.8581100000
0.5407300000
0.3806200000
0.1347100000
0.0338060000
0.9794000000
0.0879260000
0.6090800000
0.8215400000
0.3446400000
0.4126300000
0.3187900000
0.2303600000
0.1015800000
0.8044400000
0.3905800000
0.1836300000
0.6369300000
0.8478800000
0.3258200000
0.4890000000
0.4570700000
0.9124900000
0.2465200000
0.8014000000
0.2915800000
0.0927950000
0.8830200000
0.6712000000
0.6234900000
0.6464400000
0.5867600000
0.7060300000
0.4795800000
0.9714200000
0.2252800000
0.9229900000
0.7261200000
0.7317200000
0.4883200000
0.9636400000
0.2286500000
0.9046200000
0.6563000000
0.5832300000
0.7173200000
0.4623900000
0.0202070000
0.0144870000
0.9613300000
0.0294600000
0.4076800000
0.4044000000
0.9979000000
0.2133500000
0.9879700000
0.9847700000
0.4362500000
0.2017700000
0.6085000000
0.7672700000
0.4046900000
0.2022300000
0.0698720000
0.8980100000
0.7426200000
0.7825100000
0.4244400000
0.1567200000
0.0416650000
0.9672700000
0.0325570000
0.4147000000
0.4161800000
0.9723800000
0.2190500000
0.9467100000
0.8197800000
0.9588600000
0.2759000000
0.7328300000
0.0649880000
0.0263080000
0.9523800000
0.9845200000
0.4579300000
0.2278500000
0.5376400000
0.5917900000
0.6503300000
0.5681700000
0.7450900000
0.4206700000
0.1451200000
0.0364640000
0.9776500000
0.0787050000
0.5757400000
0.7423400000
0.4264400000
0.1279500000
0.0292300000
0.9913100000
0.1405500000
0.8039200000
0.3645400000
0.1559400000
0.7128500000
0.0719010000
0.0243680000
0.9651200000
0.0371690000
0.4326000000
0.4480500000
0.9049000000
0.2492100000
0.7862200000
0.2417600000
0.0626360000
0.9558000000
0.9706700000
0.4094200000
0.1745800000
0.6813200000
0.9719400000
0.2483900000
0.8395000000
0.4155300000
0.2057500000
0.5806700000
0.6983100000
0.4888200000
0.9449400000
0.2357000000
0.8646700000
0.5096500000
0.3286900000
0.2615500000
0.1289900000
0.7308300000
0.1403000000
0.0281290000
0.0053505000
0.9999700000
0.1955900000
0.0215550000
0.9346700000
0.9180900000
0.2527900000
0.0601260000
0.9739300000
0.0453180000
0.4558700000
0.4904500000
0.8198400000
0.3188200000
0.4923300000
0.4658000000
0.8936800000
0.2583200000
0.7460000000
0.1134000000
0.0252430000
0.9948100000
0.1582100000
0.8719500000
0.5866300000
0.4572000000
0.9629700000
0.2256000000
0.9152700000
0.6973700000
0.6685100000
0.5773200000
0.7345900000
0.4370500000
0.0952290000
0.0191680000
0.0033445000
0.9987100000
0.1919300000
0.0072393000
0.8788000000
0.7152700000
0.7251900000
0.4942600000
0.9458700000
0.2359800000
0.8643500000
0.5083700000
0.3267900000
0.2662600000
0.1339700000
0.7169400000
0.0959830000
0.0236910000
0.9868000000
0.1262500000
0.7509300000
0.2034000000
0.0463420000
0.9866800000
0.1080100000
0.6802700000
0.0037364000
0.0357630000
0.8695400000
0.6613400000
0.6074500000
0.6723600000
0.5379000000
0.8193700000
0.3300000000
0.4566800000
0.3966000000
0.0446350000
0.0113330000
0.9926500000
0.1602600000
0.8819200000
0.6209200000
0.5194200000
0.8353700000
0.3112700000
0.5270400000
0.5374700000
0.7526100000
0.4024000000
0.1998500000
0.0684660000
0.9013300000
0.7560600000
0.8142900000
0.3898900000
0.2729500000
0.1306200000
0.7335800000
0.1477000000
0.0295420000
0.0059006000
0.0011492000
0.0001059500
0.9995300000
0.1979200000
0.0316650000
0.9747800000
0.0707360000
0.5481300000
0.6798900000
0.5053200000
0.8965200000
0.2629800000
0.7318900000
0.0692640000
0.0257460000
0.9578600000
0.0068817000
0.3308400000
0.2832500000
0.2825600000
0.1585800000
0.6442800000
0.8793200000
0.3004000000
0.5929400000
0.6864700000
0.5107500000
0.8872600000
0.2698000000
0.7016100000
0.9792300000
0.2477500000
0.8473200000
0.4423300000
0.2373800000
0.4961700000
0.5018800000
0.8140300000
0.3268000000
0.4631800000
0.4091600000
0.0161030000
0.0118610000
0.9679600000
0.0583080000
0.5071300000
0.5924000000
0.6366900000
0.5915800000
0.6924000000
0.5013000000
0.9122700000
0.2531400000
0.7778900000
0.2133800000
0.0493600000
0.9832300000
0.0914930000
0.6198000000
0.8475700000
0.3222900000
0.5000200000
0.4794400000
0.8661000000
0.2788300000
0.6556400000
0.8508300000
0.3273000000
0.4863100000
0.4514900000
0.9243300000
0.2399600000
0.8337000000
0.4014300000
0.1904400000
0.6217300000
0.8056300000
0.3642900000
0.3427500000
0.2142300000
0.5025700000
0.5232000000
0.7712100000
0.3765900000
0.2848000000
0.1447300000
0.6932800000
0.0213410000
0.0317940000
0.8977700000
0.7687900000
0.8481500000
0.3564200000
0.3938900000
0.2869200000
0.3114500000
0.1913800000
0.5552300000
0.6455300000
0.5625200000
0.7545400000
0.4071900000
0.1876700000
0.0601020000
0.9227600000
0.8434500000
0.0369920000
0.0420880000
0.8720700000
0.6661900000
0.6169300000
0.6565400000
0.5671900000
0.7499000000
0.4143000000
0.1653000000
0.0466530000
0.9553300000
0.9808900000
0.4438100000
0.2114000000
0.5818000000
0.6985300000
0.4888800000
0.9449300000
0.2357100000
0.8646200000
0.5094500000
0.3284000000
0.2622600000
0.1297400000
0.7287300000
0.1335600000
0.0270080000
0.0042128000
0.9960900000
0.1802500000
0.9609100000
0.9029200000
0.1908800000
0.0383870000
0.0068300000
0.9979800000
0.1860600000
0.9834500000
0.9874300000
0.4480300000
0.2151400000
0.5723900000
0.6749300000
0.5213900000
0.8572800000
0.2934700000
0.6004000000
0.7069700000
0.4827200000
0.9642500000
0.2278500000
0.9080100000
0.6692000000
0.6093500000
0.6720600000
0.5390700000
0.8166700000
0.3328600000
0.4459300000
0.3770100000
0.0897950000
0.0183730000
0.0020176000
0.9937800000
0.1723500000
0.9302500000
0.7908800000
0.8898200000
0.3219900000
0.5297800000
0.5391100000
0.7504400000
0.4055300000
0.1898400000
0.0616170000
0.9188500000
0.8273500000
0.9938500000
0.2576800000
0.8228500000
0.3544400000
0.1429800000
0.7506100000
0.1927200000
0.0421730000
0.9939400000
0.1412500000
0.8047100000
0.3667200000
0.1580400000
0.7071900000
0.0542490000
0.0260530000
0.9448600000
0.9548500000
0.3641100000
0.1327700000
0.7939300000
0.3365200000
0.1304800000
0.7813700000
0.2971500000
0.0991220000
0.8642100000
0.5988100000
0.4826600000
0.9083400000
0.2525000000
0.7772100000
0.2116700000
0.0486550000
0.9845200000
0.0973410000
0.6410400000
0.9009100000
0.2835100000
0.6647400000
0.8723800000
0.3102700000
0.5557500000
0.5986200000
0.6451100000
0.5795400000
0.7197600000
0.4578100000
0.0331400000
0.0134540000
0.9754800000
0.0877280000
0.6111300000
0.8269100000
0.3398000000
0.4311200000
0.3499900000
0.1540700000
0.0449500000
0.9528500000
0.9723000000
0.4166500000
0.1820700000
0.6609500000
0.9122900000
0.2791700000
0.6876800000
0.9359900000
0.2684400000
0.7419300000
0.0957300000
0.0246910000
0.9828200000
0.1090600000
0.6871200000
0.0226810000
0.0308680000
0.9022300000
0.7862900000
0.8913500000
0.3196900000
0.5382700000
0.5576400000
0.7165600000
0.4553000000
0.0377760000
0.0132340000
0.9800000000
0.1064300000
0.6790400000
0.0011009000
0.0365130000
0.8647700000
0.6434500000
0.5714200000
0.7353900000
0.4342000000
0.1032200000
0.0211820000
0.0020897000
0.9918400000
0.1642100000
0.8985300000
0.6785300000
0.6333500000
0.6313900000
0.6168800000
0.6423600000
0.5912300000
0.6955000000
0.4965300000
0.9251100000
0.2457100000
0.8137400000
0.3319800000
0.1236700000
0.8022000000
0.3693300000
0.1611400000
0.6983600000
0.0271460000
0.0307540000
0.9061300000
0.8011700000
0.9288900000
0.2928200000
0.6533100000
0.8381000000
0.3388000000
0.4416400000
0.3679000000
0.1116100000
0.0252160000
0.9934900000
0.1527400000
0.8509400000
0.5162800000
0.3428200000
0.2251000000
0.0940260000
0.8275800000
0.4737600000
0.2847800000
0.3690700000
0.2686500000
0.3503000000
0.2459700000
0.4074400000
0.3381700000
0.1726800000
0.0566060000
0.9240200000
0.8508300000
0.0573470000
0.0369260000
0.9068600000
0.7994700000
0.9239800000
0.2961000000
0.6387700000
0.7995200000
0.3753800000
0.3060200000
0.1678800000
0.6296400000
0.8365100000
0.3348300000
0.4529900000
0.3886300000
0.0632370000
0.0130670000
0.0009343300
0.9934800000
0.1719400000
0.9288100000
0.7857300000
0.8770800000
0.3322900000
0.4881600000
0.4533100000
0.9209800000
0.2417800000
0.8246500000
0.3701800000
0.1583000000
0.7088200000
0.0588700000
0.0255170000
0.9505100000
0.9776900000
0.4361100000
0.2029700000
0.6043800000
0.7565900000
0.4167300000
0.1625800000
0.0450710000
0.9591100000
0.9971800000
0.4966300000
0.2759800000
0.4110000000
0.3354000000
0.1825000000
0.0631450000
0.9074700000
0.7829800000
0.8801500000
0.3288700000
0.5011300000
0.4792900000
0.8669700000
0.2781700000
0.6584800000
0.8585400000
0.3209300000
0.5118200000
0.5031200000
0.8188000000
0.3226100000
0.4796000000
0.4404900000
0.9472700000
0.2291200000
0.8903100000
0.6043800000
0.4843700000
0.9071600000
0.2534200000
0.7731100000
0.1984200000
0.0435200000
0.9933900000
0.1378900000
0.7918000000
0.3264500000
0.1218000000
0.8047200000
0.3788700000
0.1707500000
0.6722700000
0.9488400000
0.2586700000
0.7856200000
0.2343100000
0.0587780000
0.9643800000
0.0078533000
0.3299500000
0.2816500000
0.2867100000
0.1634900000
0.6306500000
0.8412200000
0.3305900000
0.4694400000
0.4192200000
0.9942000000
0.2149100000
0.9792100000
0.9488900000
0.3239300000
0.1007800000
0.8787700000
0.6502000000
0.5802400000
0.7206200000
0.4568500000
0.0360480000
0.0133310000
0.9782600000
0.0992040000
0.6526600000
0.9314500000
0.2655600000
0.7486000000
0.1171200000
0.0255500000
0.9966200000
0.1655000000
0.9000900000
0.6833700000
0.6434000000
0.6153100000
0.6501600000
0.5773100000
0.7264600000
0.4479400000
0.0621930000
0.0139400000
0.9967900000
0.1754300000
0.9405400000
0.8278000000
0.9839600000
0.2627500000
0.7974300000
0.2692000000
0.0779120000
0.9204500000
0.8216700000
0.9773400000
0.2654000000
0.7831200000
0.2225500000
0.0532000000
0.9760300000
0.0591520000
0.5046400000
0.5866400000
0.6463000000
0.5729900000
0.7334700000
0.4372100000
0.0941760000
0.0189260000
0.0034225000
0.9992300000
0.1940500000
0.0156870000
0.9117200000
0.8333700000
0.0143470000
0.0492770000
0.8285300000
0.5061800000
0.3330800000
0.2467500000
0.1142500000
0.7716800000
0.2758200000
0.0846820000
0.9006100000
0.7418800000
0.7795100000
0.4280300000
0.1452100000
0.0361460000
0.9789100000
0.0841170000
0.5951000000
0.7878300000
0.3769400000
0.2941500000
0.1545400000
0.6663900000
0.9409500000
0.2621700000
0.7674500000
0.1760000000
0.0362120000
0.0031931000
0.9844700000
0.1327600000
0.7782400000
0.2857300000
0.0909880000
0.8851200000
0.6801300000
0.6422600000
0.6160600000
0.6483000000
0.5807400000
0.7187700000
0.4595700000
0.0281320000
0.0137630000
0.9703400000
0.0665180000
0.5356400000
0.6528000000
0.5433900000
0.7982300000
0.3524100000
0.3737500000
0.2586900000
0.3836300000
0.2970300000
0.2752500000
0.1482200000
0.6743100000
0.9660600000
0.2502000000
0.8285800000
0.3779700000
0.1657000000
0.6889600000
0.9979900000
0.2386900000
0.8944300000
0.6126600000
0.4988500000
0.8777400000
0.2741400000
0.6798900000
0.9173900000
0.2790400000
0.6918200000
0.9473900000
0.2624200000
0.7713500000
0.1878200000
0.0398150000
0.9989700000
0.1639800000
0.8921100000
0.6552600000
0.5857900000
0.7117800000
0.4710200000
0.9955800000
0.2185700000
0.9666600000
0.8970000000
0.1696900000
0.0341260000
0.0060708000
0.9982000000
0.1875900000
0.9896100000
0.0108990000
0.3240400000
0.2720000000
0.3115000000
0.1945100000
0.5450400000
0.6213600000
0.5998700000
0.6699600000
0.5390100000
0.8158100000
0.3336800000
0.4428300000
0.3714500000
0.1027900000
0.0221820000
0.9979400000
0.1737000000
0.9325400000
0.7986100000
0.9090600000
0.3074700000
0.5904300000
0.6776400000
0.5235100000
0.8538300000
0.2966400000
0.5875200000
0.6754800000
0.5258600000
0.8475000000
0.3022900000
0.5645700000
0.6211700000
0.6078600000
0.6548600000
0.5666200000
0.7503200000
0.4136100000
0.1674500000
0.0478460000
0.9525500000
0.9689600000
0.4057400000
0.1709900000
0.6909700000
0.0008797300
0.0378860000
0.8595800000
0.6237400000
0.5330400000
0.8068500000
0.3410800000
0.4139500000
0.3218600000
0.2224100000
0.0944350000
0.8240700000
0.4614400000
0.2682600000
0.4117000000
0.3387400000
0.1736400000
0.0571550000
0.9227300000
0.8454700000
0.0427470000
0.0404770000
0.8824200000
0.7053900000
0.7005500000
0.5282400000
0.8544300000
0.2971100000
0.5864100000
0.6727100000
0.5298300000
0.8373200000
0.3118000000
0.5266700000
0.5365100000
0.7544300000
0.3999200000
0.2078900000
0.0742960000
0.8861300000
0.6954400000
0.6761900000
0.5637900000
0.7658500000
0.3938600000
0.2318900000
0.0932700000
0.8354900000
0.5015200000
0.3239900000
0.2701400000
0.1383600000
0.7045700000
0.0572990000
0.0254430000
0.9495500000
0.9739100000
0.4240900000
0.1899900000
0.6394500000
0.8513800000
0.3231900000
0.4997500000
0.4786000000
0.8678800000
0.2774000000
0.6617400000
0.8674500000
0.3138300000
0.5407800000
0.5651500000
0.7027400000
0.4772300000
0.9754400000
0.2238900000
0.9312200000
0.7578100000
0.8049300000
0.4012900000
0.2345300000
0.0945030000
0.8330400000
0.4922600000
0.3105400000
0.3037100000
0.1774800000
0.5957800000
0.7470000000
0.4264000000
0.1307300000
0.0302770000
0.9895700000
0.1325000000
0.7734100000
0.2704200000
0.0808730000
0.9104500000
0.7815600000
0.8750300000
0.3332500000
0.4837600000
0.4447200000
0.9392400000
0.2326700000
0.8712600000
0.5346100000
0.3666400000
0.1693600000
0.0523190000
0.9373600000
0.9057500000
0.2129900000
0.0446240000
0.0008245600
0.9678900000
0.0665810000
0.5375800000
0.6572200000
0.5369800000
0.8141700000
0.3347900000
0.4382600000
0.3633800000
0.1218300000
0.0291970000
0.9865600000
0.1209300000
0.7303300000
0.1433500000
0.0286850000
0.0056782000
0.0008999000
0.9992400000
0.1960800000
0.0241650000
0.9450800000
0.9571500000
0.3715000000
0.1391500000
0.7768400000
0.2774100000
0.0852680000
0.8996800000
0.7380000000
0.7704600000
0.4385600000
0.1116900000
0.0234880000
0.0001009300
0.9816800000
0.1236300000
0.7444900000
0.1850000000
0.0396080000
0.9975100000
0.1580600000
0.8692600000
0.5771800000
0.4407800000
0.9984800000
0.2157800000
0.9793400000
0.9487500000
0.3234000000
0.1004100000
0.8797300000
0.6539300000
0.5877200000
0.7073800000
0.4779400000
0.9761600000
0.2237600000
0.9322700000
0.7618200000
0.8144600000
0.3912500000
0.2691200000
0.1266800000
0.7445100000
0.1833200000
0.0390330000
0.9983400000
0.1619900000
0.8845300000
0.6291500000
0.5348900000
0.8054100000
0.3429700000
0.4072100000
0.3107600000
0.2500600000
0.1206300000
0.7516200000
0.2088300000
0.0486100000
0.9824400000
0.0888370000
0.6103400000
0.8243600000
0.3421300000
0.4222300000
0.3348000000
0.1908900000
0.0688970000
0.8927900000
0.7238900000
0.7395600000
0.4763200000
0.9973300000
0.2186500000
0.9677300000
0.9011200000
0.1815300000
0.0363100000
0.0072483000
0.0013947000
0.0000591990
0.9991300000
0.1963100000
0.0252300000
0.9493100000
0.9731200000
0.4216200000
0.1873800000
0.6465000000
0.8711300000
0.3075300000
0.5638200000
0.6174100000
0.6142300000
0.6415200000
0.5916600000
0.6943000000
0.4984600000
0.9199100000
0.2486300000
0.7995000000
0.2842300000
0.0877590000
0.8958100000
0.7218300000
0.7333500000
0.4845500000
0.9737200000
0.2250900000
0.9254600000
0.7354500000
0.7528800000
0.4613800000
0.0422590000
0.0134550000
0.9827300000
0.1174900000
0.7197700000
0.1135400000
0.0245580000
0.9975200000
0.1700400000
0.9178900000
0.7460800000
0.7820400000
0.4260500000
0.1520500000
0.0393460000
0.9722900000
0.0546590000
0.4908300000
0.5587600000
0.6936600000
0.4883400000
0.9437000000
0.2361500000
0.8620700000
0.5003400000
0.3151300000
0.2952700000
0.1669300000
0.6251600000
0.8254200000
0.3446200000
0.4152400000
0.3229200000
0.2201900000
0.0924610000
0.8294800000
0.4813100000
0.2952400000
0.3423300000
0.2289600000
0.4553200000
0.4264800000
0.9686300000
0.2209500000
0.9367800000
0.7808000000
0.8605000000
0.3469300000
0.4312000000
0.3480600000
0.1594400000
0.0480260000
0.9455700000
0.9411900000
0.3194700000
0.0983400000
0.8842600000
0.6718900000
0.6244900000
0.6448600000
0.5898400000
0.6993000000
0.4904200000
0.9416400000
0.2372800000
0.8564400000
0.4802100000
0.2869000000
0.3667900000
0.2648300000
0.3604100000
0.2611200000
0.3675300000
0.2723400000
0.3382100000
0.2286700000
0.4534900000
0.4232300000
0.9756700000
0.2188800000
0.9499000000
0.8321100000
0.9910800000
0.2597000000
0.8135500000
0.3228000000
0.1158200000
0.8233800000
0.4453600000
0.2466400000
0.4687200000
0.4455200000
0.9294800000
0.2368600000
0.8487300000
0.4540900000
0.2525200000
0.4559900000
0.4200300000
0.9849300000
0.2166200000
0.9655700000
0.8941900000
0.1618500000
0.0329480000
0.0042819000
0.9916400000
0.1616200000
0.8881800000
0.6426100000
0.5609300000
0.7565200000
0.4043000000
0.1968900000
0.0663030000
0.9070100000
0.7789700000
0.8699800000
0.3373800000
0.4673400000
0.4132500000
0.0080480000
0.0127400000
0.9582700000
0.0184760000
0.3709600000
0.3439600000
0.1352600000
0.0358870000
0.9719900000
0.0561380000
0.4964200000
0.5701000000
0.6740900000
0.5218900000
0.8557400000
0.2947900000
0.5949500000
0.6935700000
0.5006800000
0.9143000000
0.2519300000
0.7836500000
0.2320900000
0.0577750000
0.9663800000
0.0166770000
0.3593100000
0.3253000000
0.1797800000
0.0622740000
0.9085600000
0.7877400000
0.8920800000
0.3193700000
0.5398000000
0.5609800000
0.7105700000
0.4647300000
0.0106480000
0.0156750000
0.9493200000
0.9803900000
0.4459400000
0.2140500000
0.5745500000
0.6803900000
0.5136800000
0.8774900000
0.2769700000
0.6700900000
0.8897200000
0.2973100000
0.6105100000
0.7294200000
0.4542900000
0.0474720000
0.0132590000
0.9876200000
0.1378600000
0.7960200000
0.3402400000
0.1336000000
0.7731100000
0.2688300000
0.0798530000
0.9129800000
0.7918600000
0.9007900000
0.3128600000
0.5669800000
0.6222600000
0.6068900000
0.6571300000
0.5624800000
0.7598900000
0.4006400000
0.2091600000
0.0751320000
0.8840400000
0.6871900000
0.6584200000
0.5906000000
0.7036500000
0.4843000000
0.9586600000
0.2299300000
0.8961200000
0.6246700000
0.5217900000
0.8319300000
0.3148200000
0.5133100000
0.5082900000
0.8082100000
0.3338600000
0.4372100000
0.3618800000
0.1252400000
0.0306390000
0.9838300000
0.1085700000
0.6845000000
0.0154580000
0.0325880000
0.8902700000
0.7401000000
0.7798100000
0.4271200000
0.1478400000
0.0373590000
0.9764300000
0.0730380000
0.5555100000
0.6962500000
0.4834600000
0.9568200000
0.2304900000
0.8926500000
0.6118300000
0.4978600000
0.8795900000
0.2727000000
0.6861300000
0.9350400000
0.2687700000
0.7400900000
0.0901330000
0.0247280000
0.9782300000
0.0902090000
0.6185300000
0.8448700000
0.3244700000
0.4912500000
0.4618100000
0.9024800000
0.2526000000
0.7724900000
0.1969800000
0.0430060000
0.9941900000
0.1416000000
0.8059200000
0.3705200000
0.1617400000
0.6971600000
0.0233730000
0.0316140000
0.9000200000
0.7773900000
0.8692100000
0.3377400000
0.4656900000
0.4101800000
0.0149030000
0.0119940000
0.9665100000
0.0523060000
0.4862400000
0.5499700000
0.7090200000
0.4633700000
0.0132170000
0.0152700000
0.9528700000
0.9948600000
0.4927300000
0.2711300000
0.4234600000
0.3573600000
0.1295000000
0.0326360000
0.9796800000
0.0899780000
0.6166200000
0.8400200000
0.3285300000
0.4751400000
0.4303100000
0.9697700000
0.2210000000
0.9374800000
0.7834000000
0.8668800000
0.3413400000
0.4528400000
0.3863600000
0.0690960000
0.0139530000
0.0022558000
0.9983100000
0.1911200000
0.0041903000
0.8670200000
0.6739500000
0.6358800000
0.6250000000
0.6293500000
0.6172100000
0.6409200000
0.5938400000
0.6898200000
0.5059500000
0.9000600000
0.2609200000
0.7416500000
0.0990660000
0.0246670000
0.9855600000
0.1203900000
0.7289400000
0.1394600000
0.0279730000
0.0052742000
0.9997700000
0.1948300000
0.0185380000
0.9228200000
0.8741200000
0.1257800000
0.0299670000
0.9868000000
0.1213300000
0.7316900000
0.1472500000
0.0294510000
0.0058836000
0.0011504000
0.0001246600
0.9996000000
0.1982300000
0.0329080000
0.9797200000
0.0899280000
0.6164000000
0.8394900000
0.3289700000
0.4733900000
0.4269500000
0.9771200000
0.2188700000
0.9510900000
0.8366800000
0.0031609000
0.0545400000
0.8010900000
0.4089900000
0.2055700000
0.5766500000
0.6889300000
0.5014200000
0.9102000000
0.2543000000
0.7722500000
0.1952600000
0.0423830000
0.9951800000
0.1461900000
0.8234200000
0.4261400000
0.2219500000
0.5348900000
0.5881600000
0.6559800000
0.5574500000
0.7698600000
0.3874000000
0.2527500000
0.1119900000
0.7841800000
0.3174600000
0.1151000000
0.8219300000
0.4409200000
0.2411200000
0.4832600000
0.4751700000
0.8675200000
0.2770300000
0.6627300000
0.8702200000
0.3116700000
0.5497100000
0.5850200000
0.6680900000
0.5366700000
0.8200300000
0.3290900000
0.4599800000
0.4027300000
0.0307180000
0.0111090000
0.9824100000
0.1180100000
0.7220400000
0.1200300000
0.0251940000
0.0002868000
0.9810900000
0.1210800000
0.7349700000
0.1573300000
0.0316790000
0.0054816000
0.9976800000
0.1859000000
0.9829900000
0.9857200000
0.4425700000
0.2089800000
0.5889400000
0.7165200000
0.4653400000
0.0123510000
0.0155000000
0.9513200000
0.9885000000
0.4720600000
0.2449600000
0.4921400000
0.4912000000
0.8357000000
0.3049900000
0.5476000000
0.5830900000
0.6708900000
0.5315300000
0.8326700000
0.3162800000
0.5091100000
0.4993900000
0.8257200000
0.3154700000
0.5069900000
0.4954800000
0.8333800000
0.3078900000
0.5366100000
0.5586400000
0.7138400000
0.4594000000
0.0258600000
0.0138890000
0.9680600000
0.0571490000
0.5028200000
0.5835000000
0.6514200000
0.5632600000
0.7556900000
0.4059800000
0.1917100000
0.0627700000
0.9160400000
0.8157700000
0.9634300000
0.2724700000
0.7481100000
0.1118200000
0.0252220000
0.9936300000
0.1533200000
0.8531600000
0.5236300000
0.3539400000
0.1981600000
0.0720780000
0.8867300000
0.6992300000
0.6845600000
0.5514800000
0.7957700000
0.3570100000
0.3582700000
0.2362400000
0.4430900000
0.4020100000
0.0232690000
0.0111820000
0.9762100000
0.0924840000
0.6285800000
0.8701300000
0.3046800000
0.5724700000
0.6378400000
0.5819700000
0.7117400000
0.4698300000
0.9985200000
0.2179200000
0.9713700000
0.9158600000
0.2245500000
0.0483340000
0.9959900000
0.1448800000
0.8176200000
0.4074300000
0.2004700000
0.5924700000
0.7287300000
0.4495800000
0.0592020000
0.0137270000
0.9952100000
0.1689900000
0.9154100000
0.7375700000
0.7624300000
0.4490700000
0.0794040000
0.0160980000
0.0023527000
0.9970000000
0.1855600000
0.9821300000
0.9825600000
0.4325200000
0.1979100000
0.6187900000
0.7947300000
0.3754700000
0.3027600000
0.1642200000
0.6396700000
0.8644000000
0.3117800000
0.5453300000
0.5755900000
0.6843000000
0.5080600000
0.8923900000
0.2660300000
0.7183400000
0.0284680000
0.0322350000
0.9016900000
0.7832600000
0.8836700000
0.3257700000
0.5134300000
0.5046000000
0.8163400000
0.3252400000
0.4696300000
0.4213000000
0.9891100000
0.2159300000
0.9714200000
0.9175100000
0.2296200000
0.0501780000
0.9930600000
0.1312700000
0.7659500000
0.2474800000
0.0672790000
0.9429600000
0.9165400000
0.2431400000
0.0557870000
0.9826200000
0.0840180000
0.5920900000
0.7803300000
0.3846800000
0.2670200000
0.1256700000
0.7465200000
0.1900900000
0.0413450000
0.9949800000
0.1462000000
0.8236500000
0.4268900000
0.2228300000
0.5325400000
0.5827500000
0.6651900000
0.5404900000
0.8103200000
0.3394100000
0.4214000000
0.3342200000
0.1920100000
0.0697380000
0.8905700000
0.7150500000
0.7196200000
0.5024500000
0.9234700000
0.2473700000
0.8066300000
0.3079000000
0.1045500000
0.8527400000
0.5544300000
0.4056200000
0.0759320000
0.0152400000
0.0028324000
0.9997000000
0.1964900000
0.0255290000
0.9504000000
0.9772600000
0.4347600000
0.2014800000
0.6084000000
0.7671600000
0.4048000000
0.2018800000
0.0696170000
0.8986700000
0.7452700000
0.7887100000
0.4174300000
0.1796000000
0.0543940000
0.9376700000
0.9054000000
0.2117400000
0.0442290000
0.0013307000
0.9703200000
0.0760650000
0.5710600000
0.7321500000
0.4383700000
0.0903690000
0.0180880000
0.0035596000
0.0004795800
0.9991700000
0.1961200000
0.0243900000
0.9459800000
0.9605600000
0.3821100000
0.1486200000
0.7513600000
0.1917700000
0.0418000000
0.9946000000
0.1442800000
0.8162500000
0.4032200000
0.1958100000
0.6050100000
0.7613700000
0.4109400000
0.1813300000
0.0559270000
0.9333200000
0.8873300000
0.1593300000
0.0325230000
0.0038730000
0.9902600000
0.1562200000
0.8674300000
0.5718900000
0.4318300000
0.0180980000
0.0129410000
0.9654800000
0.0474030000
0.4691600000
0.5164500000
0.7700400000
0.3761200000
0.2854400000
0.1454700000
0.6911900000
0.0149660000
0.0333850000
0.8869600000
0.7271800000
0.7499600000
0.4627900000
0.0370460000
0.0135720000
0.9781400000
0.0985260000
0.6501600000
0.9249700000
0.2690900000
0.7315600000
0.0649850000
0.0262250000
0.9526800000
0.9858100000
0.4620700000
0.2327600000
0.5245500000
0.5618700000
0.7021600000
0.4769800000
0.9757200000
0.2237900000
0.9318200000
0.7601300000
0.8104300000
0.3954600000
0.2545100000
0.1124400000
0.7838900000
0.3162600000
0.1141200000
0.8245300000
0.4503700000
0.2530600000
0.4518000000
0.4122700000
0.0020602000
0.0133390000
0.9513000000
0.9900500000
0.4773300000
0.2515000000
0.4748400000
0.4554400000
0.9090800000
0.2480700000
0.7933700000
0.2650200000
0.0756250000
0.9256700000
0.8433100000
0.0350560000
0.0427120000
0.8682900000
0.6519800000
0.5879800000
0.7060300000
0.4799700000
0.9704600000
0.2256100000
0.9210300000
0.7186300000
0.7149400000
0.5107000000
0.9017100000
0.2606900000
0.7436700000
0.1051600000
0.0248290000
0.9898000000
0.1377700000
0.7940400000
0.3338200000
0.1280200000
0.7880900000
0.3203900000
0.1170600000
0.8170800000
0.4232400000
0.2196600000
0.5403400000
0.6009000000
0.6346100000
0.5984800000
0.6782000000
0.5254800000
0.8496800000
0.3004200000
0.5722100000
0.6389900000
0.5799000000
0.7163600000
0.4626700000
0.0189810000
0.0146160000
0.9598800000
0.0235000000
0.3875600000
0.3706800000
0.0733560000
0.0146720000
0.0029296000
0.0005664600
0.0000354520
0.9997000000
0.1986900000
0.0347610000
0.9870900000
0.1187600000
0.7215000000
0.1180100000
0.0249840000
0.9994700000
0.1778500000
0.9483500000
0.8560100000
0.0592100000
0.0369260000
0.9083100000
0.8049800000
0.9380600000
0.2870100000
0.6795600000
0.9100700000
0.2840300000
0.6695700000
0.8848700000
0.3010200000
0.5947800000
0.6905100000
0.5052400000
0.9020900000
0.2595900000
0.7477700000
0.1179700000
0.0255890000
0.9971500000
0.1676700000
0.9085300000
0.7129500000
0.7070300000
0.5208300000
0.8743900000
0.2804700000
0.6560100000
0.8510100000
0.3272200000
0.4866800000
0.4522200000
0.9227900000
0.2407700000
0.8296100000
0.3872800000
0.1754500000
0.6623100000
0.9192700000
0.2747600000
0.7078600000
0.9941600000
0.2422900000
0.8783900000
0.5532600000
0.3957900000
0.1012200000
0.0212170000
0.0003524700
0.9845400000
0.1352600000
0.7880600000
0.3158600000
0.1132600000
0.8273200000
0.4604400000
0.2661100000
0.4177100000
0.3492400000
0.1482400000
0.0419380000
0.9595300000
0.0012471000
0.3103200000
0.2543500000
0.3556800000
0.2569600000
0.3771600000
0.2876800000
0.2986400000
0.1760000000
0.5971700000
0.7510600000
0.4216100000
0.1460300000
0.0368240000
0.9770100000
0.0758390000
0.5655000000
0.7188400000
0.4546600000
0.0406760000
0.0131860000
0.9824800000
0.1166900000
0.7168500000
0.1053000000
0.0239590000
0.9932100000
0.1526000000
0.8505700000
0.5150900000
0.3410400000
0.2294400000
0.0978820000
0.8170100000
0.4352000000
0.2347900000
0.4996300000
0.5097500000
0.7985600000
0.3438100000
0.4001500000
0.2996700000
0.2778500000
0.1505500000
0.6682500000
0.9480900000
0.2584800000
0.7857300000
0.2347500000
0.0589930000
0.9639100000
0.0058281000
0.3232500000
0.2721300000
0.3106100000
0.1933800000
0.5481100000
0.6286600000
0.5883700000
0.6951800000
0.4960300000
0.9261200000
0.2451400000
0.8165400000
0.3414400000
0.1317500000
0.7805500000
0.2937400000
0.0966330000
0.8706600000
0.6236700000
0.5289000000
0.8158100000
0.3313300000
0.4501700000
0.3848000000
0.0716780000
0.0143910000
0.0026552000
0.9996400000
0.1963600000
0.0250300000
0.9484400000
0.9698400000
0.4112400000
0.1766600000
0.6755000000
0.9547200000
0.2560200000
0.7993800000
0.2794200000
0.0844670000
0.9042000000
0.7554600000
0.8114600000
0.3929900000
0.2622600000
0.1199200000
0.7632200000
0.2455700000
0.0663870000
0.9447900000
0.9243700000
0.2665500000
0.0666490000
0.9603200000
0.9856600000
0.4567200000
0.2261200000
0.5424600000
0.6029800000
0.6316900000
0.6044000000
0.6657100000
0.5475000000
0.7954600000
0.3563400000
0.3601000000
0.2388600000
0.4360700000
0.3887700000
0.0534140000
0.0118680000
0.9976400000
0.1806300000
0.9612300000
0.9038900000
0.1936400000
0.0390590000
0.0064886000
0.9960100000
0.1781000000
0.9521000000
0.8703100000
0.0985610000
0.0311130000
0.9608800000
0.0149160000
0.3567800000
0.3217100000
0.1882900000
0.0683830000
0.8926600000
0.7237700000
0.7393200000
0.4766200000
0.9964700000
0.2188400000
0.9663600000
0.8956300000
0.1657500000
0.0335080000
0.0052709000
0.9953400000
0.1762600000
0.9450500000
0.8444800000
0.0281850000
0.0452370000
0.8537900000
0.5979200000
0.4845200000
0.9035100000
0.2555100000
0.7630800000
0.1664300000
0.0336680000
0.0052067000
0.9949400000
0.1746500000
0.9387600000
0.8215700000
0.9677600000
0.2708200000
0.7570300000
0.1394600000
0.0281770000
0.0044938000
0.9963300000
0.1810500000
0.9640200000
0.9144500000
0.2244500000
0.0483440000
0.9958800000
0.1443800000
0.8157100000
0.4013400000
0.1937500000
0.6105900000
0.7761200000
0.3946500000
0.2358800000
0.0964420000
0.8270800000
0.4704600000
0.2802000000
0.3808900000
0.2872300000
0.3023100000
0.1803800000
0.5851700000
0.7200500000
0.4592100000
0.0297430000
0.0136610000
0.9720000000
0.0733670000
0.5598400000
0.7063800000
0.4702800000
0.9945200000
0.2187200000
0.9652600000
0.8914500000
0.1538200000
0.0319620000
0.0016045000
0.9812200000
0.1205500000
0.7328000000
0.1510500000
0.0302510000
0.0058887000
0.0005318900
0.9975200000
0.1891900000
0.9967800000
0.0384960000
0.4160100000
0.4166400000
0.9719400000
0.2192000000
0.9458200000
0.8163000000
0.9498500000
0.2810600000
0.7084500000
0.9925200000
0.2430100000
0.8745600000
0.5393100000
0.3734400000
0.1534400000
0.0430940000
0.9593100000
0.9994800000
0.5043900000
0.2863000000
0.3843200000
0.2907900000
0.2939700000
0.1700100000
0.6138800000
0.7953000000
0.3735400000
0.3087800000
0.1713400000
0.6199600000
0.8100800000
0.3591000000
0.3611600000
0.2396600000
0.4342700000
0.3853700000
0.0612360000
0.0127490000
0.0005437100
0.9920900000
0.1664800000
0.9075900000
0.7103100000
0.7012900000
0.5288100000
0.8534900000
0.2979800000
0.5828800000
0.6642200000
0.5421000000
0.8063800000
0.3437300000
0.4055200000
0.3079400000
0.2571500000
0.1279200000
0.7313400000
0.1424500000
0.0285190000
0.0055872000
0.0006510300
0.9982700000
0.1922000000
0.0087358000
0.8847000000
0.7361300000
0.7726300000
0.4351800000
0.1219600000
0.0268320000
0.9956200000
0.1603200000
0.8798700000
0.6135200000
0.5055900000
0.8627800000
0.2861700000
0.6285900000
0.7786200000
0.3966800000
0.2316500000
0.0927280000
0.8372600000
0.5080300000
0.3335900000
0.2464000000
0.1138500000
0.7728200000
0.2797100000
0.0872630000
0.8941300000
0.7159500000
0.7202000000
0.5018800000
0.9251100000
0.2464600000
0.8110900000
0.3228900000
0.1162100000
0.8220400000
0.4405700000
0.2406500000
0.4845400000
0.4778100000
0.8621300000
0.2814100000
0.6441000000
0.8198700000
0.3548700000
0.3802700000
0.2673900000
0.3613700000
0.2618700000
0.3658900000
0.2697600000
0.3449300000
0.2383200000
0.4276800000
0.3743600000
0.0864080000
0.0175480000
0.0024451000
0.9962300000
0.1822600000
0.9690800000
0.9334000000
0.2806600000
0.0737950000
0.9447300000
0.9186300000
0.2486200000
0.0581440000
0.9780900000
0.0636960000
0.5198600000
0.6183100000
0.5954000000
0.6772100000
0.5259500000
0.8481600000
0.3017600000
0.5667500000
0.6262300000
0.5998200000
0.6721100000
0.5355700000
0.8243600000
0.3247800000
0.4764800000
0.4340000000
0.9614300000
0.2237200000
0.9209900000
0.7198100000
0.7177100000
0.5069200000
0.9119700000
0.2541500000
0.7741200000
0.2011100000
0.0445070000
0.9918000000
0.1305300000
0.7639900000
0.2417500000
0.0641750000
0.9500400000
0.9467000000
0.3345100000
0.1090500000
0.8567700000
0.5656700000
0.4241000000
0.0343630000
0.0119640000
0.9820800000
0.1159800000
0.7144100000
0.0984310000
0.0236380000
0.9889500000
0.1351800000
0.7844500000
0.3042500000
0.1042800000
0.8509100000
0.5481800000
0.3953900000
0.0993630000
0.0206960000
0.0008485700
0.9870300000
0.1451900000
0.8256200000
0.4342100000
0.2316500000
0.5090300000
0.5299800000
0.7599600000
0.3914700000
0.2350700000
0.0961720000
0.8274400000
0.4718700000
0.2821100000
0.3759600000
0.2794100000
0.3224400000
0.2065900000
0.5132900000
0.5481800000
0.7245300000
0.4415200000
0.0778220000
0.0157840000
0.0022782000
0.9969400000
0.1853600000
0.9813600000
0.9796300000
0.4232200000
0.1879700000
0.6456300000
0.8685400000
0.3095200000
0.5555400000
0.5984700000
0.6452900000
0.5791700000
0.7205800000
0.4565700000
0.0367640000
0.0133040000
0.9789300000
0.1019800000
0.6627700000
0.9578300000
0.2526200000
0.8137600000
0.3278200000
0.1200600000
0.8119600000
0.4041200000
0.1976900000
0.5993900000
0.7467400000
0.4278100000
0.1267900000
0.0287580000
0.9921800000
0.1445000000
0.8189700000
0.4122000000
0.2058600000
0.5779800000
0.6919200000
0.4973900000
0.9212200000
0.2478000000
0.8034300000
0.2973200000
0.0968050000
0.8727900000
0.6312300000
0.5433500000
0.7882100000
0.3630300000
0.3354300000
0.2052400000
0.5266000000
0.5768300000
0.6739700000
0.5244600000
0.8499000000
0.3000200000
0.5736600000
0.6424100000
0.5746500000
0.7283900000
0.4445000000
0.0721940000
0.0149970000
0.0007673100
0.9912400000
0.1627300000
0.8930100000
0.6594100000
0.5942200000
0.6970000000
0.4953100000
0.9287500000
0.2437600000
0.8234400000
0.3649800000
0.1532200000
0.7226000000
0.1021300000
0.0240200000
0.9904500000
0.1411000000
0.8067400000
0.3735300000
0.1647500000
0.6889900000
0.9985800000
0.2384800000
0.8956400000
0.6171600000
0.5071700000
0.8609900000
0.2878300000
0.6218000000
0.7610700000
0.4161700000
0.1667600000
0.0473060000
0.9540300000
0.9752400000
0.4257300000
0.1915800000
0.6352500000
0.8397200000
0.3330600000
0.4606800000
0.4027200000
0.0311430000
0.0111090000
0.9827500000
0.1194100000
0.7272100000
0.1347800000
0.0271840000
0.0045282000
0.9972700000
0.1849500000
0.9793900000
0.9721100000
0.3994800000
0.1640000000
0.7105500000
0.0607980000
0.0253830000
0.9525300000
0.9858600000
0.4623400000
0.2331000000
0.5236500000
0.5598500000
0.7057700000
0.4711500000
0.9920300000
0.2192900000
0.9611800000
0.8751900000
0.1078900000
0.0305960000
0.9702100000
0.0529810000
0.4861500000
0.5495300000
0.7098600000
0.4620500000
0.0170010000
0.0147730000
0.9577200000
0.0147000000
0.3581100000
0.3239100000
0.1829200000
0.0644950000
0.9028100000
0.7644400000
0.8347200000
0.3694000000
0.3460300000
0.2173300000
0.4948500000
0.5064600000
0.8034300000
0.3381300000
0.4208100000
0.3336400000
0.1933100000
0.0707060000
0.8880200000
0.7049200000
0.6971100000
0.5334700000
0.8410500000
0.3093500000
0.5371600000
0.5592300000
0.7128900000
0.4609100000
0.0215180000
0.0142900000
0.9631100000
0.0367890000
0.4325900000
0.4481700000
0.9046100000
0.2493900000
0.7853900000
0.2390200000
0.0612350000
0.9588900000
0.9840400000
0.4521600000
0.2208400000
0.5565500000
0.6363800000
0.5783900000
0.7182200000
0.4595900000
0.0277830000
0.0137830000
0.9699900000
0.0650620000
0.5305200000
0.6417300000
0.5596400000
0.7587900000
0.4011700000
0.2069900000
0.0735340000
0.8882300000
0.7037400000
0.6942900000
0.5375100000
0.8307400000
0.3193400000
0.4980200000
0.4765900000
0.8716200000
0.2744100000
0.6745900000
0.9029900000
0.2881800000
0.6504600000
0.8329800000
0.3431500000
0.4247600000
0.3386100000
0.1817900000
0.0623790000
0.9097400000
0.7921200000
0.9030400000
0.3110500000
0.5744700000
0.6397200000
0.5795300000
0.7174300000
0.4610600000
0.0236260000
0.0141330000
0.9653700000
0.0460590000
0.4643800000
0.5072200000
0.7874200000
0.3547000000
0.3598600000
0.2389200000
0.4357400000
0.3881600000
0.0547920000
0.0120020000
0.9982300000
0.1830000000
0.9705600000
0.9386700000
0.2964600000
0.0829320000
0.9231400000
0.8283100000
0.9943100000
0.2575900000
0.8235100000
0.3566600000
0.1450200000
0.7450900000
0.1745900000
0.0362260000
0.0020176000
0.9795500000
0.1133600000
0.7060900000
0.0753350000
0.0237480000
0.9701800000
0.0581280000
0.5049400000
0.5877000000
0.6444700000
0.5764900000
0.7256100000
0.4488400000
0.0593880000
0.0137230000
0.9953700000
0.1696800000
0.9180800000
0.7470200000
0.7842600000
0.4235100000
0.1602800000
0.0434820000
0.9632600000
0.0150190000
0.3555800000
0.3197300000
0.1931000000
0.0719810000
0.8831800000
0.6862000000
0.6565500000
0.5934400000
0.6973000000
0.4945900000
0.9306400000
0.2427600000
0.8284300000
0.3821000000
0.1700900000
0.6769000000
0.9619700000
0.2525300000
0.8171800000
0.3390200000
0.1294700000
0.7868500000
0.3154800000
0.1131000000
0.8276200000
0.4615700000
0.2676100000
0.4138100000
0.3423700000
0.1648300000
0.0515350000
0.9367200000
0.9038300000
0.2074600000
0.0429180000
0.0028864000
0.9778500000
0.1057100000
0.6778500000
0.9980900000
0.2374200000
0.8991400000
0.6304800000
0.5322600000
0.8117300000
0.3360700000
0.4326600000
0.3536400000
0.1450000000
0.0400340000
0.9641200000
0.0211110000
0.3763400000
0.3522100000
0.1160600000
0.0273740000
0.9888600000
0.1318700000
0.7714700000
0.2646200000
0.0772670000
0.9192700000
0.8176000000
0.9668000000
0.2707600000
0.7565500000
0.1380400000
0.0279600000
0.0041830000
0.9952000000
0.1765800000
0.9464700000
0.8496900000
0.0421910000
0.0410770000
0.8797900000
0.6952400000
0.6783600000
0.5601300000
0.7745200000
0.3827300000
0.2690600000
0.1279400000
0.7400700000
0.1690000000
0.0346790000
0.0034161000
0.9866300000
0.1415000000
0.8112500000
0.3882500000
0.1798100000
0.6482000000
0.8793200000
0.3011800000
0.5903700000
0.6801600000
0.5195700000
0.8639600000
0.2879500000
0.6234800000
0.7651500000
0.4115800000
0.1818100000
0.0561630000
0.9328200000
0.8852000000
0.1532300000
0.0317800000
0.0018233000
0.9822800000
0.1247500000
0.7484200000
0.1964900000
0.0436810000
0.9912400000
0.1288900000
0.7579800000
0.2238300000
0.0552000000
0.9695200000
0.0312720000
0.4086300000
0.4055300000
0.9955900000
0.2137400000
0.9846700000
0.9713500000
0.3937200000
0.1583000000
0.7260800000
0.1096600000
0.0244610000
0.9947900000
0.1587700000
0.8742200000
0.5943500000
0.4708400000
0.9340600000
0.2380800000
0.8478000000
0.4501500000
0.2474900000
0.4692500000
0.4462400000
0.9280400000
0.2375800000
0.8450200000
0.4410100000
0.2361800000
0.4991200000
0.5082300000
0.8016200000
0.3403600000
0.4127500000
0.3201500000
0.2265300000
0.0981150000
0.8139600000
0.4247400000
0.2221800000
0.5331800000
0.5843800000
0.6623700000
0.5456200000
0.7979200000
0.3532900000
0.3708900000
0.2544500000
0.3947900000
0.3154900000
0.2288700000
0.1007400000
0.8063400000
0.3974700000
0.1910800000
0.6167800000
0.7928200000
0.3770700000
0.2968700000
0.1574600000
0.6583900000
0.9176700000
0.2751300000
0.7054100000
0.9870800000
0.2448500000
0.8637400000
0.5004400000
0.3148600000
0.2961500000
0.1679700000
0.6222800000
0.8175500000
0.3518900000
0.3878400000
0.2791400000
0.3308100000
0.2173900000
0.4843000000
0.4855100000
0.8446000000
0.2964400000
0.5817400000
0.6622600000
0.5448500000
0.7995300000
0.3514100000
0.3776100000
0.2644200000
0.3686600000
0.2731600000
0.3364600000
0.2261400000
0.4602900000
0.4366200000
0.9465300000
0.2289500000
0.8903600000
0.6046700000
0.4849100000
0.9060400000
0.2541200000
0.7697900000
0.1878000000
0.0398490000
0.9988200000
0.1633400000
0.8896100000
0.6466200000
0.5686700000
0.7423900000
0.4242700000
0.1338000000
0.0315530000
0.9871900000
0.1216800000
0.7327800000
0.1503400000
0.0300970000
0.0059048000
0.0007222200
0.9983100000
0.1923300000
0.0092485000
0.8866900000
0.7432100000
0.7890700000
0.4164000000
0.1826600000
0.0562820000
0.9330300000
0.8859500000
0.1553500000
0.0320240000
0.0025901000
0.9852900000
0.1366000000
0.7928100000
0.3305000000
0.1252200000
0.7955400000
0.3464500000
0.1394800000
0.7569700000
0.2145000000
0.0508660000
0.9784400000
0.0707650000
0.5456700000
0.6741600000
0.5132300000
0.8754200000
0.2783500000
0.6639400000
0.8727900000
0.3097600000
0.5577000000
0.6030800000
0.6376800000
0.5939900000
0.6881400000
0.5085500000
0.8931800000
0.2656100000
0.7203700000
0.0345180000
0.0309090000
0.9113100000
0.8207900000
0.9795800000
0.2640500000
0.7895500000
0.2434800000
0.0633420000
0.9545200000
0.9650500000
0.3916300000
0.1572300000
0.7282900000
0.1168400000
0.0250290000
0.9983700000
0.1732100000
0.9301800000
0.7900000000
0.8875500000
0.3238000000
0.5224000000
0.5233500000
0.7800900000
0.3667200000
0.3193300000
0.1848900000
0.5821900000
0.7109500000
0.4710300000
0.9951200000
0.2186600000
0.9659500000
0.8941800000
0.1616000000
0.0329140000
0.0042060000
0.9913500000
0.1604700000
0.8837400000
0.6273400000
0.5315400000
0.8118200000
0.3358100000
0.4335300000
0.3551600000
0.1413600000
0.0381620000
0.9682600000
0.0392820000
0.4380300000
0.4577100000
0.8850800000
0.2622700000
0.7259900000
0.0525010000
0.0276860000
0.9373800000
0.9241600000
0.2702200000
0.0686270000
0.9558200000
0.9662500000
0.3947600000
0.1601600000
0.7203700000
0.0917000000
0.0238260000
0.9828800000
0.1099900000
0.6906500000
0.0323240000
0.0288550000
0.9172100000
0.8448900000
0.0440160000
0.0400350000
0.8850300000
0.7153500000
0.7226900000
0.4979800000
0.9356700000
0.2408800000
0.8389800000
0.4185400000
0.2094500000
0.5705400000
0.6730400000
0.5236800000
0.8512000000
0.2988000000
0.5785600000
0.6540200000
0.5571200000
0.7696500000
0.3875500000
0.2521900000
0.1114600000
0.7856400000
0.3225400000
0.1192300000
0.8109500000
0.4012600000
0.1945600000
0.6078100000
0.7688500000
0.4025800000
0.2090800000
0.0748740000
0.8849300000
0.6906300000
0.6657900000
0.5793700000
0.7292400000
0.4448100000
0.0718600000
0.0149570000
0.0006521500
0.9907800000
0.1609500000
0.8861200000
0.6356300000
0.5473900000
0.7816700000
0.3712600000
0.3069400000
0.1696800000
0.6242200000
0.8217300000
0.3481100000
0.4021100000
0.3015300000
0.2736600000
0.1457800000
0.6815600000
0.9875700000
0.2417600000
0.8752800000
0.5426600000
0.3788000000
0.1407700000
0.0366070000
0.9736500000
0.0623270000
0.5179100000
0.6145400000
0.6012400000
0.6645200000
0.5482700000
0.7932400000
0.3588800000
0.3510200000
0.2261600000
0.4700500000
0.4549500000
0.9077900000
0.2486800000
0.7902600000
0.2548200000
0.0696900000
0.9397300000
0.9021400000
0.2005600000
0.0409240000
0.0049426000
0.9880400000
0.1461500000
0.8287100000
0.4440800000
0.2437700000
0.4769800000
0.4621500000
0.8944400000
0.2572900000
0.7501400000
0.1263400000
0.0263910000
0.0007930700
0.9822600000
0.1254900000
0.7513300000
0.2051000000
0.0470350000
0.9854200000
0.1023000000
0.6592800000
0.9480300000
0.2571900000
0.7902500000
0.2497200000
0.0667530000
0.9466800000
0.9315500000
0.2880800000
0.0783290000
0.9336700000
0.8722000000
0.1141600000
0.0300990000
0.9770600000
0.0812410000
0.5856400000
0.7655300000
0.4003500000
0.2133600000
0.0782060000
0.8760300000
0.6557500000
0.5929900000
0.6978300000
0.4936700000
0.9331000000
0.2414900000
0.8348500000
0.4043100000
0.1935300000
0.6134400000
0.7833300000
0.3869900000
0.2622000000
0.1207400000
0.7602600000
0.2357800000
0.0611760000
0.9565500000
0.9747600000
0.4225500000
0.1881200000
0.6446700000
0.8659500000
0.3115100000
0.5472900000
0.5798700000
0.6768900000
0.5209700000
0.8592000000
0.2918900000
0.6070100000
0.7234000000
0.4614900000
0.0258070000
0.0140030000
0.9675900000
0.0551530000
0.4958600000
0.5693000000
0.6754000000
0.5195800000
0.8616100000
0.2897500000
0.6158200000
0.7455900000
0.4342400000
0.1089500000
0.0227670000
0.0006478400
0.9845400000
0.1350300000
0.7871500000
0.3130600000
0.1110500000
0.8331400000
0.4818300000
0.2950800000
0.3431500000
0.2301000000
0.4523000000
0.4205900000
0.9815800000
0.2173400000
0.9602400000
0.8729900000
0.1019500000
0.0309450000
0.9642000000
0.0283910000
0.4019700000
0.3944900000
0.0198180000
0.0109450000
0.9743600000
0.0851110000
0.6020700000
0.8049800000
0.3599900000
0.3552100000
0.2314600000
0.4560900000
0.4270800000
0.9675600000
0.2212900000
0.9346900000
0.7726700000
0.8406900000
0.3651300000
0.3626600000
0.2403100000
0.4332600000
0.3834100000
0.0657770000
0.0133930000
0.0017273000
0.9965400000
0.1841200000
0.9765400000
0.9614300000
0.3661900000
0.1337200000
0.7921300000
0.3300600000
0.1249300000
0.7962600000
0.3489600000
0.1417700000
0.7507900000
0.1939900000
0.0426390000
0.9931900000
0.1377600000
0.7914500000
0.3253800000
0.1209100000
0.8070800000
0.3872700000
0.1794700000
0.6486300000
0.8806300000
0.3002300000
0.5944400000
0.6900400000
0.5058300000
0.9004700000
0.2606500000
0.7428800000
0.1028300000
0.0247510000
0.9882400000
0.1313800000
0.7699900000
0.2602300000
0.0746160000
0.9256600000
0.8440300000
0.0370930000
0.0421150000
0.8720500000
0.6661000000
0.6167300000
0.6568600000
0.5665900000
0.7512800000
0.4124000000
0.1713300000
0.0500550000
0.9473500000
0.9466900000
0.3361100000
0.1103100000
0.8534300000
0.5530400000
0.4029900000
0.0820340000
0.0164110000
0.0032657000
0.0005872100
0.9998500000
0.1989200000
0.0355660000
0.9902800000
0.1312900000
0.7681000000
0.2542800000
0.0711190000
0.9339900000
0.8787400000
0.1333100000
0.0302640000
0.9916700000
0.1412300000
0.8063400000
0.3721400000
0.1633600000
0.6927700000
0.0100110000
0.0350490000
0.8770100000
0.6891900000
0.6657900000
0.5788100000
0.7303700000
0.4431300000
0.0768820000
0.0156520000
0.0020270000
0.9959900000
0.1815900000
0.9665100000
0.9238200000
0.2520800000
0.0594810000
0.9758100000
0.0534050000
0.4838500000
0.5445400000
0.7188200000
0.4481000000
0.0575080000
0.0135640000
0.9944700000
0.1660600000
0.9040400000
0.6975000000
0.6734500000
0.5691000000
0.7536000000
0.4102400000
0.1786800000
0.0544090000
0.9368800000
0.9023300000
0.2027900000
0.0415550000
0.0043256000
0.9849500000
0.1338600000
0.7822000000
0.2977900000
0.0995170000
0.8632600000
0.5951600000
0.4760600000
0.9220300000
0.2443900000
0.8161500000
0.3406300000
0.1310700000
0.7823700000
0.3000300000
0.1012300000
0.8587700000
0.5779900000
0.4456500000
0.9867800000
0.2183100000
0.9607400000
0.8742100000
0.1052700000
0.0307350000
0.9676100000
0.0423330000
0.4494300000
0.4787800000
0.8426500000
0.2966600000
0.5796600000
0.6574100000
0.5519700000
0.7820600000
0.3720100000
0.3049600000
0.1673100000
0.6308100000
0.8398100000
0.3319600000
0.4642000000
0.4093500000
0.0161950000
0.0118650000
0.9680200000
0.0585370000
0.5079300000
0.5940500000
0.6339900000
0.5969000000
0.6809700000
0.5206100000
0.8620100000
0.2896300000
0.6164900000
0.7472800000
0.4322400000
0.1152600000
0.0247110000
0.9983100000
0.1732100000
0.9302500000
0.7902700000
0.8882200000
0.3232700000
0.5245700000
0.5279600000
0.7713400000
0.3777100000
0.2816200000
0.1412600000
0.7029300000
0.0509620000
0.0262570000
0.9415100000
0.9414500000
0.3227600000
0.1007200000
0.8781000000
0.6478100000
0.5754800000
0.7291000000
0.4438100000
0.0744040000
0.0152930000
0.0014098000
0.9936900000
0.1724700000
0.9307800000
0.7928300000
0.8946600000
0.3182200000
0.5452900000
0.5730200000
0.6892800000
0.4996600000
0.9145100000
0.2516600000
0.7847400000
0.2356700000
0.0595270000
0.9626400000
0.0003148800
0.3051000000
0.2471200000
0.3743000000
0.2859500000
0.3019400000
0.1802000000
0.5855100000
0.7209400000
0.4580800000
0.0331180000
0.0134670000
0.9754100000
0.0874480000
0.6101200000
0.8244500000
0.3419900000
0.4227300000
0.3356400000
0.1888300000
0.0673900000
0.8967400000
0.7396500000
0.7758000000
0.4321100000
0.1320200000
0.0305600000
0.9895200000
0.1320700000
0.7717600000
0.2654300000
0.0777650000
0.9180600000
0.8126500000
0.9539100000
0.2778300000
0.7225300000
0.0341820000
0.0311790000
0.9100500000
0.8157700000
0.9664700000
0.2706700000
0.7566100000
0.1382800000
0.0279960000
0.0042388000
0.9954100000
0.1773900000
0.9496500000
0.8613300000
0.0738360000
0.0341440000
0.9300700000
0.8907700000
0.1715100000
0.0343900000
0.0065249000
0.9998900000
0.1943300000
0.0163480000
0.9142100000
0.8424700000
0.0387070000
0.0414300000
0.8758000000
0.6803200000
0.6464400000
0.6087500000
0.6636700000
0.5524100000
0.7840400000
0.3699400000
0.3123200000
0.1760700000
0.6065900000
0.7742700000
0.3957500000
0.2316400000
0.0928310000
0.8368800000
0.5066400000
0.3315300000
0.2514800000
0.1188700000
0.7588700000
0.2325000000
0.0595330000
0.9601100000
0.9902200000
0.4722800000
0.2448600000
0.4925900000
0.4921200000
0.8338600000
0.3067600000
0.5405800000
0.5674400000
0.6981400000
0.4846500000
0.9549200000
0.2313200000
0.8881900000
0.5953200000
0.4679800000
0.9414200000
0.2346000000
0.8659500000
0.5148000000
0.3363600000
0.2426200000
0.1100200000
0.7835900000
0.3167300000
0.1145500000
0.8233300000
0.4460100000
0.2475100000
0.4664000000
0.4408900000
0.9394000000
0.2321500000
0.8732700000
0.5419700000
0.3782300000
0.1419200000
0.0371690000
0.9724500000
0.0570040000
0.4992600000
0.5758700000
0.6642900000
0.5394500000
0.8121600000
0.3373500000
0.4290000000
0.3472000000
0.1604900000
0.0486800000
0.9439600000
0.9343400000
0.2985600000
0.0846590000
0.9183900000
0.8089200000
0.9436400000
0.2839000000
0.6942000000
0.9514400000
0.2605300000
0.7810200000
0.2188400000
0.0516160000
0.9790600000
0.0727030000
0.5524200000
0.6891000000
0.4929400000
0.9303300000
0.2426900000
0.8284500000
0.3822200000
0.1702200000
0.6765400000
0.9609000000
0.2530100000
0.8146700000
0.3305300000
0.1222800000
0.8060600000
0.3830100000
0.1749900000
0.6608200000
0.9154700000
0.2770100000
0.6973800000
0.9637500000
0.2545100000
0.8115000000
0.3193300000
0.1131800000
0.8302400000
0.4705000000
0.2794800000
0.3831100000
0.2907600000
0.2933200000
0.1692700000
0.6158900000
0.8007100000
0.3681100000
0.3282600000
0.1953300000
0.5539800000
0.6410600000
0.5695100000
0.7382000000
0.4299500000
0.1161500000
0.0250490000
0.9977400000
0.1705700000
0.9198900000
0.7531900000
0.7986400000
0.4075300000
0.2131100000
0.0772590000
0.8793000000
0.6683300000
0.6187100000
0.6541000000
0.5719400000
0.7390800000
0.4295300000
0.1177900000
0.0255900000
0.9970000000
0.1670400000
0.9060700000
0.7042800000
0.6880500000
0.5476700000
0.8055900000
0.3458800000
0.3984000000
0.2964500000
0.2861800000
0.1601900000
0.6414200000
0.8709800000
0.3066100000
0.5667300000
0.6242100000
0.6033500000
0.6645900000
0.5489400000
0.7918400000
0.3605500000
0.3451500000
0.2181300000
0.4916900000
0.4998700000
0.8163100000
0.3242000000
0.4729000000
0.4276100000
0.9752200000
0.2193800000
0.9477200000
0.8234300000
0.9683100000
0.2707900000
0.7575400000
0.1410100000
0.0284220000
0.0048027000
0.9974400000
0.1854100000
0.9811700000
0.9788500000
0.4207500000
0.1853800000
0.6526600000
0.8884100000
0.2949300000
0.6175000000
0.7473900000
0.4324000000
0.1148700000
0.0245870000
0.9984700000
0.1740000000
0.9333600000
0.8014800000
0.9162700000
0.3023500000
0.6124400000
0.7318300000
0.4515900000
0.0557330000
0.0135390000
0.9931500000
0.1605800000
0.8828100000
0.6239400000
0.5250700000
0.8243200000
0.3224400000
0.4838500000
0.4485000000
0.9302100000
0.2369100000
0.8490700000
0.4552200000
0.2539500000
0.4522300000
0.4127600000
0.0010767000
0.0134920000
0.9499500000
0.9845500000
0.4595500000
0.2298700000
0.5321900000
0.5792400000
0.6717200000
0.5288500000
0.8390100000
0.3101200000
0.5332500000
0.5507600000
0.7281800000
0.4374400000
0.0905710000
0.0181330000
0.0035506000
0.0004060400
0.9988700000
0.1949100000
0.0195830000
0.9270700000
0.8898500000
0.1704100000
0.0341970000
0.0063829000
0.9994500000
0.1925900000
0.0094438000
0.8872800000
0.7452900000
0.7939200000
0.4110300000
0.2004900000
0.0680810000
0.9032500000
0.7635400000
0.8322400000
0.3718500000
0.3371400000
0.2055200000
0.5268800000
0.5773300000
0.6731300000
0.5259500000
0.8461700000
0.3034200000
0.5599600000
0.6105400000
0.6250100000
0.6192100000
0.6355000000
0.6040500000
0.6679700000
0.5437300000
0.8046300000
0.3459000000
0.3977300000
0.2954400000
0.2887400000
0.1632200000
0.6329900000
0.8474300000
0.3253500000
0.4902000000
0.4595100000
0.9073400000
0.2495900000
0.7867000000
0.2430200000
0.0632850000
0.9543600000
0.9645000000
0.3898800000
0.1555800000
0.7327400000
0.1311000000
0.0266980000
0.0034311000
0.9930600000
0.1682200000
0.9139300000
0.7326000000
0.7511100000
0.4629200000
0.0373480000
0.0135720000
0.9783800000
0.0995210000
0.6537800000
0.9343400000
0.2640200000
0.7560800000
0.1404200000
0.0283170000
0.0047311000
0.9972200000
0.1845600000
0.9778200000
0.9661800000
0.3809300000
0.1466400000
0.7574300000
0.2117500000
0.0496140000
0.9809700000
0.0820700000
0.5859600000
0.7659700000
0.3999100000
0.2148400000
0.0793440000
0.8730200000
0.6440100000
0.5694800000
0.7395800000
0.4281400000
0.1217800000
0.0269710000
0.9949500000
0.1574400000
0.8687300000
0.5756900000
0.4382500000
0.0040022000
0.0147940000
0.9473700000
0.9733200000
0.4234700000
0.1894000000
0.6409800000
0.8556400000
0.3197000000
0.5138100000
0.5075300000
0.8101100000
0.3318500000
0.4447400000
0.3752700000
0.0937160000
0.0194400000
0.0011028000
0.9891000000
0.1535700000
0.8576100000
0.5390500000
0.3779600000
0.1409500000
0.0367330000
0.9733200000
0.0608750000
0.5128200000
0.6038400000
0.6182100000
0.6287700000
0.6155500000
0.6437200000
0.5883700000
0.7016800000
0.4864400000
0.9524400000
0.2324500000
0.8821700000
0.5731600000
0.4294200000
0.0249250000
0.0124170000
0.9728700000
0.0778610000
0.5759700000
0.7432800000
0.4253000000
0.1315600000
0.0306370000
0.9888700000
0.1293200000
0.7614300000
0.2344100000
0.0603690000
0.9584900000
0.9831000000
0.4492600000
0.2175000000
0.5654900000
0.6580400000
0.5457700000
0.7955700000
0.3557800000
0.3618500000
0.2413700000
0.4293900000
0.3763800000
0.0820610000
0.0165040000
0.0029325000
0.9991100000
0.1939400000
0.0153070000
0.9102400000
0.8280100000
0.0001247900
0.0547900000
0.7979000000
0.3981300000
0.1934300000
0.6093600000
0.7732000000
0.3977900000
0.2252000000
0.0874660000
0.8513900000
0.5610500000
0.4176200000
0.0484350000
0.0121490000
0.9925900000
0.1593600000
0.8783000000
0.6085300000
0.4964700000
0.8811500000
0.2714100000
0.6916900000
0.9509200000
0.2604300000
0.7809600000
0.2187000000
0.0515560000
0.9791700000
0.0732130000
0.5542300000
0.6931500000
0.4875700000
0.9452700000
0.2354100000
0.8659400000
0.5142500000
0.3355000000
0.2447500000
0.1120700000
0.7779000000
0.2970900000
0.0994690000
0.8629000000
0.5939000000
0.4738000000
0.9267600000
0.2418000000
0.8289300000
0.3843700000
0.1724300000
0.6705200000
0.9431800000
0.2615400000
0.7713200000
0.1882100000
0.0399480000
0.9987800000
0.1630800000
0.8886100000
0.6431700000
0.5619100000
0.7547300000
0.4067800000
0.1889300000
0.0609320000
0.9206800000
0.8348400000
0.0138020000
0.0496800000
0.8266600000
0.4994000000
0.3230900000
0.2714300000
0.1398300000
0.7004400000
0.0445200000
0.0271700000
0.9330400000
0.9075000000
0.2208600000
0.0472700000
0.9970800000
0.1502300000
0.8381200000
0.4736000000
0.2819700000
0.3775300000
0.2817700000
0.3163900000
0.1985200000
0.5353200000
0.5983200000
0.6373000000
0.5928100000
0.6902500000
0.5049500000
0.9026300000
0.2592200000
0.7494700000
0.1232500000
0.0260690000
0.9995400000
0.1772700000
0.9459200000
0.8471000000
0.0351180000
0.0430970000
0.8669300000
0.6467700000
0.5775500000
0.7244900000
0.4506900000
0.0539950000
0.0134120000
0.9922500000
0.1569200000
0.8687100000
0.5759900000
0.4388000000
0.0027925000
0.0149970000
0.9456600000
0.9663600000
0.4014300000
0.1669400000
0.7017800000
0.0338350000
0.0294600000
0.9161500000
0.8403600000
0.0317230000
0.0435270000
0.8627400000
0.6312900000
0.5471500000
0.7801600000
0.3728700000
0.3012700000
0.1630300000
0.6426200000
0.8727400000
0.3054000000
0.5719300000
0.6363300000
0.5843400000
0.7064000000
0.4782500000
0.9748700000
0.2241500000
0.9298300000
0.7524100000
0.7922000000
0.4151700000
0.1879200000
0.0595860000
0.9248800000
0.8519700000
0.0601650000
0.0363340000
0.9112400000
0.8166000000
0.9681200000
0.2698300000
0.7607500000
0.1512400000
0.0302490000
0.0060431000
0.0011819000
0.0001294500
0.9996000000
0.1982100000
0.0328060000
0.9793100000
0.0883550000
0.6107500000
0.8256500000
0.3409600000
0.4267100000
0.3424200000
0.1723600000
0.0560500000
0.9258300000
0.8582100000
0.0776260000
0.0332030000
0.9365500000
0.9167800000
0.2476200000
0.0577840000
0.9786500000
0.0662810000
0.5289700000
0.6377100000
0.5657400000
0.7443900000
0.4208500000
0.1442200000
0.0360550000
0.9784700000
0.0823830000
0.5889100000
0.7731400000
0.3921800000
0.2410900000
0.1011300000
0.8141700000
0.4235400000
0.2206400000
0.5373600000
0.5940200000
0.6460700000
0.5761800000
0.7269300000
0.4469400000
0.0650330000
0.0141930000
0.9981000000
0.1806900000
0.9611500000
0.9035100000
0.1925300000
0.0387870000
0.0066377000
0.9968500000
0.1815100000
0.9654900000
0.9198600000
0.2403500000
0.0544260000
0.9855400000
0.0970130000
0.6390600000
0.8957600000
0.2868500000
0.6497700000
0.8318300000
0.3441200000
0.4209900000
0.3322400000
0.1973400000
0.0737320000
0.8800400000
0.6734600000
0.6296200000
0.6361300000
0.6070300000
0.6626200000
0.5534900000
0.7812700000
0.3733000000
0.3006900000
0.1623100000
0.6446400000
0.8784400000
0.3011800000
0.5897700000
0.6787600000
0.5215300000
0.8588400000
0.2922800000
0.6054600000
0.7195200000
0.4664200000
0.0112540000
0.0157090000
0.9496700000
0.9817700000
0.4503700000
0.2191300000
0.5609300000
0.6469900000
0.5622200000
0.7558300000
0.4055100000
0.1931000000
0.0637040000
0.9136600000
0.8060400000
0.9382400000
0.2870800000
0.6794700000
0.9098000000
0.2842000000
0.6687900000
0.8827200000
0.3025900000
0.5881200000
0.6743600000
0.5278400000
0.8425500000
0.3068700000
0.5462400000
0.5794300000
0.6773000000
0.5201800000
0.8611800000
0.2902000000
0.6140300000
0.7410500000
0.4396800000
0.0919560000
0.0184230000
0.0035554000
0.0001941100
0.9979700000
0.1913300000
0.0053569000
0.8716000000
0.6899500000
0.6697400000
0.5724600000
0.7450300000
0.4220100000
0.1414600000
0.0348030000
0.9810000000
0.0937130000
0.6298000000
0.8727500000
0.3027800000
0.5805100000
0.6568000000
0.5532800000
0.7790200000
0.3757700000
0.2920600000
0.1525100000
0.6718100000
0.9569200000
0.2543600000
0.8069100000
0.3045700000
0.1019200000
0.8597300000
0.5809400000
0.4507400000
0.9757900000
0.2213100000
0.9410100000
0.7965000000
0.8993700000
0.3150100000
0.5589900000
0.6038100000
0.6368700000
0.5956700000
0.6845500000
0.5146300000
0.8774000000
0.2772100000
0.6692300000
0.8873200000
0.2990200000
0.6031400000
0.7110500000
0.4777100000
0.9786600000
0.2230500000
0.9368200000
0.7794200000
0.8569600000
0.3501100000
0.4190300000
0.3274300000
0.2097100000
0.0835440000
0.8537600000
0.5720800000
0.4365400000
0.0063380000
0.0143800000
0.9507700000
0.9871600000
0.4678700000
0.2398400000
0.5056800000
0.5201300000
0.7791600000
0.3669100000
0.3181800000
0.1834800000
0.5860300000
0.7207500000
0.4585000000
0.0319260000
0.0135310000
0.9742300000
0.0825430000
0.5925200000
0.7820900000
0.3827700000
0.2736300000
0.1324000000
0.7278400000
0.1293800000
0.0264000000
0.0031839000
0.9922600000
0.1650900000
0.9017900000
0.6898900000
0.6572300000
0.5936900000
0.6971000000
0.4949700000
0.9296200000
0.2433000000
0.8257500000
0.3728900000
0.1608800000
0.7018400000
0.0372790000
0.0287110000
0.9216300000
0.8620100000
0.0909120000
0.0314640000
0.9535200000
0.9851900000
0.4594500000
0.2296100000
0.5329800000
0.5810500000
0.6686100000
0.5344200000
0.8252100000
0.3237200000
0.4804000000
0.4416200000
0.9449700000
0.2300900000
0.8849900000
0.5847500000
0.4494800000
0.9809400000
0.2199300000
0.9501400000
0.8322400000
0.9913200000
0.2596000000
0.8140900000
0.3246300000
0.1172900000
0.8194800000
0.4311900000
0.2291300000
0.5150800000
0.5434200000
0.7349800000
0.4263000000
0.1240500000
0.0278200000
0.9935400000
0.1509200000
0.8436000000
0.4920100000
0.3074300000
0.3127600000
0.1888300000
0.5645600000
0.6679300000
0.5296000000
0.8355200000
0.3133300000
0.5205200000
0.5233600000
0.7792000000
0.3677000000
0.3158600000
0.1806100000
0.5939500000
0.7411300000
0.4334800000
0.1084100000
0.0226260000
0.0007535600
0.9850900000
0.1372400000
0.7954700000
0.3388200000
0.1323700000
0.7764100000
0.2801100000
0.0871850000
0.8947300000
0.7182200000
0.7252700000
0.4951300000
0.9438400000
0.2369300000
0.8593700000
0.4905000000
0.3011400000
0.3305200000
0.2122200000
0.5006800000
0.5201000000
0.7769000000
0.3693900000
0.3094300000
0.1728600000
0.6153100000
0.7975800000
0.3713900000
0.3165600000
0.1807100000
0.5941000000
0.7414600000
0.4331000000
0.1096300000
0.0229840000
0.0003643300
0.9831800000
0.1296300000
0.7668800000
0.2514000000
0.0694980000
0.9377700000
0.8946200000
0.1788000000
0.0357590000
0.0071517000
0.0014298000
0.0002839000
0.0000485290
0.9999800000
0.1998600000
0.0394450000
0.0057774000
0.9927200000
0.1649400000
0.9008200000
0.6864200000
0.6498800000
0.6051000000
0.6720200000
0.5376100000
0.8198500000
0.3294800000
0.4586500000
0.4002400000
0.0363540000
0.0110890000
0.9869700000
0.1368800000
0.7926400000
0.3297800000
0.1246100000
0.7971800000
0.3522100000
0.1447700000
0.7427100000
0.1674300000
0.0341980000
0.0039878000
0.9894100000
0.1525800000
0.8534000000
0.5249500000
0.3560100000
0.1931500000
0.0683750000
0.8964700000
0.7379400000
0.7717600000
0.4368400000
0.1170000000
0.0251570000
0.9980100000
0.1716200000
0.9239700000
0.7677500000
0.8332200000
0.3718700000
0.3377100000
0.2062300000
0.5249600000
0.5729500000
0.6807200000
0.5126300000
0.8800600000
0.2749900000
0.6786700000
0.9136800000
0.2813500000
0.6812500000
0.9174500000
0.2792400000
0.6911800000
0.9455300000
0.2633800000
0.7666200000
0.1727600000
0.0353070000
0.0040415000
0.9887500000
0.1498000000
0.8427400000
0.4897900000
0.3043400000
0.3205100000
0.1989300000
0.5368300000
0.6014600000
0.6321700000
0.6029600000
0.6686500000
0.5422400000
0.8081700000
0.3419700000
0.4120800000
0.3186500000
0.2303900000
0.1016300000
0.8042800000
0.3900300000
0.1830500000
0.6385000000
0.8522500000
0.3222000000
0.5035000000
0.4862600000
0.8523400000
0.2904300000
0.6070100000
0.7240200000
0.4606200000
0.0283330000
0.0138050000
0.9703400000
0.0664800000
0.5355000000
0.6525000000
0.5438300000
0.7971300000
0.3536600000
0.3692500000
