153.5200000000
153.3800000000
153.6500000000
153.8400000000
153.8800000000
153.9500000000
153.8900000000
153.8000000000
153.9000000000
154.0200000000
153.9700000000
153.8500000000
153.7800000000
153.6800000000
153.5200000000
153.3800000000
153.3700000000
153.4500000000
153.4400000000
153.2900000000
153.1600000000
153.0500000000
152.8000000000
152.5500000000
152.4400000000
152.4100000000
152.3200000000
152.2500000000
152.2600000000
152.2500000000
152.2000000000
152.0700000000
151.8700000000
151.7200000000
151.5800000000
151.5000000000
151.5100000000
151.4800000000
151.3700000000
151.2600000000
151.1800000000
151.1100000000
151.0400000000
150.8300000000
150.6000000000
150.5000000000
150.3200000000
150.0800000000
149.8900000000
149.6900000000
149.5200000000
149.3700000000
149.2100000000
149.1400000000
149.0600000000
148.9700000000
148.9200000000
148.7100000000
148.5400000000
148.5700000000
148.4500000000
148.3100000000
148.3200000000
148.1200000000
147.9600000000
148.0500000000
148.0000000000
147.9100000000
147.9900000000
148.0500000000
148.0900000000
148.1400000000
148.1900000000
148.3100000000
148.3600000000
148.3300000000
148.3600000000
148.3200000000
148.3300000000
148.5800000000
148.8000000000
148.8400000000
148.8700000000
148.8800000000
148.8600000000
148.8900000000
148.9300000000
148.9000000000
148.9200000000
149.0200000000
149.0500000000
149.0600000000
149.1400000000
149.2200000000
149.4100000000
149.6200000000
149.6400000000
149.6900000000
149.8600000000
149.9500000000
150.0000000000
150.1000000000
150.1700000000
150.1900000000
150.3100000000
150.5100000000
150.5600000000
150.5600000000
150.6600000000
150.8100000000
150.9000000000
151.0700000000
151.3500000000
151.3800000000
151.2800000000
151.4700000000
151.7500000000
151.8800000000
151.9500000000
152.0000000000
152.0100000000
152.0100000000
152.1000000000
152.1500000000
152.1000000000
152.2200000000
152.3700000000
152.3900000000
152.4400000000
152.4800000000
152.5500000000
152.6800000000
152.7400000000
152.7700000000
152.7800000000
152.7700000000
152.8700000000
152.9300000000
152.8400000000
152.8200000000
152.8800000000
152.9200000000
153.0400000000
153.1100000000
153.0500000000
153.0500000000
153.0700000000
153.0500000000
153.0300000000
153.1100000000
153.3200000000
153.5100000000
153.6000000000
153.6300000000
153.6700000000
153.7500000000
153.7900000000
153.7700000000
153.7600000000
153.7900000000
153.8500000000
153.8900000000
153.8200000000
153.6800000000
153.6500000000
153.6300000000
153.5400000000
153.5500000000
153.6600000000
153.6500000000
153.4600000000
153.1800000000
153.1600000000
153.2000000000
152.9000000000
152.5800000000
152.4900000000
152.4000000000
152.3100000000
152.1600000000
151.9400000000
151.7900000000
151.5600000000
151.3500000000
151.3400000000
151.1800000000
150.9300000000
150.8200000000
150.6300000000
150.4900000000
150.4700000000
150.4000000000
150.3900000000
150.2900000000
149.9000000000
149.6900000000
149.7700000000
149.6800000000
149.4200000000
149.1900000000
149.0100000000
148.7400000000
148.3000000000
148.0300000000
147.8400000000
147.4200000000
147.2700000000
147.3800000000
147.2000000000
146.9600000000
146.7400000000
146.3600000000
146.0100000000
145.7800000000
145.7500000000
145.5300000000
144.9800000000
144.7200000000
144.6400000000
144.3900000000
144.3000000000
144.3200000000
144.1300000000
143.9600000000
143.9800000000
143.9500000000
143.8700000000
143.8500000000
143.8200000000
143.8300000000
143.8400000000
143.7400000000
143.6600000000
143.6000000000
143.5500000000
143.5800000000
143.6400000000
143.5800000000
143.5400000000
143.5700000000
143.5300000000
143.4900000000
143.5300000000
143.4500000000
143.3900000000
143.4200000000
143.3700000000
143.3100000000
143.3300000000
143.3400000000
143.3300000000
143.3100000000
143.3900000000
143.4900000000
143.4600000000
143.4400000000
143.4800000000
143.4600000000
143.4400000000
143.5200000000
143.5700000000
143.5400000000
143.4900000000
143.4500000000
143.4200000000
143.4400000000
143.4900000000
143.4600000000
143.4100000000
143.4800000000
143.6000000000
143.6100000000
143.6200000000
143.6900000000
143.7600000000
143.7700000000
143.7400000000
143.8000000000
143.8900000000
143.8600000000
143.9600000000
144.1700000000
144.1500000000
144.2000000000
144.4800000000
144.5800000000
144.5300000000
144.6600000000
144.8200000000
144.8200000000
144.8500000000
144.9000000000
144.9500000000
145.1200000000
145.2600000000
145.2100000000
145.2000000000
145.2900000000
145.3200000000
145.2900000000
145.3500000000
145.4500000000
145.3500000000
145.2400000000
145.3400000000
145.4700000000
145.4900000000
145.4300000000
145.3400000000
145.3200000000
145.3300000000
145.3600000000
145.3400000000
145.3000000000
145.3700000000
145.4300000000
145.2800000000
145.1700000000
145.0900000000
144.8700000000
144.7600000000
144.6900000000
144.4400000000
144.3100000000
144.3400000000
144.2800000000
144.2300000000
144.1500000000
143.8700000000
143.7000000000
143.6600000000
143.4600000000
143.2800000000
143.1500000000
142.9400000000
142.7500000000
142.6300000000
142.4400000000
142.1600000000
141.9800000000
141.9800000000
141.8900000000
141.5400000000
141.3000000000
141.3200000000
141.2400000000
141.0900000000
141.0300000000
140.9000000000
140.7300000000
140.6300000000
140.5100000000
140.3800000000
140.2600000000
140.1900000000
140.2000000000
140.2000000000
140.2000000000
140.2100000000
140.1900000000
140.2100000000
140.2100000000
140.1600000000
140.2800000000
140.3500000000
140.3000000000
140.5300000000
140.8700000000
141.0600000000
141.2800000000
141.5700000000
141.7200000000
141.7600000000
142.0700000000
142.5400000000
142.6800000000
142.8100000000
143.1600000000
143.4400000000
143.6900000000
143.9800000000
144.1900000000
144.2900000000
144.3400000000
144.5300000000
144.9200000000
145.1700000000
145.1600000000
145.5100000000
145.9900000000
146.0600000000
146.3300000000
146.6600000000
146.5100000000
146.6100000000
146.9400000000
146.9100000000
146.8400000000
146.8000000000
146.6500000000
146.6300000000
146.5700000000
146.4300000000
146.3600000000
146.1000000000
145.6700000000
145.4200000000
145.3400000000
145.3100000000
145.2400000000
145.2200000000
145.2800000000
145.0900000000
144.8200000000
144.6900000000
144.3900000000
144.1200000000
144.1600000000
144.2200000000
144.1400000000
144.0600000000
144.0400000000
143.8600000000
143.6900000000
143.8200000000
143.8500000000
143.7200000000
143.7600000000
143.7400000000
143.6900000000
143.7500000000
143.6500000000
143.5600000000
143.6300000000
143.4200000000
143.2100000000
143.3900000000
143.4800000000
143.3600000000
143.3500000000
143.4600000000
143.4600000000
143.3000000000
143.3000000000
143.5400000000
143.6800000000
143.6600000000
143.6500000000
143.6400000000
143.6300000000
143.5900000000
143.4500000000
143.5000000000
143.7300000000
143.7500000000
143.7100000000
143.7200000000
143.7800000000
144.0100000000
144.0400000000
144.0500000000
144.2300000000
144.0400000000
143.9600000000
144.3100000000
144.3400000000
144.2600000000
144.4100000000
144.3900000000
144.5800000000
145.0100000000
145.1100000000
145.4900000000
146.1600000000
146.1300000000
146.1300000000
146.5400000000
146.5100000000
146.6100000000
147.2300000000
147.6100000000
147.8600000000
148.0600000000
148.1600000000
148.7100000000
149.3600000000
149.6500000000
149.9600000000
150.2700000000
150.4700000000
150.7700000000
151.0700000000
151.3600000000
151.7400000000
152.1300000000
152.3200000000
152.3700000000
152.6400000000
153.0400000000
153.2200000000
153.4100000000
153.7000000000
153.9500000000
154.1600000000
154.2700000000
154.3200000000
154.3900000000
154.6600000000
155.0800000000
155.2300000000
155.4000000000
155.7200000000
155.8900000000
156.1200000000
156.3600000000
156.4700000000
156.6500000000
156.7000000000
156.8200000000
157.1200000000
157.1200000000
157.0900000000
157.3200000000
157.4900000000
157.6900000000
157.9600000000
158.0800000000
158.1700000000
158.3000000000
158.5000000000
158.7300000000
158.7600000000
158.7300000000
158.8500000000
158.8900000000
158.8600000000
158.9000000000
158.9600000000
159.0500000000
159.1400000000
159.1200000000
159.1300000000
159.1700000000
159.1400000000
159.1100000000
159.1300000000
159.0900000000
158.8800000000
158.6300000000
158.5400000000
158.5200000000
158.5200000000
158.5500000000
158.5300000000
158.5200000000
158.4800000000
158.3800000000
158.3000000000
158.0900000000
157.8300000000
157.6800000000
157.4700000000
157.3100000000
157.2600000000
157.0300000000
156.6300000000
156.2600000000
156.0100000000
155.6800000000
155.3600000000
155.3500000000
155.3100000000
155.0800000000
155.0500000000
155.0200000000
154.7700000000
154.5900000000
154.4500000000
154.2700000000
154.1600000000
154.0400000000
153.9000000000
153.8700000000
153.7800000000
153.6300000000
153.5400000000
153.3900000000
153.2300000000
153.1600000000
153.0500000000
153.0000000000
153.0200000000
152.8700000000
152.7600000000
152.7600000000
152.6400000000
152.5800000000
152.5800000000
152.5000000000
152.4700000000
152.4600000000
152.4700000000
152.4900000000
152.4000000000
152.3600000000
152.3200000000
152.2800000000
152.3500000000
152.2900000000
152.1700000000
152.2400000000
152.2800000000
152.2800000000
152.2700000000
152.1300000000
152.0500000000
152.0300000000
152.0000000000
151.9600000000
151.9400000000
151.9500000000
151.7600000000
151.5200000000
151.5900000000
151.6700000000
151.4900000000
151.4000000000
151.4100000000
151.3000000000
151.2600000000
151.3200000000
151.3300000000
151.3500000000
151.3900000000
151.4000000000
151.4300000000
151.3900000000
151.3900000000
151.4900000000
151.5500000000
151.5900000000
151.6600000000
151.6600000000
151.6500000000
151.7400000000
151.8300000000
151.8100000000
151.7900000000
151.7900000000
151.7900000000
151.8800000000
151.9700000000
151.9100000000
151.9200000000
151.9700000000
151.8000000000
151.7300000000
151.9700000000
152.1500000000
152.1600000000
152.1700000000
152.1700000000
152.1400000000
152.0900000000
152.1200000000
152.2200000000
152.3000000000
152.4000000000
152.5100000000
152.5500000000
152.5400000000
152.5100000000
152.6400000000
152.7400000000
152.6700000000
152.7600000000
152.9000000000
152.8700000000
152.8600000000
152.8700000000
152.9000000000
152.9400000000
152.9400000000
152.9300000000
152.9300000000
153.0200000000
153.1900000000
153.2500000000
153.2300000000
153.3100000000
153.4700000000
153.5700000000
153.5800000000
153.5700000000
153.5800000000
153.5900000000
153.6300000000
153.6800000000
153.7400000000
153.8200000000
153.8500000000
153.9200000000
154.0300000000
154.1000000000
154.1400000000
154.2400000000
154.3300000000
154.3300000000
154.3100000000
154.4000000000
154.5900000000
154.7300000000
154.9700000000
155.2100000000
155.2000000000
155.3000000000
155.6000000000
155.6700000000
155.6700000000
155.8600000000
156.0100000000
156.1700000000
156.3800000000
156.4500000000
156.4600000000
156.5000000000
156.5900000000
156.6800000000
156.6700000000
156.7100000000
156.8000000000
156.9100000000
157.2600000000
157.4000000000
157.1700000000
157.2600000000
157.4800000000
157.4200000000
157.4500000000
157.5400000000
157.4700000000
157.4800000000
157.5000000000
157.4100000000
157.3400000000
157.3500000000
157.3600000000
157.2600000000
157.1200000000
157.0400000000
157.0000000000
157.0200000000
157.0100000000
157.0000000000
157.0400000000
157.0400000000
157.0500000000
157.0900000000
157.1400000000
157.3400000000
157.5200000000
157.4500000000
157.4100000000
157.4300000000
157.3300000000
157.2500000000
157.2800000000
157.3000000000
157.2800000000
157.2900000000
157.3500000000
157.3600000000
157.3600000000
157.3800000000
157.3500000000
157.3300000000
157.3400000000
157.3000000000
157.2700000000
157.2800000000
157.2500000000
157.2400000000
157.2000000000
157.1000000000
157.0700000000
157.1000000000
157.1100000000
157.0100000000
156.8100000000
156.8600000000
156.9600000000
156.7000000000
156.5700000000
156.7100000000
156.5700000000
156.4700000000
156.5700000000
156.3900000000
156.2000000000
156.1700000000
155.9000000000
155.6900000000
155.7200000000
155.6700000000
155.5800000000
155.5000000000
155.3800000000
155.1600000000
154.8900000000
154.8100000000
154.7300000000
154.5400000000
154.5100000000
154.3500000000
154.0800000000
154.0500000000
153.9300000000
153.7500000000
153.7400000000
153.5000000000
153.2100000000
153.1900000000
153.1100000000
152.9900000000
152.9500000000
152.8400000000
152.7500000000
152.6900000000
152.6000000000
152.5900000000
152.6500000000
152.7100000000
152.7000000000
152.6400000000
152.7500000000
152.8100000000
152.6600000000
152.6600000000
152.6500000000
152.5600000000
152.5900000000
152.4400000000
152.2600000000
152.2900000000
152.1600000000
152.0300000000
152.0500000000
151.9500000000
151.8600000000
151.7700000000
151.5900000000
151.4900000000
151.4900000000
151.4700000000
151.3700000000
151.2900000000
151.1800000000
150.8900000000
150.8300000000
150.9900000000
150.7900000000
150.5700000000
150.6900000000
150.7200000000
150.7000000000
150.7600000000
150.7800000000
150.8600000000
150.9600000000
151.0300000000
151.2400000000
151.4200000000
151.5500000000
151.7100000000
151.8100000000
151.9400000000
152.1800000000
152.4400000000
152.7000000000
152.8300000000
152.9900000000
153.3400000000
153.4500000000
153.3500000000
153.4700000000
153.5700000000
153.5200000000
153.7400000000
153.9200000000
153.8100000000
153.9700000000
154.2800000000
154.3600000000
154.4000000000
154.5400000000
154.7600000000
154.8300000000
154.7000000000
154.9600000000
155.2200000000
155.1100000000
155.3300000000
155.5700000000
155.4700000000
155.5600000000
155.6600000000
155.6700000000
155.8400000000
155.9400000000
155.9500000000
155.9400000000
155.9300000000
156.0000000000
156.0900000000
156.2100000000
156.3700000000
156.5200000000
156.6500000000
156.7000000000
156.5900000000
156.5100000000
156.5900000000
156.6600000000
156.5300000000
156.3300000000
156.2600000000
156.2600000000
156.2400000000
156.2600000000
156.2500000000
156.2400000000
156.2800000000
156.3100000000
156.3400000000
156.4300000000
156.4700000000
156.4700000000
156.4900000000
156.4900000000
156.5900000000
156.7000000000
156.5900000000
156.4800000000
156.5400000000
156.5700000000
156.5400000000
156.4900000000
156.3700000000
156.3200000000
156.3100000000
156.2400000000
156.1100000000
155.8900000000
155.7500000000
155.7100000000
155.4900000000
155.2900000000
155.2500000000
155.2000000000
155.0600000000
154.8800000000
154.7300000000
154.6400000000
154.5900000000
154.5800000000
154.5600000000
154.5300000000
154.5000000000
154.4700000000
154.4500000000
154.4700000000
154.5100000000
154.4600000000
154.4100000000
154.4500000000
154.4000000000
154.2700000000
154.2200000000
154.1400000000
154.0400000000
154.0900000000
154.0200000000
153.7100000000
153.4200000000
153.2800000000
153.2300000000
153.1800000000
153.1500000000
153.1700000000
153.1300000000
153.0100000000
152.9300000000
152.8500000000
152.7800000000
152.7800000000
152.8300000000
152.8500000000
152.8300000000
152.8500000000
152.9200000000
152.9400000000
152.9300000000
152.9000000000
152.8400000000
152.8100000000
152.9000000000
152.8800000000
152.7000000000
152.6200000000
152.5200000000
152.4400000000
152.6300000000
152.6500000000
152.5200000000
152.6000000000
152.4600000000
152.1900000000
152.2400000000
152.2600000000
152.0700000000
151.9400000000
151.9000000000
151.8700000000
151.8000000000
151.7000000000
151.6500000000
151.6000000000
151.5900000000
151.6300000000
151.6400000000
151.6100000000
151.6000000000
151.5500000000
151.5200000000
151.5400000000
151.5600000000
151.6700000000
151.8000000000
151.8100000000
151.8100000000
151.8900000000
152.0000000000
152.0200000000
152.0400000000
152.1300000000
152.1700000000
152.1100000000
151.9500000000
151.7800000000
151.8200000000
151.8800000000
151.8200000000
151.8200000000
151.9200000000
151.9000000000
151.7300000000
151.6500000000
151.6800000000
151.6300000000
151.5900000000
151.5400000000
151.4500000000
151.3900000000
151.3600000000
151.3800000000
151.3100000000
151.0600000000
151.0800000000
151.3800000000
151.5600000000
151.5900000000
151.5200000000
151.6300000000
151.9100000000
151.9200000000
151.8000000000
151.9400000000
152.1400000000
152.2200000000
152.3800000000
152.5600000000
152.7000000000
152.8400000000
152.8800000000
152.8200000000
152.8300000000
152.8700000000
152.9400000000
153.1200000000
153.3400000000
153.4200000000
153.3500000000
153.3400000000
153.4300000000
153.4600000000
153.5800000000
153.7200000000
153.7800000000
153.9800000000
154.1300000000
154.2000000000
154.4600000000
154.7400000000
154.8900000000
154.9200000000
154.9600000000
155.3400000000
155.6800000000
155.6600000000
155.7900000000
156.2100000000
156.4200000000
156.3600000000
156.3600000000
156.4700000000
156.5100000000
156.5400000000
156.8100000000
157.0800000000
157.1400000000
157.1700000000
157.1000000000
157.0500000000
157.1200000000
157.0600000000
157.0500000000
157.0500000000
156.6600000000
156.4500000000
156.5700000000
156.5200000000
156.4000000000
156.3300000000
156.3400000000
156.3600000000
156.1200000000
155.9800000000
155.9600000000
155.5600000000
155.3200000000
155.4100000000
155.2300000000
155.0800000000
155.1600000000
154.9900000000
154.8200000000
154.8300000000
154.6100000000
154.3600000000
154.2700000000
153.9800000000
153.7200000000
153.6800000000
153.5700000000
153.4700000000
153.5000000000
153.5000000000
153.4800000000
153.4600000000
153.4600000000
153.3800000000
153.2300000000
153.1800000000
153.1600000000
153.0800000000
153.0200000000
152.7600000000
152.4800000000
152.4800000000
152.4400000000
152.2200000000
152.2000000000
152.2400000000
152.1000000000
151.9900000000
151.9200000000
151.8500000000
151.8700000000
151.8600000000
151.7600000000
151.7000000000
151.7400000000
151.7500000000
151.6800000000
151.7900000000
152.0000000000
152.0600000000
152.1200000000
152.2900000000
152.4000000000
152.4100000000
152.4600000000
152.6000000000
152.6900000000
152.8700000000
153.0700000000
153.0300000000
153.1300000000
153.4500000000
153.5600000000
153.6500000000
153.8800000000
154.0700000000
154.2800000000
154.4300000000
154.4600000000
154.5100000000
154.6900000000
154.9800000000
155.2300000000
155.4800000000
155.6200000000
155.5800000000
155.8400000000
156.2500000000
156.2300000000
156.2900000000
156.7300000000
156.9100000000
156.9000000000
157.2500000000
157.6600000000
157.8000000000
157.8200000000
157.8700000000
158.2000000000
158.5800000000
158.6600000000
158.7200000000
158.8400000000
158.8900000000
159.1100000000
159.3900000000
159.4900000000
159.6400000000
159.9300000000
160.0800000000
160.1100000000
160.2500000000
160.3100000000
160.3200000000
160.4300000000
160.4300000000
160.5000000000
160.7500000000
160.7600000000
160.7000000000
160.8700000000
160.9900000000
160.9600000000
160.9500000000
160.9500000000
160.9700000000
161.0000000000
160.9900000000
161.0200000000
161.0300000000
160.9800000000
160.9600000000
160.9100000000
160.8400000000
160.8600000000
160.8600000000
160.8500000000
160.8800000000
160.8400000000
160.8800000000
160.9900000000
160.8300000000
160.7000000000
160.8700000000
160.8800000000
160.7600000000
160.8200000000
160.8900000000
160.8800000000
160.9700000000
161.0100000000
160.8600000000
160.7800000000
160.8200000000
160.7900000000
160.7300000000
160.7100000000
160.7000000000
160.6700000000
160.5800000000
160.5300000000
160.5400000000
160.4300000000
160.2900000000
160.1600000000
160.0000000000
159.9300000000
159.9200000000
159.8600000000
159.8300000000
159.8800000000
159.9100000000
159.8700000000
159.8300000000
159.8200000000
159.7300000000
159.6500000000
159.6300000000
159.5200000000
159.4200000000
159.3000000000
158.9900000000
158.7300000000
158.7300000000
158.7700000000
158.6400000000
158.4200000000
158.3100000000
158.3300000000
158.3200000000
158.2000000000
158.0000000000
157.7700000000
157.5600000000
157.4100000000
157.3500000000
157.3100000000
157.2600000000
157.2400000000
157.2200000000
157.2300000000
157.2600000000
157.2100000000
157.0900000000
157.0400000000
157.0800000000
157.0600000000
157.0200000000
157.0400000000
157.0300000000
157.0800000000
157.0900000000
157.0800000000
157.1300000000
157.0600000000
156.9800000000
157.0700000000
157.1400000000
157.3500000000
157.5400000000
157.4800000000
157.6600000000
157.9100000000
157.7400000000
157.6400000000
157.8000000000
157.8700000000
157.8900000000
158.0400000000
158.1500000000
158.1400000000
158.3200000000
158.4900000000
158.5000000000
158.6600000000
158.8700000000
158.9600000000
159.0100000000
158.9900000000
159.0600000000
159.1300000000
159.1700000000
159.3400000000
159.5300000000
159.6600000000
159.7900000000
159.8200000000
159.8400000000
159.8900000000
159.9600000000
160.1200000000
160.2200000000
160.1800000000
160.2200000000
160.3300000000
160.3400000000
160.4200000000
160.5600000000
160.5700000000
160.5600000000
160.6500000000
160.7100000000
160.7000000000
160.8100000000
160.8900000000
160.7800000000
160.7500000000
160.7200000000
160.4900000000
160.4200000000
160.4800000000
160.4500000000
160.4400000000
160.4300000000
160.3900000000
160.4200000000
160.3400000000
160.2000000000
160.2700000000
160.3200000000
160.2600000000
160.2600000000
160.1900000000
160.1300000000
160.1200000000
159.9400000000
159.8100000000
159.8800000000
159.8700000000
159.7800000000
159.7800000000
159.8700000000
159.8700000000
159.7800000000
159.7900000000
159.8300000000
159.8200000000
159.9200000000
160.0600000000
160.1200000000
160.1800000000
160.1400000000
160.1400000000
160.2000000000
159.9300000000
159.6100000000
159.6900000000
159.6800000000
159.5000000000
159.4100000000
159.3100000000
159.3200000000
159.3500000000
159.2300000000
159.0500000000
158.7600000000
158.5800000000
158.4800000000
158.2700000000
158.2400000000
158.0100000000
157.4900000000
157.2600000000
157.0900000000
156.8200000000
156.7100000000
156.6100000000
156.3600000000
156.0000000000
155.8600000000
155.8600000000
155.5000000000
155.0900000000
155.0200000000
155.0100000000
154.9700000000
154.9500000000
155.0600000000
155.1900000000
155.1300000000
155.0600000000
154.9600000000
154.8400000000
154.8600000000
154.8800000000
154.8400000000
154.7400000000
154.5600000000
154.4700000000
154.5000000000
154.4700000000
154.3300000000
154.2700000000
154.0900000000
153.6600000000
153.5800000000
153.6600000000
153.3500000000
153.0400000000
152.9800000000
153.0300000000
153.0700000000
153.0100000000
152.9900000000
152.8400000000
152.5700000000
152.4800000000
152.3600000000
152.1800000000
152.0800000000
151.9600000000
151.9700000000
151.9500000000
151.7000000000
151.3600000000
151.0500000000
151.0100000000
151.1200000000
150.9900000000
150.8600000000
150.8600000000
150.8400000000
150.8200000000
150.5800000000
150.2400000000
150.1600000000
150.1000000000
149.9100000000
149.8000000000
149.7900000000
149.7600000000
149.6900000000
149.6300000000
149.6000000000
149.5500000000
149.4300000000
149.2700000000
149.2100000000
149.1500000000
149.1100000000
149.1000000000
148.8600000000
148.5700000000
148.5900000000
148.6000000000
148.5200000000
148.5400000000
148.4800000000
148.3200000000
148.3300000000
148.3500000000
148.3000000000
148.2800000000
148.2600000000
148.2100000000
148.1900000000
148.1400000000
148.0300000000
147.9300000000
147.9000000000
147.9000000000
147.8700000000
147.8500000000
147.8500000000
147.8500000000
147.9400000000
148.0300000000
148.0100000000
147.9300000000
147.9000000000
147.9000000000
147.9000000000
147.9100000000
147.9300000000
147.9700000000
147.9600000000
147.9500000000
147.9800000000
147.9400000000
147.9600000000
148.1000000000
148.0600000000
147.9400000000
147.9700000000
147.9800000000
147.9600000000
147.9800000000
148.0600000000
148.1300000000
148.1000000000
148.1300000000
148.2600000000
148.3100000000
148.4300000000
148.5700000000
148.5000000000
148.5100000000
148.5900000000
148.5600000000
148.6000000000
148.6700000000
148.6500000000
148.6600000000
148.7000000000
148.6800000000
148.6700000000
148.7000000000
148.7200000000
148.6800000000
148.7500000000
148.8600000000
148.7800000000
148.6900000000
148.6700000000
148.6900000000
148.7900000000
148.8300000000
148.9000000000
149.0800000000
148.9700000000
148.8300000000
149.0600000000
149.2000000000
149.1300000000
149.1300000000
149.1600000000
149.1400000000
149.1600000000
149.1500000000
149.0800000000
149.2000000000
149.3300000000
149.1400000000
148.9800000000
149.0600000000
149.1000000000
149.0800000000
149.0900000000
149.0900000000
149.0900000000
149.1100000000
149.1300000000
149.1000000000
149.1100000000
149.1200000000
148.9800000000
148.8700000000
148.9200000000
148.9100000000
148.8800000000
148.9000000000
148.8900000000
148.9000000000
148.9100000000
148.9300000000
148.9600000000
148.9500000000
148.9500000000
148.9500000000
148.9200000000
148.9400000000
148.9600000000
148.9500000000
148.9500000000
148.9600000000
148.9800000000
148.9600000000
148.9500000000
148.9500000000
148.9800000000
148.9700000000
148.9200000000
148.9700000000
149.0200000000
148.9100000000
149.0900000000
149.3800000000
149.2600000000
149.1300000000
149.2500000000
149.2800000000
149.1300000000
148.9500000000
149.0000000000
149.1100000000
148.9100000000
148.7100000000
148.7800000000
148.8000000000
148.6800000000
148.6000000000
148.5900000000
148.6000000000
148.5800000000
148.4900000000
148.4200000000
148.3700000000
148.3200000000
148.2800000000
148.2000000000
148.1000000000
148.0200000000
147.9500000000
147.8800000000
147.8100000000
147.7800000000
147.8000000000
147.7900000000
147.7900000000
147.8100000000
147.7600000000
147.6900000000
147.7100000000
147.7500000000
147.6900000000
147.6200000000
147.5500000000
147.4100000000
147.3400000000
147.3200000000
147.2900000000
147.3300000000
147.2600000000
146.9800000000
146.8300000000
146.8300000000
146.8600000000
146.8400000000
146.7600000000
146.7200000000
146.7000000000
146.6900000000
146.6900000000
146.5100000000
146.2900000000
146.2400000000
146.1800000000
146.1600000000
146.1900000000
146.1400000000
146.1100000000
146.1400000000
146.1100000000
146.0500000000
146.0300000000
146.0300000000
146.0300000000
146.0300000000
146.0500000000
146.0800000000
146.0700000000
146.0400000000
146.0900000000
146.1700000000
146.0700000000
145.9400000000
145.9500000000
145.9500000000
145.9400000000
145.9700000000
145.9200000000
145.8800000000
145.9100000000
145.8100000000
145.6800000000
145.6300000000
145.5600000000
145.5200000000
145.5200000000
145.4700000000
145.4200000000
145.3400000000
145.3100000000
145.3700000000
145.4000000000
145.4200000000
145.4100000000
145.3200000000
145.2700000000
145.2500000000
145.2200000000
145.2300000000
145.2300000000
145.2200000000
145.2300000000
145.2200000000
145.2300000000
145.3200000000
145.3900000000
145.4000000000
145.4100000000
145.3800000000
145.2600000000
145.2900000000
145.3500000000
145.2200000000
145.1100000000
145.1300000000
145.1500000000
145.2200000000
145.2500000000
145.1900000000
145.1900000000
145.2000000000
145.1200000000
145.1100000000
145.0600000000
144.9700000000
144.9700000000
144.8800000000
144.7900000000
144.8800000000
144.9000000000
