-0.2343300000
0.4969800000
1.4854000000
1.9248000000
1.9128000000
1.7759000000
1.5817000000
1.3305000000
0.9969300000
0.5074700000
-0.3272500000
-1.5170000000
-2.0364000000
-2.0215000000
-1.8923000000
-1.7214000000
-1.5168000000
-1.2763000000
-0.9907100000
-0.6361700000
-0.1546300000
0.5480000000
1.3351000000
1.6827000000
1.6497000000
1.4826000000
1.2592000000
0.9927700000
0.6747600000
0.2748000000
-0.2640000000
-0.9346300000
-1.4279000000
-1.5333000000
-1.4221000000
-1.2236000000
-0.9783800000
-0.6938900000
-0.3628300000
0.0332360000
0.5016900000
0.9567600000
1.2170000000
1.2397000000
1.1175000000
0.9244100000
0.6979300000
0.4631400000
0.2510600000
0.1124500000
0.1253900000
0.3953400000
0.9933200000
1.6209000000
1.8617000000
1.8579000000
1.7582000000
1.5940000000
1.3555000000
1.0009000000
0.4045600000
-0.7547900000
-2.0314000000
-2.2844000000
-2.2489000000
-2.1631000000
-2.0472000000
-1.9034000000
-1.7329000000
-1.5369000000
-1.3170000000
-1.0747000000
-0.8111200000
-0.5273000000
-0.2256600000
0.0841020000
0.3726000000
0.5854100000
0.6711600000
0.6166300000
0.4344500000
0.1279800000
-0.3192900000
-0.8693800000
-1.2844000000
-1.3811000000
-1.2470000000
-0.9650800000
-0.5111300000
0.2747800000
1.4355000000
2.0060000000
2.0088000000
1.8818000000
1.7095000000
1.5008000000
1.2521000000
0.9499200000
0.5591100000
-0.0048600000
-0.8411900000
-1.5912000000
-1.7762000000
-1.6773000000
-1.4901000000
-1.2567000000
-0.9796300000
-0.6425000000
-0.2018000000
0.4171400000
1.1520000000
1.5715000000
1.5931000000
1.4455000000
1.2302000000
0.9711200000
0.6664200000
0.2961600000
-0.1782200000
-0.7607300000
-1.2528000000
-1.4246000000
-1.3569000000
-1.1808000000
-0.9524300000
-0.6909500000
-0.4034600000
-0.0958060000
0.2157500000
0.4892200000
0.6614900000
0.6902100000
0.5748700000
0.3241300000
-0.0796960000
-0.6580700000
-1.2401000000
-1.4911000000
-1.4362000000
-1.2231000000
-0.8881300000
-0.3643700000
0.5455900000
1.6697000000
2.0345000000
1.9835000000
1.8422000000
1.6609000000
1.4441000000
1.1869000000
0.8742400000
0.4673800000
-0.1222100000
-0.9591200000
-1.6161000000
-1.7407000000
-1.6242000000
-1.4279000000
-1.1863000000
-0.8995900000
-0.5486600000
-0.0857670000
0.5544100000
1.2426000000
1.5684000000
1.5474000000
1.3848000000
1.1613000000
0.8954700000
0.5839100000
0.2064400000
-0.2696500000
-0.8233900000
-1.2486000000
-1.3744000000
-1.2910000000
-1.1102000000
-0.8817500000
-0.6255700000
-0.3544300000
-0.0861510000
0.1453600000
0.2861500000
0.2746400000
0.0476820000
-0.4791800000
-1.2549000000
-1.7381000000
-1.7905000000
-1.6675000000
-1.4580000000
-1.1569000000
-0.6971900000
0.1266800000
1.4903000000
2.1752000000
2.2014000000
2.1136000000
1.9889000000
1.8343000000
1.6510000000
1.4386000000
1.1954000000
0.9158100000
0.5847200000
0.1680200000
-0.3861900000
-1.0273000000
-1.4350000000
-1.4892000000
-1.3608000000
-1.1563000000
-0.9101300000
-0.6310700000
-0.3183600000
0.0314300000
0.4072800000
0.7490800000
0.9576400000
0.9930900000
0.8961300000
0.7201200000
0.5029500000
0.2762800000
0.0819450000
-0.0147380000
0.0794750000
0.4859700000
1.2244000000
1.7916000000
1.9273000000
1.8823000000
1.7650000000
1.5892000000
1.3414000000
0.9782800000
0.3730900000
-0.7866900000
-2.0218000000
-2.2582000000
-2.2136000000
-2.1179000000
-1.9916000000
-1.8370000000
-1.6551000000
-1.4464000000
-1.2112000000
-0.9478800000
-0.6508500000
-0.3071800000
0.1043400000
0.5844800000
1.0239000000
1.2444000000
1.2381000000
1.1043000000
0.9122400000
0.6995800000
0.4985500000
0.3549200000
0.3412900000
0.5574200000
1.0578000000
1.5956000000
1.8381000000
1.8672000000
1.8031000000
1.6776000000
1.4870000000
1.2057000000
0.7608600000
-0.0668550000
-1.5174000000
-2.2571000000
-2.3032000000
-2.2447000000
-2.1525000000
-2.0321000000
-1.8847000000
-1.7117000000
-1.5151000000
-1.2977000000
-1.0632000000
-0.8176900000
-0.5725600000
-0.3501000000
-0.1924200000
-0.1683300000
-0.3733900000
-0.8873800000
-1.5099000000
-1.8086000000
-1.8337000000
-1.7449000000
-1.5860000000
-1.3500000000
-0.9944600000
-0.3890000000
0.7970100000
2.0622000000
2.2992000000
2.2655000000
2.1842000000
2.0731000000
1.9344000000
1.7693000000
1.5793000000
1.3664000000
1.1334000000
0.8838800000
0.6237300000
0.3648400000
0.1315800000
-0.0315100000
-0.0589320000
0.1323100000
0.6360100000
1.3540000000
1.7685000000
1.8144000000
1.7098000000
1.5251000000
1.2550000000
0.8439500000
0.1180200000
-1.2257000000
-2.1708000000
-2.2662000000
-2.2040000000
-2.1027000000
-1.9721000000
-1.8136000000
-1.6283000000
-1.4171000000
-1.1806000000
-0.9178900000
-0.6255100000
-0.2950600000
0.0852570000
0.5086200000
0.8937900000
1.1087000000
1.1259000000
1.0154000000
0.8428400000
0.6524900000
0.4871000000
0.4071100000
0.5012300000
0.8598500000
1.4001000000
1.7680000000
1.8791000000
1.8647000000
1.7846000000
1.6475000000
1.4431000000
1.1397000000
0.6478400000
-0.2958100000
-1.7576000000
-2.2878000000
-2.2976000000
-2.2321000000
-2.1352000000
-2.0104000000
-1.8587000000
-1.6818000000
-1.4819000000
-1.2618000000
-1.0259000000
-0.7811100000
-0.5407700000
-0.3310600000
-0.2000500000
-0.2238400000
-0.5025700000
-1.0762000000
-1.6295000000
-1.8326000000
-1.8209000000
-1.7165000000
-1.5442000000
-1.2895000000
-0.8986900000
-0.2072100000
1.1204000000
2.1732000000
2.3029000000
2.2557000000
2.1691000000
2.0536000000
1.9106000000
1.7416000000
1.5481000000
1.3327000000
1.0981000000
0.8489600000
0.5930300000
0.3459400000
0.1387000000
0.0249410000
0.0817020000
0.4070400000
1.0446000000
1.6399000000
1.8309000000
1.7926000000
1.6589000000
1.4518000000
1.1480000000
0.6652200000
-0.2421400000
-1.6818000000
-2.2565000000
-2.2680000000
-2.1946000000
-2.0885000000
-1.9539000000
-1.7920000000
-1.6041000000
-1.3916000000
-1.1557000000
-0.8974200000
-0.6168900000
-0.3139700000
0.0081338000
0.3307700000
0.6040000000
0.7622200000
0.7774400000
0.6701200000
0.4723600000
0.2055700000
-0.1155900000
-0.4585200000
-0.7407200000
-0.8612500000
-0.7806700000
-0.4929600000
0.0758630000
1.0340000000
1.8090000000
1.9389000000
1.8363000000
1.6621000000
1.4365000000
1.1479000000
0.7560400000
0.1493600000
-0.8672100000
-1.8168000000
-2.0035000000
-1.9107000000
-1.7499000000
-1.5514000000
-1.3168000000
-1.0385000000
-0.6951500000
-0.2340000000
0.4415500000
1.2563000000
1.6762000000
1.6734000000
1.5167000000
1.2994000000
1.0389000000
0.7286800000
0.3412200000
-0.1797100000
-0.8518100000
-1.3983000000
-1.5475000000
-1.4532000000
-1.2619000000
-1.0213000000
-0.7408600000
-0.4137000000
-0.0201260000
0.4549200000
0.9380500000
1.2338000000
1.2759000000
1.1607000000
0.9693800000
0.7413000000
0.4995300000
0.2699500000
0.0949660000
0.0418670000
0.2041700000
0.6875700000
1.3935000000
1.8062000000
1.8679000000
1.7899000000
1.6405000000
1.4212000000
1.1007000000
0.5839400000
-0.4014000000
-1.8154000000
-2.2662000000
-2.2571000000
-2.1778000000
-2.0667000000
-1.9273000000
-1.7608000000
-1.5682000000
-1.3509000000
-1.1100000000
-0.8454800000
-0.5563500000
-0.2400700000
0.1025600000
0.4501500000
0.7387900000
0.8920300000
0.8935300000
0.7828300000
0.6062800000
0.4025300000
0.2138700000
0.1025900000
0.1622400000
0.5177000000
1.2040000000
1.7747000000
1.9409000000
1.9237000000
1.8348000000
1.6920000000
1.4881000000
1.1973000000
0.7489400000
-0.0662090000
-1.4747000000
-2.2161000000
-2.2578000000
-2.1860000000
-2.0787000000
-1.9424000000
-1.7785000000
-1.5878000000
-1.3714000000
-1.1293000000
-0.8603000000
-0.5595100000
-0.2165600000
0.1809400000
0.6154800000
0.9806100000
1.1493000000
1.1282000000
0.9961200000
0.8134800000
0.6215300000
0.4639300000
0.4049900000
0.5372100000
0.9403900000
1.4781000000
1.7981000000
1.8800000000
1.8515000000
1.7604000000
1.6112000000
1.3903000000
1.0588000000
0.5043700000
-0.5841000000
-1.9663000000
-2.3052000000
-2.2881000000
-2.2156000000
-2.1131000000
-1.9829000000
-1.8262000000
-1.6447000000
-1.4407000000
-1.2174000000
-0.9794400000
-0.7349900000
-0.4995500000
-0.3035000000
-0.2010000000
-0.2749500000
-0.6256900000
-1.2353000000
-1.7091000000
-1.8424000000
-1.8040000000
-1.6850000000
-1.4976000000
-1.2208000000
-0.7861300000
0.0139620000
1.4466000000
2.2424000000
2.2996000000
2.2417000000
2.1491000000
2.0282000000
1.8801000000
1.7062000000
1.5085000000
1.2894000000
1.0522000000
0.8021900000
0.5487500000
0.3108900000
0.1253000000
0.0527640000
0.1784800000
0.6024900000
1.2795000000
1.7432000000
1.8369000000
1.7656000000
1.6141000000
1.3875000000
1.0512000000
0.4953700000
-0.5823200000
-1.9443000000
-2.2824000000
-2.2590000000
-2.1778000000
-2.0661000000
-1.9263000000
-1.7596000000
-1.5674000000
-1.3512000000
-1.1127000000
-0.8534600000
-0.5750600000
-0.2808200000
0.0190990000
0.2972200000
0.5033300000
0.5860500000
0.5230400000
0.3111500000
-0.0697050000
-0.6469300000
-1.2547000000
-1.5275000000
-1.4805000000
-1.2709000000
-0.9362200000
-0.4038600000
0.5475000000
1.7367000000
2.0981000000
2.0502000000
1.9209000000
1.7544000000
1.5551000000
1.3204000000
1.0422000000
0.6987800000
0.2371300000
-0.4404500000
-1.2592000000
-1.6805000000
-1.6774000000
-1.5206000000
-1.3035000000
-1.0432000000
-0.7331700000
-0.3456900000
0.1760000000
0.8510800000
1.4015000000
1.5519000000
1.4575000000
1.2663000000
1.0256000000
0.7448100000
0.4167800000
0.0209220000
-0.4590200000
-0.9482500000
-1.2458000000
-1.2860000000
-1.1688000000
-0.9760500000
-0.7464400000
-0.5022200000
-0.2679300000
-0.0839040000
-0.0146460000
-0.1497000000
-0.5965600000
-1.3079000000
-1.7790000000
-1.8675000000
-1.7966000000
-1.6505000000
-1.4348000000
-1.1209000000
-0.6194900000
0.3283600000
1.7534000000
2.2580000000
2.2567000000
2.1785000000
2.0679000000
1.9289000000
1.7626000000
1.5701000000
1.3526000000
1.1109000000
0.8446700000
0.5517400000
0.2273800000
-0.1311300000
-0.5035100000
-0.8158700000
-0.9781500000
-0.9776700000
-0.8655800000
-0.6953400000
-0.5104900000
-0.3597100000
-0.3144200000
-0.4773000000
-0.9387700000
-1.5292000000
-1.8472000000
-1.9147000000
-1.8781000000
-1.7829000000
-1.6322000000
-1.4132000000
-1.0902000000
-0.5623400000
0.4574000000
1.8717000000
2.2849000000
2.2739000000
2.1987000000
2.0925000000
1.9582000000
1.7971000000
1.6107000000
1.4007000000
1.1693000000
0.9194100000
0.6550500000
0.3841800000
0.1239700000
-0.0911810000
-0.2074300000
-0.1612200000
0.1201700000
0.7153000000
1.4407000000
1.7708000000
1.7596000000
1.6138000000
1.3838000000
1.0471000000
0.5043700000
-0.5210700000
-1.8630000000
-2.2354000000
-2.2071000000
-2.1126000000
-1.9860000000
-1.8305000000
-1.6470000000
-1.4358000000
-1.1960000000
-0.9240100000
-0.6098200000
-0.2305200000
0.2503100000
0.8183000000
1.2625000000
1.3973000000
1.3166000000
1.1384000000
0.9144800000
0.6668700000
0.4116500000
0.1724400000
-0.0089510000
-0.0683360000
0.0778420000
0.5312100000
1.2595000000
1.7561000000
1.8456000000
1.7626000000
1.5993000000
1.3602000000
1.0081000000
0.4247300000
-0.6975800000
-1.9868000000
-2.2641000000
-2.2271000000
-2.1358000000
-2.0138000000
-1.8636000000
-1.6861000000
-1.4822000000
-1.2526000000
-0.9965600000
-0.7109100000
-0.3873100000
-0.0111910000
0.4231000000
0.8525200000
1.1271000000
1.1829000000
1.0887000000
0.9199400000
0.7234800000
0.5373900000
0.4118000000
0.4233600000
0.6706700000
1.1753000000
1.6535000000
1.8520000000
1.8728000000
1.8121000000
1.6929000000
1.5108000000
1.2421000000
0.8216600000
0.0532940000
-1.3629000000
-2.2336000000
-2.3091000000
-2.2564000000
-2.1685000000
-2.0521000000
-1.9086000000
-1.7394000000
-1.5464000000
-1.3325000000
-1.1014000000
-0.8592000000
-0.6172000000
-0.3974100000
-0.2414100000
-0.2180800000
-0.4235200000
-0.9309900000
-1.5282000000
-1.8105000000
-1.8357000000
-1.7518000000
-1.5993000000
-1.3715000000
-1.0288000000
-0.4509500000
0.6836100000
2.0146000000
2.3022000000
2.2767000000
2.1997000000
2.0929000000
1.9584000000
1.7973000000
1.6115000000
1.4030000000
1.1747000000
0.9308200000
0.6784400000
0.4312700000
0.2167300000
0.0841490000
0.1082700000
0.3871000000
0.9814300000
1.5957000000
1.8274000000
1.8116000000
1.6946000000
1.5062000000
1.2299000000
0.8014100000
0.0238060000
-1.3820000000
-2.2193000000
-2.2849000000
-2.2239000000
-2.1269000000
-2.0012000000
-1.8480000000
-1.6688000000
-1.4649000000
-1.2382000000
-0.9904700000
-0.7238300000
-0.4415800000
-0.1515500000
0.1261000000
0.3506100000
0.4681900000
0.4377300000
0.2339800000
-0.1852800000
-0.8483700000
-1.4650000000
-1.6558000000
-1.5654000000
-1.3461000000
-1.0151000000
-0.4940000000
0.4525200000
1.7312000000
2.1515000000
2.1198000000
2.0061000000
1.8570000000
1.6770000000
1.4657000000
1.2199000000
0.9304900000
0.5743900000
0.0975570000
-0.5768200000
-1.3019000000
-1.6224000000
-1.5888000000
-1.4212000000
-1.1958000000
-0.9281400000
-0.6117800000
-0.2215000000
0.2855900000
0.8891900000
1.3360000000
1.4456000000
1.3454000000
1.1541000000
0.9162300000
0.6457900000
0.3464800000
0.0207530000
-0.3163700000
-0.6157700000
-0.8022600000
-0.8362300000
-0.7363900000
-0.5365500000
-0.2548500000
0.1068500000
0.5327600000
0.9227100000
1.1194000000
1.0872000000
0.8811800000
0.5136000000
-0.1019900000
-1.0607000000
-1.7820000000
-1.8844000000
-1.7654000000
-1.5765000000
-1.3391000000
-1.0436000000
-0.6538500000
-0.0747930000
0.8339800000
1.6799000000
1.8758000000
1.7789000000
1.6007000000
1.3798000000
1.1175000000
0.8004200000
0.3909500000
-0.1913500000
-0.9791100000
-1.5678000000
-1.6752000000
-1.5551000000
-1.3543000000
-1.1076000000
-0.8157300000
-0.4602900000
0.0026092000
0.6175300000
1.2318000000
1.5051000000
1.4724000000
1.3073000000
1.0826000000
0.8179900000
0.5139100000
0.1594100000
-0.2590300000
-0.7126400000
-1.0665000000
-1.1977000000
-1.1422000000
-0.9843100000
-0.7766100000
-0.5503400000
-0.3361300000
-0.1805100000
-0.1570200000
-0.3690100000
-0.9059700000
-1.5512000000
-1.8506000000
-1.8785000000
-1.8003000000
-1.6584000000
-1.4494000000
-1.1441000000
-0.6569900000
0.2636500000
1.7087000000
2.2649000000
2.2745000000
2.2026000000
2.0983000000
1.9656000000
1.8059000000
1.6204000000
1.4106000000
1.1785000000
0.9258100000
0.6547900000
0.3693500000
0.0794050000
-0.1904200000
-0.3944500000
-0.4796300000
-0.4105800000
-0.1623200000
0.3130900000
1.0072000000
1.5414000000
1.6483000000
1.5217000000
1.2786000000
0.9144800000
0.3227300000
-0.7599000000
-1.9148000000
-2.1581000000
-2.0952000000
-1.9716000000
-1.8146000000
-1.6269000000
-1.4073000000
-1.1515000000
-0.8479100000
-0.4671000000
0.0558720000
0.7802600000
1.4372000000
1.6390000000
1.5558000000
1.3694000000
1.1326000000
0.8534100000
0.5206900000
0.1030600000
-0.4411100000
-1.0403000000
-1.4006000000
-1.4377000000
-1.3052000000
-1.0986000000
-0.8508300000
-0.5714800000
-0.2623000000
0.0740790000
0.4167400000
0.7043500000
0.8598800000
0.8603000000
0.7372900000
0.5275000000
0.2511800000
-0.0820810000
-0.4483100000
-0.7690100000
-0.9330900000
-0.8983200000
-0.6831400000
-0.2706000000
0.4467600000
1.3914000000
1.8421000000
1.8298000000
1.6769000000
1.4623000000
1.1883000000
0.8257100000
0.2892500000
-0.6017700000
-1.6345000000
-1.9622000000
-1.8997000000
-1.7437000000
-1.5456000000
-1.3105000000
-1.0311000000
-0.6859400000
-0.2212100000
0.4597800000
1.2716000000
1.6790000000
1.6705000000
1.5119000000
1.2935000000
1.0320000000
0.7203700000
0.3304500000
-0.1945000000
-0.8684400000
-1.4066000000
-1.5473000000
-1.4494000000
-1.2566000000
-1.0150000000
-0.7335200000
-0.4050000000
-0.0094349000
0.4674200000
0.9485400000
1.2378000000
1.2747000000
1.1568000000
0.9642300000
0.7355300000
0.4936400000
0.2646900000
0.0915620000
0.0421320000
0.2104600000
0.7015600000
1.4072000000
1.8103000000
1.8672000000
1.7871000000
1.6363000000
1.4151000000
1.0914000000
0.5678800000
-0.4331100000
-1.8391000000
-2.2680000000
-2.2556000000
-2.1754000000
-2.0636000000
-1.9236000000
-1.7564000000
-1.5632000000
-1.3453000000
-1.1037000000
-0.8386400000
-0.5487700000
-0.2315900000
0.1119500000
0.4596700000
0.7464100000
0.8961000000
0.8943100000
0.7815500000
0.6042400000
0.4011300000
0.2151200000
0.1096200000
0.1796700000
0.5505000000
1.2416000000
1.7892000000
1.9414000000
1.9204000000
1.8298000000
1.6853000000
1.4790000000
1.1842000000
0.7271300000
-0.1099200000
-1.5278000000
-2.2250000000
-2.2574000000
-2.1842000000
-2.0762000000
-1.9393000000
-1.7748000000
-1.5837000000
-1.3669000000
-1.1247000000
-0.8557900000
-0.5557700000
-0.2149600000
0.1776200000
0.6037900000
0.9616600000
1.1295000000
1.1111000000
0.9817900000
0.8015800000
0.6125000000
0.4596300000
0.4091400000
0.5550800000
0.9725500000
1.5059000000
1.8093000000
1.8831000000
1.8517000000
1.7591000000
1.6085000000
1.3860000000
1.0520000000
0.4922000000
-0.6076500000
-1.9791000000
-2.3054000000
-2.2865000000
-2.2132000000
-2.1100000000
-1.9791000000
-1.8217000000
-1.6396000000
-1.4349000000
-1.2109000000
-0.9723200000
-0.7271300000
-0.4908300000
-0.2937400000
-0.1899000000
-0.2618400000
-0.6103400000
-1.2227000000
-1.7051000000
-1.8421000000
-1.8038000000
-1.6840000000
-1.4956000000
-1.2174000000
-0.7805600000
0.0244760000
1.4590000000
2.2434000000
2.2981000000
2.2393000000
2.1460000000
2.0243000000
1.8755000000
1.7009000000
1.5024000000
1.2824000000
1.0443000000
0.7929100000
0.5374300000
0.2962300000
0.1050400000
0.0230780000
0.1327200000
0.5339300000
1.2122000000
1.7188000000
1.8350000000
1.7688000000
1.6186000000
1.3931000000
1.0594000000
0.5110500000
-0.5481800000
-1.9202000000
-2.2773000000
-2.2556000000
-2.1739000000
-2.0613000000
-1.9206000000
-1.7529000000
-1.5595000000
-1.3418000000
-1.1012000000
-0.8383300000
-0.5535500000
-0.2472400000
0.0748170000
0.3878200000
0.6360300000
0.7592800000
0.7416500000
0.6072500000
0.3833300000
0.0838330000
-0.2805400000
-0.6611600000
-0.9368600000
-1.0061000000
-0.8707400000
-0.5446600000
0.0499420000
1.0331000000
1.8190000000
1.9432000000
1.8366000000
1.6610000000
1.4380000000
1.1591000000
0.7929600000
0.2540700000
-0.6289200000
-1.6243000000
-1.9352000000
-1.8684000000
-1.7075000000
-1.5037000000
-1.2617000000
-0.9732700000
-0.6132300000
-0.1205600000
0.5981100000
1.3747000000
1.6907000000
1.6443000000
1.4726000000
1.2465000000
0.9772800000
0.6550900000
0.2475500000
-0.3038100000
-0.9794100000
-1.4503000000
-1.5349000000
-1.4150000000
-1.2125000000
-0.9644000000
-0.6766000000
-0.3404300000
0.0640580000
0.5423200000
0.9961300000
1.2397000000
1.2466000000
1.1154000000
0.9172700000
0.6875600000
0.4501400000
0.2354200000
0.0935370000
0.1014400000
0.3630200000
0.9559300000
1.6008000000
1.8572000000
1.8563000000
1.7556000000
1.5895000000
1.3486000000
0.9901300000
0.3855600000
-0.7881700000
-2.0442000000
-2.2826000000
-2.2446000000
-2.1573000000
-2.0400000000
-1.8947000000
-1.7227000000
-1.5252000000
-1.3036000000
-1.0592000000
-0.7927700000
-0.5043800000
-0.1948200000
0.1281500000
0.4349000000
0.6657400000
0.7651900000
0.7259800000
0.5750400000
0.3376700000
0.0257300000
-0.3476700000
-0.7218300000
-0.9677000000
-1.0003000000
-0.8333700000
-0.4717100000
0.1827100000
1.2048000000
1.8730000000
1.9341000000
1.8119000000
1.6284000000
1.3976000000
1.1079000000
0.7226700000
0.1432200000
-0.7987100000
-1.7191000000
-1.9357000000
-1.8454000000
-1.6764000000
-1.4665000000
-1.2178000000
-0.9199600000
-0.5437500000
-0.0200930000
0.7351600000
1.4641000000
1.6986000000
1.6212000000
1.4383000000
1.2051000000
0.9283200000
0.5951400000
0.1685000000
-0.4104300000
-1.0819000000
-1.4867000000
-1.5240000000
-1.3855000000
-1.1743000000
-0.9197200000
-0.6250100000
-0.2793600000
0.1378100000
0.6224200000
1.0527000000
1.2534000000
1.2311000000
1.0855000000
0.8805300000
0.6481200000
0.4122600000
0.2059400000
0.0836520000
0.1271900000
0.4439700000
1.0822000000
1.6754000000
1.8689000000
1.8445000000
1.7322000000
1.5550000000
1.2986000000
0.9117200000
0.2394300000
-1.0476000000
-2.1369000000
-2.2832000000
-2.2326000000
-2.1399000000
-2.0179000000
-1.8682000000
-1.6918000000
-1.4903000000
-1.2649000000
-1.0170000000
-0.7471200000
-0.4555100000
-0.1436300000
0.1781200000
0.4749400000
0.6848100000
0.7588100000
0.6973200000
0.5277600000
0.2714300000
-0.0640290000
-0.4621700000
-0.8390900000
-1.0488000000
-1.0331000000
-0.8261900000
-0.4251300000
0.2876000000
1.3357000000
1.9103000000
1.9297000000
1.7968000000
1.6086000000
1.3743000000
1.0821000000
0.6951800000
0.1165500000
-0.8106200000
-1.7009000000
-1.9103000000
-1.8175000000
-1.6446000000
-1.4299000000
-1.1754000000
-0.8694100000
-0.4791800000
0.0700040000
0.8451600000
1.5180000000
1.6922000000
1.5942000000
1.4032000000
1.1640000000
0.8806900000
0.5379700000
0.0954480000
-0.5018700000
-1.1546000000
-1.5007000000
-1.5044000000
-1.3531000000
-1.1356000000
-0.8763500000
-0.5770200000
-0.2262500000
0.1944400000
0.6703700000
1.0694000000
1.2374000000
1.1981000000
1.0457000000
0.8385800000
0.6077800000
0.3795500000
0.1920800000
0.1074500000
0.2166200000
0.6291300000
1.3052000000
1.7737000000
1.8791000000
1.8267000000
1.7009000000
1.5103000000
1.2339000000
0.8075200000
0.0370180000
-1.3611000000
-2.2131000000
-2.2822000000
-2.2207000000
-2.1230000000
-1.9965000000
-1.8425000000
-1.6623000000
-1.4573000000
-1.2292000000
-0.9794100000
-0.7093900000
-0.4210200000
-0.1196500000
0.1776600000
0.4311000000
0.5846100000
0.5999900000
0.4718400000
0.1988400000
-0.2447900000
-0.8506900000
-1.3578000000
-1.5008000000
-1.3874000000
-1.1330000000
-0.7358800000
-0.0715480000
1.0703000000
1.9659000000
2.0803000000
1.9839000000
1.8343000000
1.6501000000
1.4315000000
1.1732000000
0.8601400000
0.4540900000
-0.1308600000
-0.9537100000
-1.5994000000
-1.7246000000
-1.6087000000
-1.4118000000
-1.1693000000
-0.8816100000
-0.5300800000
-0.0679350000
0.5655800000
1.2372000000
1.5528000000
1.5303000000
1.3676000000
1.1439000000
0.8783100000
0.5682900000
0.1956500000
-0.2679800000
-0.7998300000
-1.2110000000
-1.3398000000
-1.2628000000
-1.0868000000
-0.8627000000
-0.6133000000
-0.3554900000
-0.1140600000
0.0675780000
0.1248600000
-0.0228060000
-0.4754800000
-1.2195000000
-1.7478000000
-1.8462000000
-1.7613000000
-1.5943000000
-1.3512000000
-0.9946700000
-0.4050200000
0.7233500000
1.9893000000
2.2537000000
2.2122000000
2.1168000000
1.9904000000
1.8356000000
1.6533000000
1.4441000000
1.2079000000
0.9424800000
0.6414700000
0.2895600000
-0.1381700000
-0.6411500000
-1.0883000000
-1.2909000000
-1.2647000000
-1.1180000000
-0.9170800000
-0.6954700000
-0.4815000000
-0.3159200000
-0.2650000000
-0.4249800000
-0.8832700000
-1.4830000000
-1.8103000000
-1.8684000000
-1.8114000000
-1.6886000000
-1.5010000000
-1.2252000000
-0.7931400000
0.0003649700
1.4292000000
2.2397000000
2.3003000000
2.2430000000
2.1509000000
2.0303000000
1.8826000000
1.7092000000
1.5119000000
1.2932000000
1.0564000000
0.8068600000
0.5539900000
0.3168400000
0.1322200000
0.0611720000
0.1894700000
0.6170400000
1.2922000000
1.7473000000
1.8374000000
1.7656000000
1.6144000000
1.3882000000
1.0523000000
0.4971300000
-0.5798300000
-1.9439000000
-2.2833000000
-2.2604000000
-2.1797000000
-2.0684000000
-1.9291000000
-1.7629000000
-1.5712000000
-1.3557000000
-1.1179000000
-0.8597900000
-0.5832300000
-0.2922900000
0.0017876000
0.2706900000
0.4648000000
0.5334100000
0.4505500000
0.2018200000
-0.2504200000
-0.9091600000
-1.4599000000
-1.6011000000
-1.4865000000
-1.2436000000
-0.8748500000
-0.2734600000
0.8127000000
1.9143000000
2.1326000000
2.0617000000
1.9304000000
1.7652000000
1.5682000000
1.3375000000
1.0663000000
0.7368900000
0.3057400000
-0.3128400000
-1.1056000000
-1.6091000000
-1.6603000000
-1.5215000000
-1.3122000000
-1.0586000000
-0.7586900000
-0.3910300000
0.0910630000
0.7182000000
1.2907000000
1.5042000000
1.4438000000
1.2677000000
1.0370000000
0.7678900000
0.4598800000
0.1027600000
-0.3119300000
-0.7437500000
-1.0594000000
-1.1613000000
-1.0926000000
-0.9298200000
-0.7212900000
-0.4986100000
-0.2961900000
-0.1673500000
-0.1943900000
-0.4875900000
-1.0971000000
-1.6764000000
-1.8801000000
-1.8725000000
-1.7796000000
-1.6257000000
-1.4020000000
-1.0723000000
-0.5320100000
0.5121500000
1.9027000000
2.2812000000
2.2638000000
2.1849000000
2.0751000000
1.9372000000
1.7724000000
1.5821000000
1.3679000000
1.1315000000
0.8748100000
0.6000300000
0.3114400000
0.0204270000
-0.2450400000
-0.4361300000
-0.5016500000
-0.4119900000
-0.1456700000
0.3434000000
1.0329000000
1.5382000000
1.6263000000
1.4901000000
1.2367000000
0.8556600000
0.2267700000
-0.9102300000
-1.9695000000
-2.1474000000
-2.0720000000
-1.9418000000
-1.7786000000
-1.5843000000
-1.3572000000
-1.0915000000
-0.7722300000
-0.3619000000
0.2164700000
0.9838300000
1.5475000000
1.6490000000
1.5281000000
1.3264000000
1.0788000000
0.7870300000
0.4341300000
-0.0195170000
-0.6099200000
-1.1937000000
-1.4618000000
-1.4353000000
-1.2745000000
-1.0529000000
-0.7931000000
-0.4992500000
-0.1679000000
0.2026900000
0.5842800000
0.8868900000
1.0202000000
0.9882100000
0.8482500000
0.6480700000
0.4203100000
0.1975600000
0.0284060000
-0.0128010000
0.1762700000
0.7137300000
1.4700000000
1.8686000000
1.9160000000
1.8386000000
1.6978000000
1.4949000000
1.2067000000
0.7655700000
-0.0284660000
-1.4193000000
-2.2007000000
-2.2511000000
-2.1788000000
-2.0699000000
-1.9319000000
-1.7661000000
-1.5732000000
-1.3540000000
-1.1079000000
-0.8324500000
-0.5198200000
-0.1539100000
0.2842000000
0.7639400000
1.1296000000
1.2525000000
1.1873000000
1.0267000000
0.8247500000
0.6152300000
0.4349900000
0.3410100000
0.4198900000
0.7690100000
1.3354000000
1.7459000000
1.8682000000
1.8481000000
1.7571000000
1.6060000000
1.3822000000
1.0460000000
0.4813800000
-0.6282500000
-1.9898000000
-2.3053000000
-2.2847000000
-2.2107000000
-2.1068000000
-1.9752000000
-1.8171000000
-1.6342000000
-1.4289000000
-1.2042000000
-0.9647800000
-0.7185900000
-0.4809600000
-0.2819500000
-0.1751900000
-0.2424800000
-0.5850100000
-1.1996000000
-1.6968000000
-1.8413000000
-1.8043000000
-1.6840000000
-1.4949000000
-1.2159000000
-0.7780200000
0.0287190000
1.4629000000
2.2427000000
2.2962000000
2.2367000000
2.1427000000
2.0203000000
1.8707000000
1.6953000000
1.4959000000
1.2750000000
1.0355000000
0.7823500000
0.5239100000
0.2776200000
0.0776250000
-0.0193360000
0.0646720000
0.4269200000
1.0945000000
1.6692000000
1.8296000000
1.7746000000
1.6276000000
1.4050000000
1.0772000000
0.5442400000
-0.4774700000
-1.8683000000
-2.2682000000
-2.2511000000
-2.1691000000
-2.0556000000
-1.9138000000
-1.7449000000
-1.5500000000
-1.3302000000
-1.0863000000
-0.8180800000
-0.5231700000
-0.1972200000
0.1608700000
0.5267700000
0.8239400000
0.9688300000
0.9561900000
0.8372800000
0.6634200000
0.4773700000
0.3287100000
0.2910600000
0.4698900000
0.9549200000
1.5547000000
1.8611000000
1.9194000000
1.8773000000
1.7774000000
1.6220000000
1.3971000000
1.0651000000
0.5184100000
-0.5417700000
-1.9245000000
-2.2856000000
-2.2666000000
-2.1881000000
-2.0789000000
-1.9418000000
-1.7778000000
-1.5885000000
-1.3755000000
-1.1409000000
-0.8869500000
-0.6171000000
-0.3377200000
-0.0637780000
0.1728900000
0.3215700000
0.3276300000
0.1423900000
-0.2991100000
-1.0138000000
-1.6029000000
-1.7389000000
-1.6365000000
-1.4269000000
-1.1176000000
-0.6388500000
0.2282300000
1.5874000000
2.1794000000
2.1851000000
2.0908000000
1.9605000000
1.8003000000
1.6110000000
1.3918000000
1.1401000000
0.8476700000
0.4938800000
0.0336620000
-0.5845200000
-1.2220000000
-1.5187000000
-1.4947000000
-1.3330000000
-1.1112000000
-0.8502100000
-0.5515900000
-0.2059800000
0.1999500000
0.6467700000
1.0167000000
1.1771000000
1.1431000000
0.9977300000
0.7978900000
0.5777800000
0.3697000000
0.2214700000
0.2085000000
0.4360200000
0.9808900000
1.5915000000
1.8579000000
1.8794000000
1.8030000000
1.6648000000
1.4604000000
1.1614000000
0.6859900000
-0.2086000000
-1.6597000000
-2.2633000000
-2.2816000000
-2.2130000000
-2.1116000000
-1.9819000000
-1.8251000000
-1.6426000000
-1.4361000000
-1.2076000000
-0.9595100000
-0.6952600000
-0.4209200000
-0.1499300000
0.0890140000
0.2474500000
0.2669700000
0.0889690000
-0.3616300000
-1.0892000000
-1.6521000000
-1.7667000000
-1.6633000000
-1.4607000000
-1.1633000000
-0.7063500000
0.1152500000
1.4863000000
2.1819000000
2.2110000000
2.1259000000
2.0041000000
1.8526000000
1.6724000000
1.4637000000
1.2252000000
0.9524400000
0.6332200000
0.2393600000
-0.2764600000
-0.8985400000
-1.3603000000
-1.4711000000
-1.3693000000
-1.1779000000
-0.9415300000
-0.6743200000
-0.3808500000
-0.0650290000
0.2580300000
0.5444200000
0.7267100000
0.7635500000
0.6636100000
0.4506100000
0.1305700000
-0.3088100000
-0.8283100000
-1.2200000000
-1.3186000000
-1.1929000000
-0.9205700000
-0.4858200000
0.2461100000
1.3253000000
1.9227000000
1.9428000000
1.8100000000
1.6253000000
1.4003000000
1.1287000000
0.7883400000
0.3215100000
-0.3919000000
-1.3053000000
-1.7720000000
-1.7688000000
-1.6150000000
-1.4047000000
-1.1526000000
-0.8513600000
-0.4732500000
0.0452200000
0.7645900000
1.4262000000
1.6363000000
1.5564000000
1.3711000000
1.1347000000
0.8553300000
0.5218400000
0.1021400000
-0.4464900000
-1.0504000000
-1.4098000000
-1.4438000000
-1.3093000000
-1.1015000000
-0.8523700000
-0.5706300000
-0.2566300000
0.0893180000
0.4477000000
0.7524300000
0.9178300000
0.9214900000
0.8028000000
0.6056700000
0.3586100000
0.0830090000
-0.1903400000
-0.4057500000
-0.4903700000
-0.3811400000
-0.0071942000
0.7416300000
1.6007000000
1.9021000000
1.8613000000
1.7150000000
1.5059000000
1.2237000000
0.8196600000
0.1513300000
-1.0389000000
-2.0177000000
-2.1480000000
-2.0645000000
-1.9313000000
-1.7658000000
-1.5696000000
-1.3410000000
-1.0745000000
-0.7553800000
-0.3475800000
0.2217700000
0.9689900000
1.5216000000
1.6266000000
1.5083000000
1.3072000000
1.0601000000
0.7697600000
0.4212700000
-0.0206270000
-0.5861200000
-1.1467000000
-1.4188000000
-1.4032000000
-1.2492000000
-1.0323000000
-0.7784400000
-0.4958000000
-0.1880200000
0.1359300000
0.4447100000
0.6753300000
0.7692000000
0.7173200000
0.5422700000
0.2571200000
-0.1498700000
-0.6747700000
-1.1556000000
-1.3532000000
-1.2858000000
-1.0591000000
-0.6936200000
-0.1023000000
0.8836800000
1.7895000000
1.9705000000
1.8753000000
1.7087000000
1.5011000000
1.2519000000
0.9474700000
0.5510600000
-0.0265060000
-0.8837800000
-1.6244000000
-1.7893000000
-1.6841000000
-1.4953000000
-1.2614000000
-0.9836200000
-0.6448600000
-0.2000600000
0.4280800000
1.1720000000
1.5868000000
1.6024000000
1.4523000000
1.2359000000
0.9758900000
0.6694000000
0.2950400000
-0.1884500000
-0.7848800000
-1.2809000000
-1.4443000000
-1.3695000000
-1.1895000000
-0.9581700000
-0.6928400000
-0.3982400000
-0.0763380000
0.2614400000
0.5726600000
0.7828200000
0.8422500000
0.7622300000
0.5772900000
0.3089800000
-0.0390940000
-0.4578100000
-0.8656600000
-1.1028000000
-1.1064000000
-0.9273400000
-0.5909200000
-0.0300740000
0.8801900000
1.7086000000
1.8900000000
1.7915000000
1.6116000000
1.3825000000
1.0985000000
0.7290600000
0.1925000000
-0.6602100000
-1.5836000000
-1.8743000000
-1.8032000000
-1.6340000000
-1.4197000000
-1.1649000000
-0.8587600000
-0.4691400000
0.0769850000
0.8426800000
1.5060000000
1.6800000000
1.5828000000
1.3916000000
1.1521000000
0.8685000000
0.5260300000
0.0854020000
-0.5052100000
-1.1457000000
-1.4863000000
-1.4906000000
-1.3403000000
-1.1234000000
-0.8651200000
-0.5681700000
-0.2232700000
0.1842700000
0.6384200000
1.0212000000
1.1912000000
1.1607000000
1.0154000000
0.8136000000
0.5885200000
0.3696300000
0.1998200000
0.1476400000
0.3118200000
0.7948400000
1.4598000000
1.8260000000
1.8837000000
1.8182000000
1.6865000000
1.4901000000
1.2047000000
0.7591000000
-0.0599940000
-1.4900000000
-2.2369000000
-2.2820000000
-2.2172000000
-2.1178000000
-1.9899000000
-1.8346000000
-1.6533000000
-1.4475000000
-1.2190000000
-0.9696700000
-0.7015300000
-0.4180800000
-0.1277000000
0.1481600000
0.3671300000
0.4754500000
0.4339600000
0.2183100000
-0.2147100000
-0.8859000000
-1.4832000000
-1.6524000000
-1.5524000000
-1.3268000000
-0.9870600000
-0.4478700000
0.5355100000
1.7878000000
2.1537000000
2.1118000000
1.9949000000
1.8432000000
1.6606000000
1.4466000000
1.1974000000
0.9032400000
0.5387600000
0.0459320000
-0.6486400000
-1.3557000000
-1.6327000000
-1.5797000000
-1.4049000000
-1.1754000000
-0.9035900000
-0.5814300000
-0.1812500000
0.3406200000
0.9475700000
1.3658000000
1.4474000000
1.3342000000
1.1367000000
0.8948400000
0.6205500000
0.3163600000
-0.0161180000
-0.3608200000
-0.6636100000
-0.8450700000
-0.8702100000
-0.7650700000
-0.5680400000
-0.3022400000
0.0220360000
0.3860100000
0.7221900000
0.9182800000
0.9162200000
0.7306200000
0.3561500000
-0.3012700000
-1.2490000000
-1.8123000000
-1.8461000000
-1.7073000000
-1.5018000000
-1.2387000000
-0.8944800000
-0.3966600000
0.4247800000
1.5029000000
1.9506000000
1.9201000000
1.7733000000
1.5815000000
1.3528000000
1.0818000000
0.7502500000
0.3115300000
-0.3274300000
-1.1491000000
-1.6490000000
-1.6872000000
-1.5438000000
-1.3334000000
-1.0791000000
-0.7771400000
-0.4035600000
0.0941650000
0.7522100000
1.3439000000
1.5464000000
1.4747000000
1.2930000000
1.0584000000
0.7837700000
0.4642100000
0.0816040000
-0.3829600000
-0.8759700000
-1.2086000000
-1.2825000000
-1.1835000000
-0.9999400000
-0.7755200000
-0.5342600000
-0.3006700000
-0.1140100000
-0.0377010000
-0.1613500000
-0.5933000000
-1.2948000000
-1.7734000000
-1.8708000000
-1.8062000000
-1.6663000000
-1.4582000000
-1.1560000000
-0.6787800000
0.2127800000
1.6493000000
2.2496000000
2.2649000000
2.1913000000
2.0844000000
1.9491000000
1.7863000000
1.5974000000
1.3836000000
1.1460000000
0.8848200000
0.5992200000
0.2866700000
-0.0533110000
-0.4040200000
-0.7074500000
-0.8835800000
-0.9052200000
-0.8076700000
-0.6385500000
-0.4375500000
-0.2458800000
-0.1227700000
-0.1578900000
-0.4735700000
-1.1296000000
-1.7340000000
-1.9333000000
-1.9289000000
-1.8474000000
-1.7120000000
-1.5169000000
-1.2395000000
-0.8173400000
-0.0656650000
1.3029000000
2.1874000000
2.2647000000
2.1997000000
2.0967000000
1.9646000000
1.8048000000
1.6182000000
1.4058000000
1.1681000000
0.9043600000
0.6110000000
0.2797700000
-0.1003400000
-0.5201300000
-0.8964000000
-1.1016000000
-1.1134000000
-1.0009000000
-0.8280600000
-0.6391700000
-0.4779500000
-0.4067700000
-0.5163200000
-0.8936700000
-1.4345000000
-1.7832000000
-1.8824000000
-1.8632000000
-1.7799000000
-1.6398000000
-1.4316000000
-1.1220000000
-0.6169100000
0.3580600000
1.8099000000
2.2924000000
2.2949000000
2.2275000000
2.1291000000
2.0027000000
1.8497000000
1.6714000000
1.4703000000
1.2491000000
1.0122000000
0.7667000000
0.5262000000
0.3174200000
0.1892300000
0.2184200000
0.5054500000
1.0870000000
1.6376000000
1.8341000000
1.8185000000
1.7112000000
1.5357000000
1.2767000000
0.8778300000
0.1672700000
-1.1838000000
-2.1883000000
-2.3014000000
-2.2515000000
-2.1633000000
-2.0462000000
-1.9018000000
-1.7313000000
-1.5365000000
-1.3196000000
-1.0837000000
-0.8331400000
-0.5756200000
-0.3266900000
-0.1172700000
-0.0006220100
-0.0523150000
-0.3685200000
-1.0022000000
-1.6193000000
-1.8268000000
-1.7917000000
-1.6572000000
-1.4486000000
-1.1428000000
-0.6570500000
0.2556900000
1.6911000000
2.2543000000
2.2633000000
2.1883000000
2.0806000000
1.9443000000
1.7807000000
1.5910000000
1.3764000000
1.1379000000
0.8759800000
0.5894400000
0.2757300000
-0.0655110000
-0.4166700000
-0.7180400000
-0.8896500000
-0.9068000000
-0.8063200000
-0.6359600000
-0.4355200000
-0.2468800000
-0.1306500000
-0.1783700000
-0.5132200000
-1.1783000000
-1.7553000000
-1.9350000000
-1.9250000000
-1.8412000000
-1.7036000000
-1.5056000000
-1.2234000000
-0.7910600000
-0.0137310000
1.3763000000
2.2027000000
2.2647000000
2.1975000000
2.0936000000
1.9607000000
1.8001000000
1.6128000000
1.3999000000
1.1620000000
0.8983300000
0.6058000000
0.2769800000
-0.0974800000
-0.5069200000
-0.8722100000
-1.0738000000
-1.0880000000
-0.9788500000
-0.8088400000
-0.6227600000
-0.4658000000
-0.4024100000
-0.5254600000
-0.9197900000
-1.4631000000
-1.7975000000
-1.8879000000
-1.8653000000
-1.7803000000
-1.6387000000
-1.4290000000
-1.1175000000
-0.6091900000
0.3726400000
1.8202000000
2.2919000000
2.2925000000
2.2242000000
2.1248000000
1.9975000000
1.8434000000
1.6643000000
1.4621000000
1.2398000000
1.0015000000
0.7541800000
0.5109200000
0.2977100000
0.1622100000
0.1793200000
0.4485300000
1.0231000000
1.6064000000
1.8294000000
1.8205000000
1.7140000000
1.5384000000
1.2796000000
0.8823900000
0.1774000000
-1.1644000000
-2.1809000000
-2.2981000000
-2.2477000000
-2.1586000000
-2.0405000000
-1.8949000000
-1.7233000000
-1.5271000000
-1.3087000000
-1.0706000000
-0.8166000000
-0.5533300000
-0.2940600000
-0.0661590000
0.0822840000
0.0845130000
-0.1414600000
-0.6848600000
-1.4064000000
-1.7797000000
-1.8005000000
-1.6812000000
-1.4821000000
-1.1916000000
-0.7420500000
0.0755300000
1.4808000000
2.2132000000
2.2526000000
2.1793000000
2.0703000000
1.9323000000
1.7665000000
1.5738000000
1.3550000000
1.1097000000
0.8358000000
0.5263500000
0.1670700000
-0.2587300000
-0.7242200000
-1.0887000000
-1.2235000000
-1.1695000000
-1.0164000000
-0.8201000000
-0.6168800000
-0.4462300000
-0.3683500000
-0.4727500000
-0.8499300000
-1.4067000000
-1.7721000000
-1.8723000000
-1.8464000000
-1.7537000000
-1.6016000000
-1.3763000000
-1.0371000000
-0.4649700000
0.6613100000
2.0083000000
2.3074000000
2.2851000000
2.2109000000
2.1069000000
1.9752000000
1.8171000000
1.6344000000
1.4292000000
1.2049000000
0.9663300000
0.7217400000
0.4872100000
0.2940400000
0.1977400000
0.2825000000
0.6481800000
1.2636000000
1.7218000000
1.8432000000
1.7998000000
1.6773000000
1.4861000000
1.2035000000
0.7573300000
-0.0713360000
-1.5182000000
-2.2533000000
-2.2977000000
-2.2374000000
-2.1433000000
-2.0209000000
-1.8714000000
-1.6962000000
-1.4972000000
-1.2770000000
-1.0389000000
-0.7881800000
-0.5345900000
-0.2976500000
-0.1149600000
-0.0482420000
-0.1833500000
-0.6198000000
-1.3006000000
-1.7511000000
-1.8359000000
-1.7604000000
-1.6057000000
-1.3751000000
-1.0320000000
-0.4611300000
0.6480800000
1.9803000000
2.2836000000
2.2553000000
2.1724000000
2.0591000000
1.9178000000
1.7496000000
1.5560000000
1.3385000000
1.0986000000
0.8377000000
0.5573300000
0.2604300000
-0.0430320000
-0.3249800000
-0.5338100000
-0.6182300000
-0.5592700000
-0.3599800000
-0.0095960000
0.5186000000
1.1205000000
1.4573000000
1.4569000000
1.2695000000
0.9518400000
0.4485500000
-0.4405100000
-1.6345000000
-2.0700000000
-2.0366000000
-1.9075000000
-1.7389000000
-1.5364000000
-1.2972000000
-1.0114000000
-0.6534800000
-0.1608800000
0.5703400000
1.3854000000
1.7228000000
1.6798000000
1.5103000000
1.2869000000
1.0206000000
0.7012600000
0.2959200000
-0.2593100000
-0.9625800000
-1.4730000000
-1.5721000000
-1.4551000000
-1.2539000000
-1.0061000000
-0.7167100000
-0.3738800000
0.0496120000
0.5697100000
1.0727000000
1.3292000000
1.3245000000
1.1811000000
0.9728800000
0.7307100000
0.4709500000
0.2114900000
-0.0163780000
-0.1604700000
-0.1523600000
0.0890400000
0.6581600000
1.4174000000
1.8019000000
1.8184000000
1.6963000000
1.4973000000
1.2116000000
0.7776300000
0.0058980000
-1.3578000000
-2.1771000000
-2.2368000000
-2.1622000000
-2.0497000000
-1.9076000000
-1.7373000000
-1.5393000000
-1.3138000000
-1.0589000000
-0.7688900000
-0.4293800000
-0.0115660000
0.5095800000
1.0406000000
1.3372000000
1.3551000000
1.2224000000
1.0221000000
0.7895900000
0.5446200000
0.3100200000
0.1242100000
0.0498340000
0.1754300000
0.6065100000
1.2980000000
1.7658000000
1.8599000000
1.7930000000
1.6498000000
1.4363000000
1.1240000000
0.6237000000
-0.3252100000
-1.7573000000
-2.2642000000
-2.2646000000
-2.1887000000
-2.0806000000
-1.9442000000
-1.7806000000
-1.5911000000
-1.3771000000
-1.1398000000
-0.8802100000
-0.5984600000
-0.2945900000
0.0274830000
0.3473200000
0.6131800000
0.7609100000
0.7661500000
0.6506100000
0.4448600000
0.1679200000
-0.1674200000
-0.5253200000
-0.8116600000
-0.9211500000
-0.8262700000
-0.5312400000
0.0338020000
0.9885900000
1.7945000000
1.9404000000
1.8403000000
1.6672000000
1.4440000000
1.1614000000
0.7837400000
0.2132000000
-0.7380800000
-1.7287000000
-1.9781000000
-1.8972000000
-1.7370000000
-1.5370000000
-1.3002000000
-1.0186000000
-0.6699500000
-0.1985000000
0.4926300000
1.2992000000
1.6844000000
1.6659000000
1.5040000000
1.2837000000
1.0205000000
0.7064000000
0.3123700000
-0.2191800000
-0.8955200000
-1.4194000000
-1.5463000000
-1.4427000000
-1.2476000000
-1.0043000000
-0.7212400000
-0.3905800000
0.0079732000
0.4871600000
0.9641700000
1.2429000000
1.2716000000
1.1497000000
0.9552600000
0.7257300000
0.4839600000
0.2565900000
0.0875280000
0.0458860000
0.2270100000
0.7341000000
1.4369000000
1.8188000000
1.8657000000
1.7819000000
1.6283000000
1.4036000000
1.0742000000
0.5376100000
-0.4929500000
-1.8812000000
-2.2712000000
-2.2532000000
-2.1715000000
-2.0585000000
-1.9174000000
-1.7491000000
-1.5549000000
-1.3361000000
-1.0936000000
-0.8277000000
-0.5370600000
-0.2193000000
0.1240100000
0.4692000000
0.7501200000
0.8927600000
0.8854700000
0.7690700000
0.5890400000
0.3834600000
0.1949000000
0.0866830000
0.1534300000
0.5209400000
1.2192000000
1.7855000000
1.9439000000
1.9227000000
1.8308000000
1.6851000000
1.4777000000
1.1819000000
0.7237900000
-0.1140700000
-1.5290000000
-2.2223000000
-2.2535000000
-2.1792000000
-2.0699000000
-1.9317000000
-1.7658000000
-1.5732000000
-1.3546000000
-1.1101000000
-0.8378100000
-0.5318200000
-0.1798800000
0.2319100000
0.6796700000
1.0390000000
1.1849000000
1.1436000000
0.9993500000
0.8098000000
0.6138300000
0.4540100000
0.3942300000
0.5268700000
0.9323500000
1.4745000000
1.7964000000
1.8768000000
1.8457000000
1.7513000000
1.5980000000
1.3712000000
1.0292000000
0.4505300000
-0.6897600000
-2.0231000000
-2.3086000000
-2.2847000000
-2.2100000000
-2.1057000000
-1.9737000000
-1.8154000000
-1.6324000000
-1.4271000000
-1.2028000000
-0.9644500000
-0.7204900000
-0.4874000000
-0.2971800000
-0.2063400000
-0.3002200000
-0.6776200000
-1.2928000000
-1.7328000000
-1.8437000000
-1.7972000000
-1.6732000000
-1.4805000000
-1.1953000000
-0.7435000000
0.0995260000
1.5524000000
2.2589000000
2.2979000000
2.2369000000
2.1425000000
2.0197000000
1.8699000000
1.6946000000
1.4955000000
1.2753000000
1.0376000000
0.7876900000
0.5359400000
0.3027500000
0.1272100000
0.0731310000
0.2292700000
0.6928100000
1.3675000000
1.7724000000
1.8355000000
1.7540000000
1.5964000000
1.3623000000
1.0125000000
0.4247900000
-0.7203100000
-2.0192000000
-2.2880000000
-2.2558000000
-2.1724000000
-2.0588000000
-1.9174000000
-1.7492000000
-1.5558000000
-1.3387000000
-1.0998000000
-0.8410500000
-0.5650100000
-0.2769200000
0.0095629000
0.2630000000
0.4325900000
0.4688900000
0.3422300000
0.0215140000
-0.5460600000
-1.2486000000
-1.6258000000
-1.6254000000
-1.4526000000
-1.1727000000
-0.7499000000
-0.0243880000
1.2323000000
2.0774000000
2.1516000000
2.0605000000
1.9253000000
1.7586000000
1.5610000000
1.3308000000
1.0621000000
0.7394900000
0.3248200000
-0.2570300000
-1.0109000000
-1.5417000000
-1.6279000000
-1.5026000000
-1.2986000000
-1.0491000000
-0.7559500000
-0.4026900000
0.0477440000
0.6233600000
1.1791000000
1.4317000000
1.4034000000
1.2435000000
1.0234000000
0.7666300000
0.4803400000
0.1667400000
-0.1665100000
-0.4871800000
-0.7273300000
-0.8254100000
-0.7772900000
-0.6140200000
-0.3595000000
-0.0174150000
0.4112300000
0.8567700000
1.1418000000
1.1764000000
1.0178000000
0.7086400000
0.2020600000
-0.6450400000
-1.5968000000
-1.9051000000
-1.8406000000
-1.6760000000
-1.4623000000
-1.2002000000
-0.8703300000
-0.4179900000
0.2822300000
1.2478000000
1.8026000000
1.8263000000
1.6830000000
1.4821000000
1.2404000000
0.9526200000
0.5955100000
0.1122200000
-0.5820800000
-1.3336000000
-1.6555000000
-1.6168000000
-1.4473000000
-1.2213000000
-0.9522700000
-0.6317700000
-0.2302000000
0.3042200000
0.9491800000
1.4063000000
1.4979000000
1.3841000000
1.1850000000
0.9400800000
0.6582700000
0.3356400000
-0.0387220000
-0.4624500000
-0.8630800000
-1.1023000000
-1.1352000000
-1.0275000000
-0.8455300000
-0.6295000000
-0.4104300000
-0.2287600000
-0.1485600000
-0.2645700000
-0.6881300000
-1.3575000000
-1.7978000000
-1.8950000000
-1.8477000000
-1.7314000000
-1.5539000000
-1.2975000000
-0.9098100000
-0.2339300000
1.0611000000
2.1443000000
2.2874000000
2.2375000000
2.1461000000
2.0254000000
1.8771000000
1.7023000000
1.5025000000
1.2793000000
1.0344000000
0.7692800000
0.4861500000
0.1899500000
-0.1045100000
-0.3620000000
-0.5285800000
-0.5601300000
-0.4416500000
-0.1631600000
0.3107400000
0.9601400000
1.4567000000
1.5600000000
1.4269000000
1.1659000000
0.7664400000
0.0974930000
-1.0695000000
-1.9924000000
-2.1097000000
-2.0181000000
-1.8753000000
-1.6990000000
-1.4900000000
-1.2446000000
-0.9524200000
-0.5866400000
-0.0835100000
0.6473000000
1.4065000000
1.6920000000
1.6339000000
1.4581000000
1.2294000000
0.9575800000
0.6319000000
0.2187500000
-0.3399100000
-1.0115000000
-1.4588000000
-1.5273000000
-1.4013000000
-1.1962000000
-0.9462200000
-0.6568500000
-0.3192600000
0.0855920000
0.5594000000
0.9999800000
1.2297000000
1.2300000000
1.0965000000
0.8980400000
0.6694300000
0.4356800000
0.2296400000
0.1052800000
0.1443300000
0.4546900000
1.0847000000
1.6740000000
1.8701000000
1.8495000000
1.7414000000
1.5692000000
1.3197000000
0.9450600000
0.3012800000
-0.9432100000
-2.1057000000
-2.2857000000
-2.2404000000
-2.1507000000
-2.0314000000
-1.8843000000
-1.7106000000
-1.5117000000
-1.2891000000
-1.0442000000
-0.7782400000
-0.4923400000
-0.1894600000
0.1188900000
0.4000600000
0.5979900000
0.6649900000
0.5921900000
0.3916000000
0.0618090000
-0.4151800000
-0.9730600000
-1.3403000000
-1.3858000000
-1.2219000000
-0.9158500000
-0.4236600000
0.4379200000
1.5910000000
2.0319000000
1.9998000000
1.8649000000
1.6883000000
1.4757000000
1.2225000000
0.9140600000
0.5124800000
-0.0716090000
-0.9216800000
-1.6231000000
-1.7679000000
-1.6571000000
-1.4646000000
-1.2271000000
-0.9449700000
-0.6002300000
-0.1461200000
0.4902800000
1.2111000000
1.5819000000
1.5784000000
1.4218000000
1.2017000000
0.9386700000
0.6291300000
0.2518100000
-0.2314900000
-0.8121800000
-1.2746000000
-1.4170000000
-1.3360000000
-1.1543000000
-0.9232100000
-0.6605900000
-0.3741200000
-0.0719570000
0.2253100000
0.4723700000
0.6094500000
0.5995700000
0.4364800000
0.1072100000
-0.4319700000
-1.1155000000
-1.5405000000
-1.5747000000
-1.4117000000
-1.1358000000
-0.7238900000
-0.0378680000
1.1279000000
1.9876000000
2.0826000000
1.9827000000
1.8321000000
1.6476000000
1.4294000000
1.1724000000
0.8627500000
0.4650300000
-0.1004500000
-0.8967600000
-1.5559000000
-1.7059000000
-1.5988000000
-1.4046000000
-1.1637000000
-0.8781900000
-0.5313200000
-0.0799470000
0.5329700000
1.1925000000
1.5231000000
1.5141000000
1.3572000000
1.1367000000
0.8744900000
0.5704700000
0.2104700000
-0.2279200000
-0.7268200000
-1.1314000000
-1.2827000000
-1.2264000000
-1.0632000000
-0.8487600000
-0.6106400000
-0.3715900000
-0.1650000000
-0.0463370000
-0.0971720000
-0.4238100000
-1.0749000000
-1.6761000000
-1.8665000000
-1.8360000000
-1.7168000000
-1.5313000000
-1.2635000000
-0.8558400000
-0.1347600000
1.2114000000
2.1761000000
2.2771000000
2.2187000000
2.1212000000
1.9947000000
1.8404000000
1.6596000000
1.4536000000
1.2234000000
0.9697600000
0.6922800000
0.3889400000
0.0579530000
-0.2918200000
-0.6171600000
-0.8387700000
-0.9069000000
-0.8414400000
-0.6896800000
-0.4930600000
-0.2898100000
-0.1307400000
-0.0934610000
-0.2893700000
-0.8355000000
-1.5497000000
-1.8988000000
-1.9453000000
-1.8849000000
-1.7672000000
-1.5938000000
-1.3490000000
-0.9895800000
-0.3905600000
0.7618500000
2.0172000000
2.2650000000
2.2238000000
2.1310000000
2.0077000000
1.8562000000
1.6775000000
1.4726000000
1.2418000000
0.9847400000
0.6979100000
0.3729100000
-0.0046903000
-0.4389200000
-0.8631100000
-1.1283000000
-1.1771000000
-1.0796000000
-0.9096600000
-0.7135900000
-0.5298800000
-0.4099800000
-0.4322300000
-0.6951300000
-1.2083000000
-1.6726000000
-1.8568000000
-1.8718000000
-1.8080000000
-1.6862000000
-1.5008000000
-1.2271000000
-0.7968400000
-0.0039381000
1.4301000000
2.2454000000
2.3079000000
2.2531000000
2.1638000000
2.0461000000
1.9014000000
1.7311000000
1.5371000000
1.3223000000
1.0905000000
0.8480000000
0.6063800000
0.3883300000
0.2365100000
0.2210900000
0.4390500000
0.9586000000
1.5486000000
1.8155000000
1.8337000000
1.7464000000
1.5908000000
1.3590000000
1.0093000000
0.4152200000
-0.7520400000
-2.0470000000
-2.3035000000
-2.2740000000
-2.1955000000
-2.0874000000
-1.9516000000
-1.7894000000
-1.6024000000
-1.3929000000
-1.1638000000
-0.9193500000
-0.6667800000
-0.4202400000
-0.2079400000
-0.0802950000
-0.1130600000
-0.4049100000
-1.0101000000
-1.6133000000
-1.8300000000
-1.8081000000
-1.6878000000
-1.4961000000
-1.2150000000
-0.7768900000
0.0244450000
1.4454000000
2.2300000000
2.2833000000
2.2201000000
2.1217000000
1.9947000000
1.8404000000
1.6599000000
1.4550000000
1.2272000000
0.9784800000
0.7108900000
0.4277700000
0.1371700000
-0.1401500000
-0.3625500000
-0.4762300000
-0.4413800000
-0.2340800000
0.1870500000
0.8488800000
1.4616000000
1.6503000000
1.5586000000
1.3377000000
1.0039000000
0.4770700000
-0.4804900000
-1.7486000000
-2.1501000000
-2.1146000000
-1.9993000000
-1.8487000000
-1.6671000000
-1.4540000000
-1.2060000000
-0.9133400000
-0.5512900000
-0.0627450000
0.6276000000
1.3427000000
1.6327000000
1.5848000000
1.4120000000
1.1836000000
0.9129800000
0.5922600000
0.1942100000
-0.3253400000
-0.9347600000
-1.3627000000
-1.4512000000
-1.3408000000
-1.1445000000
-0.9032300000
-0.6291600000
-0.3245200000
0.0098726000
0.3593900000
0.6702900000
0.8602900000
0.8916800000
0.7915600000
0.6011300000
0.3470200000
0.0439690000
-0.2874200000
-0.5919500000
-0.7784900000
-0.7842500000
-0.5993200000
-0.1953900000
0.5342900000
1.4571000000
1.8554000000
1.8286000000
1.6726000000
1.4537000000
1.1685000000
0.7775400000
0.1671600000
-0.8696900000
-1.8424000000
-2.0293000000
-1.9390000000
-1.7829000000
-1.5902000000
-1.3623000000
-1.0929000000
-0.7643200000
-0.3314500000
0.2971800000
1.1174000000
1.6386000000
1.6894000000
1.5502000000
1.3417000000
1.0891000000
0.7894600000
0.4198500000
-0.0708210000
-0.7224500000
-1.3243000000
-1.5429000000
-1.4788000000
-1.3002000000
-1.0675000000
-0.7947600000
-0.4778400000
-0.0995060000
0.3593900000
0.8513100000
1.1935000000
1.2783000000
1.1858000000
1.0056000000
0.7831500000
0.5432900000
0.3107800000
0.1249600000
0.0494150000
0.1744400000
0.6085000000
1.3070000000
1.7773000000
1.8720000000
1.8079000000
1.6693000000
1.4629000000
1.1631000000
0.6906100000
-0.1902500000
-1.6278000000
-2.2482000000
-2.2674000000
-2.1950000000
-2.0892000000
-1.9548000000
-1.7931000000
-1.6053000000
-1.3926000000
-1.1562000000
-0.8968300000
-0.6138600000
-0.3058000000
0.0265830000
0.3666700000
0.6611900000
0.8358500000
0.8609800000
0.7650900000
0.5909900000
0.3738500000
0.1477000000
-0.0390680000
-0.1127400000
0.0267750000
0.5104800000
1.3278000000
1.8672000000
1.9638000000
1.9043000000
1.7807000000
1.6024000000
1.3559000000
1.0016000000
0.4258800000
-0.6625100000
-1.9386000000
-2.2314000000
-2.1893000000
-2.0885000000
-1.9561000000
-1.7948000000
-1.6053000000
-1.3876000000
-1.1401000000
-0.8574200000
-0.5256900000
-0.1144500000
0.4158600000
1.0033000000
1.3718000000
1.4224000000
1.2985000000
1.0989000000
0.8605500000
0.5982500000
0.3228700000
0.0518530000
-0.1803500000
-0.3199800000
-0.3087600000
-0.0908140000
0.4108600000
1.1736000000
1.6961000000
1.7716000000
1.6517000000
1.4390000000
1.1315000000
0.6594200000
-0.1913600000
-1.5516000000
-2.1763000000
-2.1889000000
-2.0963000000
-1.9674000000
-1.8086000000
-1.6206000000
-1.4032000000
-1.1536000000
-0.8643300000
-0.5163300000
-0.0672200000
0.5357700000
1.1781000000
1.5024000000
1.4951000000
1.3405000000
1.1224000000
0.8649500000
0.5711500000
0.2338100000
-0.1582300000
-0.5895600000
-0.9589800000
-1.1367000000
-1.1206000000
-0.9865000000
-0.7930900000
-0.5767400000
-0.3710500000
-0.2247100000
-0.2141000000
-0.4457300000
-0.9952300000
-1.6028000000
-1.8641000000
-1.8849000000
-1.8100000000
-1.6742000000
-1.4734000000
-1.1806000000
-0.7184700000
0.1430200000
1.5899000000
2.2539000000
2.2829000000
2.2162000000
2.1160000000
1.9874000000
1.8317000000
1.6501000000
1.4443000000
1.2164000000
0.9685300000
0.7038100000
0.4276600000
0.1521400000
-0.0961310000
-0.2707000000
-0.3150500000
-0.1763800000
0.2096900000
0.8903600000
1.5468000000
1.7514000000
1.6784000000
1.4894000000
1.2071000000
0.7807900000
0.0357000000
-1.2823000000
-2.1363000000
-2.2070000000
-2.1270000000
-2.0064000000
-1.8557000000
-1.6759000000
-1.4671000000
-1.2276000000
-0.9521400000
-0.6267800000
-0.2189200000
0.3254900000
0.9778500000
1.4256000000
1.5055000000
1.3866000000
1.1862000000
0.9421100000
0.6636700000
0.3489300000
-0.0089659000
-0.4050500000
-0.7795200000
-1.0168000000
-1.0655000000
-0.9733700000
-0.8016900000
-0.5923100000
-0.3790800000
-0.2059000000
-0.1413200000
-0.2854900000
-0.7504900000
-1.4320000000
-1.8334000000
-1.9090000000
-1.8558000000
-1.7381000000
-1.5607000000
-1.3060000000
-0.9231000000
-0.2608900000
1.0109000000
2.1255000000
2.2830000000
2.2337000000
2.1417000000
2.0202000000
1.8709000000
1.6950000000
1.4938000000
1.2688000000
1.0210000000
0.7512000000
0.4593200000
0.1464800000
-0.1776300000
-0.4787500000
-0.6941000000
-0.7732300000
-0.7165100000
-0.5532600000
-0.3080000000
0.0072151000
0.3751700000
0.7289800000
0.9452700000
0.9525400000
0.7626300000
0.3649600000
-0.3580700000
-1.3878000000
-1.9109000000
-1.9159000000
-1.7790000000
-1.5861000000
-1.3438000000
-1.0356000000
-0.6133800000
0.0491900000
1.0888000000
1.8514000000
1.9437000000
1.8256000000
1.6476000000
1.4314000000
1.1758000000
0.8678300000
0.4733400000
-0.0855290000
-0.8746100000
-1.5420000000
-1.7025000000
-1.5992000000
-1.4064000000
-1.1662000000
-0.8817500000
-0.5365600000
-0.0884830000
0.5193700000
1.1788000000
1.5170000000
1.5130000000
1.3582000000
1.1388000000
0.8776000000
0.5750300000
0.2176600000
-0.2161300000
-0.7101100000
-1.1157000000
-1.2732000000
-1.2220000000
-1.0618000000
-0.8491700000
-0.6127500000
-0.3759700000
-0.1731200000
-0.0608790000
-0.1227200000
-0.4665100000
-1.1260000000
-1.7002000000
-1.8702000000
-1.8345000000
-1.7142000000
-1.5281000000
-1.2591000000
-0.8485900000
-0.1197600000
1.2363000000
2.1834000000
2.2788000000
2.2200000000
2.1229000000
1.9966000000
1.8427000000
1.6623000000
1.4568000000
1.2274000000
0.9750000000
0.6997500000
0.4006700000
0.0778640000
-0.2580000000
-0.5661400000
-0.7756800000
-0.8400800000
-0.7724800000
-0.6121200000
-0.3929400000
-0.1426900000
0.1029600000
0.2856100000
0.3262000000
0.1363600000
-0.4063000000
-1.3085000000
-1.8860000000
-1.9639000000
-1.8795000000
-1.7312000000
-1.5268000000
-1.2495000000
-0.8489200000
-0.1794000000
1.0363000000
2.0482000000
2.1835000000
2.1075000000
1.9839000000
1.8288000000
1.6440000000
1.4290000000
1.1807000000
0.8911200000
0.5391400000
0.0773140000
-0.5569200000
-1.2343000000
-1.5561000000
-1.5360000000
-1.3744000000
-1.1521000000
-0.8888400000
-0.5831300000
-0.2190300000
0.2293000000
0.7458800000
1.1638000000
1.3143000000
1.2529000000
1.0858000000
0.8683000000
0.6264000000
0.3804300000
0.1599900000
0.0152160000
0.0205790000
0.2744300000
0.8648700000
1.5525000000
1.8434000000
1.8443000000
1.7352000000
1.5573000000
1.3003000000
0.9147400000
0.2495200000
-1.0206000000
-2.1207000000
-2.2735000000
-2.2211000000
-2.1256000000
-2.0005000000
-1.8474000000
-1.6676000000
-1.4620000000
-1.2315000000
-0.9763800000
-0.6947800000
-0.3819500000
-0.0306410000
0.3563400000
0.7288300000
0.9800300000
1.0502000000
0.9780300000
0.8263800000
0.6438500000
0.4746500000
0.3777100000
0.4403800000
0.7645300000
1.3179000000
1.7451000000
1.8891000000
1.8887000000
1.8192000000
1.6947000000
1.5080000000
1.2349000000
0.8089400000
0.0311990000
-1.3862000000
-2.2316000000
-2.3002000000
-2.2440000000
-2.1524000000
-2.0323000000
-1.8850000000
-1.7119000000
-1.5149000000
-1.2963000000
-1.0594000000
-0.8093000000
-0.5549800000
-0.3146800000
-0.1238400000
-0.0416540000
-0.1513000000
-0.5532200000
-1.2272000000
-1.7236000000
-1.8367000000
-1.7715000000
-1.6234000000
-1.4007000000
-1.0712000000
-0.5313200000
0.5106100000
1.8988000000
2.2783000000
2.2603000000
2.1804000000
2.0695000000
1.9305000000
1.7646000000
1.5730000000
1.3572000000
1.1189000000
0.8591600000
0.5792700000
0.2813600000
-0.0264670000
-0.3188900000
-0.5452600000
-0.6511900000
-0.6158300000
-0.4475500000
-0.1487800000
0.3001100000
0.8689400000
1.3100000000
1.4185000000
1.2896000000
1.0155000000
0.5787200000
-0.1716800000
-1.3423000000
-2.0024000000
-2.0312000000
-1.9123000000
-1.7466000000
-1.5452000000
-1.3060000000
-1.0184000000
-0.6549500000
-0.1475500000
0.6152700000
1.4443000000
1.7559000000
1.6996000000
1.5268000000
1.3028000000
1.0360000000
0.7150000000
0.3045100000
-0.2645000000
-0.9910500000
-1.5072000000
-1.5974000000
-1.4753000000
-1.2719000000
-1.0224000000
-0.7297600000
-0.3793800000
0.0617360000
0.6144300000
1.1427000000
1.3896000000
1.3668000000
1.2115000000
0.9951600000
0.7437000000
0.4680600000
0.1774000000
-0.1099200000
-0.3547800000
-0.5003100000
-0.4995500000
-0.3271300000
0.0543400000
0.6989300000
1.3992000000
1.6816000000
1.6292000000
1.4362000000
1.1446000000
0.7085900000
-0.0398260000
-1.2990000000
-2.0774000000
-2.1312000000
-2.0329000000
-1.8914000000
-1.7180000000
-1.5133000000
-1.2745000000
-0.9938700000
-0.6511200000
-0.1974700000
0.4502500000
1.2132000000
1.6180000000
1.6216000000
1.4670000000
1.2491000000
0.9880600000
0.6796300000
0.3004600000
-0.1947100000
-0.8111800000
-1.3166000000
-1.4721000000
-1.3898000000
-1.2055000000
-0.9709100000
-0.7009100000
-0.3971000000
-0.0559320000
0.3179300000
0.6786000000
0.9278800000
1.0029000000
0.9310600000
0.7675100000
0.5528200000
0.3164900000
0.0926890000
-0.0650620000
-0.0784260000
0.1559200000
0.7547100000
1.5340000000
1.8924000000
1.9129000000
1.8194000000
1.6640000000
1.4443000000
1.1322000000
0.6456600000
-0.2523800000
-1.6542000000
-2.2217000000
-2.2264000000
-2.1414000000
-2.0223000000
-1.8743000000
-1.6982000000
-1.4946000000
-1.2635000000
-1.0025000000
-0.7050600000
-0.3548300000
0.0781550000
0.6078300000
1.1065000000
1.3452000000
1.3282000000
1.1808000000
0.9746000000
0.7409700000
0.5007000000
0.2810200000
0.1281000000
0.1146000000
0.3401800000
0.8899700000
1.5413000000
1.8350000000
1.8512000000
1.7578000000
1.5969000000
1.3613000000
1.0104000000
0.4209900000
-0.7268500000
-2.0215000000
-2.2872000000
-2.2544000000
-2.1704000000
-2.0563000000
-1.9144000000
-1.7457000000
-1.5517000000
-1.3340000000
-1.0944000000
-0.8347000000
-0.5571200000
-0.2663900000
0.0246210000
0.2850300000
0.4638500000
0.5121200000
0.4046100000
0.1211000000
-0.3839200000
-1.0710000000
-1.5439000000
-1.6101000000
-1.4632000000
-1.1998000000
-0.8021000000
-0.1360800000
1.0466000000
2.0109000000
2.1386000000
2.0535000000
1.9182000000
1.7502000000
1.5508000000
1.3177000000
1.0440000000
0.7116900000
0.2763200000
-0.3461200000
-1.1270000000
-1.6047000000
-1.6449000000
-1.5027000000
-1.2913000000
-1.0360000000
-0.7343300000
-0.3650200000
0.1172000000
0.7357800000
1.2870000000
1.4869000000
1.4230000000
1.2460000000
1.0152000000
0.7471100000
0.4427100000
0.0951750000
-0.2982100000
-0.6971200000
-0.9883900000
-1.0877000000
-1.0253000000
-0.8678500000
-0.6620100000
-0.4404900000
-0.2399000000
-0.1166900000
-0.1564800000
-0.4736400000
-1.1174000000
-1.7064000000
-1.8982000000
-1.8828000000
-1.7855000000
-1.6288000000
-1.4032000000
-1.0730000000
-0.5350500000
0.4987100000
1.8856000000
2.2721000000
2.2537000000
2.1721000000
2.0592000000
1.9181000000
1.7500000000
1.5560000000
1.3374000000
1.0954000000
0.8300600000
0.5406100000
0.2251600000
-0.1139200000
-0.4529100000
-0.7281500000
-0.8685300000
-0.8611900000
-0.7438300000
-0.5594800000
-0.3436000000
-0.1348200000
0.0093295000
0.0032101000
-0.2707100000
-0.9235600000
-1.6585000000
-1.9386000000
-1.9447000000
-1.8594000000
-1.7190000000
-1.5203000000
-1.2416000000
-0.8235800000
-0.0911880000
1.2419000000
2.1559000000
2.2427000000
2.1732000000
2.0639000000
1.9250000000
1.7579000000
1.5632000000
1.3412000000
1.0906000000
0.8067600000
0.4776000000
0.0781260000
-0.4187300000
-0.9501700000
-1.2896000000
-1.3463000000
-1.2334000000
-1.0437000000
-0.8185300000
-0.5807500000
-0.3553400000
-0.1830700000
-0.1304300000
-0.2922700000
-0.7678500000
-1.4311000000
-1.8049000000
-1.8623000000
-1.7900000000
-1.6479000000
-1.4363000000
-1.1253000000
-0.6243500000
0.3307800000
1.7708000000
2.2734000000
2.2749000000
2.2020000000
2.0972000000
1.9642000000
1.8042000000
1.6185000000
1.4089000000
1.1773000000
0.9260100000
0.6579300000
0.3786600000
0.1010600000
-0.1464400000
-0.3157200000
-0.3519100000
-0.2078900000
0.1740100000
0.8429400000
1.5095000000
1.7318000000
1.6622000000
1.4703000000
1.1822000000
0.7453200000
-0.0217710000
-1.3457000000
-2.1387000000
-2.1924000000
-2.1067000000
-1.9811000000
-1.8252000000
-1.6400000000
-1.4250000000
-1.1777000000
-0.8907000000
-0.5450700000
-0.0980180000
0.5085200000
1.1714000000
1.5167000000
1.5164000000
1.3635000000
1.1461000000
0.8881000000
0.5915600000
0.2463300000
-0.1646700000
-0.6302000000
-1.0314000000
-1.2144000000
-1.1885000000
-1.0445000000
-0.8433800000
-0.6186500000
-0.3990900000
-0.2260700000
-0.1661800000
-0.3162800000
-0.7789300000
-1.4348000000
-1.8135000000
-1.8806000000
-1.8201000000
-1.6923000000
-1.5000000000
-1.2201000000
-0.7844900000
0.0114840000
1.4319000000
2.2303000000
2.2869000000
2.2252000000
2.1283000000
2.0027000000
1.8498000000
1.6710000000
1.4677000000
1.2420000000
0.9959400000
0.7324800000
0.4563900000
0.1783400000
-0.0775670000
-0.2674200000
-0.3354400000
-0.2303500000
0.1052700000
0.7351800000
1.4440000000
1.7345000000
1.6952000000
1.5215000000
1.2550000000
0.8576400000
0.1827200000
-1.0575000000
-2.0758000000
-2.2077000000
-2.1366000000
-2.0198000000
-1.8720000000
-1.6951000000
-1.4889000000
-1.2520000000
-0.9792600000
-0.6570800000
-0.2533700000
0.2881100000
0.9520900000
1.4274000000
1.5226000000
1.4086000000
1.2100000000
0.9665100000
0.6870400000
0.3679700000
-0.0016736000
-0.4228500000
-0.8319800000
-1.0909000000
-1.1413000000
-1.0441000000
-0.8685800000
-0.6575800000
-0.4435700000
-0.2678500000
-0.1955200000
-0.3228700000
-0.7566800000
-1.4052000000
-1.8075000000
-1.8934000000
-1.8465000000
-1.7329000000
-1.5585000000
-1.3058000000
-0.9232100000
-0.2573600000
1.0266000000
2.1384000000
2.2928000000
2.2459000000
2.1572000000
2.0391000000
1.8935000000
1.7214000000
1.5245000000
1.3046000000
1.0639000000
0.8049000000
0.5317900000
0.2531800000
-0.0110700000
-0.2221600000
-0.3254800000
-0.2673500000
0.0066560000
0.5685300000
1.3097000000
1.7111000000
1.7238000000
1.5744000000
1.3318000000
0.9747100000
0.3924800000
-0.6994400000
-1.9375000000
-2.2113000000
-2.1625000000
-2.0549000000
-1.9152000000
-1.7461000000
-1.5481000000
-1.3200000000
-1.0584000000
-0.7528400000
-0.3783500000
0.1152200000
0.7561300000
1.3234000000
1.5185000000
1.4480000000
1.2683000000
1.0367000000
0.7686800000
0.4643100000
0.1156300000
-0.2828900000
-0.6946000000
-1.0027000000
-1.1134000000
-1.0563000000
-0.9022300000
-0.7005100000
-0.4853800000
-0.2949500000
-0.1876700000
-0.2524100000
-0.6022200000
-1.2389000000
-1.7463000000
-1.8951000000
-1.8723000000
-1.7749000000
-1.6186000000
-1.3918000000
-1.0569000000
-0.5042200000
0.5676600000
1.9381000000
2.2844000000
2.2627000000
2.1828000000
2.0723000000
1.9338000000
1.7684000000
1.5776000000
1.3630000000
1.1265000000
0.8701200000
0.5964200000
0.3105300000
0.0253640000
-0.2292800000
-0.4038600000
-0.4472400000
-0.3255200000
-0.0031071000
0.5757400000
1.2845000000
1.6488000000
1.6404000000
1.4667000000
1.1889000000
0.7705200000
0.0537650000
-1.2033000000
-2.0793000000
-2.1628000000
-2.0753000000
-1.9436000000
-1.7804000000
-1.5868000000
-1.3614000000
-1.0994000000
-0.7878400000
-0.3947700000
0.1467600000
0.8727800000
1.4679000000
1.6181000000
1.5173000000
1.3236000000
1.0818000000
0.7978900000
0.4602400000
0.0382830000
-0.5002500000
-1.0628000000
-1.3774000000
-1.3947000000
-1.2565000000
-1.0485000000
-0.8020900000
-0.5290900000
-0.2371400000
0.0600280000
0.3298300000
0.5172800000
0.5703400000
0.4656200000
0.1871600000
-0.3116900000
-1.0183000000
-1.5439000000
-1.6388000000
-1.5053000000
-1.2584000000
-0.8946800000
-0.3129400000
0.7317500000
1.8633000000
2.1193000000
2.0528000000
1.9206000000
1.7536000000
1.5545000000
1.3213000000
1.0464000000
0.7110000000
0.2679000000
-0.3716200000
-1.1680000000
-1.6317000000
-1.6583000000
-1.5112000000
-1.2980000000
-1.0411000000
-0.7366800000
-0.3612400000
0.1346500000
0.7744800000
1.3297000000
1.5136000000
1.4385000000
1.2560000000
1.0214000000
0.7484800000
0.4350400000
0.0689390000
-0.3585900000
-0.7981800000
-1.1030000000
-1.1850000000
-1.1016000000
-0.9304600000
-0.7174400000
-0.4926300000
-0.2900400000
-0.1631300000
-0.1942900000
-0.4933200000
-1.1062000000
-1.6798000000
-1.8776000000
-1.8666000000
-1.7706000000
-1.6132000000
-1.3842000000
-1.0453000000
-0.4836800000
0.6073500000
1.9608000000
2.2853000000
2.2606000000
2.1796000000
2.0682000000
1.9287000000
1.7625000000
1.5709000000
1.3555000000
1.1182000000
0.8608700000
0.5861100000
0.2988600000
0.0119530000
-0.2446300000
-0.4210400000
-0.4667400000
-0.3503700000
-0.0410540000
0.5149300000
1.2224000000
1.6221000000
1.6340000000
1.4673000000
1.1936000000
0.7817600000
0.0812530000
-1.1541000000
-2.0600000000
-2.1563000000
-2.0695000000
-1.9368000000
-1.7724000000
-1.5773000000
-1.3498000000
-1.0848000000
-0.7678200000
-0.3638100000
0.1992400000
0.9447800000
1.5123000000
1.6289000000
1.5147000000
1.3155000000
1.0697000000
0.7809000000
0.4345800000
-0.0040271000
-0.5671000000
-1.1339000000
-1.4173000000
-1.4081000000
-1.2567000000
-1.0411000000
-0.7879700000
-0.5057000000
-0.1975900000
0.1282700000
0.4418600000
0.6801900000
0.7823700000
0.7380800000
0.5716300000
0.3000800000
-0.0832680000
-0.5800800000
-1.0666000000
-1.3071000000
-1.2744000000
-1.0695000000
-0.7254900000
-0.1723700000
0.7565900000
1.7126000000
1.9561000000
1.8747000000
1.7110000000
1.5042000000
1.2548000000
0.9492400000
0.5493200000
-0.0373920000
-0.9100600000
-1.6470000000
-1.8004000000
-1.6917000000
-1.5023000000
-1.2686000000
-0.9909200000
-0.6519500000
-0.2059100000
0.4265500000
1.1786000000
1.5963000000
1.6108000000
1.4602000000
1.2437000000
0.9835900000
0.6765400000
0.3003600000
-0.1880800000
-0.7941400000
-1.2967000000
-1.4582000000
-1.3806000000
-1.1988000000
-0.9659900000
-0.6983300000
-0.3989500000
-0.0669030000
0.2901200000
0.6285600000
0.8623700000
0.9342800000
0.8631800000
0.6957900000
0.4669500000
0.1989200000
-0.0846230000
-0.3403100000
-0.4991300000
-0.4921600000
-0.2638300000
0.2776500000
1.1711000000
1.8077000000
1.9003000000
1.7959000000
1.6172000000
1.3747000000
1.0424000000
0.5388300000
-0.3563100000
-1.6361000000
-2.1268000000
-2.1069000000
-1.9921000000
-1.8403000000
-1.6572000000
-1.4426000000
-1.1926000000
-0.8970100000
-0.5299700000
-0.0319620000
0.6695800000
1.3723000000
1.6373000000
1.5788000000
1.4020000000
1.1713000000
0.8982300000
0.5741200000
0.1703000000
-0.3575500000
-0.9675000000
-1.3779000000
-1.4509000000
-1.3334000000
-1.1338000000
-0.8903100000
-0.6141400000
-0.3069200000
0.0308440000
0.3835300000
0.6941900000
0.8788900000
0.9034300000
0.7986700000
0.6071200000
0.3564600000
0.0639380000
-0.2465800000
-0.5215700000
-0.6799500000
-0.6618700000
-0.4411400000
0.0422890000
0.8868100000
1.6857000000
1.8841000000
1.7993000000
1.6241000000
1.3872000000
1.0716000000
0.6148800000
-0.1549000000
-1.3619000000
-2.0302000000
-2.0561000000
-1.9396000000
-1.7787000000
-1.5844000000
-1.3558000000
-1.0866000000
-0.7593400000
-0.3305200000
0.2876800000
1.0938000000
1.6185000000
1.6768000000
1.5402000000
1.3324000000
1.0803000000
0.7816000000
0.4147400000
-0.0687830000
-0.7062900000
-1.2994000000
-1.5236000000
-1.4650000000
-1.2891000000
-1.0582000000
-0.7878000000
-0.4758800000
-0.1086000000
0.3285100000
0.7937600000
1.1298000000
1.2284000000
1.1496000000
0.9787200000
0.7637300000
0.5330900000
0.3164000000
0.1599500000
0.1368900000
0.3494900000
0.8885000000
1.5421000000
1.8466000000
1.8731000000
1.7912000000
1.6446000000
1.4293000000
1.1137000000
0.6047800000
-0.3670700000
-1.7970000000
-2.2724000000
