0.0904630000
-0.0665130000
-0.1999000000
-0.2900800000
-0.3373400000
-0.3310400000
-0.2474100000
-0.0860440000
0.1042600000
0.2521200000
0.3177300000
0.3118600000
0.2631700000
0.1795400000
0.0526190000
-0.1036700000
-0.2422900000
-0.3182500000
-0.3159200000
-0.2436000000
-0.1255400000
-0.0009114200
0.0895800000
0.1285300000
0.1328100000
0.1357800000
0.1535200000
0.1643100000
0.1240600000
0.0127980000
-0.1300700000
-0.2268800000
-0.2233900000
-0.1291600000
-0.0082051000
0.0656830000
0.0593210000
0.0015193000
-0.0411360000
-0.0165950000
0.0714430000
0.1642100000
0.1898700000
0.1173400000
-0.0159970000
-0.1294400000
-0.1629100000
-0.1205300000
-0.0571870000
-0.0291290000
-0.0504060000
-0.0848320000
-0.0767100000
0.0038913000
0.1354800000
0.2574900000
0.3078200000
0.2571600000
0.1258300000
-0.0258120000
-0.1418300000
-0.2119100000
-0.2563500000
-0.2782400000
-0.2483700000
-0.1395300000
0.0317360000
0.2048000000
0.3197500000
0.3561300000
0.3251200000
0.2388400000
0.1054600000
-0.0504650000
-0.1903500000
-0.2912000000
-0.3492500000
-0.3520000000
-0.2730200000
-0.1081000000
0.0940000000
0.2556100000
0.3293300000
0.3236700000
0.2713200000
0.1857000000
0.0599510000
-0.0954740000
-0.2373700000
-0.3211700000
-0.3285000000
-0.2629500000
-0.1438400000
-0.0091634000
0.0953250000
0.1440600000
0.1488500000
0.1443100000
0.1520800000
0.1555300000
0.1121600000
0.0007388800
-0.1409300000
-0.2352100000
-0.2264000000
-0.1232300000
0.0080409000
0.0887740000
0.0819180000
0.0162480000
-0.0381650000
-0.0253450000
0.0525250000
0.1359400000
0.1530900000
0.0765030000
-0.0507700000
-0.1454000000
-0.1496400000
-0.0744010000
0.0140720000
0.0471110000
0.0057224000
-0.0657350000
-0.0945560000
-0.0369130000
0.0864450000
0.2026100000
0.2368300000
0.1640200000
0.0270800000
-0.0949590000
-0.1501500000
-0.1478900000
-0.1326600000
-0.1334900000
-0.1389200000
-0.1125000000
-0.0293590000
0.0985440000
0.2287200000
0.3159300000
0.3319200000
0.2674700000
0.1360700000
-0.0205580000
-0.1546900000
-0.2489800000
-0.3113200000
-0.3347000000
-0.2858900000
-0.1436600000
0.0588950000
0.2444400000
0.3498600000
0.3657700000
0.3170500000
0.2223900000
0.0881490000
-0.0667240000
-0.2070900000
-0.3084200000
-0.3624700000
-0.3542600000
-0.2607200000
-0.0862490000
0.1131900000
0.2612400000
0.3191400000
0.3036200000
0.2495900000
0.1671100000
0.0443620000
-0.1101300000
-0.2496800000
-0.3230200000
-0.3088700000
-0.2188900000
-0.0897050000
0.0283120000
0.0953830000
0.1073500000
0.0961010000
0.1010000000
0.1327100000
0.1592600000
0.1299000000
0.0242060000
-0.1158400000
-0.2105200000
-0.2057200000
-0.1131900000
0.0010095000
0.0641150000
0.0474460000
-0.0150390000
-0.0545630000
-0.0214340000
0.0755220000
0.1733300000
0.1995000000
0.1253200000
-0.0092113000
-0.1233300000
-0.1595800000
-0.1245900000
-0.0718410000
-0.0516150000
-0.0715330000
-0.0940720000
-0.0692240000
0.0238980000
0.1581500000
0.2749300000
0.3190700000
0.2659700000
0.1346100000
-0.0190800000
-0.1415000000
-0.2211300000
-0.2748000000
-0.3009500000
-0.2664800000
-0.1443900000
0.0425480000
0.2252500000
0.3398800000
0.3686400000
0.3280100000
0.2342500000
0.0978360000
-0.0569090000
-0.1951300000
-0.2980500000
-0.3615400000
-0.3674500000
-0.2832900000
-0.1043600000
0.1138800000
0.2854300000
0.3597300000
0.3471400000
0.2828600000
0.1833100000
0.0477660000
-0.1079900000
-0.2453500000
-0.3322200000
-0.3552000000
-0.3061600000
-0.1845600000
-0.0192360000
0.1316100000
0.2180100000
0.2343600000
0.2131100000
0.1830800000
0.1364800000
0.0433870000
-0.0971910000
-0.2314300000
-0.2873700000
-0.2320800000
-0.0959290000
0.0450760000
0.1173700000
0.0991480000
0.0326480000
-0.0116340000
0.0085369000
0.0737070000
0.1187800000
0.0869400000
-0.0192890000
-0.1328200000
-0.1729000000
-0.1092700000
0.0144080000
0.1128200000
0.1214200000
0.0434040000
-0.0540960000
-0.0931700000
-0.0462200000
0.0441920000
0.1003800000
0.0712420000
-0.0258580000
-0.1163400000
-0.1266200000
-0.0422390000
0.0802680000
0.1549600000
0.1298800000
0.0256790000
-0.0803360000
-0.1153800000
-0.0674820000
0.0100210000
0.0449470000
0.0050060000
-0.0755830000
-0.1222400000
-0.0790010000
0.0459630000
0.1829000000
0.2485900000
0.2030700000
0.0760270000
-0.0561260000
-0.1316000000
-0.1478600000
-0.1449500000
-0.1533800000
-0.1630000000
-0.1362500000
-0.0472290000
0.0901490000
0.2291300000
0.3221000000
0.3428000000
0.2848400000
0.1598000000
0.0039349000
-0.1365000000
-0.2404500000
-0.3134900000
-0.3493600000
-0.3129800000
-0.1761900000
0.0339870000
0.2372000000
0.3598100000
0.3843800000
0.3362500000
0.2401700000
0.1070100000
-0.0454620000
-0.1870800000
-0.2977700000
-0.3704700000
-0.3854000000
-0.3072700000
-0.1268000000
0.1019700000
0.2876200000
0.3716900000
0.3612300000
0.2944200000
0.1929800000
0.0584220000
-0.0959970000
-0.2358500000
-0.3313000000
-0.3680100000
-0.3324800000
-0.2151300000
-0.0385540000
0.1350900000
0.2433400000
0.2696500000
0.2440700000
0.2002500000
0.1373500000
0.0312060000
-0.1155600000
-0.2498200000
-0.3048300000
-0.2519600000
-0.1196500000
0.0222490000
0.1037700000
0.1005000000
0.0478270000
0.0104480000
0.0299580000
0.0910040000
0.1328100000
0.0990080000
-0.0108270000
-0.1321400000
-0.1835800000
-0.1316100000
-0.0154260000
0.0829860000
0.0990480000
0.0324550000
-0.0540910000
-0.0843600000
-0.0283980000
0.0741940000
0.1443300000
0.1236300000
0.0206000000
-0.0933640000
-0.1395200000
-0.0934590000
-0.0007581200
0.0614810000
0.0449110000
-0.0326490000
-0.1008800000
-0.0920470000
0.0052264000
0.1349000000
0.2126400000
0.1856300000
0.0703550000
-0.0594440000
-0.1312900000
-0.1295400000
-0.0956220000
-0.0808680000
-0.0998940000
-0.1207600000
-0.0946470000
0.0013916000
0.1426700000
0.2723100000
0.3363000000
0.3076200000
0.1946500000
0.0408780000
-0.0992960000
-0.2020200000
-0.2779200000
-0.3287600000
-0.3205100000
-0.2131700000
-0.0153330000
0.2012500000
0.3525700000
0.4027300000
0.3669700000
0.2728700000
0.1399500000
-0.0094444000
-0.1492100000
-0.2680700000
-0.3647800000
-0.4161300000
-0.3710200000
-0.1971900000
0.0631500000
0.3034600000
0.4344700000
0.4423800000
0.3663100000
0.2477100000
0.1123200000
-0.0229460000
-0.1509100000
-0.2758700000
-0.3930400000
-0.4636300000
-0.4233200000
-0.2341600000
0.0564610000
0.3256100000
0.4680700000
0.4671600000
0.3737500000
0.2476700000
0.1223000000
0.0012585000
-0.1237500000
-0.2538500000
-0.3763400000
-0.4617200000
-0.4609800000
-0.3278900000
-0.0734480000
0.2076300000
0.3983500000
0.4497300000
0.3943400000
0.2890100000
0.1656500000
0.0308510000
-0.1092600000
-0.2419800000
-0.3561300000
-0.4327600000
-0.4295400000
-0.3018700000
-0.0595530000
0.2079200000
0.3910200000
0.4440100000
0.3953000000
0.2937800000
0.1677900000
0.0292520000
-0.1093000000
-0.2379100000
-0.3527200000
-0.4352600000
-0.4362800000
-0.3047900000
-0.0508480000
0.2296800000
0.4207900000
0.4743800000
0.4192400000
0.3080800000
0.1788000000
0.0505760000
-0.0717040000
-0.1946100000
-0.3223800000
-0.4354400000
-0.4825700000
-0.4024100000
-0.1770100000
0.1214700000
0.3641400000
0.4652100000
0.4323900000
0.3272400000
0.2030400000
0.0771880000
-0.0545050000
-0.1910500000
-0.3193000000
-0.4182300000
-0.4528600000
-0.3775000000
-0.1764600000
0.0909570000
0.3136600000
0.4144400000
0.3978500000
0.3150500000
0.2042600000
0.0730600000
-0.0744050000
-0.2172600000
-0.3312200000
-0.3979900000
-0.3923300000
-0.2861600000
-0.0873690000
0.1358500000
0.2945600000
0.3470600000
0.3165700000
0.2466800000
0.1529500000
0.0251720000
-0.1293500000
-0.2671600000
-0.3397000000
-0.3243500000
-0.2283900000
-0.0866240000
0.0461610000
0.1226200000
0.1342200000
0.1143100000
0.1065800000
0.1242800000
0.1352600000
0.0902780000
-0.0239470000
-0.1569400000
-0.2276000000
-0.1892300000
-0.0659180000
0.0638830000
0.1219600000
0.0852020000
-0.0001371100
-0.0563680000
-0.0357910000
0.0425460000
0.1090300000
0.0993430000
0.0078868000
-0.1033400000
-0.1518100000
-0.0997730000
0.0165500000
0.1142400000
0.1252400000
0.0468220000
-0.0568910000
-0.1053500000
-0.0649000000
0.0267480000
0.0919920000
0.0746540000
-0.0149140000
-0.1060900000
-0.1229900000
-0.0443880000
0.0789510000
0.1612600000
0.1448300000
0.0427690000
-0.0709210000
-0.1198800000
-0.0847620000
-0.0128050000
0.0254270000
-0.0056393000
-0.0775910000
-0.1200500000
-0.0765630000
0.0491920000
0.1922900000
0.2704800000
0.2384800000
0.1163400000
-0.0259200000
-0.1237500000
-0.1663300000
-0.1851700000
-0.2027600000
-0.2033000000
-0.1513500000
-0.0332770000
0.1210500000
0.2574600000
0.3352400000
0.3418700000
0.2791900000
0.1561400000
0.0009213300
-0.1434400000
-0.2514100000
-0.3233600000
-0.3532500000
-0.3107400000
-0.1726100000
0.0324590000
0.2268100000
0.3415500000
0.3631300000
0.3188100000
0.2316400000
0.1057200000
-0.0476310000
-0.1944200000
-0.3017700000
-0.3557500000
-0.3461500000
-0.2585600000
-0.0995040000
0.0820530000
0.2185800000
0.2744600000
0.2653200000
0.2265600000
0.1689600000
0.0730150000
-0.0686470000
-0.2153500000
-0.3009200000
-0.2854200000
-0.1803700000
-0.0409430000
0.0642480000
0.0949620000
0.0648650000
0.0278990000
0.0342760000
0.0892940000
0.1468000000
0.1441300000
0.0554020000
-0.0784630000
-0.1756300000
-0.1781000000
-0.0952280000
0.0072255000
0.0573230000
0.0292700000
-0.0390330000
-0.0763840000
-0.0340780000
0.0751780000
0.1841900000
0.2182000000
0.1480500000
0.0132650000
-0.1062700000
-0.1540100000
-0.1360700000
-0.1013300000
-0.0910960000
-0.1051500000
-0.1065500000
-0.0559430000
0.0535870000
0.1881100000
0.2947100000
0.3302400000
0.2765400000
0.1481000000
-0.0077236000
-0.1395600000
-0.2310200000
-0.2938700000
-0.3242400000
-0.2878900000
-0.1575900000
0.0410380000
0.2331000000
0.3504800000
0.3762500000
0.3313800000
0.2360300000
0.1007600000
-0.0530120000
-0.1926600000
-0.2990800000
-0.3667700000
-0.3763800000
-0.2937900000
-0.1126100000
0.1114200000
0.2893000000
0.3671900000
0.3545400000
0.2881000000
0.1867000000
0.0509280000
-0.1041800000
-0.2422400000
-0.3330300000
-0.3629300000
-0.3204400000
-0.1997500000
-0.0267860000
0.1372400000
0.2352500000
0.2561400000
0.2314800000
0.1925300000
0.1348800000
0.0322110000
-0.1129200000
-0.2459000000
-0.2982200000
-0.2410800000
-0.1054600000
0.0353400000
0.1105700000
0.0987500000
0.0397670000
0.0008829400
0.0225550000
0.0858740000
0.1274800000
0.0918300000
-0.0181160000
-0.1352600000
-0.1790500000
-0.1194400000
0.0004922700
0.0969510000
0.1068400000
0.0336260000
-0.0566900000
-0.0877250000
-0.0325930000
0.0657810000
0.1282600000
0.1007600000
-0.0021466000
-0.1061500000
-0.1351400000
-0.0708530000
0.0346270000
0.0999280000
0.0764650000
-0.0142610000
-0.0969690000
-0.1016300000
-0.0184390000
0.0942380000
0.1534900000
0.1139600000
0.0029703000
-0.0996290000
-0.1244700000
-0.0659960000
0.0177200000
0.0537720000
0.0123590000
-0.0693070000
-0.1156800000
-0.0724390000
0.0495490000
0.1792600000
0.2349400000
0.1807500000
0.0514690000
-0.0740920000
-0.1362800000
-0.1370000000
-0.1210400000
-0.1239500000
-0.1391200000
-0.1275100000
-0.0556690000
0.0718760000
0.2124600000
0.3139800000
0.3416400000
0.2844900000
0.1569000000
0.0010097000
-0.1354700000
-0.2354300000
-0.3076900000
-0.3450000000
-0.3093600000
-0.1712100000
0.0414440000
0.2465600000
0.3697100000
0.3931100000
0.3414100000
0.2398700000
0.1029600000
-0.0481230000
-0.1860900000
-0.2978400000
-0.3784200000
-0.4018300000
-0.3236100000
-0.1302000000
0.1192000000
0.3225900000
0.4142400000
0.3999500000
0.3201800000
0.2037600000
0.0638260000
-0.0825140000
-0.2157400000
-0.3275300000
-0.4070700000
-0.4172300000
-0.3105400000
-0.0860310000
0.1778500000
0.3722700000
0.4420300000
0.4060100000
0.3098300000
0.1841400000
0.0450930000
-0.0926580000
-0.2207700000
-0.3387900000
-0.4305300000
-0.4460300000
-0.3289300000
-0.0803240000
0.2087300000
0.4163200000
0.4834700000
0.4334900000
0.3219000000
0.1930300000
0.0687260000
-0.0492030000
-0.1703100000
-0.2988300000
-0.4178700000
-0.4840100000
-0.4387100000
-0.2492800000
0.0376230000
0.3022300000
0.4412000000
0.4399000000
0.3519200000
0.2339200000
0.1081000000
-0.0269390000
-0.1673000000
-0.2974400000
-0.3982700000
-0.4408800000
-0.3831700000
-0.2036300000
0.0513150000
0.2779200000
0.3934200000
0.3919500000
0.3199400000
0.2165200000
0.0895230000
-0.0587260000
-0.2056800000
-0.3210700000
-0.3840500000
-0.3750100000
-0.2745200000
-0.0929540000
0.1087600000
0.2521200000
0.3002800000
0.2757800000
0.2211800000
0.1502000000
0.0442830000
-0.1013200000
-0.2436800000
-0.3180700000
-0.2878100000
-0.1677600000
-0.0173710000
0.0908530000
0.1168300000
0.0786630000
0.0349000000
0.0360260000
0.0828000000
0.1247300000
0.1021100000
0.0011307000
-0.1245400000
-0.1915400000
-0.1532700000
-0.0360290000
0.0803980000
0.1204900000
0.0674470000
-0.0261630000
-0.0803850000
-0.0508560000
0.0373100000
0.1102200000
0.1033800000
0.0137230000
-0.0948930000
-0.1406700000
-0.0884710000
0.0234230000
0.1127200000
0.1148900000
0.0317650000
-0.0698990000
-0.1106900000
-0.0609190000
0.0376330000
0.1053400000
0.0865770000
-0.0062624000
-0.1009100000
-0.1216000000
-0.0486880000
0.0661760000
0.1389400000
0.1160900000
0.0153680000
-0.0873810000
-0.1179100000
-0.0613410000
0.0292750000
0.0769000000
0.0413500000
-0.0483750000
-0.1157800000
-0.0968970000
0.0087852000
0.1357700000
0.1992700000
0.1561400000
0.0362260000
-0.0805740000
-0.1280500000
-0.1031500000
-0.0573890000
-0.0456190000
-0.0787950000
-0.1162300000
-0.1001400000
-0.0039864000
0.1432600000
0.2750000000
0.3290900000
0.2801100000
0.1503700000
-0.0020230000
-0.1249200000
-0.2100100000
-0.2751600000
-0.3149100000
-0.2883900000
-0.1619000000
0.0414070000
0.2436300000
0.3703500000
0.3988400000
0.3476100000
