9.4828000000
9.5172000000
9.5088000000
9.4483000000
9.3276000000
9.4737000000
9.5517000000
8.8966000000
9.1053000000
9.2586000000
9.1053000000
9.1754000000
9.0172000000
8.8772000000
9.0690000000
8.6207000000
8.4737000000
8.5345000000
8.8596000000
9.0517000000
8.7586000000
8.4737000000
8.7931000000
9.0517000000
8.6491000000
8.6034000000
7.4655000000
7.9474000000
8.2414000000
7.5862000000
7.6842000000
7.2586000000
8.1228000000
7.7241000000
7.2931000000
7.1754000000
7.3448000000
7.3103000000
7.0702000000
7.4138000000
7.5172000000
6.8772000000
7.3448000000
6.9123000000
6.8793000000
7.0690000000
6.8070000000
6.5000000000
5.5517000000
6.3158000000
-0.4655200000
4.0175000000
3.9310000000
3.9828000000
4.2632000000
4.3276000000
4.0690000000
3.8947000000
3.9828000000
4.9123000000
4.9310000000
4.2586000000
4.3684000000
3.8966000000
4.0000000000
3.5614000000
-95.5890000000
-252.0000000000
-70.3400000000
-29.1210000000
-143.8600000000
-245.0000000000
-220.5900000000
-31.4390000000
-3.9483000000
-16.2070000000
-1.1754000000
-1.1034000000
-0.8620700000
-1.4737000000
-1.3448000000
-0.5964900000
-0.7586200000
-0.5517200000
-1.1930000000
-0.8965500000
-0.7719300000
-0.8620700000
-0.7413800000
-0.6315800000
-0.5517200000
-0.2413800000
-0.3508800000
-0.1724100000
-0.0350880000
0.0175440000
-0.1034500000
0.0526320000
0.0172410000
0.0172410000
-0.0350880000
0.0517240000
0.1228100000
0.1052600000
0.0862070000
-0.0714290000
0.0000000000
-0.1403500000
0.0000000000
0.0000000000
0.0000000000
-0.0175440000
0.2758600000
0.3333300000
0.4827600000
0.1403500000
0.2982500000
0.5862100000
0.5263200000
0.3793100000
0.3965500000
0.3157900000
0.1379300000
0.1228100000
0.1034500000
-0.6206900000
0.2280700000
0.3620700000
0.3508800000
0.2069000000
0.2586200000
0.1228100000
0.1896600000
0.3448300000
0.2456100000
0.2413800000
0.3103400000
0.1228100000
0.2069000000
-0.2586200000
-0.3859600000
0.0517240000
0.0000000000
-0.9298200000
-0.3793100000
-0.7017500000
-0.9310300000
-0.4310300000
-0.7368400000
-0.4137900000
-0.8070200000
-1.1724000000
-1.2759000000
-1.4035000000
-1.2069000000
-1.6667000000
-1.8448000000
-1.5172000000
-1.7895000000
-2.1552000000
-2.2982000000
-2.1897000000
-2.5172000000
-2.4211000000
-3.0690000000
-3.0862000000
-2.9474000000
-3.0517000000
-2.9649000000
-3.8571000000
-4.8276000000
-4.1754000000
-4.4035000000
-5.5862000000
-5.8070000000
-5.3448000000
-5.3793000000
-5.9123000000
-6.6034000000
-6.9649000000
-6.9828000000
-7.5439000000
-7.5517000000
-8.6034000000
-9.2807000000
-9.1034000000
-8.9825000000
-2.5172000000
-3.0000000000
-2.8421000000
-3.1552000000
-3.4310000000
-3.9825000000
-3.3276000000
-3.4211000000
-3.8070000000
-4.0862000000
-4.7018000000
-4.7368000000
-5.2241000000
-6.4386000000
-6.9483000000
-6.4310000000
-6.5439000000
-6.8448000000
-6.8793000000
-7.5088000000
-7.1379000000
-7.2241000000
-7.4737000000
-8.3966000000
-8.0526000000
-8.3966000000
-8.8070000000
-10.1050000000
-10.3620000000
-10.7590000000
-11.0880000000
-11.6210000000
-11.3790000000
-11.8770000000
-11.4480000000
-12.6670000000
-13.3100000000
-13.4830000000
-13.5610000000
-14.3970000000
-14.3280000000
-15.5440000000
-15.9660000000
-16.5520000000
-17.8250000000
-18.1030000000
-18.1400000000
-18.8450000000
-10.2240000000
-7.0175000000
-6.9483000000
-6.7931000000
-5.4912000000
-5.0000000000
-5.1034000000
-5.0702000000
-4.5517000000
-4.2632000000
-4.4138000000
-4.2414000000
-4.3684000000
-4.2414000000
-4.6207000000
-3.6316000000
-3.2931000000
-2.9483000000
-3.1754000000
-2.9828000000
-2.9123000000
-2.6897000000
-2.3621000000
-2.2982000000
-2.1034000000
-2.1579000000
-1.9655000000
-1.1379000000
-2.2456000000
-1.7069000000
-2.0000000000
-2.0351000000
-1.9828000000
-2.1930000000
-2.3276000000
-1.7069000000
-0.5789500000
-1.4138000000
-2.0517000000
-1.7018000000
-1.5345000000
-1.7719000000
-2.2759000000
-1.4737000000
1.4912000000
-1.2759000000
0.9473700000
-0.5964900000
0.3275900000
-0.3508800000
1.8966000000
0.7368400000
0.2280700000
0.8448300000
0.0344830000
0.5438600000
0.0172410000
-0.1896600000
-1.0175000000
-0.5517200000
-0.4386000000
-0.5862100000
-0.8965500000
-1.4035000000
-0.9482800000
-0.9482800000
-1.6140000000
-1.9655000000
-1.8421000000
-1.9483000000
-2.1724000000
-2.2632000000
-2.3966000000
-2.3276000000
-3.0351000000
-3.3621000000
-4.0345000000
-4.1228000000
-3.4828000000
-4.5517000000
-5.2632000000
-5.2414000000
-5.2807000000
-6.2414000000
-6.8448000000
-7.4912000000
-7.8621000000
-7.5690000000
-8.7143000000
-8.8103000000
-7.5172000000
-9.3860000000
-10.3100000000
-10.5610000000
-10.8970000000
-11.7590000000
-12.3680000000
-12.8450000000
-14.0530000000
-5.7193000000
-1.1579000000
-1.0526000000
-2.3966000000
-1.4655000000
-1.5088000000
-2.0517000000
-2.0702000000
-2.0690000000
-2.1552000000
-1.7193000000
-2.4483000000
-3.1754000000
-2.6897000000
-3.8966000000
-3.3509000000
-5.1379000000
-4.4828000000
-5.1053000000
-4.9310000000
-5.2414000000
-5.5965000000
-5.8103000000
-5.7931000000
-6.6491000000
-7.2586000000
-7.4386000000
-9.2069000000
-8.0526000000
-5.8421000000
-5.6724000000
-6.9138000000
-10.7020000000
-18.8280000000
-29.4040000000
-41.4310000000
-54.4310000000
-68.2460000000
-83.4140000000
-96.1550000000
-109.6500000000
-121.8400000000
-130.6400000000
-139.6300000000
-145.4100000000
-146.8300000000
-146.6800000000
-144.9700000000
-143.6700000000
-141.9300000000
-138.0000000000
-136.1600000000
-137.7800000000
-142.7500000000
-147.8400000000
-153.5000000000
-156.1600000000
-158.9500000000
-166.4400000000
-175.5500000000
-182.1900000000
-187.5400000000
-192.1600000000
-195.4000000000
-196.8800000000
-199.9100000000
-203.5200000000
-207.6300000000
-211.2900000000
-213.6100000000
-214.9300000000
-215.5900000000
-216.9600000000
-216.9700000000
-217.0000000000
-216.8600000000
-216.7200000000
-215.5300000000
-215.0000000000
-215.0000000000
-241.8300000000
-267.9300000000
-267.7500000000
-267.6900000000
-177.9800000000
-169.0000000000
-83.7760000000
-81.0350000000
-80.4480000000
-79.9660000000
-79.2140000000
-74.1030000000
-74.6320000000
-72.5610000000
-65.9830000000
-50.9310000000
-51.3040000000
-48.9310000000
-47.7860000000
-50.1720000000
-50.2590000000
-49.8950000000
-48.9140000000
-49.0520000000
-50.0890000000
-49.8100000000
-50.6210000000
-47.2810000000
-51.0340000000
-49.3100000000
-50.9120000000
-51.8450000000
-51.9480000000
-50.4740000000
-51.4310000000
-51.4390000000
-52.1750000000
-50.7370000000
-51.4390000000
-51.4390000000
-51.4310000000
-51.4040000000
-52.0000000000
-52.3790000000
-52.7370000000
-51.1550000000
-52.7760000000
-52.2980000000
-52.7070000000
-53.1550000000
-53.6670000000
-52.3790000000
-53.2240000000
-52.6840000000
-41.4310000000
-41.6720000000
-39.6670000000
-37.4830000000
-37.2630000000
-37.2410000000
-37.0690000000
-37.1750000000
-36.2760000000
-36.9480000000
-36.4740000000
-37.1030000000
-37.0170000000
-36.2280000000
-36.4310000000
-36.5520000000
-35.9820000000
-36.3790000000
-36.6210000000
-37.1930000000
-36.7240000000
-36.0530000000
-36.8770000000
-37.3160000000
-37.3100000000
-37.6140000000
-37.2590000000
-37.3620000000
-38.1400000000
-37.9830000000
-37.8100000000
-38.1230000000
-38.8620000000
-39.4140000000
-38.6320000000
-40.1900000000
-39.2590000000
-40.4560000000
-40.3100000000
-40.4480000000
-41.0360000000
-41.3970000000
-41.7590000000
-41.4560000000
-41.8450000000
-42.4830000000
-42.5610000000
-39.3280000000
-38.0170000000
-37.7020000000
-37.6030000000
-37.3970000000
-37.4290000000
-37.6550000000
-37.4660000000
-37.2110000000
-37.3450000000
-37.5090000000
-37.2070000000
-37.4140000000
-37.3860000000
-37.4310000000
-37.7240000000
-37.5090000000
-29.3280000000
3.2069000000
2.9123000000
2.9655000000
2.9483000000
2.3860000000
2.7069000000
2.5000000000
3.0526000000
2.5862000000
2.9655000000
1.3793000000
2.4464000000
2.4828000000
2.8276000000
2.7895000000
1.8966000000
2.0175000000
2.2931000000
2.3621000000
2.4386000000
2.2241000000
2.4310000000
2.2241000000
1.9649000000
1.9655000000
1.0526000000
215.4800000000
108.6700000000
1.8793000000
0.5263200000
1.4483000000
1.3621000000
1.3684000000
1.2281000000
1.5172000000
1.6491000000
1.8966000000
1.7931000000
2.0351000000
2.1552000000
2.4912000000
2.7241000000
2.3103000000
2.2105000000
2.5862000000
2.8621000000
2.5965000000
1.2069000000
0.7413800000
0.8928600000
2.7241000000
3.0690000000
2.5439000000
2.8448000000
2.9474000000
2.7586000000
2.7414000000
2.5439000000
2.5000000000
2.4655000000
2.4561000000
2.1754000000
2.3448000000
2.1228000000
1.9483000000
2.0000000000
1.9123000000
1.8448000000
1.4828000000
1.5614000000
1.5517000000
1.9655000000
1.1579000000
1.2759000000
1.2069000000
1.0175000000
0.6896600000
0.3103400000
0.1052600000
0.4827600000
0.1379300000
0.0175440000
0.0000000000
-0.0344830000
-0.0350880000
0.0000000000
-0.3392900000
-0.4655200000
-0.5438600000
-0.7241400000
-0.8596500000
-0.9473700000
-1.2759000000
-1.2241000000
-1.2982000000
-1.0172000000
-1.7241000000
-1.5965000000
-2.3103000000
-2.6207000000
-2.8246000000
-3.0172000000
-3.0877000000
-3.2241000000
-3.4310000000
-3.3509000000
-3.5345000000
-3.5000000000
-3.4211000000
-3.7759000000
-4.0345000000
-3.6250000000
-3.1897000000
-3.8448000000
-4.0000000000
-3.9483000000
-4.2759000000
-4.1579000000
-5.4310000000
-4.3621000000
-4.6667000000
-5.4828000000
-5.0172000000
-4.4211000000
-4.1552000000
-2.8966000000
-3.6140000000
-3.6724000000
-3.5000000000
-3.8421000000
-4.0690000000
-4.2931000000
-4.1053000000
-4.7931000000
-5.3103000000
-6.0702000000
-7.4828000000
-7.1552000000
-6.4912000000
-6.7069000000
-7.0517000000
-6.6667000000
-6.3793000000
-6.4561000000
-6.5965000000
-6.7414000000
-6.9828000000
-6.8246000000
-6.8276000000
-7.1053000000
-8.3103000000
-7.9138000000
-7.3793000000
-7.5965000000
-8.0690000000
-7.7719000000
-7.3793000000
-6.6207000000
5.2281000000
5.3966000000
5.3793000000
5.7544000000
5.0690000000
4.9483000000
4.5789000000
4.6034000000
3.8621000000
3.4286000000
2.9138000000
3.1404000000
3.0690000000
2.9828000000
2.9138000000
2.9298000000
3.1404000000
2.7759000000
2.5439000000
2.1379000000
2.2982000000
2.1897000000
2.0345000000
1.2982000000
1.3103000000
1.3103000000
0.8421100000
-0.0344830000
0.0000000000
