-71.0000000000
-25.0000000000
-87.0000000000
-16.0000000000
-31.0000000000
-55.0000000000
-39.0000000000
-181.0000000000
-116.0000000000
88.0000000000
157.0000000000
154.0000000000
157.0000000000
56.0000000000
44.0000000000
232.0000000000
145.0000000000
178.0000000000
222.0000000000
157.0000000000
229.0000000000
178.0000000000
164.0000000000
69.0000000000
94.0000000000
226.0000000000
33.0000000000
-49.0000000000
-162.0000000000
-456.0000000000
-316.0000000000
-109.0000000000
-124.0000000000
44.0000000000
171.0000000000
27.0000000000
-82.0000000000
88.0000000000
-235.0000000000
-822.0000000000
-954.0000000000
-988.0000000000
-816.0000000000
-348.0000000000
2.0000000000
509.0000000000
911.0000000000
1454.0000000000
1934.0000000000
1511.0000000000
-134.0000000000
-3139.0000000000
-3912.0000000000
-2097.0000000000
-726.0000000000
2145.0000000000
2677.0000000000
1661.0000000000
1676.0000000000
1169.0000000000
864.0000000000
-897.0000000000
-4234.0000000000
-4913.0000000000
-5086.0000000000
-387.0000000000
7657.0000000000
9328.0000000000
3786.0000000000
-2710.0000000000
-5093.0000000000
-3019.0000000000
-1070.0000000000
-25.0000000000
493.0000000000
-2104.0000000000
-1142.0000000000
2628.0000000000
3034.0000000000
2829.0000000000
-1702.0000000000
-4652.0000000000
-4237.0000000000
-1722.0000000000
1889.0000000000
4995.0000000000
6136.0000000000
2902.0000000000
1578.0000000000
-5664.0000000000
-13268.0000000000
-7203.0000000000
-1123.0000000000
4292.0000000000
9696.0000000000
6888.0000000000
1168.0000000000
-2090.0000000000
-3338.0000000000
-3600.0000000000
-4931.0000000000
-1295.0000000000
3823.0000000000
5744.0000000000
3212.0000000000
-3502.0000000000
-4103.0000000000
-2393.0000000000
247.0000000000
3009.0000000000
2860.0000000000
2454.0000000000
101.0000000000
-877.0000000000
-2389.0000000000
7.0000000000
-207.0000000000
-2624.0000000000
-1793.0000000000
776.0000000000
3070.0000000000
5557.0000000000
2799.0000000000
-488.0000000000
-2549.0000000000
-5926.0000000000
-5099.0000000000
60.0000000000
1744.0000000000
4809.0000000000
7006.0000000000
332.0000000000
-1502.0000000000
-451.0000000000
-2758.0000000000
-3439.0000000000
-1115.0000000000
2005.0000000000
5020.0000000000
2776.0000000000
-952.0000000000
-233.0000000000
2991.0000000000
-927.0000000000
-1908.0000000000
-575.0000000000
-416.0000000000
173.0000000000
2887.0000000000
3841.0000000000
3304.0000000000
-1074.0000000000
-5507.0000000000
-4676.0000000000
-871.0000000000
3410.0000000000
4848.0000000000
4473.0000000000
1441.0000000000
-4251.0000000000
-4889.0000000000
-2265.0000000000
2476.0000000000
3845.0000000000
608.0000000000
-2282.0000000000
-3608.0000000000
-1324.0000000000
772.0000000000
4614.0000000000
4950.0000000000
337.0000000000
-3903.0000000000
-4168.0000000000
-3411.0000000000
-1418.0000000000
1556.0000000000
3449.0000000000
4101.0000000000
374.0000000000
-3194.0000000000
-2810.0000000000
-1576.0000000000
2499.0000000000
2978.0000000000
1661.0000000000
-2673.0000000000
-3278.0000000000
-2529.0000000000
-2032.0000000000
3341.0000000000
3410.0000000000
1692.0000000000
-25.0000000000
-2701.0000000000
-3483.0000000000
-2108.0000000000
-718.0000000000
-9.0000000000
2895.0000000000
2797.0000000000
595.0000000000
1764.0000000000
-1856.0000000000
-3565.0000000000
-1930.0000000000
-1183.0000000000
-742.0000000000
2257.0000000000
1313.0000000000
-324.0000000000
-42.0000000000
-1351.0000000000
-593.0000000000
1311.0000000000
-909.0000000000
165.0000000000
1752.0000000000
-431.0000000000
-1062.0000000000
-560.0000000000
-2080.0000000000
-1720.0000000000
-32.0000000000
868.0000000000
2119.0000000000
1021.0000000000
-1027.0000000000
-1261.0000000000
-1942.0000000000
-1011.0000000000
426.0000000000
242.0000000000
-90.0000000000
-29.0000000000
-1718.0000000000
-643.0000000000
1522.0000000000
1717.0000000000
1368.0000000000
-56.0000000000
-2508.0000000000
-2611.0000000000
-1258.0000000000
406.0000000000
2329.0000000000
2480.0000000000
1550.0000000000
880.0000000000
-482.0000000000
-1804.0000000000
-1472.0000000000
-167.0000000000
77.0000000000
1235.0000000000
1931.0000000000
635.0000000000
107.0000000000
-423.0000000000
-90.0000000000
59.0000000000
37.0000000000
1260.0000000000
126.0000000000
-469.0000000000
-79.0000000000
-388.0000000000
-699.0000000000
7.0000000000
1212.0000000000
866.0000000000
399.0000000000
-176.0000000000
-299.0000000000
-82.0000000000
-862.0000000000
-840.0000000000
1111.0000000000
1295.0000000000
137.0000000000
271.0000000000
-643.0000000000
-1786.0000000000
-1191.0000000000
9.0000000000
538.0000000000
1005.0000000000
976.0000000000
1213.0000000000
1953.0000000000
715.0000000000
-1018.0000000000
-1608.0000000000
-1596.0000000000
-785.0000000000
40.0000000000
2032.0000000000
2049.0000000000
1409.0000000000
997.0000000000
-424.0000000000
-1186.0000000000
-727.0000000000
-340.0000000000
-348.0000000000
911.0000000000
2589.0000000000
1471.0000000000
439.0000000000
-1323.0000000000
-2619.0000000000
-1177.0000000000
-415.0000000000
475.0000000000
2088.0000000000
1690.0000000000
-28.0000000000
-1.0000000000
-897.0000000000
-919.0000000000
-1036.0000000000
-2146.0000000000
-1276.0000000000
352.0000000000
1159.0000000000
1767.0000000000
1445.0000000000
-55.0000000000
-542.0000000000
-866.0000000000
-2574.0000000000
-1202.0000000000
479.0000000000
1066.0000000000
1369.0000000000
343.0000000000
176.0000000000
-205.0000000000
-802.0000000000
-1226.0000000000
-284.0000000000
175.0000000000
329.0000000000
1363.0000000000
905.0000000000
256.0000000000
-485.0000000000
-1220.0000000000
-949.0000000000
-988.0000000000
104.0000000000
552.0000000000
953.0000000000
335.0000000000
850.0000000000
288.0000000000
-1230.0000000000
-959.0000000000
-51.0000000000
224.0000000000
-106.0000000000
-207.0000000000
-372.0000000000
-37.0000000000
62.0000000000
-504.0000000000
661.0000000000
-115.0000000000
-607.0000000000
-287.0000000000
-415.0000000000
-802.0000000000
-300.0000000000
-359.0000000000
-738.0000000000
851.0000000000
840.0000000000
-175.0000000000
690.0000000000
1040.0000000000
-577.0000000000
-1352.0000000000
-252.0000000000
-865.0000000000
-184.0000000000
-587.0000000000
-904.0000000000
1526.0000000000
828.0000000000
-663.0000000000
272.0000000000
242.0000000000
-1672.0000000000
-1442.0000000000
865.0000000000
1397.0000000000
933.0000000000
531.0000000000
-866.0000000000
-1020.0000000000
-1219.0000000000
-1198.0000000000
567.0000000000
1149.0000000000
1749.0000000000
1851.0000000000
370.0000000000
-855.0000000000
-1750.0000000000
-1301.0000000000
-1040.0000000000
459.0000000000
1971.0000000000
1746.0000000000
701.0000000000
101.0000000000
-321.0000000000
-1205.0000000000
-136.0000000000
700.0000000000
261.0000000000
975.0000000000
-75.0000000000
281.0000000000
1395.0000000000
38.0000000000
-430.0000000000
99.0000000000
-987.0000000000
-973.0000000000
541.0000000000
1049.0000000000
1341.0000000000
1407.0000000000
-543.0000000000
-1039.0000000000
-620.0000000000
-1042.0000000000
91.0000000000
1420.0000000000
816.0000000000
-99.0000000000
-338.0000000000
-1295.0000000000
-851.0000000000
226.0000000000
843.0000000000
1275.0000000000
-134.0000000000
-719.0000000000
-49.0000000000
-484.0000000000
-1011.0000000000
-240.0000000000
829.0000000000
606.0000000000
690.0000000000
386.0000000000
-1296.0000000000
-1100.0000000000
-825.0000000000
206.0000000000
596.0000000000
641.0000000000
463.0000000000
-799.0000000000
-1129.0000000000
-35.0000000000
116.0000000000
-839.0000000000
-719.0000000000
-542.0000000000
-642.0000000000
964.0000000000
843.0000000000
905.0000000000
677.0000000000
-1534.0000000000
-1003.0000000000
-74.0000000000
-348.0000000000
464.0000000000
843.0000000000
-24.0000000000
6.0000000000
89.0000000000
-416.0000000000
-61.0000000000
175.0000000000
-734.0000000000
-403.0000000000
428.0000000000
707.0000000000
581.0000000000
564.0000000000
-207.0000000000
-962.0000000000
-617.0000000000
-162.0000000000
631.0000000000
750.0000000000
487.0000000000
385.0000000000
-1059.0000000000
-1338.0000000000
-1022.0000000000
-14.0000000000
1109.0000000000
1312.0000000000
1509.0000000000
92.0000000000
-743.0000000000
-560.0000000000
-797.0000000000
14.0000000000
514.0000000000
360.0000000000
27.0000000000
-229.0000000000
50.0000000000
230.0000000000
-101.0000000000
6.0000000000
-188.0000000000
-402.0000000000
-218.0000000000
438.0000000000
1325.0000000000
-201.0000000000
-780.0000000000
-960.0000000000
-980.0000000000
-101.0000000000
455.0000000000
1467.0000000000
553.0000000000
-1046.0000000000
-791.0000000000
-1151.0000000000
-240.0000000000
305.0000000000
949.0000000000
1414.0000000000
21.0000000000
-924.0000000000
-678.0000000000
236.0000000000
-148.0000000000
-62.0000000000
1008.0000000000
-148.0000000000
437.0000000000
957.0000000000
-367.0000000000
-307.0000000000
514.0000000000
159.0000000000
403.0000000000
1673.0000000000
-362.0000000000
-813.0000000000
-935.0000000000
-687.0000000000
222.0000000000
562.0000000000
47.0000000000
-387.0000000000
44.0000000000
-654.0000000000
-2.0000000000
609.0000000000
-674.0000000000
-628.0000000000
383.0000000000
717.0000000000
-200.0000000000
520.0000000000
-425.0000000000
-1240.0000000000
-330.0000000000
-572.0000000000
-50.0000000000
413.0000000000
831.0000000000
870.0000000000
1017.0000000000
244.0000000000
-2124.0000000000
-1561.0000000000
-901.0000000000
-459.0000000000
2233.0000000000
2754.0000000000
962.0000000000
626.0000000000
-943.0000000000
-2117.0000000000
-1619.0000000000
-1837.0000000000
-1020.0000000000
933.0000000000
1835.0000000000
1734.0000000000
1595.0000000000
-254.0000000000
-2289.0000000000
-1712.0000000000
-1652.0000000000
-202.0000000000
1662.0000000000
1613.0000000000
1312.0000000000
98.0000000000
-697.0000000000
-610.0000000000
-678.0000000000
-1223.0000000000
-878.0000000000
-695.0000000000
-297.0000000000
1932.0000000000
2155.0000000000
1483.0000000000
805.0000000000
-921.0000000000
-2426.0000000000
-1493.0000000000
154.0000000000
1025.0000000000
1410.0000000000
1347.0000000000
429.0000000000
206.0000000000
-1452.0000000000
-1359.0000000000
484.0000000000
808.0000000000
696.0000000000
1346.0000000000
622.0000000000
-782.0000000000
-105.0000000000
181.0000000000
-1563.0000000000
-1185.0000000000
-610.0000000000
778.0000000000
2140.0000000000
1634.0000000000
1890.0000000000
672.0000000000
-1474.0000000000
-2982.0000000000
-1417.0000000000
-931.0000000000
-194.0000000000
938.0000000000
840.0000000000
1418.0000000000
1277.0000000000
-1025.0000000000
-889.0000000000
-800.0000000000
-372.0000000000
428.0000000000
1138.0000000000
604.0000000000
307.0000000000
-842.0000000000
-2169.0000000000
-737.0000000000
1109.0000000000
366.0000000000
1027.0000000000
47.0000000000
-430.0000000000
-715.0000000000
-529.0000000000
599.0000000000
578.0000000000
276.0000000000
621.0000000000
-919.0000000000
-1343.0000000000
-849.0000000000
-769.0000000000
-294.0000000000
817.0000000000
481.0000000000
-444.0000000000
468.0000000000
330.0000000000
-95.0000000000
702.0000000000
-639.0000000000
-1093.0000000000
-639.0000000000
-1552.0000000000
-358.0000000000
510.0000000000
71.0000000000
-320.0000000000
935.0000000000
329.0000000000
-470.0000000000
-694.0000000000
-1089.0000000000
454.0000000000
991.0000000000
-4.0000000000
-40.0000000000
409.0000000000
-482.0000000000
-1405.0000000000
131.0000000000
855.0000000000
1148.0000000000
929.0000000000
-563.0000000000
239.0000000000
-386.0000000000
-950.0000000000
-293.0000000000
1061.0000000000
1486.0000000000
1244.0000000000
1338.0000000000
68.0000000000
-750.0000000000
-505.0000000000
-628.0000000000
-106.0000000000
553.0000000000
781.0000000000
1159.0000000000
454.0000000000
-21.0000000000
-179.0000000000
-127.0000000000
-33.0000000000
1141.0000000000
1444.0000000000
643.0000000000
759.0000000000
-1096.0000000000
-2155.0000000000
-736.0000000000
-1327.0000000000
-1031.0000000000
719.0000000000
1810.0000000000
1353.0000000000
1073.0000000000
-646.0000000000
-1523.0000000000
-467.0000000000
-1714.0000000000
-1715.0000000000
-535.0000000000
-1099.0000000000
-208.0000000000
1095.0000000000
1128.0000000000
779.0000000000
1473.0000000000
-730.0000000000
-1332.0000000000
-346.0000000000
-868.0000000000
-644.0000000000
60.0000000000
297.0000000000
684.0000000000
785.0000000000
267.0000000000
513.0000000000
595.0000000000
-651.0000000000
-518.0000000000
-112.0000000000
-933.0000000000
-79.0000000000
584.0000000000
-55.0000000000
-215.0000000000
428.0000000000
407.0000000000
343.0000000000
-216.0000000000
281.0000000000
749.0000000000
-125.0000000000
-801.0000000000
278.0000000000
-350.0000000000
-258.0000000000
-598.0000000000
-616.0000000000
-109.0000000000
425.0000000000
831.0000000000
837.0000000000
1168.0000000000
151.0000000000
-395.0000000000
-990.0000000000
-1049.0000000000
1185.0000000000
16.0000000000
-1039.0000000000
260.0000000000
389.0000000000
-34.0000000000
391.0000000000
570.0000000000
-1025.0000000000
-838.0000000000
-806.0000000000
166.0000000000
651.0000000000
358.0000000000
846.0000000000
-178.0000000000
-890.0000000000
-641.0000000000
-159.0000000000
553.0000000000
-271.0000000000
651.0000000000
491.0000000000
-208.0000000000
516.0000000000
368.0000000000
-955.0000000000
-764.0000000000
-520.0000000000
-769.0000000000
-715.0000000000
-127.0000000000
-425.0000000000
637.0000000000
1281.0000000000
1127.0000000000
96.0000000000
-792.0000000000
-1597.0000000000
-1272.0000000000
-583.0000000000
-236.0000000000
231.0000000000
732.0000000000
800.0000000000
446.0000000000
28.0000000000
-425.0000000000
-1205.0000000000
-962.0000000000
-46.0000000000
1502.0000000000
1342.0000000000
0.0000000000
210.0000000000
1254.0000000000
1483.0000000000
418.0000000000
-598.0000000000
-456.0000000000
-1863.0000000000
-1139.0000000000
1639.0000000000
2713.0000000000
1958.0000000000
534.0000000000
887.0000000000
156.0000000000
-1063.0000000000
-478.0000000000
-718.0000000000
92.0000000000
95.0000000000
601.0000000000
948.0000000000
27.0000000000
559.0000000000
263.0000000000
177.0000000000
587.0000000000
-1198.0000000000
-1938.0000000000
-457.0000000000
1358.0000000000
281.0000000000
264.0000000000
-144.0000000000
-817.0000000000
-432.0000000000
-1065.0000000000
1150.0000000000
2480.0000000000
-555.0000000000
-1484.0000000000
-1005.0000000000
-1377.0000000000
-1973.0000000000
104.0000000000
2003.0000000000
2808.0000000000
2017.0000000000
-1215.0000000000
-2125.0000000000
-1872.0000000000
-1679.0000000000
140.0000000000
1230.0000000000
932.0000000000
927.0000000000
344.0000000000
-1460.0000000000
-832.0000000000
-915.0000000000
-1557.0000000000
-213.0000000000
-69.0000000000
626.0000000000
898.0000000000
-322.0000000000
-975.0000000000
-1209.0000000000
-1615.0000000000
-1984.0000000000
-1700.0000000000
-565.0000000000
534.0000000000
1666.0000000000
1772.0000000000
743.0000000000
-816.0000000000
-1395.0000000000
-2479.0000000000
-2747.0000000000
-1030.0000000000
1067.0000000000
1629.0000000000
1939.0000000000
1445.0000000000
-859.0000000000
-979.0000000000
-561.0000000000
-590.0000000000
643.0000000000
409.0000000000
285.0000000000
-260.0000000000
-371.0000000000
161.0000000000
1270.0000000000
1782.0000000000
613.0000000000
189.0000000000
-402.0000000000
-524.0000000000
-512.0000000000
-596.0000000000
1148.0000000000
1653.0000000000
1434.0000000000
542.0000000000
565.0000000000
227.0000000000
-768.0000000000
-372.0000000000
-644.0000000000
504.0000000000
1523.0000000000
327.0000000000
774.0000000000
281.0000000000
220.0000000000
1088.0000000000
113.0000000000
-551.0000000000
-274.0000000000
356.0000000000
-105.0000000000
432.0000000000
410.0000000000
132.0000000000
31.0000000000
-829.0000000000
-644.0000000000
-36.0000000000
-734.0000000000
-211.0000000000
916.0000000000
1353.0000000000
7.0000000000
49.0000000000
-1863.0000000000
-2039.0000000000
-779.0000000000
216.0000000000
1161.0000000000
1288.0000000000
1543.0000000000
1211.0000000000
705.0000000000
-853.0000000000
-2723.0000000000
-896.0000000000
127.0000000000
-134.0000000000
1519.0000000000
2263.0000000000
665.0000000000
-429.0000000000
-933.0000000000
-1616.0000000000
-288.0000000000
-398.0000000000
-17.0000000000
843.0000000000
1014.0000000000
95.0000000000
1187.0000000000
