-1.3878000000
-11.9170000000
-20.0260000000
-22.0550000000
-18.7380000000
-12.9800000000
-7.5743000000
-3.9523000000
-2.1070000000
-1.2322000000
-0.4691800000
0.6258300000
1.8357000000
1.9335000000
-0.2779500000
-3.0851000000
-4.1486000000
-2.8046000000
0.2010600000
3.3238000000
1.1566000000
-9.5601000000
-20.1860000000
-24.8940000000
-23.1040000000
-17.5050000000
-11.4020000000
-6.9194000000
-4.5150000000
-3.4880000000
-2.8035000000
-1.7207000000
-0.0328540000
1.9008000000
2.5102000000
-0.7566500000
-5.6618000000
-8.4166000000
-7.7346000000
-4.4770000000
-0.3370200000
3.0797000000
1.5730000000
-7.9188000000
-17.6780000000
-22.1280000000
-20.5470000000
-15.3270000000
-9.5250000000
-5.1572000000
-2.7102000000
-1.5823000000
-0.8555700000
0.1112100000
1.3895000000
2.1790000000
0.8331300000
-2.1739000000
-4.2052000000
-3.8322000000
-1.3376000000
2.0584000000
3.4349000000
-4.2700000000
-16.0970000000
-23.9070000000
-24.8630000000
-20.5310000000
-14.2620000000
-8.8703000000
-5.5562000000
-4.0399000000
-3.3296000000
-2.4905000000
-1.0617000000
0.8791200000
2.5571000000
1.4577000000
-3.2390000000
-7.5675000000
-8.7594000000
-6.6766000000
-2.7620000000
1.2851000000
3.5049000000
-1.7461000000
-12.1330000000
-19.8700000000
-21.5670000000
-18.0960000000
-12.3580000000
-7.0608000000
-3.5486000000
-1.7646000000
-0.9065600000
-0.1585100000
0.8637800000
1.8645000000
1.6534000000
-0.4644000000
-2.7071000000
-3.1776000000
-1.5087000000
1.4714000000
3.6118000000
-1.7633000000
-12.7310000000
-21.0590000000
-23.0780000000
-19.6270000000
-13.7250000000
-8.2371000000
-4.6062000000
-2.7960000000
-1.9513000000
-1.1605000000
0.0719980000
1.6312000000
2.3712000000
0.2117600000
-3.6402000000
-5.9782000000
-5.4424000000
-2.5862000000
1.1724000000
3.7174000000
-1.8082000000
-13.7360000000
-23.0690000000
-25.6540000000
-22.2530000000
-16.0840000000
-10.2720000000
-6.4347000000
-4.5796000000
-3.7914000000
-3.0555000000
-1.7755000000
0.1049300000
2.1063000000
2.3907000000
-1.4573000000
-6.5176000000
-9.0624000000
-8.0586000000
-4.5650000000
-0.3474100000
3.0253000000
1.6139000000
-7.4167000000
-16.7020000000
-20.8920000000
-19.2940000000
-14.2040000000
-8.5549000000
-4.2825000000
-1.8557000000
-0.7149900000
-0.0357790000
0.7131000000
1.5029000000
1.6375000000
0.4429500000
-1.1990000000
-1.7254000000
-0.5303100000
1.8538000000
3.2333000000
-1.6587000000
-10.2090000000
-16.0730000000
-16.7490000000
-13.2180000000
-7.9948000000
-3.3036000000
-0.1775200000
1.3507000000
1.2878000000
-0.1533700000
-1.5455000000
-1.5232000000
0.1424400000
2.5881000000
2.5212000000
-4.2007000000
-12.3490000000
-16.6170000000
-15.7560000000
-11.4350000000
-6.2176000000
-1.9834000000
0.6157000000
1.6102000000
0.8429900000
-0.9870000000
-2.0966000000
-1.4406000000
0.7735200000
3.2029000000
1.0388000000
-7.5708000000
-15.6340000000
-18.7100000000
-16.5780000000
-11.5330000000
-6.2394000000
-2.3347000000
-0.1311000000
0.8143600000
0.9271700000
0.5431700000
0.2079100000
0.4455100000
1.2997000000
2.0291000000
1.1620000000
-1.2874000000
-3.1383000000
-2.9189000000
-0.7092500000
2.3962000000
3.0742000000
-4.9522000000
-15.8910000000
-22.5090000000
-22.6540000000
-18.1050000000
-12.0590000000
-7.0383000000
-4.0074000000
-2.5956000000
-1.8532000000
-0.9535400000
0.4397000000
1.9998000000
2.1608000000
-0.8273700000
-4.6680000000
-6.3817000000
-5.1571000000
-1.8956000000
1.8916000000
3.5024000000
-3.9965000000
-15.9380000000
-24.0030000000
-25.1760000000
-20.9380000000
-14.6490000000
-9.1825000000
-5.7960000000
-4.2426000000
-3.5318000000
-2.7114000000
-1.2990000000
0.6532600000
2.4661000000
1.7812000000
-2.7777000000
-7.3977000000
-8.9993000000
-7.2033000000
-3.3719000000
0.7577100000
3.4623000000
-0.4412500000
-10.4690000000
-18.7510000000
-21.2560000000
-18.3690000000
-12.8140000000
-7.3872000000
-3.6261000000
-1.6408000000
-0.7062700000
-0.0105550000
0.8678900000
1.7174000000
1.5822000000
-0.1052100000
-1.9328000000
-2.2470000000
-0.6696000000
2.0397000000
3.2784000000
-2.8741000000
-12.6020000000
-18.9990000000
-19.5910000000
-15.6620000000
-10.0480000000
-5.1506000000
-2.0107000000
-0.4330300000
0.2950700000
0.7455500000
1.1026000000
1.2051000000
0.8577500000
0.2997200000
0.1404100000
0.7487100000
1.8092000000
2.0025000000
-0.0649820000
-2.8961000000
-4.0999000000
-2.8996000000
0.0288010000
3.2043000000
1.5462000000
-8.8916000000
-19.6970000000
-24.7630000000
-23.2670000000
-17.7880000000
-11.6520000000
-7.0617000000
-4.5586000000
-3.4833000000
-2.8016000000
-1.7497000000
-0.0931340000
1.8371000000
2.5434000000
-0.5718100000
-5.4701000000
-8.3228000000
-7.7533000000
-4.5643000000
-0.4356100000
3.0276000000
1.7240000000
-7.6945000000
-17.5810000000
-22.2130000000
-20.7620000000
-15.5820000000
-9.7486000000
-5.3244000000
-2.8323000000
-1.6850000000
-0.9572800000
0.0115180000
1.3202000000
2.2101000000
0.9659100000
-2.1296000000
-4.3660000000
-4.1707000000
-1.7536000000
1.6851000000
3.6426000000
-3.0966000000
-15.0520000000
-23.6100000000
-25.3210000000
-21.3970000000
-15.1480000000
-9.5456000000
-5.9868000000
-4.3199000000
-3.5816000000
-2.7952000000
-1.4346000000
0.4883500000
2.3667000000
2.0018000000
-2.3549000000
-7.1194000000
-9.0070000000
-7.4448000000
-3.7089000000
0.4524800000
3.3874000000
0.2009900000
-9.6461000000
-18.2800000000
-21.2790000000
-18.7360000000
-13.2810000000
-7.7669000000
-3.8530000000
-1.7471000000
-0.7614000000
-0.0692610000
0.7921900000
1.6692000000
1.6535000000
0.0617140000
-1.8253000000
-2.2899000000
-0.8466800000
1.8225000000
3.3908000000
-2.1500000000
-11.8880000000
-18.6880000000
-19.7210000000
-16.0490000000
-10.4680000000
-5.4601000000
-2.1787000000
-0.5032500000
0.2647500000
0.7191700000
1.0756000000
1.2004000000
0.8953900000
0.3554800000
0.1609500000
0.7024500000
1.7255000000
2.0223000000
0.1730400000
-2.5739000000
-3.8524000000
-2.7877000000
0.0311240000
3.1655000000
1.6457000000
-8.5800000000
-19.2730000000
-24.3370000000
-22.9030000000
-17.4930000000
-11.3990000000
-6.8148000000
-4.2951000000
-3.1985000000
-2.5053000000
-1.4589000000
0.1689300000
2.0026000000
2.3790000000
-0.9880200000
-5.6229000000
-7.9968000000
-7.0476000000
-3.7122000000
0.3565900000
3.4450000000
0.2734700000
-10.2490000000
-19.7070000000
-23.2330000000
-20.8020000000
-15.1690000000
-9.3951000000
-5.2949000000
-3.1275000000
-2.1512000000
-1.4106000000
-0.2896600000
1.2564000000
2.4017000000
1.0176000000
-2.7847000000
-5.7411000000
-5.9275000000
-3.5167000000
0.1769600000
3.4404000000
0.6701500000
-10.5270000000
-21.1570000000
-25.5950000000
-23.5040000000
-17.7250000000
-11.5970000000
-7.1875000000
-4.8792000000
-3.9159000000
-3.2441000000
-2.1329000000
-0.3896500000
1.6618000000
2.6688000000
-0.2058100000
-5.3832000000
-8.7356000000
-8.5599000000
-5.5212000000
-1.3314000000
2.4056000000
2.7832000000
-4.9673000000
-14.8950000000
-20.5440000000
-20.1940000000
-15.6510000000
-9.8950000000
-5.1912000000
-2.3465000000
-0.9765200000
-0.2486500000
0.4800400000
1.3365000000
1.7598000000
0.8532200000
-0.9358800000
-1.9316000000
-1.1807000000
1.0533000000
3.2826000000
0.4642500000
-8.1435000000
-15.6200000000
-18.0480000000
-15.5330000000
-10.4350000000
-5.3013000000
-1.6049000000
0.4364700000
1.1719000000
0.8341700000
-0.0516550000
-0.4846300000
0.1845600000
1.7399000000
2.6399000000
-0.0587920000
-4.9834000000
-8.1741000000
-7.9645000000
-4.9807000000
-0.8720200000
2.7564000000
2.3227000000
-6.5358000000
-16.7470000000
-22.0630000000
-21.1840000000
-16.2450000000
-10.3530000000
-5.7248000000
-3.0412000000
-1.7956000000
-1.0626000000
-0.1328700000
1.1648000000
2.1917000000
1.2474000000
-1.7970000000
-4.2791000000
-4.3951000000
-2.1814000000
1.2287000000
3.7191000000
-1.7078000000
-13.5780000000
-22.9150000000
-25.5360000000
-22.1740000000
-16.0270000000
-10.2170000000
-6.3695000000
-4.5020000000
-3.7061000000
-2.9693000000
-1.6940000000
0.1769800000
2.1502000000
2.3338000000
-1.5853000000
-6.5784000000
-9.0002000000
-7.8988000000
-4.3674000000
-0.1646700000
3.1288000000
1.3245000000
-7.9674000000
-17.1730000000
-21.1250000000
-19.3080000000
-14.1130000000
-8.4717000000
-4.2685000000
-1.9135000000
-0.8111300000
-0.1226500000
0.6821200000
1.5536000000
1.7127000000
0.3719900000
-1.4851000000
-2.1344000000
-0.9274200000
1.5938000000
3.4072000000
-1.2462000000
-10.5840000000
-17.5220000000
-18.9340000000
-15.6060000000
-10.1860000000
-5.1612000000
-1.7695000000
0.0055365000
0.7313800000
0.8584300000
0.6825900000
0.5447900000
0.7379200000
1.2422000000
1.5673000000
1.0170000000
-0.2342600000
-0.9910800000
-0.3954200000
1.4151000000
2.9930000000
0.3594700000
-6.1444000000
-11.2590000000
-12.2750000000
-9.5481000000
-5.0215000000
-0.6437300000
2.3913000000
2.0910000000
-3.3993000000
-9.5244000000
-12.2570000000
-10.8520000000
-6.8080000000
-2.2063000000
1.4666000000
2.8752000000
-0.9691200000
-7.6208000000
-11.9950000000
-12.1050000000
-8.8001000000
-4.1504000000
0.0295500000
2.6551000000
1.4321000000
-4.3961000000
-9.9199000000
-11.7810000000
-9.7563000000
-5.5230000000
-1.0679000000
2.2648000000
2.4429000000
-3.2333000000
-10.2180000000
-13.8040000000
-12.8530000000
-8.8227000000
-3.9774000000
0.0041095000
2.3248000000
1.5208000000
-2.8060000000
-6.9154000000
-8.0814000000
-6.0950000000
-2.3025000000
1.6521000000
3.4812000000
-2.9170000000
-13.8510000000
-21.4610000000
-22.7070000000
-18.8090000000
-12.8550000000
-7.5641000000
-4.1814000000
-2.5342000000
-1.7327000000
-0.9070100000
0.3640300000
1.8542000000
2.2062000000
-0.3539200000
-3.9863000000
-5.7600000000
-4.7230000000
-1.6359000000
2.0523000000
3.4204000000
-4.5416000000
-16.5910000000
-24.4940000000
-25.4270000000
-21.0150000000
-14.6720000000
-9.2434000000
-5.9309000000
-4.4372000000
-3.7496000000
-2.9193000000
-1.4790000000
0.5102900000
2.4089000000
1.9476000000
-2.5519000000
-7.3684000000
-9.2273000000
-7.6036000000
-3.8160000000
0.3682900000
3.3350000000
0.4027900000
-9.1901000000
-17.7300000000
-20.7720000000
-18.3290000000
-12.9600000000
-7.4845000000
-3.5641000000
-1.4304000000
-0.4321500000
0.2100600000
0.9176400000
1.5458000000
1.4071000000
0.1774800000
-1.0904000000
-1.1315000000
0.3503200000
2.5594000000
2.3933000000
-3.6340000000
-10.7790000000
-14.3370000000
-13.2630000000
-9.1120000000
-4.2040000000
-0.2204700000
2.1168000000
1.6882000000
-2.0133000000
-5.7621000000
-6.9026000000
-5.0945000000
-1.5150000000
2.2660000000
3.1581000000
-5.1633000000
-16.7130000000
-23.8400000000
-24.1980000000
-19.5940000000
-13.3660000000
-8.1759000000
-5.0603000000
-3.6495000000
-2.9447000000
-2.0563000000
-0.5822500000
1.3260000000
2.6377000000
0.6718400000
-4.1315000000
-7.7646000000
-8.1173000000
-5.5029000000
-1.4807000000
2.3250000000
2.9658000000
-4.9801000000
-15.5840000000
-21.8730000000
-21.8460000000
-17.2940000000
-11.3430000000
-6.4300000000
-3.4632000000
-2.0639000000
-1.3118000000
-0.4262100000
0.8711600000
2.1209000000
1.6869000000
-1.2741000000
-4.2495000000
-4.9836000000
-3.1712000000
0.1701300000
3.3960000000
0.9131100000
-10.2210000000
-21.0470000000
-25.7370000000
-23.8130000000
-18.0760000000
-11.8980000000
-7.4093000000
-5.0422000000
-4.0586000000
-3.3973000000
-2.3076000000
-0.5771400000
1.5014000000
2.7094000000
0.1605600000
-5.0510000000
-8.6914000000
-8.8156000000
-5.9443000000
-1.7678000000
2.0811000000
3.1030000000
-3.8548000000
-13.8290000000
-20.0040000000
-20.2100000000
-15.9820000000
-10.2560000000
-5.4061000000
-2.3823000000
-0.8968500000
-0.1490500000
0.5139500000
1.2622000000
1.6474000000
0.9312800000
-0.5601100000
-1.4037000000
-0.7048600000
1.3274000000
3.1656000000
0.2170100000
-7.3488000000
-13.4730000000
-14.9990000000
-12.2600000000
-7.4279000000
-2.7171000000
0.6441200000
2.1878000000
0.8868300000
-2.5910000000
-5.1797000000
-5.1466000000
-2.7042000000
0.8873400000
3.6878000000
-0.9243200000
-12.7010000000
-22.5160000000
-25.7190000000
-22.7280000000
-16.6590000000
-10.7230000000
-6.6926000000
-4.6937000000
-3.8567000000
-3.1484000000
-1.9258000000
-0.0869880000
1.9481000000
2.5310000000
-0.9816800000
-6.1263000000
-8.9900000000
-8.2912000000
-4.9529000000
-0.7316300000
2.8009000000
2.1408000000
-6.4258000000
-15.9820000000
-20.7400000000
-19.6160000000
-14.7260000000
-9.0272000000
-4.5858000000
-1.9995000000
-0.7740400000
-0.0827660000
0.6449400000
1.4391000000
1.6666000000
0.5974500000
-1.0460000000
-1.6968000000
-0.6481400000
1.6610000000
3.2736000000
-1.0142000000
-9.4311000000
-15.5540000000
-16.5920000000
-13.3140000000
-8.1641000000
-3.4093000000
-0.1702600000
1.4439000000
1.3417000000
-0.3098100000
-1.9130000000
-1.9712000000
-0.2463000000
2.4076000000
2.8940000000
-3.9612000000
-13.1350000000
-18.4740000000
-18.2110000000
-13.9420000000
-8.4385000000
-3.8585000000
-1.0104000000
0.3763900000
0.8589500000
0.8040000000
0.5433400000
0.4896100000
0.8854600000
1.5134000000
1.5945000000
0.4711100000
-1.0364000000
-1.4727000000
-0.2742600000
2.0151000000
3.0755000000
-1.9217000000
-9.9005000000
-15.0410000000
-15.2410000000
-11.5980000000
-6.5223000000
-2.0588000000
0.8748700000
1.9960000000
0.6279700000
-2.2353000000
-4.0253000000
-3.4661000000
-0.9058600000
2.4143000000
3.0794000000
-5.4183000000
-16.9010000000
-23.8470000000
-24.0450000000
-19.3660000000
-13.1480000000
-8.0095000000
-4.9470000000
-3.5651000000
-2.8625000000
-1.9614000000
-0.4755300000
1.4227000000
2.6329000000
0.4752300000
-4.3215000000
-7.7845000000
-7.9516000000
-5.2291000000
-1.1937000000
2.5398000000
2.7016000000
-5.7800000000
-16.3290000000
-22.2420000000
-21.8290000000
-17.0650000000
-11.1010000000
-6.2935000000
-3.4514000000
-2.1299000000
-1.3910000000
-0.4701400000
0.8827700000
2.1713000000
1.6680000000
-1.4654000000
-4.5645000000
-5.3279000000
-3.4760000000
-0.0710710000
3.2743000000
1.3352000000
-9.5681000000
-20.6450000000
-25.7440000000
-24.1300000000
-18.5020000000
-12.2680000000
-7.6546000000
-5.1817000000
-4.1521000000
-3.4999000000
-2.4455000000
-0.7455800000
1.3411000000
2.7171000000
0.5099000000
-4.6787000000
-8.5673000000
-8.9806000000
-6.2873000000
-2.1424000000
1.7915000000
3.2913000000
-2.9715000000
-12.9690000000
-19.6000000000
-20.2960000000
-16.3500000000
-10.6570000000
-5.6819000000
-2.5005000000
-0.9101700000
-0.1333700000
0.5000600000
1.2018000000
1.5969000000
1.0065000000
-0.3497400000
-1.1760000000
-0.5701600000
1.3245000000
3.0685000000
0.4270100000
-6.5472000000
-12.2160000000
-13.5770000000
-10.9160000000
-6.2638000000
-1.7083000000
1.5491000000
2.5032000000
-0.7393500000
-5.7992000000
-8.7420000000
-8.1795000000
-4.9468000000
-0.7645000000
2.7898000000
2.1898000000
-6.4488000000
-16.1710000000
-21.0710000000
-20.0100000000
-15.1080000000
-9.3609000000
-4.8721000000
-2.2605000000
-1.0276000000
-0.3161300000
0.4860500000
1.4387000000
1.8454000000
0.6843300000
-1.3786000000
-2.4464000000
-1.5834000000
0.8479900000
3.3487000000
0.5839900000
-8.8264000000
-17.3140000000
-20.4020000000
-18.0400000000
-12.7340000000
-7.2830000000
-3.3527000000
-1.1961000000
-0.1919900000
0.3972500000
0.9621000000
1.3983000000
1.2319000000
0.3366100000
-0.4858700000
-0.3156600000
1.0136000000
2.5979000000
1.5818000000
-3.2511000000
-7.8564000000
-9.2778000000
-7.2906000000
-3.3507000000
0.7894100000
3.4330000000
-0.4488400000
-10.2330000000
-18.2420000000
-20.5870000000
-17.6760000000
-12.1880000000
-6.8474000000
-3.1446000000
-1.1778000000
-0.2563200000
0.3591400000
1.0198000000
1.5250000000
1.2474000000
0.0775070000
-0.9228200000
-0.6958600000
0.8814400000
2.7992000000
1.5914000000
-4.4617000000
-10.3570000000
-12.5030000000
-10.5790000000
-6.2958000000
-1.7268000000
1.7535000000
2.7139000000
-1.5616000000
-7.9583000000
-11.7510000000
-11.3650000000
-7.8417000000
-3.2345000000
0.7650600000
2.9572000000
0.3122900000
-6.4578000000
-11.8540000000
-13.0300000000
-10.3190000000
-5.7186000000
-1.2486000000
1.9132000000
2.4258000000
-1.7178000000
-7.2396000000
-10.1180000000
-9.2189000000
-5.6510000000
-1.2887000000
2.3356000000
2.6869000000
-4.1822000000
-12.9370000000
-17.7950000000
-17.2410000000
-12.9230000000
-7.5326000000
-3.1054000000
-0.3679900000
0.9135000000
1.0824000000
0.4374700000
-0.2533700000
-0.1373000000
1.0017000000
2.4003000000
1.6931000000
-2.2732000000
-6.1664000000
-7.3094000000
-5.4213000000
-1.7514000000
2.0988000000
3.2886000000
-4.5446000000
-16.0030000000
-23.3190000000
-23.9400000000
-19.5180000000
-13.3420000000
-8.1042000000
-4.9072000000
-3.4334000000
-2.7069000000
-1.8344000000
-0.3994400000
1.4456000000
2.6020000000
0.4636500000
-4.1996000000
-7.5196000000
-7.6051000000
-4.8739000000
-0.8764700000
2.7736000000
2.3530000000
-6.8040000000
-17.4140000000
-23.0020000000
-22.1940000000
-17.1800000000
-11.1630000000
-6.4408000000
-3.7231000000
-2.4889000000
-1.7668000000
-0.7927100000
0.6775000000
2.1814000000
1.9117000000
-1.4658000000
-5.1626000000
-6.4521000000
-4.8393000000
-1.3912000000
2.3472000000
3.1073000000
-5.5597000000
-17.3360000000
-24.5100000000
-24.7910000000
-20.0760000000
-13.7690000000
-8.5533000000
-5.4561000000
-4.0791000000
-3.3992000000
-2.5134000000
-1.0150000000
0.9725100000
2.6099000000
1.2783000000
-3.5669000000
-7.8379000000
-8.8778000000
-6.6594000000
-2.6818000000
1.3558000000
3.4767000000
-1.8847000000
-12.1510000000
-19.6730000000
-21.2020000000
-17.6690000000
-11.9560000000
-6.7234000000
-3.2682000000
-1.5123000000
-0.6643200000
0.0576450000
0.9962800000
1.8200000000
1.4517000000
-0.4732000000
-2.2705000000
-2.3618000000
-0.5455800000
2.2816000000
3.1156000000
-3.9234000000
-13.9330000000
-20.1000000000
-20.2760000000
-16.0200000000
-10.2800000000
-5.4310000000
-2.4157000000
-0.9385600000
-0.1913700000
0.4858100000
1.2653000000
1.6824000000
0.9462900000
-0.6270500000
-1.5477000000
-0.8744900000
1.1958000000
3.1938000000
0.4265000000
-7.4219000000
-14.0320000000
-15.9340000000
-13.3340000000
-8.4405000000
-3.5824000000
-0.0815750000
1.7410000000
1.4423000000
-0.9358100000
-3.2034000000
-3.5069000000
-1.6320000000
1.4876000000
3.6392000000
-2.0167000000
-13.2930000000
-21.7870000000
-23.8130000000
-20.2750000000
-14.2730000000
-8.7234000000
-5.0820000000
-3.2943000000
-2.4751000000
-1.6836000000
-0.3993500000
1.3226000000
2.5284000000
0.8007000000
-3.5155000000
-6.7734000000
-6.9925000000
-4.4448000000
-0.5754300000
2.9918000000
1.9701000000
-7.9619000000
-18.8160000000
-24.2270000000
-23.0840000000
-17.8000000000
-11.6770000000
-6.9900000000
-4.3726000000
-3.2265000000
-2.5340000000
-1.5158000000
0.0843520000
1.9268000000
2.4387000000
-0.7617900000
-5.4230000000
-7.9410000000
-7.1365000000
-3.8788000000
0.1880200000
3.3795000000
0.6141800000
-9.7815000000
-19.4380000000
-23.2550000000
-21.0340000000
-15.4660000000
-9.6451000000
-5.4550000000
-3.2151000000
-2.2091000000
-1.4751000000
-0.3739600000
1.1693000000
2.3901000000
1.1761000000
-2.6043000000
-5.7015000000
-6.0594000000
-3.7579000000
-0.0851400000
3.2985000000
1.2043000000
-9.6809000000
-20.5730000000
-25.4780000000
-23.7550000000
-18.1170000000
-11.9330000000
-7.3826000000
-4.9497000000
-3.9289000000
-3.2646000000
-2.1942000000
-0.4902100000
1.5571000000
2.6900000000
0.0544750000
-5.1037000000
-8.6138000000
-8.6243000000
-5.7014000000
-1.5332000000
2.2619000000
2.9525000000
-4.4947000000
-14.5300000000
-20.4790000000
-20.4010000000
-15.9860000000
-10.2170000000
-5.4255000000
-2.4910000000
-1.0689000000
-0.3256700000
0.4077100000
1.2931000000
1.7955000000
0.9516600000
-0.9076700000
-2.0565000000
-1.4337000000
0.7649100000
3.2002000000
1.0624000000
-7.5569000000
-15.6570000000
-18.7680000000
-16.6550000000
-11.6100000000
-6.3050000000
-2.3887000000
-0.1771500000
0.7791900000
0.9218000000
0.5810000000
0.2649600000
0.4733200000
1.2636000000
1.9585000000
1.2097000000
-1.0281000000
-2.7542000000
-2.5353000000
-0.4065100000
2.5628000000
2.8213000000
-5.2959000000
-15.6650000000
-21.5920000000
-21.2970000000
-16.6560000000
-10.7600000000
-5.9578000000
-3.0830000000
-1.7252000000
-0.9793200000
-0.1074900000
1.1097000000
2.1129000000
1.3424000000
-1.4493000000
-3.8151000000
-3.9607000000
-1.8492000000
1.4521000000
3.6878000000
-2.2094000000
-13.9430000000
-22.8000000000
-24.9680000000
-21.3790000000
-15.2390000000
-9.5673000000
-5.8684000000
-4.0866000000
-3.3019000000
-2.5322000000
-1.2221000000
0.6396200000
2.4150000000
1.8404000000
-2.5212000000
-7.0323000000
-8.6310000000
-6.8938000000
-3.1294000000
0.9564200000
3.5302000000
-0.9769500000
-11.4150000000
-19.7320000000
-22.0430000000
-18.9190000000
-13.2140000000
-7.7562000000
-4.0466000000
-2.1337000000
-1.2332000000
-0.4797200000
0.5915800000
1.7950000000
1.9555000000
-0.1570700000
-2.9429000000
-4.0564000000
-2.7816000000
0.1756800000
3.2945000000
1.2527000000
-9.3558000000
-19.9750000000
-24.7360000000
-23.0100000000
-17.4500000000
-11.3560000000
-6.8583000000
-4.4338000000
-3.3929000000
-2.7052000000
-1.6288000000
0.0455910000
1.9482000000
2.4623000000
-0.8725400000
-5.6957000000
-8.3088000000
-7.5168000000
-4.2185000000
-0.0975380000
3.2179000000
1.1694000000
-8.6866000000
-18.3480000000
-22.4800000000
-20.6040000000
-15.2390000000
-9.4444000000
-5.1682000000
-2.8182000000
-1.7437000000
-1.0135000000
0.0056860000
1.3727000000
2.2589000000
0.8520900000
-2.4224000000
-4.7191000000
-4.4819000000
-1.9822000000
1.5341000000
3.6914000000
-2.7156000000
-14.7530000000
-23.6200000000
-25.6270000000
-21.8520000000
-15.6000000000
-9.9095000000
-6.2543000000
-4.5311000000
-3.7851000000
-3.0207000000
-1.6855000000
0.2358200000
2.2137000000
2.2676000000
-1.8166000000
-6.8172000000
-9.1424000000
-7.9297000000
-4.3303000000
-0.1161300000
3.1402000000
1.2561000000
-7.9773000000
-17.0320000000
-20.8500000000
-18.9720000000
-13.7840000000
-8.1872000000
-4.0283000000
-1.6981000000
-0.6054800000
0.0595980000
0.7910700000
1.5205000000
1.5547000000
0.3491300000
-1.1479000000
-1.4884000000
-0.1832500000
2.1519000000
2.9924000000
-2.4228000000
-10.4670000000
-15.4150000000
-15.3650000000
-11.5540000000
-6.4366000000
-2.0223000000
0.8325200000
1.9155000000
0.6759000000
-1.9508000000
-3.5714000000
-2.9679000000
-0.4620400000
2.7094000000
2.6380000000
-6.3359000000
-17.2720000000
-23.3290000000
-22.8550000000
-17.9410000000
-11.8450000000
-6.9780000000
-4.1450000000
-2.8641000000
-2.1497000000
-1.1949000000
0.2991500000
1.9932000000
2.2824000000
-0.8679900000
-5.1042000000
-7.1646000000
-6.0969000000
-2.8098000000
1.1253000000
3.6644000000
-1.6469000000
-13.1490000000
-22.1360000000
-24.5810000000
-21.2230000000
-15.1820000000
-9.4859000000
-5.7049000000
-3.8457000000
-3.0234000000
-2.2595000000
-0.9843500000
0.8207400000
2.4641000000
1.6165000000
-2.7388000000
-6.9250000000
-8.1616000000
-6.2094000000
-2.4143000000
1.5663000000
3.5106000000
-2.6772000000
-13.6070000000
-21.3490000000
-22.7410000000
-18.9310000000
-12.9900000000
-7.6640000000
-4.2345000000
-2.5556000000
-1.7454000000
-0.9272400000
0.3324500000
1.8252000000
2.2267000000
-0.2713700000
-3.9127000000
-5.7424000000
-4.7626000000
-1.7067000000
1.9841000000
3.4706000000
-4.3082000000
-16.3740000000
-24.4070000000
-25.4740000000
-21.1370000000
-14.7990000000
-9.3342000000
-5.9783000000
-4.4573000000
-3.7642000000
-2.9433000000
-1.5161000000
0.4659800000
2.3812000000
2.0037000000
-2.4398000000
-7.2932000000
-9.2280000000
-7.6673000000
-3.9059000000
0.2860900000
3.3061000000
0.5588900000
-8.9725000000
-17.5970000000
-20.7660000000
-18.4180000000
-13.0790000000
-7.5842000000
-3.6244000000
-1.4581000000
-0.4446700000
0.1985100000
0.9027500000
1.5364000000
1.4206000000
0.2101500000
-1.0677000000
-1.1387000000
0.3149500000
2.5221000000
2.4513000000
-3.4775000000
-10.6370000000
-14.2690000000
-13.2690000000
-9.1581000000
-4.2517000000
-0.2469300000
2.1187000000
1.7106000000
-2.0220000000
-5.8324000000
-7.0234000000
-5.2359000000
-1.6502000000
2.1588000000
3.2533000000
-4.7704000000
-16.3050000000
-23.5910000000
-24.1350000000
-19.6460000000
-13.4390000000
-8.2058000000
-5.0311000000
-3.5794000000
-2.8635000000
-1.9875000000
-0.5360700000
1.3472000000
2.6252000000
0.6457700000
-4.1005000000
-7.6538000000
-7.9506000000
-5.3201000000
-1.3122000000
2.4545000000
2.8252000000
-5.4912000000
-16.1430000000
-22.2680000000
-22.0300000000
-17.3400000000
-11.3570000000
-6.4858000000
-3.5847000000
-2.2332000000
-1.4917000000
-0.5782200000
0.7825400000
2.1407000000
1.7970000000
-1.3157000000
-4.5920000000
-5.5720000000
-3.8583000000
-0.4794500000
3.0096000000
2.0491000000
-8.2757000000
-19.7130000000
-25.5450000000
-24.5350000000
-19.1570000000
-12.8550000000
-8.0229000000
-5.3474000000
-4.2181000000
-3.5710000000
-2.5786000000
-0.9415600000
1.1320000000
2.6860000000
0.9378500000
-4.1490000000
-8.3152000000
-9.0964000000
-6.6518000000
-2.5716000000
1.4473000000
3.4216000000
-2.0316000000
-12.0410000000
-19.2070000000
-20.4890000000
-16.8840000000
-11.2350000000
-6.1132000000
-2.7443000000
-1.0265000000
-0.2036400000
0.4275500000
1.1340000000
1.5975000000
1.1203000000
-0.2222000000
-1.1709000000
-0.7245400000
1.0819000000
3.0036000000
1.0055000000
-5.8368000000
-11.9100000000
-13.7940000000
-11.4820000000
-6.9165000000
-2.2574000000
1.1858000000
2.5579000000
-0.0215570000
-4.9438000000
-8.2024000000
-8.0694000000
-5.1317000000
-1.0297000000
2.6374000000
2.5145000000
-6.0089000000
-16.2060000000
-21.7030000000
-21.0300000000
-16.2170000000
-10.3460000000
-5.6703000000
-2.9210000000
-1.6317000000
-0.8948800000
-0.0038132000
1.2138000000
2.1254000000
1.1683000000
-1.6417000000
-3.8249000000
-3.7494000000
-1.4986000000
1.8105000000
3.5774000000
-3.3129000000
-15.0280000000
-23.2170000000
-24.6560000000
-20.6420000000
-14.4490000000
-8.9602000000
-5.4947000000
-3.8666000000
-3.1199000000
-2.3065000000
-0.9319500000
0.9506900000
2.5527000000
1.3761000000
-3.2330000000
-7.3748000000
-8.4096000000
-6.2595000000
-2.3606000000
1.6198000000
3.4614000000
-2.7466000000
-13.4470000000
-20.9120000000
-22.1310000000
-18.2860000000
-12.4060000000
-7.1669000000
-3.7992000000
-2.1405000000
-1.3269000000
-0.5188400000
0.6710800000
1.9457000000
1.9140000000
-0.6191400000
-3.6206000000
-4.6769000000
-3.2090000000
-0.0644630000
3.2171000000
1.5224000000
-9.1514000000
-20.2050000000
-25.4110000000
-23.9270000000
-18.3830000000
-12.1670000000
-7.5258000000
-5.0119000000
-3.9529000000
-3.2925000000
-2.2479000000
-0.5687300000
1.4773000000
2.6993000000
0.2413700000
-4.9019000000
-8.5333000000
-8.6868000000
-5.8531000000
-1.7016000000
2.1372000000
3.0739000000
-4.0919000000
-14.1840000000
-20.3670000000
-20.5140000000
-16.2150000000
-10.4460000000
-5.5878000000
-2.5797000000
-1.1125000000
-0.3573600000
0.3706300000
1.2582000000
1.7994000000
1.0172000000
-0.8412300000
-2.0572000000
-1.5140000000
0.6393700000
3.1334000000
1.3407000000
-7.1559000000
-15.4420000000
-18.8310000000
-16.9180000000
-11.9360000000
-6.5867000000
-2.5850000000
-0.3007100000
0.7093400000
0.9160800000
0.6440300000
0.3456400000
0.4925300000
1.1809000000
1.8494000000
1.3183000000
-0.6116200000
-2.2225000000
-2.0916000000
-0.1432600000
2.6253000000
2.6507000000
-5.0842000000
-14.6270000000
-19.8560000000
-19.2620000000
-14.6870000000
-9.0363000000
-4.4670000000
-1.7125000000
-0.3836300000
0.2741300000
0.7887400000
1.2427000000
1.3108000000
0.7146600000
-0.0967130000
-0.2502900000
0.6578000000
2.1365000000
2.2155000000
-1.1772000000
-5.4330000000
-7.3543000000
-6.1210000000
-2.7302000000
1.2232000000
3.6509000000
-1.8963000000
-13.3460000000
-22.1110000000
-24.3380000000
-20.8670000000
-14.8250000000
-9.1929000000
-5.4827000000
-3.6657000000
-2.8507000000
-2.0733000000
-0.7851500000
1.0052000000
2.5181000000
1.3378000000
-3.0734000000
-6.9710000000
-7.8499000000
-5.6668000000
-1.8209000000
2.0586000000
3.2660000000
-4.2438000000
-15.3010000000
-22.3610000000
-22.9280000000
-18.5930000000
-12.5430000000
-7.3960000000
-4.2270000000
-2.7340000000
-1.9782000000
-1.1045000000
0.2669200000
1.8784000000
2.2970000000
-0.4741200000
-4.4692000000
-6.5143000000
-5.5687000000
-2.4260000000
1.4100000000
3.6780000000
-2.4939000000
-14.3620000000
-23.1880000000
-25.2460000000
-21.5520000000
-15.3600000000
-9.6887000000
-6.0215000000
-4.2739000000
-3.5083000000
-2.7382000000
-1.4126000000
0.4796300000
2.3467000000
2.0239000000
-2.2630000000
-6.9970000000
-8.8931000000
-7.3578000000
-3.6467000000
0.5019400000
3.4147000000
0.0814690000
-9.8970000000
-18.5680000000
-21.5330000000
-18.9320000000
-13.4300000000
-7.8995000000
-3.9930000000
-1.9042000000
-0.9277000000
-0.2170700000
0.7082000000
1.7012000000
1.7756000000
0.0428850000
-2.1513000000
-2.8648000000
-1.5047000000
1.2722000000
3.5587000000
-0.9011300000
-11.3170000000
-19.6500000000
-21.9910000000
-18.8920000000
-13.1970000000
-7.7357000000
-4.0169000000
-2.0958000000
-1.1925000000
-0.4438600000
0.6138600000
1.7933000000
1.9303000000
-0.1563100000
-2.8740000000
-3.9271000000
-2.6255000000
0.3238300000
3.3669000000
0.9758400000
-9.7246000000
-20.1150000000
-24.5710000000
-22.6360000000
-17.0220000000
-10.9850000000
-6.5825000000
-4.2306000000
-3.2162000000
-2.5181000000
-1.4191000000
0.2621700000
2.0975000000
2.2991000000
-1.3000000000
-5.9377000000
-8.1608000000
-7.0427000000
-3.6065000000
0.4760700000
3.4750000000
0.0350490000
-10.4820000000
-19.7110000000
-22.9850000000
-20.4080000000
-14.7560000000
-9.0454000000
-5.0255000000
-2.9113000000
-1.9505000000
-1.2037000000
-0.0830900000
1.4136000000
2.3634000000
0.7283700000
-2.9387000000
-5.4990000000
-5.3214000000
-2.7349000000
0.9338600000
3.7043000000
-1.1185000000
-12.9870000000
-22.7530000000
-25.8490000000
-22.7680000000
-16.6610000000
-10.7340000000
-6.7347000000
-4.7658000000
-3.9438000000
-3.2346000000
-2.0012000000
-0.1482800000
1.9098000000
2.5644000000
-0.8876200000
-6.0827000000
-9.0458000000
-8.4282000000
-5.1230000000
-0.8914700000
2.6934000000
2.3316000000
-5.9579000000
-15.5370000000
-20.4810000000
-19.5500000000
-14.7670000000
-9.0768000000
-4.5835000000
-1.9349000000
-0.6722100000
0.0132870000
0.6862000000
1.3920000000
1.5768000000
0.6378800000
-0.7780100000
-1.2858000000
-0.2460900000
1.8992000000
3.0566000000
-1.3220000000
-8.7738000000
-13.7170000000
-14.0010000000
-10.5620000000
-5.6657000000
-1.2840000000
1.6200000000
2.2316000000
-0.7173100000
-4.8690000000
-6.9615000000
-5.9781000000
-2.7661000000
1.1336000000
3.6698000000
-1.6588000000
-13.2000000000
-22.2200000000
-24.6790000000
-21.3180000000
-15.2660000000
-9.5587000000
-5.7720000000
-3.9128000000
-3.0935000000
-2.3318000000
-1.0555000000
0.7589800000
2.4440000000
1.7003000000
-2.6391000000
-6.9241000000
-8.2813000000
-6.4063000000
-2.6274000000
1.3854000000
3.5458000000
-2.1473000000
-12.9770000000
-20.9270000000
-22.6080000000
-18.9970000000
-13.1130000000
-7.7349000000
-4.2160000000
-2.4678000000
-1.6334000000
-0.8336300000
0.3805900000
1.8138000000
2.1785000000
-0.2214600000
-3.6841000000
-5.3769000000
-4.3489000000
-1.3193000000
2.2881000000
3.2204000000
-5.3462000000
-17.3390000000
-24.8160000000
-25.3090000000
-20.6550000000
-14.2930000000
-8.9842000000
-5.8136000000
-4.4090000000
-3.7391000000
-2.8774000000
-1.3930000000
0.6221000000
2.4783000000
1.7926000000
-2.8546000000
-7.5807000000
-9.2484000000
-7.4648000000
-3.6095000000
0.5564400000
3.3883000000
0.0352720000
-9.6573000000
-17.9710000000
-20.7040000000
-18.0490000000
-12.6220000000
-7.2038000000
-3.3793000000
-1.3205000000
-0.3569900000
0.2745400000
0.9649100000
1.5425000000
1.3390000000
0.1251100000
-1.0314000000
-0.9524700000
0.5815000000
2.6876000000
2.0644000000
-4.0487000000
-10.6950000000
-13.6420000000
-12.1780000000
-7.9447000000
-3.1678000000
0.6140400000
2.5701000000
0.8195400000
-4.1300000000
-8.0920000000
-8.7254000000
-6.2338000000
-2.1863000000
1.7569000000
3.3471000000
-2.9744000000
-13.2480000000
-20.1550000000
-21.0010000000
-17.0610000000
-11.2900000000
-6.2248000000
-2.9881000000
-1.3811000000
-0.5814800000
0.1576400000
1.1123000000
1.8597000000
1.2895000000
-0.7215200000
-2.3699000000
-2.2219000000
-0.2273500000
2.6005000000
2.7140000000
-5.1192000000
-14.9150000000
-20.3690000000
-19.8780000000
-15.2910000000
-9.5659000000
-4.9223000000
-2.1266000000
-0.7815900000
-0.0738050000
0.6029100000
1.3463000000
1.6320000000
0.7644400000
-0.7354500000
-1.4212000000
-0.5266700000
1.6095000000
3.1824000000
-0.5770100000
-8.3016000000
-13.9940000000
-14.9520000000
-11.8300000000
-6.8992000000
-2.2980000000
0.8764700000
2.1791000000
0.6109700000
-2.8240000000
-5.1250000000
-4.7942000000
-2.1874000000
1.4016000000
3.7087000000
-2.3540000000
-14.3430000000
-23.3830000000
-25.6070000000
-21.9750000000
-15.7570000000
-10.0220000000
-6.2981000000
-4.5246000000
-3.7620000000
-3.0082000000
-1.6942000000
0.2098500000
2.1884000000
2.2963000000
-1.7253000000
-6.7288000000
-9.0972000000
-7.9305000000
-4.3574000000
-0.1459500000
3.1295000000
1.3012000000
-7.9360000000
-17.0510000000
-20.9320000000
-19.0910000000
-13.9070000000
-8.2938000000
-4.1144000000
-1.7705000000
-0.6716800000
0.0017506000
0.7569100000
1.5324000000
1.6063000000
0.3575000000
-1.2535000000
-1.6910000000
-0.4140200000
1.9912000000
3.1619000000
-2.0858000000
-10.5940000000
-16.1780000000
-16.5670000000
-12.8780000000
-7.6453000000
-3.0329000000
-0.0026812000
1.4312000000
1.2275000000
-0.3308800000
-1.7065000000
-1.5697000000
0.2201700000
2.7137000000
2.3384000000
-4.8416000000
-13.1310000000
-17.2870000000
-16.2200000000
-11.7370000000
-6.4567000000
-2.2456000000
0.3003700000
1.3534000000
0.9928600000
-0.3027000000
-1.1926000000
-0.6958800000
1.1306000000
3.0127000000
0.9002700000
-5.9269000000
-11.8770000000
-13.6330000000
-11.2490000000
-6.6785000000
-2.0539000000
1.3409000000
2.5713000000
-0.3315100000
-5.4232000000
-8.6424000000
-8.3682000000
-5.2966000000
-1.1270000000
2.5496000000
2.6003000000
-5.5170000000
-15.4360000000
-20.8590000000
-20.2650000000
-15.5800000000
-9.8061000000
-5.1644000000
-2.3983000000
-1.0786000000
-0.3534200000
0.4229100000
1.3642000000
1.8477000000
0.8367900000
-1.1868000000
-2.3578000000
-1.6424000000
0.6865000000
3.2479000000
1.0340000000
-8.0654000000
-16.6770000000
-20.0800000000
-17.9970000000
-12.8190000000
-7.3503000000
-3.3274000000
-1.0789000000
-0.0336460000
0.5137400000
0.9480700000
1.2404000000
1.1111000000
0.5253700000
0.0264560000
0.2449900000
1.2624000000
2.2494000000
1.2669000000
-1.9134000000
-4.5313000000
-4.7164000000
-2.5005000000
0.9610600000
3.7020000000
-1.0372000000
-12.8710000000
-22.6580000000
-25.7990000000
-22.7550000000
-16.6620000000
-10.7310000000
-6.7186000000
-4.7375000000
-3.9096000000
-3.2010000000
-1.9721000000
-0.1247500000
1.9245000000
2.5520000000
-0.9235400000
-6.0998000000
-9.0251000000
-8.3765000000
-5.0586000000
-0.8308100000
2.7346000000
2.2614000000
-6.1343000000
-15.7060000000
-20.5800000000
-19.5760000000
-14.7520000000
-9.0579000000
-4.5840000000
-1.9591000000
-0.7105900000
-0.0229260000
0.6710500000
1.4107000000
1.6113000000
0.6225100000
-0.8797700000
-1.4407000000
-0.3949100000
1.8176000000
3.1478000000
-1.2306000000
-9.0702000000
-14.4620000000
-15.0200000000
-11.6280000000
-6.6274000000
-2.1025000000
0.9421700000
2.1151000000
0.5349300000
-2.7017000000
-4.7553000000
-4.2656000000
-1.6260000000
1.8822000000
3.5459000000
-3.7898000000
-15.7500000000
-23.9370000000
-25.2350000000
-21.0660000000
-14.7810000000
-9.2798000000
-5.8529000000
-4.2744000000
-3.5587000000
-2.7471000000
-1.3465000000
0.6008500000
2.4380000000
1.8526000000
-2.6532000000
-7.3265000000
-9.0203000000
-7.2957000000
-3.4907000000
0.6518900000
3.4390000000
-0.2087900000
-10.1660000000
-18.5600000000
-21.2320000000
-18.4630000000
-12.9450000000
-7.4907000000
-3.6786000000
-1.6521000000
-0.7003600000
-0.0094185000
0.8533200000
1.6950000000
1.5893000000
-0.0433730000
-1.8470000000
-2.1778000000
-0.6362000000
2.0382000000
3.2645000000
-2.7944000000
-12.3860000000
-18.6860000000
-19.2480000000
-15.3430000000
-9.7712000000
-4.9073000000
-1.7807000000
-0.2061900000
0.4871400000
0.8156400000
0.9788700000
0.9800100000
0.8270900000
0.6723700000
0.7342300000
1.0659000000
1.3869000000
1.1855000000
0.3588400000
-0.3490500000
-0.1151500000
1.1703000000
2.5541000000
1.3466000000
-3.1092000000
-7.0477000000
-7.9461000000
-5.7612000000
-1.9021000000
1.9953000000
3.3059000000
-4.0179000000
-15.0340000000
-22.1600000000
-22.8240000000
-18.5590000000
-12.5300000000
-7.3672000000
-4.1683000000
-2.6516000000
-1.8877000000
-1.0225000000
0.3270000000
1.8979000000
2.2494000000
-0.5131000000
-4.3862000000
-6.2951000000
-5.2689000000
-2.1151000000
1.6764000000
3.6134000000
-3.3104000000
-15.2850000000
-23.7470000000
-25.3400000000
-21.3410000000
-15.0760000000
-9.4990000000
-5.9773000000
-4.3369000000
-3.6069000000
-2.8142000000
-1.4416000000
0.4915700000
2.3733000000
1.9939000000
-2.3851000000
-7.1582000000
-9.0419000000
-7.4704000000
-3.7264000000
0.4386600000
3.3792000000
0.2344300000
-9.5727000000
-18.1930000000
-21.2000000000
-18.6740000000
-13.2320000000
-7.7237000000
-3.8084000000
-1.6978000000
-0.7097500000
-0.0241610000
0.8157800000
1.6554000000
1.6150000000
0.0726740000
-1.7179000000
-2.1091000000
-0.6470600000
1.9750000000
3.2842000000
-2.4929000000
-11.9250000000
-18.2240000000
-18.8750000000
-15.0690000000
-9.5564000000
-4.7011000000
-1.5510000000
0.0451290000
0.6952100000
0.8483000000
0.7625500000
0.6800200000
0.8044000000
1.1310000000
1.3466000000
1.0275000000
0.2574900000
-0.2124800000
0.2532900000
1.5585000000
2.4760000000
0.5607800000
-3.5036000000
-6.3012000000
-6.1539000000
-3.4644000000
0.3461900000
3.5160000000
0.2587400000
-11.0170000000
-21.3120000000
-25.3330000000
-22.9720000000
-17.1340000000
-11.0940000000
-6.8150000000
-4.6017000000
-3.6692000000
-2.9789000000
-1.8329000000
-0.0729180000
1.9147000000
2.5301000000
-0.8423100000
-5.8800000000
-8.7156000000
-8.0470000000
-4.7581000000
-0.5748800000
2.9182000000
1.9318000000
-7.0440000000
-16.7300000000
-21.3960000000
-20.0970000000
-15.0640000000
-9.3087000000
-4.8856000000
-2.3513000000
-1.1644000000
-0.4489500000
0.4100900000
1.4619000000
1.9456000000
0.6660800000
-1.6761000000
-2.9674000000
-2.1742000000
0.3348100000
3.1935000000
1.4448000000
-8.1904000000
-17.9170000000
-22.2480000000
-20.5550000000
-15.2780000000
-9.4778000000
-5.1439000000
-2.7338000000
-1.6268000000
-0.9002400000
0.0836880000
1.3901000000
2.2047000000
0.8283900000
-2.2645000000
-4.3707000000
-4.0295000000
-1.5259000000
1.9115000000
3.5350000000
-3.8288000000
-15.7580000000
-23.8930000000
-25.1510000000
-20.9660000000
-14.6890000000
-9.2033000000
-5.7901000000
-4.2177000000
-3.5012000000
-2.6856000000
-1.2823000000
0.6613500000
2.4661000000
1.7743000000
-2.7748000000
-7.3750000000
-8.9603000000
-7.1574000000
-3.3279000000
0.7952300000
3.4731000000
-0.5325700000
-10.6130000000
-18.8790000000
-21.3380000000
-18.4080000000
-12.8320000000
-7.4060000000
-3.6585000000
-1.6872000000
-0.7585100000
-0.0546300000
0.8490400000
1.7373000000
1.6176000000
-0.1344400000
-2.0626000000
-2.4440000000
-0.8763200000
1.8866000000
3.3963000000
-2.5269000000
-12.5730000000
-19.4780000000
-20.4500000000
-16.6520000000
-10.9650000000
-5.9125000000
-2.6417000000
-0.9942900000
-0.1969300000
0.4431400000
1.1680000000
1.6216000000
1.0799000000
-0.3238100000
-1.2671000000
-0.7613000000
1.1159000000
3.0578000000
0.8530700000
-6.2580000000
-12.4680000000
-14.3500000000
-11.9560000000
-7.3023000000
-2.5917000000
0.8675100000
2.4133000000
0.5588600000
-3.7066000000
-6.7593000000
-6.7783000000
-4.1267000000
-0.2580100000
3.1851000000
1.4648000000
-8.8839000000
-19.4890000000
-24.3830000000
-22.8120000000
-17.3490000000
-11.2720000000
-6.7388000000
-4.2650000000
-3.1904000000
-2.4955000000
-1.4348000000
0.2064800000
2.0359000000
2.3493000000
-1.0915000000
-5.7135000000
-8.0229000000
-7.0097000000
-3.6403000000
0.4288000000
3.4695000000
0.1226800000
-10.4460000000
-19.8140000000
-23.2120000000
-20.6920000000
-15.0340000000
-9.2827000000
-5.2218000000
-3.0852000000
-2.1210000000
-1.3773000000
-0.2482300000
1.2968000000
2.4032000000
0.9416500000
-2.8622000000
-5.7469000000
-5.8517000000
-3.3917000000
0.3085000000
3.5031000000
0.3843000000
-10.9530000000
-21.4440000000
-25.6470000000
-23.3750000000
-17.5310000000
-11.4340000000
-7.0958000000
-4.8488000000
-3.9127000000
-3.2360000000
-2.1039000000
-0.3412500000
1.7115000000
2.6541000000
-0.3346200000
-5.5178000000
-8.7933000000
-8.5290000000
-5.4361000000
-1.2371000000
2.4706000000
2.6958000000
-5.1870000000
-15.0560000000
-20.5610000000
-20.0860000000
-15.4860000000
-9.7390000000
-5.0775000000
-2.2746000000
-0.9283000000
-0.2077600000
0.5165300000
1.3548000000
1.7369000000
0.8065400000
-0.9373700000
-1.8528000000
-1.0412000000
1.2016000000
3.3002000000
0.1475000000
-8.3938000000
-15.5150000000
-17.5860000000
-14.8810000000
-9.7753000000
-4.7418000000
-1.1621000000
0.7828400000
1.3350000000
0.6178000000
-0.5836600000
-0.9939600000
-0.0044150000
1.9696000000
2.8727000000
-1.2099000000
-7.7716000000
-11.8880000000
-11.7650000000
-8.3484000000
-3.7089000000
0.3927800000
2.8303000000
0.9304000000
-5.4091000000
-10.9170000000
-12.4640000000
-10.1010000000
-5.6721000000
-1.1943000000
2.0671000000
2.4702000000
-2.3550000000
-8.5806000000
-11.8300000000
-10.9400000000
-7.1703000000
-2.5778000000
1.2520000000
2.9870000000
-0.6219300000
-7.6316000000
-12.5850000000
-13.1330000000
-9.9807000000
-5.2500000000
-0.8891400000
2.0477000000
2.2065000000
-1.9860000000
-7.0717000000
-9.4227000000
-8.1898000000
-4.5533000000
-0.3087100000
3.0069000000
1.5859000000
-7.1663000000
-16.0960000000
-20.0510000000
-18.3970000000
-13.3780000000
-7.8407000000
-3.6508000000
-1.2545000000
-0.1285300000
0.4509600000
0.9100000000
1.2477000000
1.1663000000
0.5682300000
-0.0163270000
0.1114200000
1.1177000000
2.2625000000
1.5325000000
-1.7708000000
-4.8230000000
-5.4249000000
-3.4205000000
0.0603420000
3.3625000000
1.0284000000
-10.0730000000
-21.0000000000
-25.8200000000
-23.9820000000
-18.2660000000
-12.0630000000
-7.5333000000
-5.1359000000
-4.1420000000
-3.4861000000
-2.4075000000
-0.6836400000
1.4081000000
2.7197000000
0.3610300000
-4.8549000000
-8.6518000000
-8.9473000000
-6.1761000000
-2.0124000000
1.8922000000
3.2316000000
-3.2590000000
-13.2270000000
-19.6810000000
-20.2010000000
-16.1590000000
-10.4600000000
-5.5348000000
-2.4111000000
-0.8578600000
-0.0949570000
0.5336900000
1.2210000000
1.5807000000
0.9627500000
-0.3640600000
-1.1214000000
-0.4580700000
1.4431000000
3.0572000000
0.1728400000
-6.6990000000
-12.0490000000
-13.1160000000
-10.3100000000
-5.6676000000
-1.2050000000
1.9216000000
2.3919000000
-1.7133000000
-7.1236000000
-9.8989000000
-8.9502000000
-5.3857000000
-1.0561000000
2.5109000000
2.4945000000
-4.8932000000
-13.7840000000
-18.4880000000
-17.6850000000
-13.1800000000
-7.7250000000
-3.3328000000
-0.6685900000
0.5901900000
0.9412500000
0.7128700000
0.3409800000
0.3607100000
0.9931800000
1.8157000000
1.6274000000
-0.2622300000
-2.2841000000
-2.6692000000
-1.0440000000
1.8024000000
3.4697000000
-2.4512000000
-12.8560000000
-20.1720000000
-21.3940000000
-17.6380000000
-11.8550000000
-6.6716000000
-3.3109000000
-1.6311000000
-0.8081600000
-0.0521940000
0.9720700000
1.9007000000
1.5163000000
-0.6544500000
-2.7302000000
-2.9659000000
-1.1345000000
1.8626000000
3.4873000000
-2.9253000000
-13.7940000000
-21.3230000000
-22.5160000000
-18.6060000000
-12.6690000000
-7.4038000000
-4.0398000000
-2.3991000000
-1.5970000000
-0.7739500000
0.4773700000
1.9025000000
2.1104000000
-0.4825000000
-3.9206000000
-5.4435000000
-4.2403000000
-1.1142000000
2.4799000000
2.9931000000
-6.0678000000
-17.9650000000
-25.0410000000
-25.1460000000
-20.2910000000
-13.9300000000
-8.7349000000
-5.6908000000
-4.3610000000
-3.7017000000
-2.8095000000
-1.2861000000
0.7474800000
2.5446000000
1.6068000000
-3.1755000000
-7.7809000000
-9.2324000000
-7.2784000000
-3.3580000000
0.7795300000
3.4359000000
-0.4339500000
-10.2460000000
-18.2990000000
-20.6750000000
-17.7740000000
-12.2790000000
-6.9252000000
-3.2117000000
-1.2400000000
-0.3149000000
0.3137600000
1.0071000000
1.5584000000
1.2894000000
0.0425110000
-1.0634000000
-0.8926400000
0.7104800000
2.7809000000
1.8260000000
-4.4820000000
-10.9730000000
-13.6320000000
-11.9380000000
-7.6146000000
-2.8697000000
0.8207800000
2.6075000000
0.5260700000
-4.5310000000
-8.3415000000
-8.7438000000
-6.0830000000
-1.9805000000
1.9181000000
3.2429000000
-3.4107000000
-13.5670000000
-20.1340000000
-20.6700000000
-16.5820000000
-10.8240000000
-5.8576000000
-2.7232000000
-1.1761000000
-0.3985200000
0.3177400000
1.1997000000
1.7927000000
1.1174000000
-0.7121200000
-2.0147000000
-1.5952000000
0.4740200000
3.0195000000
1.7091000000
-6.5233000000
-14.9910000000
-18.7320000000
-17.1050000000
-12.2390000000
-6.8550000000
-2.7476000000
-0.3643500000
0.7057500000
0.9321300000
0.6402600000
0.3032600000
0.4320900000
1.1517000000
1.8985000000
1.3948000000
-0.6785600000
-2.4993000000
-2.5086000000
-0.5816800000
2.3258000000
3.0981000000
-4.2605000000
-14.5490000000
-20.8360000000
-20.9870000000
-16.6340000000
-10.8010000000
-5.9039000000
-2.8889000000
-1.4320000000
-0.6704000000
0.1241100000
1.1769000000
1.9662000000
1.2149000000
-1.0985000000
-2.9032000000
-2.7223000000
-0.5863300000
2.4427000000
2.9987000000
-4.9600000000
-15.6110000000
-21.9470000000
-21.9430000000
-17.3910000000
-11.4270000000
-6.4990000000
-3.5232000000
-2.1223000000
-1.3716000000
-0.4841800000
0.8263400000
2.1163000000
1.7447000000
-1.2383000000
-4.3203000000
-5.1624000000
-3.4082000000
-0.0668470000
3.2643000000
1.3727000000
-9.4965000000
-20.5810000000
-25.7090000000
-24.1220000000
-18.5080000000
-12.2730000000
-7.6516000000
-5.1699000000
-4.1353000000
-3.4825000000
-2.4306000000
-0.7341500000
1.3488000000
2.7161000000
0.4963400000
-4.6878000000
-8.5607000000
-8.9591000000
-6.2583000000
-2.1137000000
1.8145000000
3.2810000000
-3.0440000000
-13.0540000000
-19.6590000000
-20.3220000000
-16.3510000000
-10.6510000000
-5.6822000000
-2.5115000000
-0.9293700000
-0.1537900000
0.4878600000
1.2063000000
1.6155000000
1.0106000000
-0.3888900000
-1.2505000000
-0.6501300000
1.2717000000
3.0917000000
0.4935900000
-6.6544000000
-12.5680000000
-14.0990000000
-11.4870000000
-6.7924000000
-2.1610000000
1.1753000000
2.4602000000
0.0621580000
-4.4625000000
-7.3900000000
-7.1188000000
-4.2173000000
-0.2376500000
3.1810000000
1.4115000000
-8.7194000000
-19.0010000000
-23.6630000000
-22.0190000000
-16.6070000000
-10.6290000000
-6.1766000000
-3.7351000000
-2.6525000000
-1.9379000000
-0.8778200000
0.7034100000
2.2734000000
1.8580000000
-1.8477000000
-5.7559000000
-7.0772000000
-5.3782000000
-1.8157000000
2.0279000000
3.3642000000
-4.3573000000
-15.9700000000
-23.5280000000
-24.3280000000
-19.9660000000
-13.7540000000
-8.4425000000
-5.1842000000
-3.6843000000
-2.9623000000
-2.1053000000
-0.6743200000
1.2164000000
2.6184000000
0.9013700000
-3.8317000000
-7.6008000000
-8.1460000000
-5.6670000000
-1.6844000000
2.1690000000
3.1299000000
-4.4709000000
-15.1790000000
-21.7910000000
-22.0620000000
-17.6550000000
-11.6950000000
-6.6884000000
-3.6234000000
-2.1681000000
-1.4066000000
-0.5354800000
0.7588200000
2.0758000000
1.8273000000
-1.0733000000
-4.2173000000
-5.1857000000
-3.5359000000
-0.2369300000
3.1510000000
1.7061000000
-8.9164000000
-20.1720000000
-25.6310000000
-24.3130000000
-18.8070000000
-12.5380000000
-7.8174000000
-5.2453000000
-4.1672000000
-3.5177000000
-2.4941000000
-0.8255500000
1.2531000000
2.7073000000
0.6981300000
-4.4471000000
-8.4519000000
-9.0195000000
-6.4306000000
-2.3130000000
1.6569000000
3.3560000000
-2.5989000000
-12.6240000000
-19.4810000000
-20.4130000000
-16.5980000000
-10.9150000000
-5.8761000000
-2.6187000000
-0.9785200000
-0.1829800000
0.4558700000
1.1744000000
1.6144000000
1.0643000000
-0.3245200000
-1.2392000000
-0.7117800000
1.1664000000
3.0609000000
0.7574800000
-6.3090000000
-12.3770000000
-14.1280000000
-11.6690000000
-7.0197000000
-2.3501000000
1.0597000000
2.4717000000
0.2478200000
-4.2732000000
-7.3312000000
-7.2072000000
-4.3942000000
-0.4273300000
3.0688000000
1.7284000000
-8.1645000000
-18.6060000000
-23.5820000000
-22.1940000000
-16.8860000000
-10.8770000000
-6.3305000000
-3.8029000000
-2.6782000000
-1.9657000000
-0.9307500000
0.6292300000
2.2239000000
1.9522000000
-1.6478000000
-5.6129000000
-7.0661000000
-5.4806000000
-1.9681000000
1.8929000000
3.4580000000
-3.9208000000
-15.5720000000
-23.3820000000
-24.4400000000
-20.2190000000
-14.0160000000
-8.6335000000
-5.2917000000
-3.7399000000
-3.0077000000
-2.1684000000
-0.7608100000
1.1248000000
2.6000000000
1.0755000000
-3.6155000000
-7.5125000000
-8.2251000000
-5.8584000000
-1.9042000000
1.9946000000
3.2703000000
-3.9009000000
-14.6420000000
-21.5520000000
-22.1330000000
-17.9000000000
-11.9540000000
-6.8646000000
-3.6995000000
-2.1804000000
-1.4048000000
-0.5544000000
0.7113700000
2.0311000000
1.8806000000
-0.9082300000
-4.0506000000
-5.0925000000
-3.5259000000
-0.2768800000
3.1135000000
1.8089000000
-8.7188000000
-20.0150000000
-25.5730000000
-24.3410000000
-18.8740000000
-12.5990000000
-7.8495000000
-5.2487000000
-4.1554000000
-3.5056000000
-2.4904000000
-0.8313900000
1.2420000000
2.7041000000
0.7241600000
-4.4077000000
-8.4218000000
-9.0075000000
-6.4334000000
-2.3217000000
1.6503000000
3.3611000000
-2.5873000000
-12.6300000000
-19.5120000000
-20.4610000000
-16.6500000000
-10.9630000000
-5.9166000000
-2.6533000000
-1.0104000000
-0.2123700000
0.4345100000
1.1713000000
1.6343000000
1.0819000000
-0.3522000000
-1.3193000000
-0.8162100000
1.0793000000
3.0681000000
0.8963100000
-6.3260000000
-12.7000000000
-14.7000000000
-12.3430000000
-7.6631000000
-2.9019000000
0.6044300000
2.2886000000
0.9192100000
-2.9202000000
-5.8828000000
-6.0528000000
-3.6203000000
0.0890330000
3.3872000000
0.8618500000
-10.1480000000
-20.7750000000
-25.3170000000
-23.3420000000
-17.6340000000
-11.5160000000
-7.0780000000
-4.7325000000
-3.7444000000
-3.0674000000
-1.9668000000
-0.2441100000
1.7640000000
2.6157000000
-0.4358300000
-5.5229000000
-8.6408000000
-8.2569000000
-5.1218000000
-0.9449800000
2.6824000000
2.3994000000
-6.0640000000
-15.9670000000
-21.1710000000
-20.3430000000
-15.5250000000
-9.7371000000
-5.1560000000
-2.4649000000
-1.1925000000
-0.4683200000
0.3555800000
1.3824000000
1.9350000000
0.8284000000
-1.4371000000
-2.8044000000
-2.1499000000
0.2471900000
3.0955000000
1.7149000000
-7.5678000000
-17.2530000000
-21.7410000000
-20.2450000000
-15.0970000000
-9.3257000000
-4.9513000000
-2.4796000000
-1.3318000000
-0.6121200000
0.3016700000
1.4584000000
2.0536000000
0.6911700000
-1.9559000000
-3.5370000000
-2.8784000000
-0.3354500000
2.8206000000
2.4431000000
-6.8255000000
-17.7070000000
-23.5320000000
-22.8310000000
-17.8000000000
-11.7040000000
-6.9030000000
-4.1437000000
-2.9064000000
-2.1977000000
-1.2229000000
0.2992100000
2.0137000000
2.2821000000
-0.9450600000
-5.2404000000
-7.3170000000
-6.2332000000
-2.9190000000
1.0391000000
3.6514000000
-1.4026000000
-12.7880000000
-21.8210000000
-24.3830000000
-21.1280000000
-15.1340000000
-9.4318000000
-5.6166000000
-3.7233000000
-2.8835000000
-2.1215000000
-0.8630700000
0.9118200000
2.4800000000
1.4944000000
-2.8356000000
-6.8395000000
-7.8862000000
-5.8281000000
-2.0246000000
1.8900000000
3.3846000000
-3.7086000000
-14.8050000000
-22.1640000000
-23.0390000000
-18.8740000000
-12.8370000000
-7.6064000000
-4.3378000000
-2.7820000000
-2.0127000000
-1.1584000000
0.1883600000
1.8077000000
2.3450000000
-0.2767300000
-4.2987000000
-6.4834000000
-5.6777000000
-2.6098000000
1.2285000000
3.6988000000
-1.9719000000
-13.7930000000
-22.9040000000
-25.3020000000
-21.8220000000
-15.6730000000
-9.9268000000
-6.1522000000
-4.3283000000
-3.5397000000
-2.7873000000
-1.4935000000
0.3783000000
2.2778000000
2.1425000000
-2.0029000000
-6.8140000000
-8.8852000000
-7.4996000000
-3.8543000000
0.3091100000
3.3514000000
0.4663800000
-9.3755000000
-18.2560000000
-21.5320000000
-19.1540000000
-13.7230000000
-8.1418000000
-4.1398000000
-1.9733000000
-0.9631400000
-0.2549700000
0.6568700000
1.6621000000
1.8140000000
0.1584300000
-2.0650000000
-2.8775000000
-1.6120000000
1.1230000000
3.5353000000
-0.4733600000
-10.8000000000
-19.3650000000
-22.0150000000
-19.1240000000
-13.4830000000
-7.9634000000
-4.1485000000
-2.1541000000
-1.2229000000
-0.4820600000
0.5576100000
1.7464000000
1.9714000000
-0.0189490000
-2.7615000000
-3.9189000000
-2.7199000000
0.1773100000
3.2745000000
1.3098000000
-9.1839000000
-19.7400000000
-24.4980000000
-22.8040000000
-17.2820000000
-11.2100000000
-6.7171000000
-4.2841000000
-3.2318000000
-2.5379000000
-1.4646000000
0.1931600000
2.0380000000
2.3582000000
-1.1094000000
-5.7742000000
-8.1151000000
-7.1122000000
-3.7361000000
0.3470600000
3.4329000000
0.3035500000
-10.1350000000
-19.5280000000
-23.0280000000
-20.6080000000
-15.0000000000
-9.2487000000
-5.1586000000
-2.9898000000
-2.0077000000
-1.2662000000
-0.1584600000
1.3442000000
2.3714000000
0.8665600000
-2.8154000000
-5.5124000000
-5.4795000000
-2.9748000000
0.6906900000
3.6476000000
-0.4930100000
-12.1970000000
-22.2860000000
-25.8340000000
-23.0670000000
-17.0510000000
-11.0440000000
-6.9050000000
-4.8269000000
-3.9637000000
-3.2712000000
-2.0795000000
-0.2604200000
1.8063000000
2.6222000000
-0.6000500000
-5.8144000000
-8.9590000000
-8.5317000000
-5.3332000000
-1.1107000000
2.5504000000
2.5679000000
-5.4284000000
-15.1440000000
-20.4110000000
-19.7600000000
-15.1010000000
-9.3898000000
-4.8012000000
-2.0592000000
-0.7437700000
-0.0432040000
0.6335700000
1.3648000000
1.6136000000
0.7163100000
-0.7563500000
-1.3771000000
-0.4266700000
1.7180000000
3.1490000000
-0.8537600000
-8.4998000000
-13.9270000000
-14.6350000000
-11.3890000000
-6.4639000000
-1.9394000000
1.1413000000
2.2388000000
0.2197600000
-3.4839000000
-5.7344000000
-5.1875000000
-2.3694000000
1.3350000000
3.7086000000
-2.2279000000
-14.1830000000
-23.2680000000
-25.5620000000
-21.9810000000
-15.7800000000
-10.0340000000
-6.2891000000
-4.4981000000
-3.7284000000
-2.9768000000
-1.6700000000
0.2262800000
2.1953000000
2.2836000000
-1.7427000000
-6.7236000000
-9.0632000000
-7.8776000000
-4.3001000000
-0.0947120000
3.1583000000
1.2142000000
-8.1050000000
-17.2070000000
-21.0270000000
-19.1260000000
-13.9100000000
-8.2959000000
-4.1339000000
-1.8095000000
-0.7210300000
-0.0418050000
0.7384600000
1.5530000000
1.6441000000
0.3344200000
-1.3771000000
-1.8793000000
-0.6042900000
1.8669000000
3.2739000000
-1.8703000000
-10.7760000000
-16.8830000000
-17.6240000000
-14.0250000000
-8.6915000000
-3.9158000000
-0.7545700000
0.8431100000
1.1944000000
0.5286800000
-0.3805800000
-0.4985600000
0.5771500000
2.2743000000
2.2961000000
-1.8249000000
-6.8856000000
-9.2568000000
-8.0606000000
-4.4533000000
-0.2202600000
3.0779000000
1.4283000000
-7.6117000000
-16.6620000000
-20.5850000000
-18.8270000000
-13.7110000000
-8.1255000000
-3.9381000000
-1.5702000000
-0.4576000000
0.1862700000
0.8392600000
1.4490000000
1.4370000000
0.4154400000
-0.7883300000
-0.9531500000
0.3225800000
2.3800000000
2.5283000000
-2.6726000000
-9.2590000000
-12.6870000000
-11.7890000000
-7.9080000000
-3.1969000000
0.7128400000
2.7887000000
0.5479300000
-5.3709000000
-10.0800000000
-10.9830000000
-8.3624000000
-4.0180000000
0.2142700000
2.9991000000
1.0049000000
-6.5217000000
-13.3840000000
-15.7520000000
-13.5210000000
-8.7719000000
-3.8616000000
-0.2188900000
1.7532000000
1.5509000000
-0.9360300000
-3.4476000000
-3.9588000000
-2.1704000000
0.9957400000
3.6482000000
-0.7694900000
-12.1260000000
-21.5940000000
-24.6530000000
-21.7010000000
-15.7580000000
-9.9386000000
-5.9650000000
-3.9631000000
-3.0923000000
-2.3552000000
-1.1347000000
0.6383100000
2.3654000000
1.8779000000
-2.2798000000
-6.6490000000
-8.2120000000
-6.5167000000
-2.8191000000
1.2111000000
3.5765000000
-1.7052000000
-12.5660000000
-20.8300000000
-22.8400000000
-19.4150000000
-13.5470000000
-8.0816000000
-4.4566000000
-2.6403000000
-1.7877000000
-0.9987200000
0.2116900000
1.7050000000
2.2889000000
0.0546080000
-3.5943000000
-5.6329000000
-4.8818000000
-1.9594000000
1.7280000000
3.6164000000
-3.4587000000
-15.5560000000
-24.0620000000
-25.6340000000
-21.5850000000
-15.2790000000
-9.6835000000
-6.1653000000
-4.5393000000
-3.8225000000
-3.0347000000
-1.6567000000
0.2973400000
2.2681000000
2.1977000000
-2.0163000000
-6.9978000000
-9.2198000000
-7.9036000000
-4.2488000000
-0.0327660000
3.1729000000
1.1247000000
-8.1315000000
-17.0560000000
-20.7150000000
-18.7370000000
-13.5290000000
-7.9664000000
-3.8575000000
-1.5635000000
-0.4883900000
0.1597600000
0.8484200000
1.4959000000
1.4624000000
0.3345600000
-0.9652600000
-1.1416000000
0.2022800000
2.3839000000
2.6284000000
-2.9004000000
-10.0430000000
-13.8990000000
-13.1560000000
-9.2016000000
-4.3216000000
-0.2564000000
2.1895000000
1.7339000000
-2.2854000000
-6.3963000000
-7.7504000000
-5.9716000000
-2.3013000000
1.6370000000
3.5214000000
-2.9624000000
-14.1540000000
-22.0040000000
-23.3680000000
-19.4630000000
-13.4350000000
-8.0651000000
-4.6379000000
-2.9852000000
-2.1962000000
-1.3691000000
-0.0471880000
1.6239000000
2.4586000000
0.1694200000
-4.0145000000
-6.6430000000
-6.2372000000
-3.3580000000
0.5133900000
3.5712000000
-0.1280900000
-11.4480000000
-21.4270000000
-25.0740000000
-22.4800000000
-16.5970000000
-10.6400000000
-6.4794000000
-4.3494000000
-3.4421000000
-2.7339000000
-1.5578000000
0.2118700000
2.1181000000
2.3266000000
-1.4220000000
-6.2491000000
-8.5915000000
-7.4971000000
-4.0189000000
0.1270200000
3.3044000000
0.7812800000
-9.1228000000
-18.3980000000
-22.0740000000
-19.9150000000
-14.4960000000
-8.8047000000
-4.6729000000
-2.4245000000
-1.3866000000
-0.6590000000
0.3335800000
1.5668000000
2.1001000000
0.4475700000
-2.4251000000
-4.0165000000
-3.2284000000
-0.5307000000
2.7555000000
2.5823000000
-6.7951000000
-18.0870000000
-24.3050000000
-23.8050000000
-18.7720000000
-12.5580000000
-7.6286000000
-4.7940000000
-3.5453000000
-2.8603000000
-1.9027000000
-0.3462900000
1.5769000000
2.6286000000
0.1060500000
-4.7694000000
-8.0333000000
-7.9334000000
-5.0292000000
-0.9457100000
2.7097000000
2.4175000000
-6.3817000000
-16.7030000000
-22.1760000000
-21.4080000000
-16.5010000000
-10.5820000000
-5.9062000000
-3.1841000000
-1.9223000000
-1.1882000000
-0.2547400000
1.0740000000
2.2034000000
1.3916000000
-1.7289000000
-4.4491000000
-4.7881000000
-2.6840000000
0.7460800000
3.6482000000
-0.4577900000
-12.1380000000
-22.2280000000
-25.7900000000
-23.0400000000
-17.0320000000
-11.0260000000
-6.8830000000
-4.7999000000
-3.9335000000
-3.2405000000
-2.0503000000
-0.2343400000
1.8248000000
2.6107000000
-0.6450600000
-5.8441000000
-8.9475000000
-8.4832000000
-5.2674000000
-1.0469000000
2.5951000000
2.5031000000
-5.6051000000
-15.3120000000
-20.5040000000
-19.7740000000
-15.0720000000
-9.3572000000
-4.7896000000
-2.0728000000
-0.7729700000
-0.0722050000
0.6215400000
1.3804000000
1.6419000000
0.7030000000
-0.8413700000
-1.5053000000
-0.5491700000
1.6480000000
3.2096000000
-0.7766800000
-8.7265000000
-14.5190000000
-15.4580000000
-12.2590000000
-7.2536000000
-2.6133000000
0.5695500000
1.9911000000
0.9630200000
-1.9014000000
-4.0039000000
-3.7987000000
-1.4495000000
1.8907000000
3.5326000000
-3.5937000000
-15.2940000000
-23.3190000000
-24.5840000000
-20.4720000000
-14.2690000000
-8.8260000000
-5.4164000000
-3.8242000000
-3.0855000000
-2.2611000000
-0.8708000000
1.0165000000
2.5749000000
1.2642000000
-3.3873000000
-7.4446000000
-8.3597000000
-6.1255000000
-2.2019000000
1.7520000000
3.4075000000
-3.1362000000
-13.8500000000
-21.1190000000
-22.1110000000
-18.1290000000
-12.2260000000
-7.0398000000
-3.7439000000
-2.1348000000
-1.3352000000
-0.5141800000
0.6978400000
1.9778000000
1.8894000000
-0.7272600000
-3.7482000000
-4.7683000000
-3.2485000000
-0.0666380000
3.2261000000
1.4958000000
-9.2214000000
-20.2900000000
-25.4870000000
-23.9860000000
-18.4280000000
-12.2050000000
-7.5652000000
-5.0565000000
-4.0025000000
-3.3443000000
-2.2987000000
-0.6158500000
1.4404000000
2.7057000000
0.3167900000
-4.8397000000
-8.5416000000
-8.7661000000
-5.9705000000
-1.8205000000
2.0453000000
3.1445000000
-3.7832000000
-13.8600000000
-20.1700000000
-20.4660000000
-16.2610000000
-10.5080000000
-5.6167000000
-2.5611000000
-1.0613000000
-0.3006400000
0.4034800000
1.2452000000
1.7505000000
1.0180000000
-0.7131400000
-1.8302000000
-1.2665000000
0.8339100000
3.1604000000
1.0680000000
-7.1545000000
-14.8150000000
-17.6660000000
-15.5170000000
-10.5800000000
-5.4158000000
-1.5940000000
0.5673700000
1.3217000000
0.7943100000
-0.3844800000
-0.9609600000
-0.1909200000
1.6732000000
2.9523000000
-0.2780600000
-6.6748000000
-11.1990000000
-11.6220000000
-8.5770000000
-4.0363000000
0.1705700000
2.8410000000
1.1791000000
-5.4686000000
-11.5690000000
-13.5960000000
-11.4250000000
-6.9361000000
-2.2797000000
1.2042000000
2.6060000000
-0.0898190000
-5.2232000000
-8.6431000000
-8.5676000000
-5.6012000000
-1.4340000000
2.3279000000
2.8773000000
-4.6971000000
-14.6680000000
-20.4690000000
-20.2640000000
-15.7930000000
-10.0350000000
-5.2872000000
-2.3951000000
-0.9968000000
-0.2622800000
0.4610300000
1.3158000000
1.7604000000
0.8930900000
-0.8877500000
-1.9156000000
-1.2088000000
0.9966000000
3.2575000000
0.6183800000
-7.9142000000
-15.4540000000
-17.9950000000
-15.5700000000
-10.5060000000
-5.3588000000
-1.6280000000
0.4444600000
1.1932000000
0.8364400000
-0.0913260000
-0.5527900000
0.1232900000
1.7238000000
2.6936000000
-0.0643800000
-5.2095000000
-8.6151000000
-8.5170000000
-5.5338000000
-1.3610000000
2.3912000000
2.8138000000
-4.9616000000
-14.9910000000
-20.7390000000
-20.4410000000
-15.8980000000
-10.1130000000
-5.3769000000
-2.5128000000
-1.1366000000
-0.3991700000
0.3681800000
1.3144000000
1.8586000000
0.9369400000
-1.0936000000
-2.3667000000
-1.7654000000
0.5012100000
3.1447000000
1.4395000000
-7.4712000000
-16.3540000000
-20.1650000000
-18.3800000000
-13.2970000000
-7.7642000000
-3.6159000000
-1.2631000000
-0.1611300000
0.4226400000
0.9137000000
1.2898000000
1.2018000000
0.5239100000
-0.1482500000
-0.0340800000
1.0583000000
2.3614000000
1.6182000000
-2.1250000000
-5.7019000000
-6.6246000000
-4.6737000000
-1.0618000000
2.6321000000
2.7113000000
-6.6069000000
-18.1280000000
-24.6360000000
-24.3260000000
-19.3370000000
-13.0640000000
-8.0434000000
-5.1420000000
-3.8709000000
-3.1972000000
-2.2601000000
-0.7075800000
1.2773000000
2.6716000000
0.7164600000
-4.2504000000
-8.0886000000
-8.5745000000
-5.9903000000
-1.9249000000
1.9735000000
3.2357000000
-3.6799000000
-14.0550000000
-20.7080000000
-21.2140000000
-17.0440000000
-11.2120000000
-6.2111000000
-3.0802000000
-1.5524000000
-0.7714700000
0.0186940000
1.0872000000
1.9693000000
1.3615000000
-0.9765500000
-2.9782000000
-3.0089000000
-0.9900700000
2.0825000000
3.3669000000
-3.7752000000
-14.7720000000
-21.9890000000
-22.7640000000
-18.5700000000
-12.5570000000
-7.3704000000
-4.1364000000
-2.5946000000
-1.8239000000
-0.9681200000
0.3610600000
1.9021000000
2.2202000000
-0.5135500000
-4.2976000000
-6.1232000000
-5.0559000000
-1.9048000000
1.8513000000
3.5382000000
-3.8735000000
-15.8900000000
-24.0930000000
-25.3770000000
-21.1820000000
-14.8780000000
-9.3694000000
-5.9456000000
-4.3746000000
-3.6652000000
-2.8554000000
-1.4513000000
0.5076800000
2.3941000000
1.9639000000
-2.4790000000
-7.2654000000
-9.1252000000
-7.5195000000
-3.7514000000
0.4211100000
3.3642000000
0.2830700000
-9.4385000000
-18.0090000000
-21.0090000000
-18.5050000000
-13.0900000000
-7.6002000000
-3.6892000000
-1.5737000000
-0.5831700000
0.0848080000
0.8699100000
1.6158000000
1.5192000000
0.1032400000
-1.4517000000
-1.6700000000
-0.1746100000
2.3009000000
2.9289000000
-3.2036000000
-11.7330000000
-16.7850000000
-16.5740000000
-12.5240000000
-7.2349000000
-2.7666000000
0.0688690000
1.3550000000
1.1406000000
-0.2235400000
-1.3534000000
-1.0840000000
0.6711100000
2.8738000000
1.7469000000
-5.1493000000
-12.1710000000
-15.0790000000
-13.3560000000
-8.8598000000
-3.9391000000
-0.1405100000
1.9777000000
1.5829000000
-1.5599000000
-4.6579000000
-5.4102000000
-3.5462000000
-0.1336800000
3.2303000000
1.4591000000
-9.2986000000
-20.3690000000
-25.5440000000
-24.0180000000
-18.4440000000
-12.2190000000
-7.5854000000
-5.0847000000
-4.0360000000
-3.3790000000
-2.3315000000
-0.6447300000
1.4185000000
2.7092000000
0.3599800000
-4.8052000000
-8.5496000000
-8.8162000000
-6.0429000000
-1.8934000000
1.9883000000
3.1831000000
-3.5950000000
-13.6570000000
-20.0410000000
-20.4290000000
-16.2810000000
-10.5410000000
-5.6298000000
-2.5456000000
-1.0255000000
-0.2615100000
0.4265900000
1.2368000000
1.7165000000
1.0156000000
-0.6296300000
-1.6782000000
-1.1001000000
0.9614000000
3.1636000000
0.8887600000
-7.1060000000
-14.3210000000
-16.8100000000
-14.5130000000
-9.6207000000
-4.5899000000
-0.8921000000
1.1615000000
1.5591000000
0.2200800000
-1.5950000000
-2.1598000000
-0.8786100000
1.6717000000
3.3908000000
-1.4861000000
-10.8270000000
-17.6130000000
-18.8580000000
-15.4290000000
-9.9942000000
-5.0105000000
-1.6728000000
0.0622380000
0.7599900000
0.8566100000
0.6536600000
0.5155900000
0.7433900000
1.2919000000
1.6096000000
0.9529600000
-0.4112400000
-1.1771000000
-0.4928000000
1.4436000000
3.0838000000
0.1187600000
-6.9117000000
-12.3870000000
-13.5000000000
-10.6750000000
-5.9845000000
-1.4793000000
1.6876000000
2.4423000000
-1.0431000000
-6.0945000000
-8.8627000000
-8.1116000000
-4.7699000000
-0.5753200000
2.9011000000
1.9434000000
-6.8893000000
-16.4290000000
-21.0150000000
-19.7100000000
-14.7180000000
-9.0102000000
-4.6165000000
-2.0883000000
-0.8975500000
-0.1986100000
0.5868000000
1.4782000000
1.7660000000
0.5666100000
-1.3346000000
-2.1697000000
-1.1488000000
1.2932000000
3.4096000000
-0.3817200000
-9.6281000000
-17.0850000000
-19.1240000000
-16.1930000000
-10.8540000000
-5.6927000000
-2.1024000000
-0.1758000000
0.6460200000
0.8555500000
0.7465500000
0.6099400000
0.7207500000
1.1216000000
1.4628000000
1.1534000000
0.1595200000
-0.5983700000
-0.2500400000
1.2384000000
2.7420000000
1.0719000000
-4.2031000000
-8.6817000000
-9.7016000000
-7.3425000000
-3.2203000000
0.9069700000
3.3803000000
-0.5776600000
-9.9256000000
-17.3650000000
-19.3270000000
-16.3190000000
-10.9410000000
-5.7791000000
-2.2108000000
-0.3059000000
0.5269100000
0.8213300000
0.8528800000
0.7887400000
0.7863200000
0.9324000000
1.1388000000
1.1524000000
0.8081300000
0.3577600000
0.3177200000
0.9371800000
1.8182000000
1.7247000000
-0.2053200000
-2.4159000000
-2.9928000000
-1.4660000000
1.4151000000
3.5887000000
-1.4447000000
-12.1430000000
-20.3940000000
-22.4840000000
-19.1540000000
-13.3460000000
-7.8922000000
-4.2462000000
-2.4004000000
-1.5316000000
-0.7549200000
0.4034700000
1.7763000000
2.1431000000
-0.1034900000
-3.3870000000
-4.9847000000
-3.9560000000
-0.9818500000
2.5315000000
2.9352000000
-6.2009000000
-18.0300000000
-24.9870000000
-24.9980000000
-20.1080000000
-13.7610000000
-8.6019000000
-5.5896000000
-4.2744000000
-3.6134000000
-2.7116000000
-1.1804000000
0.8486000000
2.5843000000
1.4554000000
-3.3923000000
-7.8730000000
-9.1459000000
-7.0655000000
-3.1074000000
0.9960400000
3.4676000000
-0.9363700000
-10.8990000000
-18.7340000000
-20.7820000000
-17.6440000000
-12.0730000000
-6.7712000000
-3.1582000000
-1.2686000000
-0.3757400000
0.2742400000
1.0273000000
1.6298000000
1.3065000000
-0.1093700000
-1.3472000000
-1.1848000000
0.5206800000
2.7960000000
2.0052000000
-4.8377000000
-12.1830000000
-15.4820000000
-14.0080000000
-9.5627000000
-4.5568000000
-0.6315700000
1.6540000000
1.7850000000
-0.6751200000
-3.5564000000
-4.5146000000
-3.0074000000
0.1221000000
3.3110000000
1.2052000000
-9.5708000000
-20.3280000000
-25.1470000000
-23.4050000000
-17.7960000000
-11.6550000000
-7.1348000000
-4.7115000000
-3.6843000000
-3.0089000000
-1.9332000000
-0.2385500000
1.7514000000
2.6122000000
-0.3869500000
-5.4319000000
-8.5383000000
-8.1659000000
-5.0501000000
-0.8881900000
2.7264000000
2.3356000000
-6.2803000000
-16.2370000000
-21.4120000000
-20.5210000000
-15.6500000000
-9.8397000000
-5.2638000000
-2.5911000000
-1.3340000000
-0.6063800000
0.2533400000
1.3591000000
2.0178000000
0.8914700000
-1.6004000000
-3.2223000000
-2.7105000000
-0.3107200000
2.7686000000
2.5208000000
-6.4191000000
-17.0690000000
-22.8280000000
-22.1860000000
-17.2580000000
-11.2420000000
-6.4710000000
-3.6991000000
-2.4329000000
-1.7075000000
-0.7507700000
0.6924800000
2.1679000000
1.8979000000
-1.4115000000
-5.0248000000
-6.2627000000
-4.6408000000
-1.2128000000
2.4829000000
2.9517000000
-6.0806000000
-17.8440000000
-24.7890000000
-24.8240000000
-19.9670000000
-13.6440000000
-8.4915000000
-5.4733000000
-4.1478000000
-3.4794000000
-2.5762000000
-1.0505000000
0.9606300000
2.6163000000
1.2838000000
-3.6008000000
-7.9187000000
-8.9876000000
-6.7746000000
-2.7864000000
1.2685000000
3.4759000000
-1.6301000000
-11.7840000000
-19.3500000000
-20.9910000000
-17.5560000000
-11.8890000000
-6.6508000000
-3.1628000000
-1.3751000000
-0.5178600000
0.1741600000
1.0344000000
1.7471000000
1.3619000000
-0.3526500000
-1.8720000000
-1.7981000000
0.0181470000
2.6347000000
2.5580000000
-4.7745000000
-13.6690000000
-18.4100000000
-17.6460000000
-13.1640000000
-7.7103000000
-3.3078000000
-0.6312900000
0.6310800000
0.9609400000
0.6834600000
0.2729000000
0.3068200000
1.0075000000
1.9007000000
1.6444000000
-0.4935100000
-2.7217000000
-3.1613000000
-1.4666000000
1.5217000000
3.6059000000
-1.9182000000
-12.9010000000
-21.1440000000
-23.0610000000
-19.5460000000
-13.6310000000
-8.1649000000
-4.5662000000
-2.7789000000
-1.9415000000
-1.1462000000
0.0943090000
1.6538000000
2.3640000000
0.1561400000
-3.6956000000
-5.9949000000
-5.4160000000
-2.5342000000
1.2266000000
3.7163000000
-1.9624000000
-13.9090000000
-23.1580000000
-25.6390000000
-22.1710000000
-15.9880000000
-10.1980000000
-6.3934000000
-4.5618000000
-3.7811000000
-3.0401000000
-1.7504000000
0.1367700000
2.1313000000
2.3635000000
-1.5372000000
-6.5806000000
-9.0719000000
-8.0186000000
-4.5008000000
-0.2849300000
3.0588000000
1.5195000000
-7.5791000000
-16.8150000000
-20.9110000000
-19.2370000000
-14.1160000000
-8.4774000000
-4.2333000000
-1.8322000000
-0.7046400000
-0.0269980000
0.7250600000
