83301.0000000000
39644.0000000000
102610.0000000000
9389.5000000000
231590.0000000000
160820.0000000000
182260.0000000000
119520.0000000000
12205.0000000000
115910.0000000000
124630.0000000000
207570.0000000000
231540.0000000000
20120.0000000000
131320.0000000000
43146.0000000000
227190.0000000000
75052.0000000000
231130.0000000000
637.5000000000
200760.0000000000
50304.0000000000
20867.0000000000
22450.0000000000
181050.0000000000
61076.0000000000
220520.0000000000
137380.0000000000
24065.0000000000
49768.0000000000
81291.0000000000
201430.0000000000
190600.0000000000
45180.0000000000
236780.0000000000
157010.0000000000
191050.0000000000
162510.0000000000
110990.0000000000
32898.0000000000
140620.0000000000
84964.0000000000
251130.0000000000
203510.0000000000
240910.0000000000
100540.0000000000
253980.0000000000
92842.0000000000
2324.5000000000
65228.0000000000
61951.0000000000
248090.0000000000
58457.0000000000
180640.0000000000
222240.0000000000
6865.5000000000
92509.0000000000
216370.0000000000
72455.0000000000
89158.0000000000
133280.0000000000
28424.0000000000
73387.0000000000
5369.5000000000
36773.0000000000
77596.0000000000
253840.0000000000
129900.0000000000
4584.5000000000
133490.0000000000
210610.0000000000
145950.0000000000
65517.0000000000
52100.0000000000
145300.0000000000
82326.0000000000
75569.0000000000
35032.0000000000
86715.0000000000
54218.0000000000
236340.0000000000
111080.0000000000
150050.0000000000
4029.5000000000
58233.0000000000
136260.0000000000
18499.0000000000
219760.0000000000
174840.0000000000
52948.0000000000
239270.0000000000
39014.0000000000
10177.0000000000
149160.0000000000
149960.0000000000
181790.0000000000
111430.0000000000
21692.0000000000
211370.0000000000
158480.0000000000
75401.0000000000
131340.0000000000
193110.0000000000
84290.0000000000
103690.0000000000
247720.0000000000
210360.0000000000
160820.0000000000
225100.0000000000
226810.0000000000
205530.0000000000
157670.0000000000
36437.0000000000
11020.0000000000
207420.0000000000
190050.0000000000
257690.0000000000
147550.0000000000
72035.0000000000
200340.0000000000
140060.0000000000
233200.0000000000
966.5000000000
217350.0000000000
57953.0000000000
210380.0000000000
23019.0000000000
97082.0000000000
212960.0000000000
107870.0000000000
253390.0000000000
41134.0000000000
115500.0000000000
40880.0000000000
116080.0000000000
78306.0000000000
139950.0000000000
211010.0000000000
158290.0000000000
64598.0000000000
228720.0000000000
128660.0000000000
236030.0000000000
201610.0000000000
151410.0000000000
168240.0000000000
32479.0000000000
258940.0000000000
23225.0000000000
12928.0000000000
94851.0000000000
92594.0000000000
45757.0000000000
209940.0000000000
19943.0000000000
163370.0000000000
247810.0000000000
96872.0000000000
9354.5000000000
240860.0000000000
226180.0000000000
134520.0000000000
91887.0000000000
181070.0000000000
182470.0000000000
92496.0000000000
123540.0000000000
185600.0000000000
145480.0000000000
85988.0000000000
46711.0000000000
24054.0000000000
230420.0000000000
57400.0000000000
149400.0000000000
70826.0000000000
120470.0000000000
35532.0000000000
28415.0000000000
9117.5000000000
103640.0000000000
135580.0000000000
144550.0000000000
126930.0000000000
35933.0000000000
40756.0000000000
8198.5000000000
21062.0000000000
118940.0000000000
39048.0000000000
252970.0000000000
152310.0000000000
122280.0000000000
245660.0000000000
43663.0000000000
31086.0000000000
161130.0000000000
84592.0000000000
186670.0000000000
31778.0000000000
177900.0000000000
103040.0000000000
19607.0000000000
96790.0000000000
201390.0000000000
157020.0000000000
3258.5000000000
254920.0000000000
87605.0000000000
188910.0000000000
166430.0000000000
102970.0000000000
38137.0000000000
227520.0000000000
105920.0000000000
101750.0000000000
81789.0000000000
128850.0000000000
23335.0000000000
20838.0000000000
74561.0000000000
94504.0000000000
206670.0000000000
234650.0000000000
218050.0000000000
153280.0000000000
252720.0000000000
167180.0000000000
22665.0000000000
161170.0000000000
103890.0000000000
106430.0000000000
122000.0000000000
60580.0000000000
48183.0000000000
167610.0000000000
199250.0000000000
139510.0000000000
200790.0000000000
33898.0000000000
24021.0000000000
253960.0000000000
244930.0000000000
252510.0000000000
229910.0000000000
87136.0000000000
209380.0000000000
161040.0000000000
240920.0000000000
186230.0000000000
209350.0000000000
220290.0000000000
85857.0000000000
148040.0000000000
187240.0000000000
199870.0000000000
139110.0000000000
174170.0000000000
171850.0000000000
214960.0000000000
83881.0000000000
34224.0000000000
19187.0000000000
207970.0000000000
208170.0000000000
102600.0000000000
190040.0000000000
207700.0000000000
108780.0000000000
62488.0000000000
194810.0000000000
70154.0000000000
246520.0000000000
201900.0000000000
148700.0000000000
256130.0000000000
131770.0000000000
117630.0000000000
253310.0000000000
16818.0000000000
138940.0000000000
11284.0000000000
19047.0000000000
245030.0000000000
210430.0000000000
170860.0000000000
79499.0000000000
105560.0000000000
115840.0000000000
193150.0000000000
117870.0000000000
145610.0000000000
229580.0000000000
20560.0000000000
162960.0000000000
221190.0000000000
234830.0000000000
200290.0000000000
70775.0000000000
15478.0000000000
160400.0000000000
69944.0000000000
42907.0000000000
75690.0000000000
121490.0000000000
90316.0000000000
108160.0000000000
257820.0000000000
60505.0000000000
31008.0000000000
122530.0000000000
245070.0000000000
6236.5000000000
7219.5000000000
28423.0000000000
66246.0000000000
73889.0000000000
220550.0000000000
113830.0000000000
95738.0000000000
205860.0000000000
181400.0000000000
234770.0000000000
16750.0000000000
171750.0000000000
4975.5000000000
74419.0000000000
117280.0000000000
86765.0000000000
152070.0000000000
179990.0000000000
253330.0000000000
152500.0000000000
133080.0000000000
148280.0000000000
108110.0000000000
138550.0000000000
63212.0000000000
180890.0000000000
228800.0000000000
160120.0000000000
144060.0000000000
47427.0000000000
212210.0000000000
159610.0000000000
145240.0000000000
122280.0000000000
741.5000000000
165820.0000000000
181930.0000000000
88651.0000000000
141590.0000000000
34757.0000000000
196540.0000000000
234540.0000000000
231570.0000000000
227210.0000000000
217870.0000000000
156750.0000000000
213060.0000000000
253580.0000000000
101920.0000000000
56887.0000000000
114870.0000000000
229070.0000000000
50296.0000000000
222940.0000000000
52202.0000000000
96085.0000000000
91788.0000000000
251710.0000000000
226650.0000000000
142620.0000000000
82400.0000000000
85603.0000000000
148630.0000000000
224670.0000000000
223730.0000000000
12615.0000000000
192520.0000000000
25441.0000000000
26184.0000000000
147950.0000000000
41530.0000000000
92133.0000000000
123360.0000000000
174800.0000000000
242860.0000000000
21545.0000000000
198450.0000000000
121970.0000000000
134110.0000000000
15277.0000000000
21060.0000000000
104660.0000000000
176090.0000000000
102130.0000000000
224790.0000000000
65275.0000000000
138380.0000000000
138100.0000000000
233640.0000000000
32607.0000000000
136190.0000000000
65593.0000000000
76416.0000000000
121860.0000000000
111920.0000000000
172600.0000000000
127510.0000000000
16231.0000000000
94374.0000000000
55937.0000000000
70120.0000000000
3722.5000000000
198750.0000000000
176390.0000000000
192250.0000000000
199530.0000000000
108240.0000000000
44361.0000000000
90704.0000000000
27667.0000000000
110850.0000000000
34253.0000000000
226280.0000000000
35319.0000000000
62582.0000000000
88465.0000000000
109370.0000000000
78491.0000000000
165030.0000000000
235800.0000000000
114380.0000000000
99583.0000000000
187810.0000000000
73049.0000000000
183710.0000000000
127390.0000000000
246100.0000000000
61021.0000000000
86964.0000000000
17927.0000000000
23110.0000000000
228510.0000000000
198540.0000000000
231980.0000000000
66042.0000000000
172320.0000000000
201630.0000000000
20751.0000000000
230890.0000000000
94057.0000000000
125040.0000000000
17843.0000000000
200870.0000000000
22509.0000000000
83972.0000000000
165650.0000000000
4757.5000000000
72881.0000000000
20824.0000000000
233790.0000000000
16970.0000000000
187570.0000000000
223600.0000000000
78239.0000000000
179900.0000000000
136180.0000000000
29888.0000000000
159810.0000000000
3953.5000000000
33917.0000000000
159700.0000000000
248100.0000000000
122730.0000000000
82369.0000000000
123430.0000000000
199110.0000000000
219420.0000000000
51141.0000000000
36284.0000000000
214450.0000000000
63630.0000000000
55433.0000000000
99856.0000000000
63699.0000000000
29762.0000000000
37645.0000000000
83748.0000000000
121270.0000000000
60214.0000000000
26577.0000000000
103160.0000000000
70363.0000000000
183790.0000000000
137430.0000000000
100490.0000000000
198970.0000000000
256480.0000000000
53401.0000000000
104540.0000000000
103910.0000000000
220690.0000000000
62493.0000000000
230520.0000000000
245960.0000000000
105220.0000000000
20705.0000000000
161610.0000000000
135530.0000000000
25274.0000000000
129640.0000000000
185820.0000000000
147020.0000000000
182450.0000000000
158890.0000000000
159150.0000000000
222830.0000000000
87138.0000000000
223660.0000000000
24004.0000000000
132570.0000000000
113750.0000000000
7152.5000000000
68376.0000000000
250620.0000000000
204680.0000000000
56565.0000000000
148270.0000000000
990.5000000000
129530.0000000000
227900.0000000000
206080.0000000000
190080.0000000000
3505.5000000000
204350.0000000000
11412.0000000000
155490.0000000000
28198.0000000000
14721.0000000000
197860.0000000000
98827.0000000000
232410.0000000000
33413.0000000000
189440.0000000000
48879.0000000000
212940.0000000000
202820.0000000000
14928.0000000000
120850.0000000000
171390.0000000000
33357.0000000000
48740.0000000000
257140.0000000000
136570.0000000000
158610.0000000000
233270.0000000000
227350.0000000000
223660.0000000000
2580.5000000000
78924.0000000000
146690.0000000000
115870.0000000000
112470.0000000000
219300.0000000000
216740.0000000000
101200.0000000000
85085.0000000000
78388.0000000000
207110.0000000000
35654.0000000000
122020.0000000000
203400.0000000000
233000.0000000000
120830.0000000000
252070.0000000000
191130.0000000000
236810.0000000000
126320.0000000000
72041.0000000000
243180.0000000000
247350.0000000000
167330.0000000000
42733.0000000000
129160.0000000000
120600.0000000000
186260.0000000000
192940.0000000000
223450.0000000000
58171.0000000000
211910.0000000000
119480.0000000000
209260.0000000000
88863.0000000000
100290.0000000000
23929.0000000000
115390.0000000000
68675.0000000000
52978.0000000000
194300.0000000000
57044.0000000000
199210.0000000000
98790.0000000000
227390.0000000000
235820.0000000000
250060.0000000000
93722.0000000000
65605.0000000000
162110.0000000000
77231.0000000000
239370.0000000000
256140.0000000000
210320.0000000000
141520.0000000000
46146.0000000000
136590.0000000000
63652.0000000000
212530.0000000000
147640.0000000000
167760.0000000000
10104.0000000000
146270.0000000000
227050.0000000000
119250.0000000000
164880.0000000000
144320.0000000000
53982.0000000000
106260.0000000000
211170.0000000000
235490.0000000000
2833.5000000000
71197.0000000000
177780.0000000000
16583.0000000000
16006.0000000000
42849.0000000000
179910.0000000000
207590.0000000000
122300.0000000000
136420.0000000000
159960.0000000000
59727.0000000000
177710.0000000000
35113.0000000000
146740.0000000000
206580.0000000000
124640.0000000000
26925.0000000000
255430.0000000000
72151.0000000000
251090.0000000000
227060.0000000000
169240.0000000000
203640.0000000000
153870.0000000000
59509.0000000000
176170.0000000000
197850.0000000000
34558.0000000000
71481.0000000000
132220.0000000000
256390.0000000000
181170.0000000000
118970.0000000000
239000.0000000000
148840.0000000000
190500.0000000000
144380.0000000000
6887.5000000000
249610.0000000000
4953.5000000000
176520.0000000000
69500.0000000000
241900.0000000000
171730.0000000000
71369.0000000000
110030.0000000000
154510.0000000000
28418.0000000000
30541.0000000000
157280.0000000000
102650.0000000000
35830.0000000000
82833.0000000000
67256.0000000000
28699.0000000000
222760.0000000000
84245.0000000000
41548.0000000000
220670.0000000000
186010.0000000000
236380.0000000000
108960.0000000000
16163.0000000000
127190.0000000000
49629.0000000000
125490.0000000000
135170.0000000000
75078.0000000000
157600.0000000000
33544.0000000000
88107.0000000000
144890.0000000000
243490.0000000000
121120.0000000000
249360.0000000000
19822.0000000000
76905.0000000000
244210.0000000000
42931.0000000000
247070.0000000000
32237.0000000000
86020.0000000000
16023.0000000000
164250.0000000000
51889.0000000000
193750.0000000000
24635.0000000000
232140.0000000000
164660.0000000000
164200.0000000000
11167.0000000000
220350.0000000000
226550.0000000000
198980.0000000000
4418.5000000000
244080.0000000000
179960.0000000000
67668.0000000000
119590.0000000000
245730.0000000000
53697.0000000000
144680.0000000000
39883.0000000000
254110.0000000000
222150.0000000000
113210.0000000000
53295.0000000000
125200.0000000000
109320.0000000000
2063.5000000000
15827.0000000000
60610.0000000000
3212.5000000000
185640.0000000000
129080.0000000000
89142.0000000000
19025.0000000000
87928.0000000000
162650.0000000000
66794.0000000000
99157.0000000000
256140.0000000000
231740.0000000000
195170.0000000000
13209.0000000000
27872.0000000000
19555.0000000000
243860.0000000000
135580.0000000000
123120.0000000000
73287.0000000000
68870.0000000000
149470.0000000000
52296.0000000000
248940.0000000000
131000.0000000000
83685.0000000000
189790.0000000000
229710.0000000000
199850.0000000000
53417.0000000000
218800.0000000000
44403.0000000000
131430.0000000000
1068.5000000000
168130.0000000000
67415.0000000000
127320.0000000000
214640.0000000000
152980.0000000000
241150.0000000000
216330.0000000000
31733.0000000000
115760.0000000000
75999.0000000000
254460.0000000000
172340.0000000000
85248.0000000000
205570.0000000000
184110.0000000000
146880.0000000000
176660.0000000000
53863.0000000000
34086.0000000000
70529.0000000000
73192.0000000000
168070.0000000000
178780.0000000000
144900.0000000000
62844.0000000000
145010.0000000000
42190.0000000000
139590.0000000000
1615.5000000000
186260.0000000000
171520.0000000000
169800.0000000000
91108.0000000000
61431.0000000000
163570.0000000000
177940.0000000000
100920.0000000000
144920.0000000000
219950.0000000000
192790.0000000000
146250.0000000000
119930.0000000000
110240.0000000000
70361.0000000000
169500.0000000000
15267.0000000000
208850.0000000000
12253.0000000000
199480.0000000000
205320.0000000000
198980.0000000000
47265.0000000000
92168.0000000000
114090.0000000000
109430.0000000000
31397.0000000000
49180.0000000000
29583.0000000000
55406.0000000000
166250.0000000000
99312.0000000000
66995.0000000000
238500.0000000000
221420.0000000000
98564.0000000000
168730.0000000000
169110.0000000000
52913.0000000000
248540.0000000000
104380.0000000000
221640.0000000000
121520.0000000000
59628.0000000000
248350.0000000000
79294.0000000000
196860.0000000000
165440.0000000000
24643.0000000000
30066.0000000000
134910.0000000000
249170.0000000000
239650.0000000000
189160.0000000000
137280.0000000000
80424.0000000000
230990.0000000000
239770.0000000000
232770.0000000000
33596.0000000000
200240.0000000000
210700.0000000000
18185.0000000000
51088.0000000000
176210.0000000000
217150.0000000000
213520.0000000000
161700.0000000000
14903.0000000000
201530.0000000000
69969.0000000000
221430.0000000000
177110.0000000000
192620.0000000000
221140.0000000000
172680.0000000000
173250.0000000000
46430.0000000000
91033.0000000000
44256.0000000000
118500.0000000000
223760.0000000000
226840.0000000000
210550.0000000000
214470.0000000000
235010.0000000000
225380.0000000000
95560.0000000000
230760.0000000000
195390.0000000000
29029.0000000000
246490.0000000000
23375.0000000000
47278.0000000000
185000.0000000000
943.5000000000
53107.0000000000
78690.0000000000
30893.0000000000
78916.0000000000
89559.0000000000
145620.0000000000
27505.0000000000
250010.0000000000
247930.0000000000
190470.0000000000
203640.0000000000
111020.0000000000
211420.0000000000
242050.0000000000
156090.0000000000
122750.0000000000
8834.5000000000
156340.0000000000
86461.0000000000
54804.0000000000
14567.0000000000
134950.0000000000
23553.0000000000
22376.0000000000
171020.0000000000
206680.0000000000
82565.0000000000
227070.0000000000
247790.0000000000
227530.0000000000
205900.0000000000
179280.0000000000
100880.0000000000
139910.0000000000
163150.0000000000
253410.0000000000
191090.0000000000
231800.0000000000
69521.0000000000
132660.0000000000
28827.0000000000
100010.0000000000
126610.0000000000
105040.0000000000
247680.0000000000
205340.0000000000
104020.0000000000
26528.0000000000
12451.0000000000
58194.0000000000
116960.0000000000
98740.0000000000
129540.0000000000
32966.0000000000
107810.0000000000
91272.0000000000
195750.0000000000
72058.0000000000
105380.0000000000
119320.0000000000
153490.0000000000
204270.0000000000
224870.0000000000
125300.0000000000
31539.0000000000
26402.0000000000
149480.0000000000
137990.0000000000
204310.0000000000
258450.0000000000
167220.0000000000
13400.0000000000
95803.0000000000
151630.0000000000
134070.0000000000
212330.0000000000
253210.0000000000
80318.0000000000
251640.0000000000
245180.0000000000
14147.0000000000
246130.0000000000
30333.0000000000
227160.0000000000
98599.0000000000
159460.0000000000
103740.0000000000
100650.0000000000
16971.0000000000
194710.0000000000
155080.0000000000
153660.0000000000
143660.0000000000
35086.0000000000
213130.0000000000
242190.0000000000
161870.0000000000
227780.0000000000
