0.1857000000
0.1333000000
0.3107000000
0.1260000000
0.1605000000
0.1740000000
0.1906000000
0.0631000000
0.2381000000
0.1802000000
0.1321000000
0.2091000000
0.3003000000
0.3668000000
0.1814000000
0.3348000000
0.2060000000
0.3046000000
0.2301000000
0.3150000000
0.3237000000
0.3600000000
0.1469000000
0.2855000000
0.2929000000
0.1210000000
0.1654000000
0.1949000000
0.2473000000
0.1586000000
0.1574000000
0.1912000000
0.0502000000
0.1444000000
0.3021000000
0.2565000000
0.3249000000
0.0791000000
-0.0274000000
0.0693000000
0.1691000000
0.1383000000
0.0841000000
-0.0311000000
-0.1118000000
0.1444000000
0.1611000000
0.1518000000
-0.0619000000
0.2830000000
0.1617000000
0.0834000000
0.2442000000
0.1555000000
0.2498000000
0.2830000000
0.1986000000
0.1155000000
0.1451000000
0.1974000000
0.1974000000
0.1919000000
0.2417000000
0.2208000000
0.3003000000
0.1863000000
0.3114000000
0.3107000000
0.2424000000
0.1173000000
0.4666000000
0.2350000000
0.0249000000
0.2824000000
0.1370000000
0.2590000000
0.1722000000
0.2701000000
0.0717000000
0.0859000000
0.1383000000
0.2116000000
0.3237000000
0.3612000000
0.0600000000
-0.0434000000
-0.1229000000
-0.0404000000
0.0163000000
0.2073000000
-0.0502000000
-0.1586000000
-0.0096000000
-0.0059000000
-0.1894000000
-0.1069000000
-0.2202000000
-0.2744000000
-0.2215000000
0.0656000000
-0.1746000000
-0.0244000000
-0.0133000000
-0.2153000000
-0.2202000000
-0.2831000000
-0.0927000000
-0.1494000000
-0.3434000000
0.0656000000
0.0878000000
0.1376000000
-0.1186000000
0.0988000000
0.1204000000
-0.0114000000
0.1888000000
0.4056000000
0.1956000000
0.1838000000
0.1894000000
0.1949000000
0.2005000000
0.2060000000
0.1826000000
0.0970000000
0.2313000000
0.2504000000
0.3034000000
0.2695000000
0.1370000000
0.0471000000
0.1284000000
0.1247000000
-0.0188000000
0.1758000000
-0.0348000000
0.0841000000
0.1789000000
0.0717000000
-0.1987000000
-0.0995000000
-0.1235000000
-0.2024000000
-0.0434000000
-0.2984000000
0.0126000000
-0.1118000000
-0.1974000000
-0.2202000000
-0.2781000000
-0.1032000000
-0.0878000000
-0.1438000000
-0.1981000000
0.0348000000
-0.1414000000
-0.1525000000
-0.1297000000
-0.0656000000
-0.0163000000
-0.0459000000
0.2602000000
0.2541000000
0.0403000000
0.0711000000
0.0927000000
0.1506000000
0.2997000000
0.3009000000
0.3021000000
0.3982000000
0.3502000000
0.3354000000
0.2873000000
0.2368000000
0.3773000000
0.3292000000
0.3169000000
0.3502000000
0.2701000000
0.3218000000
0.2824000000
0.2331000000
0.2664000000
0.1949000000
0.2935000000
0.1574000000
0.1746000000
0.0619000000
0.0163000000
-0.0336000000
0.0034000000
-0.1377000000
-0.1247000000
-0.0619000000
-0.1408000000
0.0514000000
-0.0244000000
-0.2572000000
0.0311000000
-0.0656000000
-0.0299000000
0.1038000000
-0.1087000000
0.0120000000
-0.1734000000
0.1327000000
0.1568000000
0.0545000000
0.2393000000
0.3964000000
0.1438000000
0.4450000000
0.2091000000
0.2855000000
0.1266000000
0.1605000000
0.0995000000
0.2997000000
0.3046000000
0.3058000000
0.2263000000
0.2898000000
0.1592000000
0.2473000000
0.3532000000
0.2984000000
0.3329000000
0.2368000000
0.3027000000
0.2935000000
0.1746000000
0.1752000000
0.2559000000
0.0329000000
0.0570000000
0.1574000000
-0.0108000000
-0.0601000000
-0.0970000000
-0.1728000000
-0.1438000000
-0.2288000000
-0.0736000000
-0.0416000000
-0.0656000000
0.0379000000
-0.1894000000
-0.3724000000
-0.2011000000
-0.2036000000
-0.1401000000
-0.0508000000
-0.2738000000
-0.0681000000
-0.1284000000
-0.1235000000
-0.2030000000
-0.1500000000
0.0360000000
-0.2165000000
0.0564000000
-0.0829000000
-0.0336000000
0.0145000000
0.0736000000
0.2251000000
0.0120000000
-0.0200000000
0.2165000000
0.0114000000
0.0453000000
0.2923000000
0.3742000000
0.3015000000
0.1684000000
0.1980000000
0.0163000000
0.0927000000
0.0157000000
0.0890000000
0.1309000000
0.0976000000
-0.0194000000
0.1697000000
-0.0570000000
-0.0225000000
-0.1438000000
-0.0471000000
-0.0896000000
-0.0139000000
0.0348000000
-0.1457000000
-0.0551000000
-0.1186000000
-0.1303000000
-0.1081000000
-0.1746000000
-0.1401000000
-0.3878000000
-0.3071000000
-0.0927000000
-0.4383000000
-0.2375000000
-0.2960000000
0.0471000000
-0.1857000000
-0.2861000000
-0.0896000000
-0.0619000000
0.0212000000
-0.3724000000
-0.1389000000
0.1832000000
-0.0588000000
0.0342000000
0.0157000000
0.0588000000
0.0939000000
-0.0231000000
0.0822000000
0.1617000000
0.0360000000
0.1641000000
-0.0902000000
0.1974000000
0.1081000000
0.0693000000
0.2756000000
0.1044000000
0.2849000000
0.2399000000
-0.0441000000
0.1715000000
0.0342000000
0.0594000000
0.0262000000
0.0477000000
0.1032000000
-0.0385000000
0.2165000000
-0.0096000000
0.0102000000
-0.0576000000
-0.0718000000
-0.0287000000
0.0896000000
0.1789000000
-0.0398000000
-0.1124000000
0.0748000000
0.0354000000
0.0218000000
0.0736000000
-0.0804000000
-0.0508000000
-0.1623000000
-0.1063000000
-0.1845000000
-0.1962000000
-0.0163000000
-0.1617000000
-0.1284000000
-0.3859000000
-0.2399000000
-0.0804000000
-0.1660000000
-0.1537000000
-0.0478000000
-0.0896000000
0.0064000000
-0.0471000000
0.1358000000
0.0237000000
-0.0071000000
0.0237000000
0.1081000000
0.1463000000
0.1167000000
0.0742000000
0.2183000000
0.2658000000
0.0490000000
0.1124000000
0.0255000000
0.2294000000
0.0280000000
0.1062000000
0.0995000000
-0.0052000000
0.0323000000
0.1432000000
0.2750000000
0.0496000000
0.1666000000
0.0102000000
0.1537000000
0.1740000000
0.2159000000
0.0625000000
0.1013000000
-0.0126000000
-0.1013000000
-0.0089000000
-0.0521000000
-0.1777000000
-0.0576000000
-0.0921000000
-0.1796000000
-0.0859000000
-0.1272000000
-0.1703000000
-0.2609000000
-0.1334000000
-0.1112000000
0.0557000000
-0.0145000000
0.0114000000
-0.0324000000
-0.1414000000
0.0742000000
0.1340000000
0.0490000000
-0.0108000000
0.1124000000
0.2177000000
0.1290000000
0.1543000000
0.1247000000
0.0656000000
0.1370000000
0.0089000000
0.1777000000
0.1752000000
0.3323000000
0.0526000000
0.0761000000
0.2498000000
0.0724000000
0.1019000000
0.0797000000
0.1956000000
0.1580000000
0.2159000000
0.1715000000
0.2227000000
0.2972000000
0.1309000000
0.1420000000
0.0607000000
-0.0515000000
-0.0422000000
-0.0040000000
-0.1463000000
-0.0342000000
0.0434000000
0.1487000000
0.1056000000
0.0138000000
0.0200000000
-0.0083000000
-0.0169000000
-0.0884000000
-0.0256000000
-0.1888000000
-0.0822000000
0.0354000000
0.0046000000
0.0305000000
-0.1050000000
0.1543000000
0.0853000000
0.0680000000
-0.1100000000
-0.1007000000
-0.0120000000
-0.1543000000
0.0336000000
0.0847000000
0.1882000000
0.2658000000
0.0453000000
0.2350000000
-0.0108000000
-0.0139000000
0.1740000000
0.2338000000
0.0502000000
0.0545000000
0.1118000000
-0.0052000000
-0.0330000000
0.1568000000
0.1272000000
-0.1537000000
0.1050000000
-0.0114000000
-0.1340000000
-0.0317000000
-0.0126000000
-0.1445000000
-0.0490000000
-0.1137000000
0.0459000000
-0.1229000000
-0.1056000000
-0.0595000000
0.0754000000
-0.1833000000
-0.1642000000
-0.3329000000
-0.1223000000
-0.1457000000
-0.1137000000
-0.1371000000
-0.1981000000
-0.1654000000
-0.2282000000
-0.4549000000
-0.1666000000
-0.2024000000
-0.1321000000
-0.1204000000
0.1173000000
-0.0835000000
-0.2208000000
-0.1703000000
-0.2670000000
-0.1469000000
0.0323000000
-0.0274000000
-0.0761000000
-0.1321000000
-0.0656000000
-0.0693000000
-0.1204000000
-0.2030000000
-0.1364000000
-0.2215000000
-0.1328000000
-0.1642000000
-0.2221000000
-0.1525000000
-0.0798000000
-0.1679000000
-0.1100000000
-0.3200000000
0.0360000000
-0.1592000000
-0.2948000000
-0.1118000000
-0.4019000000
-0.1321000000
-0.3077000000
-0.2005000000
-0.2763000000
-0.1204000000
-0.1574000000
-0.4186000000
-0.3533000000
-0.2615000000
-0.3785000000
-0.3102000000
-0.1827000000
-0.1605000000
-0.1956000000
-0.2492000000
-0.2005000000
-0.3779000000
-0.2695000000
-0.3028000000
-0.3514000000
-0.1814000000
-0.3354000000
-0.4315000000
-0.4432000000
-0.3607000000
-0.1709000000
-0.2541000000
-0.3089000000
-0.5023000000
-0.4167000000
-0.2787000000
-0.3619000000
-0.3046000000
-0.4623000000
-0.2436000000
-0.2270000000
-0.3816000000
-0.2849000000
-0.4395000000
-0.2442000000
-0.3342000000
-0.2017000000
-0.2917000000
-0.2707000000
-0.1950000000
-0.1580000000
-0.2578000000
-0.2399000000
-0.3878000000
-0.2362000000
-0.2874000000
-0.1716000000
-0.2726000000
-0.4346000000
-0.4032000000
-0.3225000000
-0.3699000000
-0.2492000000
-0.2153000000
-0.4050000000
-0.4685000000
-0.3902000000
-0.2547000000
-0.2794000000
-0.1568000000
-0.4715000000
-0.3896000000
-0.4925000000
-0.1703000000
-0.4438000000
-0.4666000000
-0.1642000000
-0.3841000000
-0.2295000000
-0.1149000000
-0.1555000000
-0.1987000000
-0.3471000000
-0.3028000000
-0.3188000000
-0.4106000000
-0.1919000000
-0.2202000000
-0.1851000000
-0.2861000000
-0.2356000000
-0.3779000000
-0.2325000000
-0.4161000000
-0.3212000000
-0.0564000000
-0.1075000000
-0.1161000000
-0.2313000000
-0.2159000000
-0.1026000000
-0.2338000000
-0.1482000000
-0.2596000000
-0.0441000000
-0.0650000000
-0.1981000000
-0.3342000000
-0.1642000000
-0.5054000000
-0.3071000000
-0.2744000000
-0.2658000000
-0.2190000000
-0.3791000000
-0.2566000000
-0.3428000000
-0.1796000000
-0.0773000000
-0.2097000000
-0.4130000000
-0.3761000000
-0.2369000000
-0.2800000000
-0.2991000000
-0.1802000000
-0.1623000000
-0.2763000000
-0.2196000000
-0.3631000000
-0.1839000000
-0.3810000000
-0.0909000000
-0.0126000000
-0.2264000000
-0.2449000000
-0.1451000000
-0.0810000000
-0.1457000000
-0.1026000000
-0.0484000000
-0.0539000000
-0.0360000000
-0.1863000000
-0.0324000000
-0.1149000000
-0.0114000000
-0.1007000000
-0.2245000000
-0.0792000000
-0.1137000000
-0.1401000000
-0.1648000000
-0.1235000000
-0.2652000000
-0.0681000000
-0.2036000000
-0.1537000000
-0.2621000000
-0.1845000000
-0.3323000000
-0.1722000000
0.0231000000
0.0508000000
-0.0028000000
-0.2085000000
-0.1266000000
0.0126000000
-0.0890000000
0.0693000000
-0.0299000000
0.0336000000
-0.0724000000
-0.0804000000
-0.1063000000
-0.0151000000
0.1543000000
0.2270000000
-0.0077000000
0.0551000000
0.0126000000
0.1826000000
-0.1537000000
0.0995000000
0.0102000000
0.1906000000
0.1586000000
-0.0120000000
0.0366000000
-0.0453000000
-0.0933000000
-0.0311000000
0.0779000000
0.0403000000
-0.0398000000
0.2011000000
-0.0989000000
-0.0761000000
0.1432000000
-0.1740000000
-0.0268000000
0.0175000000
-0.0250000000
0.0163000000
0.0009000000
0.0114000000
-0.0009000000
0.0052000000
0.0286000000
-0.0804000000
0.0102000000
-0.0687000000
-0.0398000000
0.1912000000
-0.0638000000
0.0564000000
-0.1833000000
-0.0311000000
0.0126000000
0.0403000000
0.0576000000
-0.0398000000
-0.1038000000
-0.1149000000
0.1660000000
0.1007000000
-0.0391000000
-0.0662000000
0.2140000000
0.0231000000
0.0576000000
-0.0219000000
-0.0330000000
0.0243000000
-0.0909000000
-0.0508000000
0.0785000000
-0.0428000000
0.0810000000
0.1007000000
0.0385000000
0.0465000000
0.0545000000
0.0625000000
0.0705000000
0.0785000000
0.0865000000
0.0945000000
0.1149000000
0.0748000000
0.0416000000
0.1266000000
0.1629000000
0.0440000000
0.1568000000
0.0483000000
-0.0761000000
-0.1592000000
-0.0379000000
-0.0558000000
0.0249000000
0.0003000000
0.0841000000
-0.0274000000
-0.0718000000
-0.1112000000
-0.1321000000
-0.0755000000
0.1432000000
-0.1494000000
-0.1691000000
-0.1987000000
-0.1401000000
-0.1488000000
-0.2313000000
-0.0964000000
-0.2615000000
-0.0847000000
-0.1937000000
-0.1679000000
-0.1629000000
-0.1580000000
-0.1531000000
-0.1482000000
-0.1432000000
-0.1383000000
-0.1334000000
-0.1284000000
-0.1235000000
-0.1186000000
-0.1137000000
-0.1087000000
-0.1038000000
-0.1137000000
-0.0034000000
-0.3354000000
-0.0293000000
0.0052000000
-0.1660000000
-0.0046000000
-0.1722000000
-0.0151000000
-0.0453000000
-0.0077000000
-0.0576000000
0.0767000000
0.0416000000
-0.0151000000
-0.2184000000
-0.0299000000
0.0730000000
0.0465000000
-0.0453000000
0.1130000000
0.0625000000
-0.0311000000
0.0052000000
0.1900000000
-0.2097000000
-0.0410000000
0.0502000000
0.1549000000
-0.2135000000
-0.1574000000
-0.0755000000
-0.3853000000
-0.0496000000
-0.1697000000
-0.1789000000
-0.1395000000
-0.1463000000
-0.1931000000
-0.1204000000
-0.0311000000
-0.1007000000
-0.1401000000
-0.1297000000
-0.2492000000
0.1019000000
-0.0348000000
-0.1137000000
0.0970000000
-0.1309000000
0.0539000000
0.1081000000
-0.0946000000
0.0551000000
0.0348000000
0.0348000000
0.1795000000
0.0828000000
0.1592000000
0.1875000000
0.2781000000
0.0459000000
0.2744000000
0.1333000000
0.0582000000
0.0120000000
0.3717000000
0.2054000000
0.1672000000
-0.0354000000
-0.0767000000
0.0323000000
0.1851000000
0.0323000000
0.0360000000
0.1303000000
0.0748000000
0.0459000000
-0.0650000000
-0.0478000000
-0.0983000000
-0.0564000000
0.1198000000
0.0588000000
0.1161000000
0.0077000000
0.0292000000
0.0736000000
0.1888000000
0.1420000000
0.0570000000
0.0588000000
0.2079000000
0.0071000000
0.1130000000
0.2319000000
0.0052000000
0.0890000000
-0.0145000000
0.2547000000
0.0834000000
0.3015000000
0.3304000000
0.2110000000
0.2793000000
0.3009000000
0.2183000000
0.2682000000
0.3372000000
0.3181000000
0.3237000000
0.1457000000
0.2787000000
0.3760000000
0.1487000000
0.3034000000
0.3323000000
0.3760000000
0.2116000000
0.3342000000
0.1376000000
0.2282000000
0.0323000000
0.1494000000
0.2541000000
0.0927000000
0.1376000000
0.1684000000
0.1179000000
0.1192000000
-0.0995000000
0.0200000000
0.1155000000
-0.1438000000
0.0305000000
0.0754000000
0.0717000000
-0.0157000000
0.1814000000
0.2177000000
0.1223000000
0.2147000000
0.0705000000
-0.0490000000
0.0797000000
-0.0459000000
0.0286000000
0.1241000000
0.1592000000
0.1358000000
0.0453000000
0.1056000000
0.1783000000
0.1241000000
0.0841000000
-0.0601000000
0.1968000000
-0.0157000000
0.1635000000
-0.2695000000
-0.0785000000
-0.1100000000
0.0797000000
-0.0447000000
-0.0779000000
-0.2535000000
-0.0724000000
-0.0022000000
0.0003000000
-0.1679000000
-0.1414000000
0.0071000000
0.2843000000
0.0243000000
0.1451000000
0.0052000000
-0.1962000000
0.0138000000
0.1013000000
-0.0274000000
-0.0237000000
0.0465000000
0.0594000000
-0.0157000000
0.0453000000
-0.0391000000
0.0693000000
-0.0176000000
0.1765000000
-0.0724000000
0.0255000000
-0.0724000000
0.1013000000
-0.1020000000
-0.0613000000
-0.1315000000
-0.0558000000
-0.0539000000
-0.0749000000
-0.0644000000
-0.0539000000
-0.0434000000
-0.0330000000
-0.0225000000
-0.0120000000
-0.0015000000
0.0089000000
0.0674000000
-0.0447000000
0.0939000000
-0.0373000000
0.0483000000
0.0114000000
0.2263000000
0.1186000000
0.1247000000
0.1494000000
0.1617000000
0.1352000000
0.0526000000
0.1838000000
0.2467000000
0.2886000000
0.0607000000
0.2565000000
-0.0102000000
-0.0434000000
0.1697000000
0.3452000000
0.0619000000
-0.0373000000
0.1044000000
0.0779000000
0.1142000000
0.0761000000
-0.1500000000
0.2547000000
0.0767000000
-0.0459000000
0.0175000000
0.0724000000
0.1407000000
-0.0391000000
0.0588000000
-0.0656000000
-0.0354000000
-0.0798000000
-0.0484000000
0.1198000000
0.0286000000
0.1974000000
0.0730000000
0.0767000000
0.1506000000
-0.0244000000
0.1303000000
0.0958000000
0.2085000000
-0.0527000000
0.1777000000
0.3335000000
0.1789000000
-0.0305000000
0.2424000000
0.2066000000
0.3859000000
0.2085000000
0.6366000000
0.2670000000
0.2381000000
0.2331000000
0.1808000000
0.4161000000
0.1672000000
0.1537000000
0.2849000000
0.0662000000
0.1728000000
-0.1044000000
0.1321000000
0.1364000000
0.2239000000
0.1401000000
0.1032000000
0.0372000000
-0.0570000000
0.1062000000
0.1019000000
0.1789000000
0.1315000000
0.2245000000
0.1463000000
-0.0157000000
-0.1291000000
0.3187000000
-0.0964000000
0.0600000000
0.0077000000
0.0416000000
0.2128000000
0.0797000000
0.1592000000
0.0102000000
-0.0065000000
0.1869000000
-0.0299000000
0.0231000000
0.0249000000
0.2103000000
0.2417000000
0.4629000000
0.3994000000
0.2966000000
0.1333000000
0.1327000000
0.2473000000
0.3779000000
0.3545000000
0.3409000000
0.2381000000
0.3052000000
0.4167000000
0.3526000000
0.1623000000
0.2571000000
0.3286000000
0.3545000000
0.2689000000
0.1549000000
0.1069000000
0.1992000000
0.3027000000
0.1333000000
0.3391000000
0.0699000000
0.3496000000
0.1007000000
0.1087000000
0.2781000000
-0.0052000000
-0.0317000000
0.0169000000
-0.1149000000
-0.2208000000
-0.3921000000
-0.1648000000
-0.0465000000
0.0779000000
0.0391000000
-0.2424000000
0.1106000000
-0.2202000000
-0.0946000000
-0.1987000000
0.0865000000
-0.2492000000
0.1019000000
0.0791000000
0.0126000000
-0.1364000000
0.1808000000
0.0237000000
-0.1586000000
-0.0736000000
0.1684000000
-0.1328000000
-0.1981000000
0.2411000000
0.0915000000
0.1943000000
0.1081000000
0.0502000000
-0.0564000000
-0.1771000000
0.0797000000
-0.0588000000
-0.0065000000
0.0791000000
0.1832000000
0.0526000000
0.2073000000
-0.0625000000
0.1075000000
0.0163000000
-0.0946000000
0.0951000000
-0.1358000000
-0.1568000000
-0.0194000000
-0.1512000000
-0.1475000000
-0.2535000000
-0.1438000000
-0.1081000000
-0.1925000000
-0.1937000000
-0.1568000000
-0.1106000000
-0.2017000000
-0.2024000000
-0.2381000000
-0.2997000000
-0.0841000000
-0.2288000000
-0.1438000000
-0.1925000000
-0.2436000000
0.0108000000
-0.1703000000
-0.0933000000
-0.1993000000
-0.1112000000
-0.0484000000
-0.0650000000
-0.0601000000
-0.0712000000
0.0157000000
-0.0034000000
0.0151000000
-0.0718000000
0.1272000000
-0.0527000000
-0.1389000000
-0.0083000000
-0.0077000000
0.1124000000
-0.1709000000
0.0773000000
0.0034000000
-0.0952000000
-0.1235000000
-0.0613000000
0.1869000000
-0.1827000000
-0.0705000000
-0.2128000000
0.0064000000
-0.2898000000
0.0748000000
0.0095000000
-0.1968000000
-0.1765000000
-0.1260000000
-0.1802000000
-0.2424000000
-0.2097000000
-0.0330000000
-0.2135000000
-0.2356000000
-0.1395000000
-0.2233000000
-0.2547000000
0.0995000000
0.0397000000
0.0742000000
-0.0521000000
0.1506000000
0.0976000000
0.2030000000
0.0964000000
-0.1069000000
0.1210000000
0.1869000000
0.0588000000
0.0225000000
0.2917000000
0.1832000000
0.1327000000
0.2079000000
0.3144000000
0.2245000000
0.1420000000
0.1432000000
0.1555000000
0.0878000000
0.0459000000
-0.0324000000
0.1869000000
0.3859000000
0.1161000000
-0.1445000000
0.1210000000
0.1469000000
-0.0157000000
0.1149000000
-0.0909000000
-0.0502000000
0.2405000000
0.2288000000
0.0040000000
0.2732000000
0.1802000000
0.0797000000
0.1709000000
0.1629000000
0.1537000000
0.1223000000
0.0834000000
0.1383000000
0.2923000000
0.0625000000
0.0810000000
0.2658000000
0.2079000000
0.0138000000
0.1432000000
0.0410000000
0.1093000000
-0.0034000000
0.1229000000
0.1481000000
0.0761000000
0.2775000000
0.1155000000
0.2843000000
0.3723000000
0.3680000000
0.3243000000
0.2294000000
0.2270000000
0.1660000000
0.1623000000
0.1937000000
0.2775000000
0.1266000000
0.1684000000
0.0416000000
0.1715000000
0.0570000000
0.3046000000
-0.0287000000
0.0366000000
-0.1143000000
0.0360000000
0.1672000000
0.0182000000
-0.0398000000
-0.0348000000
-0.0940000000
-0.1414000000
-0.1364000000
-0.2442000000
-0.1802000000
-0.0521000000
-0.1463000000
0.0212000000
-0.0625000000
-0.0102000000
-0.0299000000
-0.0373000000
0.1260000000
0.0126000000
-0.2449000000
-0.1321000000
-0.0601000000
0.0730000000
-0.1247000000
-0.0354000000
-0.1981000000
0.2652000000
-0.0896000000
0.1728000000
-0.1063000000
-0.1389000000
0.0650000000
-0.0059000000
0.1457000000
0.0951000000
0.3354000000
0.1808000000
0.1056000000
0.0138000000
0.1580000000
-0.0133000000
0.0262000000
0.1598000000
-0.0570000000
0.1192000000
0.0502000000
0.0533000000
0.0564000000
0.0594000000
0.0625000000
-0.1069000000
-0.1728000000
0.1715000000
0.1758000000
0.2664000000
-0.2067000000
0.2467000000
-0.0527000000
-0.1408000000
-0.4229000000
-0.3003000000
-0.3440000000
-0.2960000000
-0.3065000000
-0.2215000000
-0.2751000000
-0.2664000000
-0.1857000000
-0.2208000000
0.0225000000
-0.1241000000
0.0132000000
-0.0182000000
0.0453000000
-0.0810000000
-0.1401000000
0.0434000000
0.1136000000
0.0662000000
0.2060000000
0.1327000000
0.1943000000
0.2085000000
0.2165000000
0.2411000000
0.2128000000
0.2695000000
0.2301000000
0.3465000000
0.3052000000
0.1968000000
0.4543000000
0.1999000000
0.2411000000
0.0674000000
0.2713000000
0.2682000000
0.2017000000
-0.0083000000
0.0982000000
0.1715000000
0.1494000000
0.0114000000
-0.1180000000
-0.0237000000
0.0231000000
0.0416000000
-0.1482000000
0.0194000000
0.1136000000
-0.1426000000
0.0009000000
0.1370000000
-0.1771000000
-0.1642000000
-0.0077000000
0.0613000000
-0.1149000000
-0.2097000000
-0.2024000000
-0.1888000000
-0.2726000000
-0.4752000000
-0.2344000000
-0.2984000000
-0.2498000000
-0.5381000000
-0.4179000000
-0.0028000000
-0.5023000000
-0.1987000000
-0.2344000000
-0.2670000000
-0.3095000000
-0.1740000000
-0.3169000000
-0.3102000000
-0.3545000000
