1.3750000000
3.0137000000
4.7799000000
5.5485000000
5.6466000000
5.1503000000
3.7483000000
1.7762000000
0.7830100000
0.4952700000
0.6828100000
1.5013000000
3.3174000000
4.9586000000
5.6299000000
5.6935000000
5.2010000000
3.8254000000
1.8181000000
0.7803800000
0.4462000000
0.5435600000
1.1581000000
2.6887000000
4.6569000000
5.6266000000
5.9858000000
6.0521000000
5.8893000000
5.3426000000
3.9881000000
1.8846000000
0.7322800000
0.2485200000
0.0107190000
6.0668000000
5.6251000000
4.5717000000
2.5282000000
1.0603000000
0.4650200000
0.3181400000
0.4840600000
1.1153000000
2.6447000000
4.6508000000
5.6587000000
6.0820000000
0.0221880000
0.2677800000
0.7779600000
1.9900000000
4.1154000000
5.4138000000
5.9483000000
6.1541000000
6.2311000000
6.2560000000
6.2538000000
6.2223000000
6.1298000000
5.8845000000
5.2511000000
3.7593000000
1.6883000000
0.6104600000
0.1058400000
5.9900000000
5.3021000000
3.7831000000
1.6656000000
0.5437400000
6.2224000000
5.5570000000
4.2276000000
2.0134000000
0.7028800000
0.0387630000
5.6966000000
4.5177000000
2.3577000000
0.9037400000
0.2354300000
6.0836000000
5.4502000000
4.0770000000
1.8989000000
0.6674600000
0.0550320000
5.7808000000
4.7418000000
2.7033000000
1.0892000000
0.3612800000
6.2700000000
5.8825000000
5.1048000000
3.4032000000
1.4430000000
0.4745200000
6.2462000000
5.6977000000
4.5965000000
2.5021000000
1.0045000000
0.3506800000
0.0404350000
6.0538000000
5.5566000000
4.3951000000
2.2835000000
0.9284900000
0.3742200000
0.1854900000
0.1811900000
0.3570900000
0.8825300000
2.1803000000
4.2980000000
5.5004000000
5.9974000000
6.2126000000
0.0740610000
0.2927000000
0.7998800000
2.0243000000
4.1477000000
5.4263000000
5.9491000000
6.1440000000
6.2001000000
6.1732000000
6.0366000000
5.6558000000
4.6880000000
2.7205000000
1.1618000000
0.5205200000
0.3766000000
0.6004500000
1.3893000000
3.1617000000
4.9140000000
5.6866000000
5.8973000000
5.7316000000
5.0419000000
3.4060000000
1.5087000000
0.6095900000
0.2829700000
0.2355600000
0.4215300000
1.0167000000
2.4621000000
4.5360000000
5.6254000000
6.1033000000
0.1192200000
0.5372300000
1.4670000000
3.3914000000
5.0686000000
5.8085000000
6.0914000000
6.1837000000
6.1768000000
6.0636000000
5.7325000000
4.8781000000
3.0375000000
1.3007000000
0.5277900000
0.2584500000
0.2447100000
0.4732300000
1.1575000000
2.7576000000
4.7323000000
5.7072000000
6.1375000000
0.1394100000
0.5634800000
1.5217000000
3.4786000000
5.1049000000
5.8073000000
6.0514000000
6.0659000000
5.8647000000
5.2572000000
3.7945000000
1.7242000000
0.6422900000
0.1593700000
6.1183000000
5.6300000000
4.5339000000
2.4537000000
1.0084000000
0.4091200000
0.2076300000
0.2122800000
0.4276200000
1.0577000000
2.5589000000
4.6104000000
5.6671000000
6.1460000000
0.2050200000
0.7507800000
1.9788000000
4.1247000000
5.4384000000
6.0042000000
0.0115070000
0.3134900000
0.9238600000
2.3322000000
4.4644000000
5.6272000000
6.1800000000
0.3466100000
1.1361000000
2.8327000000
4.8332000000
5.8411000000
0.1379500000
0.8555000000
2.3279000000
4.5272000000
5.7435000000
0.1628500000
1.0275000000
2.7481000000
4.8522000000
5.9659000000
0.4845900000
1.7523000000
4.0035000000
5.4957000000
6.2792000000
0.7756800000
2.2555000000
4.5099000000
5.7848000000
0.2984200000
1.3893000000
3.4637000000
5.2215000000
6.1062000000
0.5317600000
1.7475000000
3.9477000000
5.4263000000
6.1490000000
0.4549000000
1.4833000000
3.5079000000
5.1743000000
5.9455000000
0.1023000000
0.6443900000
1.7872000000
3.9067000000
5.3335000000
5.9472000000
6.2312000000
0.1801700000
0.5914600000
1.5603000000
3.5292000000
5.1200000000
5.7929000000
5.9948000000
5.9123000000
5.4674000000
4.2943000000
2.2073000000
0.9244900000
0.4399800000
0.3813800000
0.6949700000
1.6489000000
3.5998000000
5.1084000000
5.6943000000
5.7248000000
5.2254000000
3.8547000000
1.8298000000
0.7716100000
0.4106900000
0.4490100000
0.9214000000
2.1902000000
4.2733000000
5.4512000000
5.8898000000
5.9452000000
5.6689000000
4.8163000000
2.9691000000
1.2935000000
0.5797500000
0.4138300000
0.6500100000
1.4914000000
3.3296000000
4.9809000000
5.6681000000
5.7782000000
5.4045000000
4.2608000000
2.2174000000
0.9721500000
0.5529500000
0.6589700000
1.3773000000
3.0769000000
4.8412000000
5.6137000000
5.7658000000
5.4231000000
4.3226000000
2.2971000000
1.0192000000
0.5930400000
0.7257700000
1.5222000000
3.3175000000
4.9378000000
5.5833000000
5.5848000000
4.9433000000
3.3283000000
1.5277000000
0.7261600000
0.5886200000
1.0063000000
2.2688000000
4.2974000000
5.4109000000
5.7587000000
5.6056000000
4.8257000000
3.0522000000
1.3680000000
0.6632200000
0.5741500000
1.0282000000
2.3386000000
4.3685000000
5.4569000000
5.8098000000
5.7069000000
5.0592000000
3.4709000000
1.5592000000
0.6475400000
0.3390600000
0.3631900000
0.7425700000
1.7981000000
3.8280000000
5.2241000000
5.7482000000
5.7626000000
5.2796000000
3.9532000000
1.9014000000
0.7954500000
0.4036700000
0.4046900000
0.7994400000
1.9112000000
3.9655000000
5.2860000000
5.7667000000
5.7534000000
5.2349000000
3.8497000000
1.8142000000
0.7491400000
0.3651100000
0.3381500000
0.6429200000
1.5472000000
3.4513000000
5.0505000000
5.7065000000
5.8171000000
5.4784000000
4.4190000000
2.4023000000
1.0594000000
0.5885400000
0.6728200000
1.3803000000
3.0697000000
4.8309000000
5.5992000000
5.7355000000
5.3511000000
4.1639000000
2.1234000000
0.9340100000
0.5486600000
0.6848500000
1.4536000000
3.2155000000
4.9035000000
5.6098000000
5.6925000000
5.2182000000
3.8692000000
1.8551000000
0.8008400000
0.4645100000
0.5761700000
1.2327000000
2.8325000000
4.7365000000
5.6409000000
5.9462000000
5.9208000000
5.5409000000
4.4850000000
2.4549000000
1.0587000000
0.5343400000
0.5192100000
1.0003000000
2.3230000000
4.3759000000
5.4849000000
5.8777000000
5.8759000000
5.4781000000
4.3595000000
2.3024000000
0.9894900000
0.5122700000
0.5252200000
1.0396000000
2.4161000000
4.4561000000
5.5288000000
5.9167000000
5.9462000000
5.6451000000
4.7484000000
2.8524000000
1.2415000000
0.5769400000
0.4578100000
0.7806700000
1.8073000000
3.8061000000
5.1882000000
5.6814000000
5.6085000000
4.9110000000
3.2332000000
1.4639000000
0.6888600000
0.5495000000
0.9323900000
2.1183000000
4.1581000000
5.3476000000
5.7321000000
5.5930000000
4.8172000000
3.0469000000
1.3712000000
0.6755400000
0.6052400000
1.1039000000
2.4955000000
4.4892000000
5.5077000000
5.8261000000
5.7032000000
5.0322000000
3.4119000000
1.5246000000
0.6362200000
0.3419900000
0.3831300000
0.7980800000
1.9291000000
3.9965000000
5.3095000000
5.7955000000
5.8128000000
5.3770000000
4.1539000000
2.0828000000
0.8834800000
0.4570700000
0.4719800000
0.9415300000
2.2195000000
4.2944000000
5.4553000000
5.8798000000
5.9118000000
5.5809000000
4.6039000000
2.6328000000
1.1489000000
0.5771800000
0.5511700000
1.0488000000
2.4133000000
4.4434000000
5.5094000000
5.8767000000
5.8485000000
5.3991000000
4.1763000000
2.0939000000
0.8777000000
0.4307900000
0.4014600000
0.7629000000
1.8154000000
3.8381000000
5.2192000000
5.7262000000
5.7044000000
5.1357000000
3.6553000000
1.6834000000
0.7052700000
0.3753600000
0.4120400000
0.8492100000
2.0371000000
4.1183000000
5.3708000000
5.8323000000
5.8581000000
5.4714000000
4.3592000000
2.3087000000
0.9980900000
0.5279500000
0.5615800000
1.1277000000
2.5973000000
4.5847000000
5.5802000000
5.9293000000
5.9318000000
5.5901000000
4.6094000000
2.6340000000
1.1447000000
0.5659900000
0.5235100000
0.9809500000
2.2694000000
4.3236000000
5.4524000000
5.8428000000
5.8070000000
5.3126000000
3.9931000000
1.9213000000
0.7887200000
0.3655600000
0.2998600000
0.5295500000
1.2644000000
2.9527000000
4.8287000000
5.7116000000
6.0534000000
6.1675000000
6.1662000000
6.0482000000
5.6974000000
4.7937000000
2.8933000000
1.2386000000
0.5293700000
0.3250700000
0.4401500000
0.9813100000
2.3537000000
4.4349000000
5.5544000000
6.0080000000
6.1899000000
6.2785000000
0.0793810000
0.2427000000
0.6463600000
1.6523000000
3.6549000000
5.1665000000
5.7793000000
5.9094000000
5.6743000000
4.8674000000
3.0724000000
1.3465000000
0.5956700000
0.4058700000
0.6108800000
1.3895000000
3.1517000000
4.9038000000
5.6742000000
5.8725000000
5.6716000000
4.8965000000
3.1383000000
1.3834000000
0.6109900000
0.4122400000
0.6141400000
1.3923000000
3.1546000000
4.9039000000
5.6714000000
5.8647000000
5.6516000000
4.8480000000
3.0536000000
1.3471000000
0.6156500000
0.4616900000
0.7532000000
1.7287000000
3.6917000000
5.1320000000
5.6590000000
5.6015000000
4.9138000000
3.2465000000
1.4744000000
0.6976900000
0.5634300000
0.9632500000
2.1841000000
4.2227000000
5.3789000000
5.7490000000
5.6099000000
4.8472000000
3.0937000000
1.3880000000
0.6656900000
0.5609700000
0.9882500000
2.2506000000
4.2906000000
5.4183000000
5.7850000000
5.6738000000
4.9902000000
3.3449000000
1.4977000000
0.6478800000
0.4015100000
0.5459600000
1.2096000000
2.8088000000
4.7346000000
5.6607000000
6.0038000000
6.0712000000
5.9281000000
5.4373000000
4.1978000000
2.0879000000
0.8472500000
0.3560300000
0.2133700000
0.2824600000
0.6302800000
1.5675000000
3.5046000000
5.0867000000
5.7380000000
5.8707000000
5.6025000000
4.7049000000
2.8074000000
1.2379000000
0.6134600000
0.5647200000
1.0512000000
2.4056000000
4.4314000000
5.4964000000
5.8532000000
5.7933000000
5.2628000000
3.8799000000
1.8240000000
0.7362400000
0.3199700000
0.2182300000
0.3329900000
0.7746200000
1.9157000000
3.9979000000
5.3247000000
5.8331000000
5.9064000000
5.6119000000
4.6953000000
2.7789000000
1.2173000000
0.5938100000
0.5299000000
0.9714200000
2.2386000000
4.2910000000
5.4309000000
5.8179000000
5.7563000000
5.1917000000
3.7399000000
1.7248000000
0.6979200000
0.3136300000
0.2378500000
0.3977000000
0.9448400000
2.3024000000
4.4040000000
5.5529000000
6.0346000000
6.2702000000
0.2097700000
0.6407100000
1.6694000000
3.6933000000
5.1930000000
5.8060000000
5.9598000000
5.7958000000
5.1634000000
3.6310000000
1.6285000000
0.6243600000
0.2047700000
6.2717000000
6.0440000000
5.5793000000
4.4675000000
2.3855000000
0.9896100000
0.4295000000
0.2858100000
0.4240500000
0.9737400000
2.3504000000
4.4383000000
5.5635000000
6.0295000000
6.2446000000
0.1378100000
0.4516300000
1.2019000000
2.8848000000
4.8217000000
5.7646000000
6.2119000000
0.3046800000
0.9806700000
2.4875000000
4.6028000000
5.7241000000
0.0317320000
0.6543000000
1.8855000000
4.0675000000
5.4504000000
6.0935000000
0.2648500000
0.9811600000
2.5286000000
4.6514000000
5.7760000000
0.1316900000
0.9018900000
2.4566000000
4.6440000000
5.8337000000
0.3056900000
1.3618000000
3.3962000000
5.1787000000
6.0680000000
0.4605800000
1.5808000000
3.7010000000
5.2905000000
6.0425000000
0.2729400000
1.0561000000
2.7098000000
4.7819000000
5.8565000000
0.2341000000
1.1268000000
2.9226000000
4.9356000000
5.9735000000
0.4233100000
1.5671000000
3.7109000000
5.3157000000
6.0969000000
0.4097900000
1.4043000000
3.3849000000
5.1246000000
5.9481000000
0.1596000000
0.8132000000
2.1933000000
4.3858000000
5.6312000000
6.2698000000
0.6117300000
1.8112000000
3.9819000000
5.4077000000
6.0658000000
0.2248900000
0.8902100000
2.3327000000
4.4988000000
5.6875000000
0.0320150000
0.6917100000
1.9893000000
4.2005000000
5.5400000000
6.2027000000
0.5019400000
1.5655000000
3.6290000000
5.2242000000
5.9475000000
0.0582030000
0.5102700000
1.4508000000
3.3840000000
5.0772000000
5.8363000000
6.1631000000
0.0870370000
0.3810500000
1.0470000000
2.5788000000
4.6442000000
5.7119000000
6.2389000000
0.4383400000
1.3454000000
3.2273000000
5.0235000000
5.8678000000
0.0252990000
0.4913000000
1.4291000000
3.3568000000
5.0710000000
5.8488000000
6.2057000000
0.2020700000
0.6823100000
1.7931000000
3.8793000000
5.2929000000
5.8703000000
6.0465000000
5.9883000000
5.6394000000
4.6904000000
2.7416000000
1.1822000000
0.5482600000
0.4355200000
0.7446700000
1.7315000000
3.7055000000
5.1450000000
5.6766000000
5.6381000000
4.9983000000
3.3992000000
1.5453000000
0.6910500000
0.4741500000
0.7138400000
1.6083000000
3.5020000000
5.0431000000
5.6383000000
5.6325000000
5.0209000000
3.4565000000
1.5824000000
0.7082100000
0.4844800000
0.7265000000
1.6328000000
3.5371000000
5.0562000000
5.6338000000
5.6066000000
4.9533000000
3.3288000000
1.5183000000
0.7062800000
0.5433100000
0.8973100000
2.0330000000
4.0637000000
5.2976000000
5.6978000000
5.5456000000
4.7208000000
2.8960000000
1.3144000000
0.7000400000
0.7299600000
1.4267000000
3.1131000000
4.8280000000
5.5495000000
5.6015000000
5.0233000000
3.4931000000
1.6186000000
0.7429000000
0.5436700000
0.8617100000
1.9387000000
3.9488000000
5.2365000000
5.6585000000
5.4956000000
4.6241000000
2.7564000000
1.2645000000
0.7260300000
0.8514700000
1.7292000000
3.5943000000
5.0221000000
5.4974000000
5.2653000000
4.1823000000
2.2365000000
1.0772000000
0.7984900000
1.2361000000
2.6183000000
4.5002000000
5.4045000000
5.5390000000
4.9960000000
3.4931000000
1.6458000000
0.7957400000
0.6600500000
1.1375000000
2.5226000000
4.4879000000
5.4783000000
5.7479000000
5.5074000000
4.5666000000
2.6364000000
1.1902000000
0.6724300000
0.7775300000
1.5842000000
3.3907000000
4.9507000000
5.5390000000
5.4498000000
4.6205000000
2.7954000000
1.3096000000
0.7899100000
0.9805200000
2.0019000000
3.9318000000
5.1512000000
