-0.2369800000
-0.5517300000
0.5988400000
0.2881700000
-0.5738300000
-0.4225400000
1.0490000000
0.8457100000
-0.7565500000
-0.8101800000
-0.2208900000
0.1752500000
0.5761600000
0.0348070000
-0.6592200000
-0.0286610000
-0.0044977000
-0.2654900000
-0.0084674000
0.3583300000
0.0962800000
-0.3692500000
0.3323100000
0.0878860000
-0.6482700000
-0.1517800000
0.0736870000
-0.0242990000
0.0130840000
-0.2773000000
-0.1552700000
-0.2016400000
0.2233100000
0.4730000000
0.0078198000
-0.3487000000
-0.1106700000
0.7380700000
-0.2956100000
-0.7249300000
0.5148000000
-0.1156800000
-0.6259500000
0.1938900000
0.8243700000
0.0625810000
-0.0907900000
0.2297000000
-0.6092600000
0.0316820000
0.4665600000
-0.3058300000
-0.4258500000
0.7330200000
-0.0473490000
-1.4554000000
-0.0874480000
0.9324200000
0.0380840000
0.5809600000
0.2306200000
-0.3104000000
0.9152800000
0.1885700000
-0.0651460000
0.1974300000
-0.4077400000
-0.6440200000
-0.0182910000
0.2978900000
0.2197300000
-0.3996400000
-0.0952790000
-0.5155900000
-0.3465600000
1.4358000000
0.3642800000
0.1091800000
0.0856270000
-0.8995500000
-0.7016700000
0.1283200000
1.2325000000
0.6147300000
-0.9606100000
-0.1901200000
-0.0082785000
0.7518900000
0.2901200000
-0.5427000000
-0.1963000000
-0.9031200000
0.6398800000
0.1506200000
-0.6378900000
0.6574400000
0.2361900000
-0.5481300000
-0.1743200000
0.4611700000
0.0319040000
-0.0066052000
0.4145100000
0.0084612000
-0.4245500000
-0.1725000000
0.2150400000
-0.1829300000
-0.1573400000
0.3438100000
0.1984300000
-0.1999900000
-0.5650400000
0.2522600000
0.2030900000
-0.0170780000
-0.3998600000
-0.4880300000
0.8977200000
0.2390700000
-0.4636300000
0.4209800000
0.1273300000
0.5460200000
0.4610900000
-1.6027000000
-0.7820600000
1.0734000000
0.2748300000
-0.4821500000
-0.4639700000
0.4348600000
0.2630400000
-0.8225300000
0.1775300000
-0.4711900000
-0.5734800000
0.3743800000
1.2868000000
0.3225600000
-1.1405000000
0.1214600000
0.7987400000
-0.2687300000
-0.2496600000
0.5722400000
-0.0986670000
0.2692700000
0.2201200000
-0.3788600000
-0.4054200000
-0.1867900000
-0.1490600000
0.1677900000
0.4999700000
0.0170740000
-0.2761400000
0.1167600000
-0.0264880000
-0.4128500000
-0.3177100000
-0.4818000000
1.1396000000
0.5890600000
-0.1967800000
0.5507900000
-0.6543700000
-0.3427700000
0.2299300000
0.0503730000
0.0794650000
0.3606100000
-0.2791900000
-0.5219400000
0.1365800000
-0.2936200000
-0.2602100000
0.4722100000
-0.0278620000
-0.5533800000
0.1213200000
0.6768200000
0.1502000000
-0.5779000000
0.2609200000
0.1332200000
-0.6114400000
0.2342700000
0.4061800000
-0.8139900000
-0.2472600000
0.8907300000
0.2553700000
-0.4949700000
-0.5355300000
0.5029300000
-0.0012615000
-0.4700900000
1.1296000000
-0.1144300000
-0.5224000000
0.1143000000
0.0884200000
0.3043200000
0.0525440000
0.1939600000
0.3864900000
0.0094528000
-0.2037600000
-0.4304100000
-0.6450200000
-0.1839800000
0.4947100000
-0.0954640000
-0.1963700000
0.0748190000
-0.8143500000
0.7363400000
0.2556700000
-0.5269000000
0.5067100000
0.0586630000
-0.2708800000
0.3744700000
-0.3214700000
-0.3680900000
-0.7287400000
-0.1100200000
1.0728000000
-0.6485800000
-0.1699000000
0.5559100000
-0.1420500000
0.2734800000
-0.2530400000
-0.4701400000
0.5990400000
0.4025900000
-0.2947600000
-0.6693300000
0.1337200000
1.0148000000
0.3166000000
-0.6772600000
-0.5247100000
0.5312400000
-0.2845900000
-1.0056000000
0.5513800000
0.2560500000
-0.7667300000
0.6641900000
0.3420000000
-0.6476400000
0.5747900000
0.1941900000
-0.7883400000
-0.1840500000
0.7981900000
-0.2968000000
-0.5762000000
0.7882200000
0.3628100000
-0.1064300000
0.2487100000
0.4262300000
-0.6533300000
-0.5225200000
0.6953300000
-0.3264800000
-0.6791300000
0.3228600000
0.1745100000
-0.3363200000
-0.0440310000
0.6551900000
0.4024600000
-0.9532200000
-0.8624300000
0.1123800000
0.9636600000
0.0886990000
-0.4042100000
0.4366300000
-0.2805500000
-0.0289130000
-0.3656300000
-0.5116900000
0.3565300000
0.6485000000
0.0211060000
-0.2659000000
-0.1202000000
-0.1250000000
0.4347100000
0.0175140000
-0.1873300000
-0.5066000000
-0.1399900000
0.1958900000
-0.1963500000
1.0232000000
0.7847700000
0.3553700000
-0.1010500000
-1.0745000000
-0.7217300000
0.3623800000
0.5172700000
-0.8671600000
-0.6092600000
0.4480100000
0.2841900000
0.5459500000
0.1418900000
-0.8099600000
0.2190600000
0.2738200000
-0.4158600000
0.3229400000
-0.3144800000
0.4924700000
0.6604100000
-0.1077600000
0.4410200000
-0.3870300000
-0.4581700000
0.0965930000
0.0276020000
-0.1509600000
-0.1321600000
0.0414110000
0.2785200000
-0.2792100000
-0.6774600000
-0.2046600000
0.0106450000
0.2356300000
0.3296500000
-0.3873800000
0.9911100000
0.7621600000
-1.2729000000
-0.5201300000
-0.1563500000
-0.2260800000
0.5504400000
0.4077500000
-0.2053600000
-0.1171000000
-0.5795500000
0.1229700000
0.4928500000
-0.4016700000
0.4157800000
0.5535800000
-0.3945000000
0.2632600000
0.4667400000
-0.2497900000
-0.1862500000
0.0665070000
-0.0637380000
-0.4668600000
0.8992100000
0.4987600000
-0.9156700000
-0.0036397000
-0.5273500000
-0.2425200000
0.7472600000
0.7788800000
-0.8795100000
-1.2060000000
0.2994000000
0.1208700000
0.1500100000
0.2833200000
0.1428000000
0.1883600000
0.0103820000
-0.5028900000
0.0155510000
-0.0707040000
0.6226500000
-0.3375600000
-0.3042400000
0.6126300000
-0.2379300000
-0.8904900000
-0.0326360000
1.2215000000
0.1839100000
0.5924500000
0.1719500000
-0.8524400000
-0.8608900000
-0.4859900000
0.5142600000
0.4847500000
-0.0411780000
-0.8104800000
0.4435700000
0.5009800000
-0.5393600000
-0.2554700000
0.1739700000
0.6022300000
0.3453000000
-0.3248400000
0.0104470000
0.5183400000
-0.1552800000
-0.1280900000
0.4097600000
-0.1451300000
-0.3471700000
0.1258600000
-0.1002900000
-0.3597300000
0.0159410000
0.3572500000
-0.0021326000
0.3916100000
-0.1279400000
-0.2111700000
-0.0224790000
-0.5888600000
0.2136500000
-0.1871400000
-0.3867400000
0.5021900000
-0.1932400000
-0.4784500000
-0.0712240000
0.0956660000
0.7833100000
0.8439000000
-0.4727200000
-1.0049000000
-0.0432850000
0.8727200000
0.1335500000
-0.3572500000
-0.1880900000
-0.8673300000
0.4619100000
1.2212000000
-0.2530800000
-0.5868000000
-0.1398500000
-0.2424700000
0.6724400000
0.4646600000
-0.9932900000
-0.0621630000
0.2670700000
-0.3271500000
0.3324700000
0.3097500000
-0.3506100000
-0.0592600000
-0.5437700000
-0.0425420000
0.7467900000
-0.8899400000
-0.1484800000
0.3191700000
0.0816030000
0.2482700000
0.6561000000
0.9665700000
-0.7792200000
0.0621180000
0.4924300000
-0.7451100000
-0.7445400000
-0.1370300000
0.4301200000
-0.1703500000
-0.2617500000
0.3989700000
0.6605400000
-0.0064670000
-0.9957400000
-0.5076100000
0.1346400000
0.1202300000
0.7833100000
0.3025200000
0.0614930000
-0.1144500000
-0.8272800000
0.0442840000
0.7255900000
0.1266200000
0.1781100000
0.5463500000
-0.5032900000
-0.0815760000
0.0917100000
-0.2405000000
0.0223580000
-0.4436700000
-0.2812000000
0.5205500000
0.7216400000
0.0502650000
-0.4421600000
-0.6869000000
0.0960010000
0.6311600000
0.6148800000
0.0706890000
-1.0638000000
-0.0554900000
0.2387300000
0.4056200000
0.2740000000
0.0636110000
-0.1248000000
-0.8945400000
0.5839100000
0.3661300000
-0.5394300000
0.2405900000
-0.0596710000
-1.1507000000
-0.0355870000
1.6216000000
0.1538800000
-0.6930100000
-0.2812800000
-0.5446900000
-0.0879210000
0.0920570000
0.5777600000
0.3457400000
-0.3095400000
0.1779100000
0.0213230000
-0.0230440000
-0.4217000000
-0.4557100000
-0.1472300000
0.3204500000
0.0428770000
-0.0052575000
0.4800600000
0.2306600000
-0.3352700000
-0.6114100000
0.2958700000
0.3953000000
-0.3313200000
-0.7362600000
0.3021200000
0.0355880000
-0.2296800000
0.0331560000
0.1709900000
0.2480500000
-0.4795900000
-0.0180490000
0.5300800000
0.1086800000
-0.1489800000
-0.3255700000
-0.2229400000
0.6328500000
0.1968000000
0.1643100000
0.1417500000
0.0171820000
-0.2937200000
-0.3466400000
0.1556300000
-0.0215640000
-0.0864270000
-0.0106160000
0.3238300000
0.2522500000
0.3632900000
-0.3084200000
-0.0816830000
0.3910200000
-0.8305200000
-0.1142400000
0.1736900000
-0.6926300000
-0.0127410000
0.6581100000
0.1424100000
-0.0971880000
0.5712800000
0.0904380000
-0.0662510000
-0.7167100000
0.9705500000
0.9884700000
-1.4088000000
-0.2868400000
0.1998400000
0.3516600000
-0.2055700000
-0.1109200000
0.4760500000
-0.0712080000
-0.1036000000
0.1422400000
-0.0135830000
-0.2030600000
-0.6555300000
0.0662070000
1.2009000000
0.3017000000
-1.4003000000
-0.6737500000
0.8696500000
0.3292600000
-0.0877390000
0.1026100000
0.1325700000
0.0687510000
-0.0284520000
-0.0757170000
-0.5081800000
-0.6005200000
0.1496500000
-0.2897200000
0.3681500000
0.7877400000
0.0654040000
0.0023007000
-0.5818900000
-0.1072900000
0.6374300000
-0.0189320000
0.2837800000
0.1087900000
-0.1195200000
-0.0225850000
0.0237180000
-0.5412600000
0.0161140000
0.9182800000
-0.2505400000
-0.2758200000
0.2164800000
-0.3805700000
-0.2045600000
0.7085600000
0.4852600000
-0.3356300000
-1.0743000000
-0.1553700000
-0.2393200000
0.0554150000
0.5364300000
-0.1221800000
0.1084300000
0.2473800000
0.0166230000
0.2860700000
0.6670500000
-0.0214540000
-0.7706100000
0.0979740000
0.3174300000
-0.2840100000
-0.1014500000
-0.7333500000
0.3575700000
0.2075500000
0.1072500000
0.2549300000
-0.2288200000
-0.1258500000
-0.2309300000
-0.0588530000
-0.2034000000
0.0984270000
0.4063000000
0.3575800000
-0.2127600000
0.1875600000
0.1012400000
-1.1237000000
-0.0803250000
1.1430000000
0.8815200000
-0.2617200000
-1.1513000000
0.3449600000
0.3257700000
-0.8496300000
-0.8268800000
0.4277100000
0.9633500000
0.0109530000
-0.2342300000
0.0115790000
0.1175600000
0.1612600000
0.2834400000
0.3236200000
0.0067456000
-0.4453800000
0.0023441000
-0.3686700000
-0.1051500000
0.2837700000
0.5157500000
-0.0915750000
-1.1125000000
1.1701000000
0.7561400000
-1.1021000000
0.5373200000
0.1274200000
-0.0366360000
0.0866810000
-0.8823700000
0.2040700000
0.5164300000
0.4605400000
0.0250520000
-0.5688900000
-0.0383850000
0.0423800000
-0.0651570000
0.0621510000
-0.2394900000
-0.3112100000
0.0010098000
0.6418500000
0.7242000000
-0.0379380000
-0.9728400000
-0.2454200000
0.1013600000
0.3063700000
0.3120500000
-0.3887500000
-0.1189700000
-0.0127010000
-0.0869040000
0.2726800000
1.0293000000
-0.3819900000
-1.1040000000
0.0163750000
0.3785900000
0.3272000000
0.4974900000
-0.3098700000
-0.9817100000
0.3934700000
0.5514600000
-0.1980000000
-0.2724700000
-0.0572640000
0.3114800000
0.4292500000
-0.4381000000
-0.1794000000
1.1033000000
-0.3037700000
-0.8219100000
0.3213800000
0.5325900000
-0.0198890000
-0.2289700000
0.5842300000
0.3151600000
-0.8221700000
-0.1511900000
0.6029700000
-0.9246100000
-1.0396000000
0.4127300000
0.4910800000
0.2570600000
-0.3294400000
-0.0223610000
-0.5539100000
-0.1737600000
0.9058000000
-0.1253400000
-0.0073235000
-0.0627620000
0.1304400000
0.1717600000
0.4625700000
0.3977700000
-0.1092800000
0.2761400000
-0.6023600000
-0.3524700000
0.2947500000
-0.3726000000
0.1978100000
0.2358600000
-0.3790600000
-0.2981900000
0.3395200000
-0.3349600000
-0.5520100000
0.4333200000
-0.1233900000
0.3000600000
0.9628300000
0.0592560000
-0.5605400000
0.0456080000
-0.2647400000
-1.1674000000
0.0518800000
1.1770000000
0.4660200000
-1.0403000000
-0.5856900000
0.7749000000
0.4575200000
-0.5688700000
-0.5584800000
0.2546100000
-0.3795600000
-0.0586680000
0.1377300000
0.0410160000
0.4412000000
0.6033900000
-0.2155700000
-0.6609300000
0.0850180000
-0.0750040000
0.0875430000
-0.4350700000
-0.0938830000
0.8023800000
0.1984900000
-0.6070700000
-0.1983700000
0.6161000000
0.4798000000
-1.0434000000
-0.1804500000
0.8109700000
-0.7944300000
-0.1317800000
0.9677400000
0.1405000000
-0.5197200000
-0.8405900000
-0.2723800000
1.4270000000
0.2469600000
-0.3249800000
0.1613900000
-0.0332660000
0.5487500000
0.2404600000
-0.0231880000
-0.3954800000
-0.4150000000
0.5905900000
0.5592000000
0.1275900000
-0.1451300000
-0.5661200000
-0.0571230000
0.0035495000
-0.1418800000
-0.2847200000
0.5239600000
-0.0834460000
0.0424810000
0.3188700000
-0.6053300000
0.4098600000
0.6321200000
-0.4655400000
-0.6784800000
0.6198200000
0.0147100000
0.2250500000
0.4512700000
-0.6105700000
0.0083344000
-0.6905900000
-0.7470700000
0.2826000000
1.1443000000
0.1041500000
-0.0666100000
0.9960100000
-0.4468400000
-0.1994300000
0.7990800000
0.1290000000
-0.5022700000
-0.4706900000
0.1931700000
-0.0478550000
-0.0238830000
-0.2750900000
-0.0965870000
0.3120700000
-0.5789200000
0.1611600000
0.2782900000
0.3579400000
-0.1061500000
0.0424340000
0.3476400000
-0.0676020000
0.3090200000
-0.8432600000
-0.4368800000
0.1203500000
-0.5995600000
0.4722200000
0.6209100000
-0.3511300000
0.1787400000
-0.3484500000
-0.1952800000
-0.3396000000
-0.2168100000
0.5944300000
-0.4349100000
-0.0889410000
0.0307950000
0.5675600000
0.1011100000
-0.1923100000
0.0901760000
-0.2761700000
0.1830300000
-0.0775430000
0.1956700000
-0.0328860000
0.2250600000
0.1581800000
-0.1794300000
0.2531100000
-1.1320000000
-0.5326900000
0.5737800000
-0.1102500000
-0.1876900000
0.1359900000
-0.3185800000
-0.3236900000
0.1811000000
0.0032570000
0.5203600000
0.4187700000
-0.4088800000
-0.2837000000
-0.0494970000
-0.1425700000
-0.2168000000
0.3544100000
0.1123000000
-0.4612100000
0.0199570000
0.3891800000
0.0328840000
0.2795500000
0.3577700000
-0.4273500000
0.1491400000
0.3401300000
-0.2962500000
-0.3173000000
-0.3043400000
0.0798120000
1.3125000000
-0.2075500000
-0.9346700000
-0.5707800000
-0.0791010000
0.9264800000
0.2601900000
0.0803520000
-0.5211500000
0.4541100000
0.7743000000
-1.4379000000
0.3104700000
1.2148000000
-0.2385400000
-0.3132500000
-0.0609840000
0.0870530000
-0.5472100000
-0.1218500000
0.2612100000
