-3.1077000000
-2.4482000000
-1.7682000000
-1.0847000000
-0.4108200000
0.2434300000
0.8712900000
1.4683000000
2.0315000000
2.5586000000
3.0470000000
3.4931000000
3.8915000000
4.2343000000
4.5110000000
4.7076000000
4.8074000000
4.7923000000
4.6445000000
4.3508000000
3.9062000000
3.3185000000
2.6096000000
1.8140000000
0.9737700000
0.1308600000
-0.6794800000
-1.4330000000
-2.1173000000
-2.7303000000
-3.2766000000
-3.7649000000
-4.2049000000
-4.6058000000
-4.9752000000
-5.3184000000
-5.6387000000
-5.9372000000
-6.2133000000
-6.4648000000
-6.6883000000
-6.8797000000
-7.0348000000
-7.1498000000
-7.2220000000
-7.2499000000
-7.2343000000
-7.1777000000
-7.0848000000
-6.9619000000
-6.8167000000
-6.6578000000
-6.4944000000
-6.3354000000
-6.1898000000
-6.0659000000
-5.9717000000
-5.9142000000
-5.9004000000
-5.9363000000
-6.0273000000
-6.1777000000
-6.3906000000
-6.6663000000
-7.0015000000
-7.3868000000
-7.8036000000
-8.2212000000
-8.5934000000
-8.8578000000
-8.9401000000
-8.7682000000
-8.2933000000
-7.5143000000
-6.4896000000
-5.3270000000
-4.1549000000
-3.0889000000
-2.2094000000
-1.5553000000
-1.1287000000
-0.9057400000
-0.8467200000
-0.9062800000
-1.0405000000
-1.2121000000
-1.3926000000
-1.5636000000
-1.7151000000
-1.8442000000
-1.9527000000
-2.0455000000
-2.1286000000
-2.2086000000
-2.2913000000
-2.3821000000
-2.4854000000
-2.6050000000
-2.7442000000
-2.9059000000
-3.0932000000
-3.3092000000
-3.5573000000
-3.8415000000
-4.1661000000
-4.5357000000
-4.9547000000
-5.4267000000
-5.9532000000
-6.5320000000
-7.1552000000
-7.8068000000
-8.4611000000
-9.0825000000
-9.6281000000
-10.0540000000
-10.3220000000
-10.4130000000
-10.3250000000
-10.0800000000
-9.7112000000
-9.2606000000
-8.7681000000
-8.2668000000
-7.7809000000
-7.3251000000
-6.9064000000
-6.5254000000
-6.1781000000
-5.8581000000
-5.5572000000
-5.2673000000
-4.9802000000
-4.6893000000
-4.3891000000
-4.0758000000
-3.7472000000
-3.4026000000
-3.0425000000
-2.6683000000
-2.2821000000
-1.8859000000
-1.4819000000
-1.0720000000
-0.6574900000
-0.2391000000
0.1829600000
0.6090000000
1.0398000000
1.4764000000
1.9200000000
2.3716000000
2.8317000000
3.2998000000
3.7738000000
4.2491000000
4.7171000000
5.1634000000
5.5655000000
5.8897000000
6.0889000000
6.1014000000
5.8552000000
5.2805000000
4.3310000000
3.0105000000
1.3884000000
-0.4084400000
-2.2292000000
-3.9376000000
-5.4355000000
-6.6668000000
-7.6089000000
-8.2622000000
-8.6432000000
-8.7800000000
-8.7094000000
-8.4726000000
-8.1121000000
-7.6679000000
-7.1752000000
-6.6629000000
-6.1539000000
-5.6651000000
-5.2086000000
-4.7923000000
-4.4208000000
-4.0964000000
-3.8197000000
-3.5899000000
-3.4053000000
-3.2640000000
-3.1637000000
-3.1020000000
-3.0765000000
-3.0850000000
-3.1254000000
-3.1958000000
-3.2941000000
-3.4184000000
-3.5668000000
-3.7369000000
-3.9261000000
-4.1312000000
-4.3481000000
-4.5716000000
-4.7953000000
-5.0112000000
-5.2094000000
-5.3784000000
-5.5051000000
-5.5757000000
-5.5761000000
-5.4941000000
-5.3203000000
-5.0502000000
-4.6849000000
-4.2317000000
-3.7031000000
-3.1154000000
-2.4863000000
-1.8335000000
-1.1724000000
-0.5157900000
0.1267500000
0.7484600000
1.3448000000
1.9128000000
2.4500000000
2.9541000000
3.4215000000
3.8470000000
4.2230000000
4.5387000000
4.7794000000
4.9269000000
4.9599000000
4.8562000000
4.5965000000
4.1691000000
3.5757000000
2.8348000000
1.9820000000
1.0642000000
0.1319600000
-0.7702800000
-1.6100000000
-2.3687000000
-3.0407000000
-3.6290000000
-4.1419000000
-4.5895000000
-4.9814000000
-5.3258000000
-5.6289000000
-5.8948000000
-6.1258000000
-6.3228000000
-6.4858000000
-6.6141000000
-6.7072000000
-6.7648000000
-6.7874000000
-6.7764000000
-6.7341000000
-6.6640000000
-6.5706000000
-6.4592000000
-6.3354000000
-6.2056000000
-6.0761000000
-5.9532000000
-5.8433000000
-5.7524000000
-5.6865000000
-5.6514000000
-5.6530000000
-5.6968000000
-5.7887000000
-5.9339000000
-6.1375000000
-6.4033000000
-6.7328000000
-7.1237000000
-7.5673000000
-8.0448000000
-8.5228000000
-8.9492000000
-9.2517000000
-9.3431000000
-9.1395000000
-8.5886000000
-7.7012000000
-6.5632000000
-5.3181000000
-4.1244000000
-3.1133000000
-2.3644000000
-1.9025000000
-1.7073000000
-1.7289000000
-1.9036000000
-2.1668000000
-2.4622000000
-2.7475000000
-2.9953000000
-3.1920000000
-3.3345000000
-3.4270000000
-3.4778000000
-3.4971000000
-3.4950000000
-3.4807000000
-3.4620000000
-3.4449000000
-3.4340000000
-3.4325000000
-3.4427000000
-3.4657000000
-3.5025000000
-3.5533000000
-3.6185000000
-3.6983000000
-3.7930000000
-3.9030000000
-4.0292000000
-4.1723000000
-4.3336000000
-4.5144000000
-4.7162000000
-4.9403000000
-5.1879000000
-5.4596000000
-5.7550000000
-6.0726000000
-6.4086000000
-6.7571000000
-7.1093000000
-7.4535000000
-7.7754000000
-8.0591000000
-8.2887000000
-8.4499000000
-8.5328000000
-8.5329000000
-8.4526000000
-8.3006000000
-8.0911000000
-7.8415000000
-7.5710000000
-7.2987000000
-7.0418000000
-6.8152000000
-6.6308000000
-6.4975000000
-6.4213000000
-6.4047000000
-6.4473000000
-6.5449000000
-6.6891000000
-6.8667000000
-7.0584000000
-7.2386000000
-7.3754000000
-7.4321000000
-7.3706000000
-7.1577000000
-6.7721000000
-6.2113000000
-5.4940000000
-4.6577000000
-3.7516000000
-2.8263000000
-1.9263000000
-1.0849000000
-0.3237900000
0.3456900000
0.9199700000
1.4006000000
1.7920000000
2.1003000000
2.3323000000
2.4951000000
2.5954000000
2.6403000000
2.6364000000
2.5907000000
2.5094000000
2.3990000000
2.2653000000
2.1135000000
1.9482000000
1.7729000000
1.5902000000
1.4017000000
1.2077000000
1.0079000000
0.8008600000
0.5844400000
0.3558300000
0.1116100000
-0.1522400000
-0.4403600000
-0.7580800000
-1.1116000000
-1.5080000000
-1.9557000000
-2.4648000000
-3.0466000000
-3.7139000000
-4.4804000000
-5.3580000000
-6.3540000000
-7.4637000000
-8.6621000000
-9.8940000000
-11.0690000000
-12.0700000000
-12.7800000000
-13.1190000000
-13.0740000000
-12.6930000000
-12.0620000000
-11.2660000000
-10.3690000000
-9.4161000000
-8.4348000000
-7.4475000000
-6.4754000000
-5.5382000000
-4.6526000000
-3.8304000000
-3.0778000000
-2.3956000000
-1.7813000000
-1.2297000000
-0.7347800000
-0.2903500000
0.1095600000
0.4703900000
0.7970200000
1.0938000000
1.3647000000
1.6132000000
1.8424000000
2.0552000000
2.2541000000
2.4414000000
2.6190000000
2.7886000000
2.9519000000
3.1099000000
3.2636000000
3.4138000000
3.5607000000
3.7043000000
3.8444000000
3.9800000000
4.1098000000
4.2317000000
4.3430000000
4.4401000000
4.5185000000
4.5728000000
4.5969000000
4.5841000000
4.5273000000
4.4201000000
4.2572000000
4.0354000000
3.7546000000
3.4183000000
3.0336000000
2.6108000000
2.1623000000
1.7008000000
1.2379000000
0.7824400000
0.3400300000
-0.0874040000
-0.5012000000
-0.9053600000
-1.3057000000
-1.7094000000
-2.1240000000
-2.5574000000
-3.0177000000
-3.5125000000
-4.0493000000
-4.6345000000
-5.2730000000
-5.9661000000
-6.7099000000
-7.4920000000
-8.2887000000
-9.0629000000
-9.7656000000
-10.3420000000
-10.7410000000
-10.9300000000
-10.9000000000
-10.6700000000
-10.2820000000
-9.7834000000
-9.2226000000
-8.6380000000
-8.0566000000
-7.4943000000
-6.9579000000
-6.4483000000
-5.9625000000
-5.4963000000
-5.0448000000
-4.6042000000
-4.1712000000
-3.7440000000
-3.3214000000
-2.9031000000
-2.4892000000
-2.0800000000
-1.6756000000
-1.2760000000
-0.8808800000
-0.4893700000
-0.1003300000
0.2877800000
0.6768500000
1.0690000000
1.4665000000
1.8715000000
2.2863000000
2.7124000000
3.1507000000
3.6009000000
4.0608000000
4.5248000000
4.9831000000
5.4187000000
5.8053000000
6.1031000000
6.2568000000
6.1951000000
5.8371000000
5.1090000000
3.9719000000
2.4504000000
0.6432100000
-1.2962000000
-3.2028000000
-4.9399000000
-6.4170000000
-7.5870000000
-8.4352000000
-8.9702000000
-9.2173000000
-9.2142000000
-9.0069000000
-8.6436000000
-8.1706000000
-7.6289000000
-7.0520000000
-6.4664000000
-5.8918000000
-5.3420000000
-4.8265000000
-4.3512000000
-3.9193000000
-3.5319000000
-3.1886000000
-2.8880000000
-2.6281000000
-2.4063000000
-2.2197000000
-2.0655000000
-1.9410000000
-1.8435000000
-1.7705000000
-1.7198000000
-1.6893000000
-1.6772000000
-1.6821000000
-1.7025000000
-1.7372000000
-1.7854000000
-1.8461000000
-1.9186000000
-2.0024000000
-2.0969000000
-2.2016000000
-2.3160000000
-2.4396000000
-2.5720000000
-2.7124000000
-2.8600000000
-3.0139000000
-3.1727000000
-3.3349000000
-3.4984000000
-3.6607000000
-3.8188000000
-3.9689000000
-4.1069000000
-4.2277000000
-4.3260000000
-4.3959000000
-4.4314000000
-4.4268000000
-4.3768000000
-4.2773000000
-4.1254000000
-3.9204000000
-3.6632000000
-3.3566000000
-3.0054000000
-2.6153000000
-2.1929000000
-1.7448000000
-1.2774000000
-0.7961400000
-0.3056600000
0.1906400000
0.6903300000
1.1919000000
1.6943000000
2.1969000000
2.6986000000
3.1976000000
3.6905000000
4.1713000000
4.6301000000
5.0515000000
5.4126000000
5.6811000000
5.8139000000
5.7584000000
5.4583000000
4.8649000000
3.9551000000
2.7484000000
1.3137000000
-0.2422900000
-1.8010000000
-3.2595000000
-4.5457000000
-5.6206000000
-6.4701000000
-7.0972000000
-7.5148000000
-7.7424000000
-7.8040000000
-7.7269000000
-7.5398000000
-7.2717000000
-6.9499000000
-6.5990000000
-6.2402000000
-5.8908000000
-5.5644000000
-5.2711000000
-5.0183000000
-4.8110000000
-4.6524000000
-4.5443000000
-4.4879000000
-4.4834000000
-4.5308000000
-4.6297000000
-4.7791000000
-4.9777000000
-5.2230000000
-5.5110000000
-5.8354000000
-6.1863000000
-6.5490000000
-6.9029000000
-7.2196000000
-7.4634000000
-7.5928000000
-7.5651000000
-7.3446000000
-6.9122000000
-6.2737000000
-5.4622000000
-4.5327000000
-3.5505000000
-2.5779000000
-1.6652000000
-0.8464100000
-0.1401600000
0.4474100000
0.9188200000
1.2819000000
1.5476000000
1.7279000000
1.8354000000
1.8822000000
1.8794000000
1.8375000000
1.7654000000
1.6706000000
1.5593000000
1.4359000000
1.3035000000
1.1640000000
1.0178000000
0.8646900000
0.7032800000
0.5316500000
0.3472900000
0.1472000000
-0.0721120000
-0.3146200000
-0.5848700000
-0.8881300000
-1.2306000000
-1.6195000000
-2.0635000000
-2.5731000000
-3.1601000000
-3.8382000000
-4.6215000000
-5.5222000000
-6.5468000000
-7.6884000000
-8.9173000000
-10.1710000000
-11.3490000000
-12.3280000000
-12.9900000000
-13.2630000000
-13.1470000000
-12.7020000000
-12.0200000000
-11.1830000000
-10.2540000000
-9.2736000000
-8.2700000000
-7.2676000000
-6.2897000000
-5.3575000000
-4.4877000000
-3.6906000000
-2.9698000000
-2.3238000000
-1.7475000000
-1.2340000000
-0.7761100000
-0.3668500000
-0.0000022186
0.3298300000
0.6273000000
0.8964200000
1.1407000000
1.3633000000
1.5669000000
1.7542000000
1.9273000000
2.0883000000
2.2390000000
2.3812000000
2.5163000000
2.6456000000
2.7703000000
2.8913000000
3.0095000000
3.1256000000
3.2402000000
3.3536000000
3.4661000000
3.5777000000
3.6880000000
3.7968000000
3.9032000000
4.0060000000
4.1038000000
4.1943000000
4.2752000000
4.3431000000
4.3943000000
4.4246000000
4.4291000000
4.4029000000
4.3411000000
4.2392000000
4.0938000000
3.9032000000
3.6677000000
3.3899000000
3.0749000000
2.7297000000
2.3627000000
1.9826000000
1.5973000000
1.2132000000
0.8343500000
0.4625200000
0.0969410000
-0.2652000000
-0.6284100000
-0.9984100000
-1.3818000000
-1.7859000000
-2.2183000000
-2.6872000000
-3.2012000000
-3.7689000000
-4.3990000000
-5.0987000000
-5.8721000000
-6.7172000000
-7.6216000000
-8.5577000000
-9.4794000000
-10.3220000000
-11.0130000000
-11.4830000000
-11.6880000000
-11.6240000000
-11.3220000000
-10.8360000000
-10.2280000000
-9.5521000000
-8.8460000000
-8.1337000000
-7.4274000000
-6.7322000000
-6.0498000000
-5.3813000000
-4.7279000000
-4.0914000000
-3.4742000000
-2.8784000000
-2.3058000000
-1.7573000000
-1.2328000000
-0.7317000000
-0.2521700000
0.2081100000
0.6519900000
1.0827000000
1.5036000000
1.9180000000
2.3290000000
2.7393000000
3.1509000000
3.5647000000
3.9799000000
4.3936000000
4.7994000000
5.1859000000
5.5351000000
5.8201000000
6.0028000000
6.0335000000
5.8529000000
5.4011000000
4.6326000000
3.5374000000
2.1565000000
0.5818600000
-1.0637000000
-2.6583000000
-4.1056000000
-5.3452000000
-6.3484000000
-7.1089000000
-7.6351000000
-7.9448000000
-8.0622000000
-8.0162000000
-7.8386000000
-7.5622000000
-7.2182000000
-6.8351000000
-6.4372000000
-6.0445000000
-5.6726000000
-5.3330000000
-5.0340000000
-4.7808000000
-4.5768000000
-4.4235000000
-4.3216000000
-4.2706000000
-4.2700000000
-4.3186000000
-4.4149000000
-4.5572000000
-4.7430000000
-4.9692000000
-5.2311000000
-5.5222000000
-5.8330000000
-6.1504000000
-6.4568000000
-6.7293000000
-6.9395000000
-7.0553000000
-7.0440000000
-6.8770000000
-6.5366000000
-6.0217000000
-5.3500000000
-4.5564000000
-3.6864000000
-2.7877000000
-1.9030000000
-1.0651000000
-0.2965500000
0.3899100000
0.9887400000
1.4994000000
1.9242000000
2.2672000000
2.5331000000
2.7269000000
2.8537000000
2.9187000000
2.9273000000
2.8853000000
2.7987000000
2.6741000000
2.5180000000
2.3370000000
2.1373000000
1.9242000000
1.7023000000
1.4749000000
1.2438000000
1.0096000000
0.7718500000
0.5286200000
0.2772500000
0.0141870000
-0.2647900000
-0.5645500000
-0.8906500000
-1.2493000000
-1.6478000000
-2.0942000000
-2.5980000000
-3.1700000000
-3.8220000000
-4.5660000000
-5.4126000000
-6.3672000000
-7.4243000000
-8.5596000000
-9.7219000000
-10.8290000000
-11.7750000000
-12.4530000000
-12.7900000000
-12.7680000000
-12.4270000000
-11.8450000000
-11.1010000000
-10.2600000000
-9.3637000000
-8.4399000000
-7.5062000000
-6.5777000000
-5.6690000000
-4.7938000000
-3.9635000000
-3.1859000000
-2.4654000000
-1.8028000000
-1.1965000000
-0.6431900000
-0.1386600000
0.3218600000
0.7432200000
1.1302000000
1.4872000000
1.8186000000
2.1281000000
2.4191000000
2.6946000000
2.9570000000
3.2083000000
3.4498000000
3.6821000000
3.9050000000
4.1175000000
4.3172000000
4.5004000000
4.6619000000
4.7945000000
4.8892000000
4.9348000000
4.9190000000
4.8285000000
4.6513000000
4.3781000000
4.0052000000
3.5361000000
2.9829000000
2.3654000000
1.7086000000
1.0386000000
0.3788800000
-0.2530200000
-0.8468400000
-1.3994000000
-1.9132000000
-2.3946000000
-2.8521000000
-3.2944000000
-3.7301000000
-4.1662000000
-4.6085000000
-5.0605000000
-5.5237000000
-5.9970000000
-6.4758000000
-6.9521000000
-7.4139000000
-7.8452000000
-8.2274000000
-8.5410000000
-8.7680000000
-8.8955000000
-8.9178000000
-8.8378000000
-8.6672000000
-8.4242000000
-8.1313000000
-7.8122000000
-7.4896000000
-7.1832000000
-6.9093000000
-6.6798000000
-6.5027000000
-6.3821000000
-6.3186000000
-6.3092000000
-6.3474000000
-6.4230000000
-6.5220000000
-6.6263000000
-6.7138000000
-6.7592000000
-6.7357000000
-6.6176000000
-6.3840000000
-6.0225000000
-5.5324000000
-4.9258000000
-4.2252000000
-3.4604000000
-2.6629000000
-1.8620000000
-1.0815000000
-0.3391500000
0.3535700000
0.9899100000
1.5666000000
2.0823000000
2.5367000000
2.9296000000
3.2604000000
3.5275000000
3.7288000000
3.8612000000
3.9218000000
3.9077000000
3.8175000000
3.6520000000
3.4146000000
3.1124000000
2.7559000000
2.3580000000
1.9330000000
1.4949000000
1.0557000000
0.6244800000
0.2064400000
-0.1968100000
-0.5869500000
-0.9681800000
-1.3464000000
-1.7287000000
-2.1224000000
-2.5354000000
-2.9752000000
-3.4495000000
-3.9655000000
-4.5299000000
-5.1477000000
-5.8212000000
-6.5480000000
-7.3179000000
-8.1098000000
-8.8900000000
-9.6119000000
-10.2210000000
-10.6650000000
-10.9040000000
-10.9240000000
-10.7390000000
-10.3840000000
-9.9072000000
-9.3578000000
-8.7766000000
-8.1935000000
-7.6267000000
-7.0849000000
-6.5701000000
-6.0801000000
-5.6107000000
-5.1571000000
-4.7149000000
-4.2810000000
-3.8530000000
-3.4296000000
-3.0104000000
-2.5954000000
-2.1848000000
-1.7789000000
-1.3778000000
-0.9810600000
-0.5881800000
-0.1980700000
0.1907300000
0.5799900000
0.9717900000
1.3683000000
1.7719000000
2.1846000000
2.6082000000
3.0439000000
3.4917000000
3.9497000000
4.4135000000
4.8744000000
5.3173000000
5.7183000000
6.0413000000
6.2349000000
6.2314000000
5.9510000000
5.3165000000
4.2780000000
2.8429000000
1.0929000000
-0.8284100000
-2.7548000000
-4.5406000000
-6.0840000000
-7.3285000000
-8.2530000000
-8.8610000000
-9.1741000000
-9.2276000000
-9.0657000000
-8.7364000000
-8.2868000000
-7.7594000000
-7.1895000000
-6.6052000000
-6.0277000000
-5.4722000000
-4.9492000000
-4.4653000000
-4.0243000000
-3.6277000000
-3.2755000000
-2.9665000000
-2.6987000000
-2.4697000000
-2.2767000000
-2.1168000000
-1.9874000000
-1.8857000000
-1.8091000000
-1.7555000000
-1.7227000000
-1.7089000000
-1.7126000000
-1.7323000000
-1.7668000000
-1.8151000000
-1.8764000000
-1.9500000000
-2.0352000000
-2.1314000000
-2.2381000000
-2.3550000000
-2.4814000000
-2.6167000000
-2.7603000000
-2.9114000000
-3.0687000000
-3.2311000000
-3.3967000000
-3.5634000000
-3.7284000000
-3.8886000000
-4.0399000000
-4.1778000000
-4.2970000000
-4.3918000000
-4.4561000000
-4.4836000000
-4.4684000000
-4.4053000000
-4.2903000000
-4.1210000000
-3.8970000000
-3.6200000000
-3.2934000000
-2.9227000000
-2.5143000000
-2.0751000000
-1.6120000000
-1.1316000000
-0.6392700000
-0.1394200000
0.3646600000
0.8707400000
1.3774000000
1.8837000000
2.3889000000
2.8915000000
3.3892000000
3.8776000000
4.3495000000
4.7928000000
5.1896000000
5.5138000000
5.7292000000
5.7895000000
5.6411000000
5.2303000000
4.5181000000
3.4977000000
2.2081000000
0.7338300000
-0.8128200000
-2.3196000000
-3.6970000000
-4.8881000000
-5.8654000000
-6.6231000000
-7.1684000000
-7.5166000000
-7.6884000000
-7.7080000000
-7.6022000000
-7.3985000000
-7.1243000000
-6.8053000000
-6.4642000000
-6.1203000000
-5.7895000000
-5.4840000000
-5.2131000000
-4.9834000000
-4.7995000000
-4.6644000000
-4.5799000000
-4.5472000000
-4.5667000000
-4.6386000000
-4.7626000000
-4.9380000000
-5.1633000000
-5.4358000000
-5.7508000000
-6.1005000000
-6.4728000000
-6.8499000000
-7.2063000000
-7.5079000000
-7.7130000000
-7.7752000000
-7.6504000000
-7.3078000000
-6.7404000000
-5.9716000000
-5.0529000000
-4.0534000000
-3.0447000000
-2.0879000000
-1.2264000000
-0.4854100000
0.1256700000
0.6086900000
0.9727800000
1.2311000000
1.3987000000
1.4908000000
1.5221000000
1.5061000000
1.4542000000
1.3763000000
1.2799000000
1.1707000000
1.0524000000
0.9270700000
0.7954400000
0.6570100000
0.5103800000
0.3534900000
0.1837200000
-0.0019814000
-0.2070900000
-0.4355200000
-0.6917200000
-0.9807800000
-1.3087000000
-1.6825000000
-2.1106000000
-2.6030000000
-3.1715000000
-3.8292000000
-4.5901000000
-5.4664000000
-6.4651000000
-7.5808000000
-8.7864000000
-10.0230000000
-11.1970000000
-12.1870000000
-12.8750000000
-13.1850000000
-13.1090000000
-12.7000000000
-12.0460000000
-11.2320000000
-10.3220000000
-9.3564000000
-8.3651000000
-7.3706000000
-6.3950000000
-5.4586000000
-4.5785000000
-3.7657000000
-3.0255000000
-2.3578000000
-1.7589000000
-1.2230000000
-0.7436000000
-0.3140000000
0.0718230000
0.4193400000
0.7333600000
1.0181000000
1.2774000000
1.5146000000
1.7326000000
1.9342000000
2.1219000000
2.2977000000
2.4638000000
2.6217000000
2.7730000000
2.9190000000
3.0608000000
3.1992000000
3.3349000000
3.4683000000
3.5996000000
3.7286000000
3.8548000000
3.9774000000
4.0948000000
4.2051000000
4.3058000000
4.3936000000
4.4643000000
4.5132000000
4.5348000000
4.5229000000
4.4716000000
4.3750000000
4.2283000000
4.0286000000
3.7754000000
3.4712000000
3.1218000000
2.7357000000
2.3233000000
1.8958000000
1.4634000000
1.0345000000
0.6147600000
0.2065100000
-0.1907700000
-0.5801800000
-0.9667700000
-1.3569000000
-1.7578000000
-2.1771000000
-2.6227000000
-3.1027000000
-3.6251000000
-4.1977000000
-4.8271000000
-5.5178000000
-6.2703000000
-7.0775000000
-7.9218000000
-8.7712000000
-9.5784000000
-10.2840000000
-10.8270000000
-11.1550000000
-11.2450000000
-11.1040000000
-10.7650000000
-10.2810000000
-9.7056000000
-9.0840000000
-8.4498000000
-7.8232000000
-7.2142000000
-6.6257000000
-6.0568000000
-5.5049000000
-4.9675000000
-4.4428000000
-3.9297000000
-3.4281000000
-2.9383000000
-2.4608000000
-1.9958000000
-1.5435000000
-1.1034000000
-0.6746400000
-0.2557500000
0.1551600000
0.5603900000
0.9624800000
1.3642000000
1.7682000000
2.1772000000
2.5935000000
3.0187000000
3.4534000000
3.8967000000
4.3452000000
4.7917000000
5.2236000000
5.6206000000
5.9513000000
6.1707000000
6.2183000000
6.0211000000
5.5035000000
4.6088000000
3.3267000000
1.7138000000
-0.1084300000
-1.9851000000
-3.7687000000
-5.3490000000
-6.6597000000
-7.6714000000
-8.3807000000
-8.8023000000
-8.9643000000
-8.9047000000
-8.6668000000
-8.2956000000
-7.8334000000
-7.3170000000
-6.7771000000
-6.2373000000
-5.7155000000
-5.2239000000
-4.7709000000
-4.3613000000
-3.9976000000
-3.6802000000
-3.4085000000
-3.1808000000
-2.9949000000
-2.8485000000
-2.7389000000
-2.6636000000
-2.6202000000
-2.6066000000
-2.6207000000
-2.6606000000
-2.7247000000
-2.8116000000
-2.9197000000
-3.0477000000
-3.1942000000
-3.3576000000
-3.5361000000
-3.7273000000
-3.9284000000
-4.1360000000
-4.3455000000
-4.5513000000
-4.7466000000
-4.9233000000
-5.0717000000
-5.1815000000
-5.2413000000
-5.2404000000
-5.1688000000
-5.0191000000
-4.7872000000
-4.4735000000
-4.0825000000
-3.6230000000
-3.1070000000
-2.5480000000
-1.9599000000
-1.3554000000
-0.7455500000
-0.1389100000
0.4581000000
1.0410000000
1.6069000000
2.1535000000
2.6788000000
3.1800000000
3.6530000000
4.0914000000
4.4853000000
4.8206000000
5.0781000000
5.2329000000
5.2554000000
5.1139000000
4.7800000000
4.2362000000
3.4844000000
2.5518000000
1.4897000000
0.3648400000
-0.7546000000
-1.8116000000
-2.7677000000
-3.6034000000
-4.3142000000
-4.9053000000
-5.3868000000
-5.7699000000
-6.0656000000
-6.2837000000
-6.4329000000
-6.5211000000
-6.5556000000
-6.5436000000
-6.4921000000
-6.4084000000
-6.2996000000
-6.1727000000
-6.0348000000
-5.8922000000
-5.7511000000
-5.6173000000
-5.4958000000
-5.3915000000
-5.3088000000
-5.2520000000
-5.2253000000
-5.2328000000
-5.2789000000
-5.3681000000
-5.5051000000
-5.6947000000
-5.9415000000
-6.2493000000
-6.6199000000
-7.0516000000
-7.5365000000
-8.0563000000
-8.5780000000
-9.0486000000
-9.3927000000
-9.5179000000
-9.3328000000
-8.7798000000
-7.8697000000
-6.6975000000
-5.4219000000
-4.2174000000
-3.2264000000
-2.5319000000
-2.1541000000
-2.0630000000
-2.1965000000
-2.4786000000
-2.8348000000
-3.2026000000
-3.5367000000
-3.8097000000
-4.0098000000
-4.1365000000
-4.1970000000
-4.2026000000
-4.1662000000
-4.1005000000
-4.0168000000
-3.9246000000
-3.8316000000
-3.7434000000
-3.6639000000
-3.5958000000
-3.5404000000
-3.4982000000
-3.4693000000
-3.4530000000
-3.4488000000
-3.4557000000
-3.4727000000
-3.4991000000
-3.5339000000
-3.5765000000
-3.6262000000
-3.6827000000
-3.7457000000
-3.8150000000
-3.8905000000
-3.9726000000
-4.0615000000
-4.1576000000
-4.2615000000
-4.3740000000
-4.4957000000
-4.6275000000
-4.7702000000
-4.9246000000
-5.0911000000
-5.2701000000
-5.4615000000
-5.6645000000
-5.8776000000
-6.0986000000
-6.3238000000
-6.5486000000
-6.7673000000
-6.9729000000
-7.1581000000
-7.3151000000
-7.4368000000
-7.5172000000
-7.5525000000
-7.5412000000
-7.4847000000
-7.3872000000
-7.2555000000
-7.0984000000
-6.9259000000
-6.7489000000
-6.5782000000
-6.4244000000
-6.2972000000
-6.2057000000
-6.1580000000
-6.1611000000
-6.2206000000
-6.3410000000
-6.5243000000
-6.7697000000
-7.0718000000
-7.4190000000
-7.7900000000
-8.1521000000
-8.4582000000
-8.6481000000
-8.6545000000
-8.4161000000
-7.8973000000
-7.1062000000
-6.1011000000
-4.9789000000
-3.8499000000
-2.8113000000
-1.9307000000
-1.2421000000
-0.7502600000
-0.4389900000
-0.2794600000
-0.2374000000
-0.2784600000
-0.3720400000
-0.4934300000
-0.6247500000
-0.7546900000
-0.8776200000
-0.9922700000
-1.1004000000
-1.2056000000
-1.3124000000
-1.4255000000
-1.5495000000
-1.6888000000
-1.8475000000
-2.0296000000
-2.2392000000
-2.4806000000
-2.7585000000
-3.0785000000
-3.4471000000
-3.8714000000
-4.3592000000
-4.9183000000
-5.5549000000
-6.2717000000
-7.0645000000
-7.9175000000
-8.7996000000
-9.6611000000
-10.4360000000
-11.0530000000
-11.4480000000
-11.5870000000
-11.4710000000
-11.1340000000
-10.6330000000
-10.0250000000
-9.3608000000
-8.6754000000
-7.9897000000
-7.3139000000
-6.6517000000
-6.0033000000
-5.3685000000
-4.7473000000
-4.1407000000
-3.5502000000
-2.9775000000
-2.4243000000
-1.8914000000
-1.3793000000
-0.8872900000
-0.4142300000
0.0418890000
0.4835600000
0.9136800000
1.3354000000
1.7518000000
2.1660000000
2.5807000000
2.9980000000
3.4190000000
3.8434000000
4.2688000000
4.6896000000
5.0955000000
5.4698000000
5.7871000000
6.0104000000
6.0904000000
5.9663000000
5.5732000000
4.8571000000
3.7962000000
2.4211000000
0.8191500000
-0.8835100000
-2.5545000000
-4.0853000000
-5.4045000000
-6.4757000000
-7.2884000000
-7.8491000000
-8.1755000000
-8.2935000000
-8.2346000000
-8.0339000000
-7.7271000000
-7.3486000000
-6.9289000000
-6.4942000000
-6.0652000000
-5.6581000000
-5.2845000000
-4.9524000000
-4.6667000000
-4.4304000000
-4.2443000000
-4.1086000000
-4.0222000000
-3.9840000000
-3.9922000000
-4.0451000000
-4.1406000000
-4.2763000000
-4.4495000000
-4.6568000000
-4.8936000000
-5.1541000000
-5.4300000000
-5.7105000000
-5.9817000000
-6.2258000000
-6.4211000000
-6.5432000000
-6.5668000000
-6.4685000000
-6.2311000000
-5.8475000000
-5.3237000000
-4.6785000000
-3.9413000000
-3.1465000000
-2.3288000000
-1.5185000000
-0.7391200000
-0.0073027000
0.6666300000
1.2771000000
1.8215000000
2.2993000000
2.7103000000
3.0546000000
3.3316000000
3.5404000000
3.6795000000
3.7473000000
3.7430000000
3.6665000000
3.5199000000
3.3076000000
3.0366000000
2.7168000000
2.3596000000
1.9775000000
1.5824000000
1.1847000000
0.7917700000
0.4081800000
0.0352140000
-0.3286500000
-0.6871400000
-1.0456000000
-1.4105000000
-1.7889000000
-2.1881000000
-2.6159000000
-3.0800000000
-3.5884000000
-4.1489000000
-4.7685000000
-5.4521000000
-6.2009000000
-7.0090000000
-7.8599000000
-8.7227000000
-9.5502000000
-10.2820000000
-10.8550000000
-11.2130000000
-11.3290000000
-11.2050000000
-10.8770000000
-10.3950000000
-9.8152000000
-9.1846000000
-8.5377000000
-7.8958000000
-7.2692000000
-6.6614000000
-6.0718000000
-5.4984000000
-4.9394000000
-4.3934000000
-3.8601000000
-3.3397000000
-2.8329000000
-2.3403000000
-1.8623000000
-1.3990000000
-0.9496300000
-0.5131100000
-0.0877250000
0.3286900000
0.7386500000
1.1449000000
1.5504000000
1.9579000000
2.3700000000
2.7889000000
3.2159000000
3.6511000000
4.0928000000
4.5364000000
4.9727000000
5.3867000000
5.7542000000
6.0394000000
6.1923000000
6.1483000000
5.8335000000
5.1792000000
4.1453000000
2.7464000000
1.0643000000
-0.7655700000
-2.5909000000
-4.2799000000
-5.7419000000
-6.9274000000
-7.8186000000
-8.4195000000
-8.7493000000
-8.8387000000
-8.7262000000
-8.4546000000
-8.0665000000
-7.6017000000
-7.0945000000
-6.5727000000
-6.0581000000
-5.5664000000
-5.1088000000
-4.6923000000
-4.3210000000
-3.9968000000
-3.7198000000
-3.4890000000
-3.3026000000
-3.1585000000
-3.0543000000
-2.9875000000
-2.9558000000
-2.9570000000
-2.9889000000
-3.0496000000
-3.1373000000
-3.2501000000
-3.3862000000
-3.5436000000
-3.7202000000
-3.9132000000
-4.1193000000
-4.3344000000
-4.5532000000
-4.7693000000
-4.9745000000
-5.1592000000
-5.3123000000
-5.4211000000
-5.4728000000
-5.4546000000
-5.3555000000
-5.1679000000
-4.8884000000
-4.5193000000
-4.0682000000
-3.5471000000
-2.9714000000
-2.3577000000
-1.7218000000
-1.0779000000
-0.4374200000
0.1909600000
0.8011500000
1.3891000000
1.9519000000
2.4874000000
2.9930000000
3.4653000000
3.8987000000
4.2850000000
4.6128000000
4.8662000000
5.0251000000
5.0658000000
4.9630000000
4.6941000000
4.2444000000
3.6141000000
2.8227000000
1.9090000000
0.9254200000
-0.0715540000
-1.0322000000
-1.9206000000
-2.7164000000
-3.4134000000
-4.0147000000
-4.5290000000
-4.9666000000
-5.3374000000
-5.6501000000
-5.9112000000
-6.1255000000
-6.2965000000
-6.4267000000
-6.5179000000
-6.5721000000
-6.5913000000
-6.5782000000
-6.5359000000
-6.4682000000
-6.3796000000
-6.2748000000
-6.1591000000
-6.0380000000
-5.9167000000
-5.8007000000
-5.6954000000
-5.6059000000
-5.5372000000
-5.4943000000
-5.4824000000
-5.5066000000
-5.5721000000
-5.6844000000
-5.8488000000
-6.0705000000
-6.3537000000
-6.7006000000
-7.1098000000
-7.5738000000
-8.0749000000
-8.5804000000
-9.0383000000
-9.3743000000
-9.4971000000
-9.3162000000
-8.7731000000
-7.8760000000
-6.7154000000
-5.4457000000
-4.2386000000
-3.2357000000
-2.5211000000
-2.1177000000
-1.9987000000
-2.1050000000
-2.3631000000
-2.7001000000
-3.0542000000
-3.3804000000
-3.6506000000
-3.8522000000
-3.9841000000
-4.0527000000
-4.0687000000
-4.0444000000
-3.9919000000
-3.9222000000
-3.8446000000
-3.7662000000
-3.6925000000
-3.6274000000
-3.5732000000
-3.5314000000
-3.5025000000
-3.4865000000
-3.4830000000
-3.4914000000
-3.5109000000
-3.5409000000
-3.5805000000
-3.6294000000
-3.6870000000
-3.7530000000
-3.8274000000
-3.9103000000
-4.0020000000
-4.1028000000
-4.2136000000
-4.3350000000
-4.4680000000
-4.6136000000
-4.7728000000
-4.9465000000
-5.1356000000
-5.3403000000
-5.5605000000
-5.7953000000
-6.0427000000
-6.2995000000
-6.5608000000
-6.8203000000
-7.0701000000
-7.3011000000
-7.5034000000
-7.6673000000
-7.7844000000
-7.8483000000
-7.8559000000
-7.8077000000
-7.7080000000
-7.5647000000
-7.3882000000
-7.1907000000
-6.9855000000
-6.7856000000
-6.6034000000
-6.4502000000
-6.3357000000
-6.2686000000
-6.2554000000
-6.3012000000
-6.4088000000
-6.5785000000
-6.8068000000
-7.0850000000
-7.3978000000
-7.7205000000
-8.0176000000
-8.2419000000
-8.3373000000
-8.2461000000
-7.9222000000
-7.3463000000
-6.5378000000
-5.5551000000
-4.4827000000
-3.4106000000
-2.4156000000
-1.5507000000
-0.8430200000
-0.2985400000
0.0922530000
0.3482000000
0.4926800000
0.5500700000
0.5433000000
0.4922800000
0.4130300000
0.3174500000
0.2134900000
0.1056400000
-0.0043928000
-0.1169800000
-0.2339400000
-0.3580100000
-0.4924400000
-0.6408000000
-0.8068300000
-0.9944200000
-1.2077000000
-1.4514000000
-1.7305000000
-2.0510000000
-2.4202000000
-2.8463000000
-3.3391000000
-3.9097000000
-4.5696000000
-5.3295000000
-6.1962000000
-7.1676000000
-8.2259000000
-9.3300000000
-10.4100000000
-11.3700000000
-12.1080000000
-12.5380000000
-12.6260000000
-12.3920000000
-11.9000000000
-11.2260000000
-10.4410000000
-9.5925000000
-8.7117000000
-7.8167000000
-6.9202000000
-6.0341000000
-5.1697000000
-4.3379000000
-3.5474000000
-2.8044000000
-2.1120000000
-1.4710000000
-0.8797600000
-0.3355400000
0.1654800000
0.6275800000
1.0552000000
1.4529000000
1.8247000000
2.1747000000
2.5063000000
2.8225000000
3.1257000000
3.4175000000
3.6987000000
3.9689000000
4.2265000000
4.4681000000
4.6886000000
4.8801000000
5.0320000000
5.1307000000
5.1598000000
5.1007000000
4.9347000000
4.6458000000
4.2246000000
3.6723000000
3.0031000000
2.2437000000
1.4302000000
0.6013300000
-0.2079100000
-0.9713900000
-1.6739000000
-2.3104000000
-2.8835000000
-3.4008000000
-3.8715000000
-4.3051000000
-4.7096000000
-5.0912000000
-5.4535000000
-5.7984000000
-6.1250000000
-6.4309000000
-6.7119000000
-6.9624000000
-7.1762000000
-7.3471000000
-7.4697000000
-7.5404000000
-7.5577000000
-7.5229000000
-7.4401000000
-7.3161000000
-7.1599000000
-6.9818000000
-6.7929000000
-6.6046000000
-6.4277000000
-6.2724000000
-6.1480000000
-6.0628000000
-6.0238000000
-6.0374000000
-6.1084000000
-6.2404000000
-6.4348000000
-6.6902000000
-7.0008000000
-7.3543000000
-7.7296000000
-8.0938000000
-8.4006000000
-8.5908000000
-8.5982000000
-8.3632000000
-7.8509000000
-7.0690000000
-6.0744000000
-4.9614000000
-3.8377000000
-2.7989000000
-1.9121000000
-1.2117000000
-0.7039300000
-0.3742400000
-0.1956400000
-0.1355100000
-0.1608000000
-0.2416800000
-0.3537800000
-0.4790800000
-0.6058400000
-0.7278400000
-0.8432000000
-0.9531200000
-1.0607000000
-1.1701000000
-1.2859000000
-1.4126000000
-1.5545000000
-1.7157000000
-1.9003000000
-2.1124000000
-2.3565000000
-2.6375000000
-2.9612000000
-3.3340000000
-3.7637000000
-4.2584000000
-4.8263000000
-5.4746000000
-6.2067000000
-7.0194000000
-7.8978000000
-8.8105000000
-9.7066000000
-10.5170000000
-11.1670000000
-11.5870000000
-11.7410000000
-11.6270000000
-11.2830000000
-10.7670000000
-10.1400000000
-9.4530000000
-8.7412000000
-8.0259000000
-7.3171000000
-6.6191000000
-5.9332000000
-5.2604000000
-4.6024000000
-3.9615000000
-3.3402000000
-2.7410000000
-2.1655000000
-1.6148000000
-1.0886000000
-0.5861500000
-0.1054900000
0.3558500000
0.8008400000
1.2327000000
1.6549000000
2.0706000000
2.4829000000
2.8942000000
3.3061000000
3.7190000000
4.1314000000
4.5392000000
4.9344000000
5.3037000000
5.6264000000
5.8723000000
6.0001000000
5.9578000000
5.6867000000
5.1323000000
4.2617000000
3.0822000000
1.6525000000
0.0748250000
-1.5293000000
-3.0488000000
-4.4028000000
-5.5443000000
-6.4544000000
-7.1328000000
-7.5910000000
-7.8480000000
-7.9283000000
-7.8598000000
-7.6729000000
-7.3980000000
-7.0643000000
-6.6979000000
-6.3214000000
-5.9531000000
-5.6074000000
-5.2951000000
-5.0236000000
-4.7981000000
-4.6217000000
-4.4963000000
-4.4224000000
-4.4002000000
-4.4293000000
-4.5089000000
-4.6377000000
-4.8141000000
-5.0356000000
-5.2983000000
-5.5965000000
-5.9217000000
-6.2613000000
-6.5977000000
-6.9074000000
-7.1601000000
-7.3200000000
-7.3490000000
-7.2121000000
-6.8856000000
-6.3644000000
-5.6665000000
-4.8315000000
-3.9129000000
-2.9672000000
-2.0448000000
-1.1842000000
-0.4103100000
0.2639000000
0.8343700000
1.3031000000
1.6758000000
1.9601000000
2.1644000000
2.2977000000
2.3687000000
2.3861000000
2.3581000000
2.2926000000
2.1969000000
2.0776000000
1.9403000000
1.7897000000
1.6293000000
1.4616000000
1.2878000000
1.1081000000
0.9218300000
0.7274800000
0.5227800000
0.3048700000
0.0703240000
-0.1848500000
-0.4652100000
-0.7760400000
-1.1234000000
-1.5145000000
-1.9577000000
-2.4630000000
-3.0419000000
-3.7075000000
-4.4735000000
-5.3522000000
-6.3512000000
-7.4661000000
-8.6720000000
-9.9133000000
-11.0990000000
-12.1090000000
-12.8250000000
-13.1670000000
-13.1210000000
-12.7360000000
-12.0990000000
-11.2960000000
-10.3920000000
-9.4309000000
-8.4417000000
-7.4475000000
-6.4704000000
-5.5309000000
-4.6461000000
-3.8277000000
-3.0814000000
-2.4075000000
-1.8026000000
-1.2612000000
-0.7765600000
-0.3422900000
0.0477570000
0.3990800000
0.7165200000
1.0044000000
1.2665000000
1.5062000000
1.7266000000
1.9304000000
2.1201000000
2.2979000000
2.4658000000
2.6254000000
2.7784000000
2.9261000000
3.0694000000
3.2094000000
3.3466000000
3.4815000000
3.6142000000
3.7445000000
3.8719000000
3.9954000000
4.1135000000
4.2242000000
4.3248000000
4.4118000000
4.4810000000
4.5274000000
4.5453000000
4.5286000000
4.4709000000
4.3666000000
4.2109000000
4.0012000000
3.7373000000
3.4223000000
3.0626000000
2.6672000000
2.2469000000
1.8132000000
1.3763000000
0.9443500000
0.5225200000
0.1128100000
-0.2858200000
-0.6768600000
-1.0657000000
-1.4589000000
-1.8639000000
-2.2883000000
-2.7402000000
-3.2275000000
-3.7583000000
-4.3399000000
-4.9786000000
-5.6782000000
-6.4375000000
-7.2476000000
-8.0882000000
-8.9246000000
-9.7072000000
-10.3760000000
-10.8720000000
-11.1500000000
-11.1900000000
-11.0070000000
-10.6390000000
-10.1370000000
-9.5551000000
-8.9356000000
-8.3091000000
-7.6937000000
-7.0979000000
-6.5236000000
-5.9691000000
-5.4317000000
-4.9085000000
-4.3975000000
-3.8974000000
-3.4079000000
-2.9292000000
-2.4616000000
-2.0055000000
-1.5609000000
-1.1275000000
-0.7042800000
-0.2900300000
0.1171100000
0.5193100000
0.9190400000
1.3190000000
1.7217000000
2.1300000000
2.5460000000
2.9713000000
3.4068000000
3.8514000000
4.3022000000
4.7521000000
5.1890000000
5.5932000000
5.9339000000
6.1669000000
6.2324000000
6.0571000000
5.5639000000
4.6930000000
3.4291000000
1.8245000000
-0.0021422000
-1.8947000000
-3.7022000000
-5.3098000000
-6.6477000000
-7.6838000000
-8.4131000000
-8.8498000000
-9.0218000000
-8.9673000000
-8.7304000000
-8.3568000000
-7.8894000000
-7.3659000000
-6.8173000000
-6.2677000000
-5.7350000000
-5.2318000000
-4.7666000000
-4.3442000000
-3.9672000000
-3.6362000000
-3.3504000000
-3.1083000000
-2.9076000000
-2.7460000000
-2.6206000000
-2.5291000000
-2.4689000000
-2.4377000000
-2.4335000000
-2.4543000000
-2.4986000000
-2.5648000000
-2.6517000000
-2.7579000000
-2.8823000000
-3.0238000000
-3.1810000000
-3.3524000000
-3.5361000000
-3.7299000000
-3.9310000000
-4.1355000000
-4.3391000000
-4.5359000000
-4.7192000000
-4.8808000000
-5.0115000000
-5.1013000000
-5.1399000000
-5.1173000000
-5.0252000000
-4.8574000000
-4.6113000000
-4.2883000000
-3.8936000000
-3.4362000000
-2.9273000000
-2.3797000000
-1.8057000000
-1.2170000000
-0.6232400000
-0.0319720000
0.5512200000
1.1225000000
1.6792000000
2.2194000000
2.7412000000
3.2417000000
3.7166000000
4.1591000000
4.5588000000
4.9005000000
5.1636000000
5.3210000000
5.3406000000
5.1873000000
4.8295000000
4.2479000000
3.4447000000
2.4502000000
1.3216000000
0.1321500000
-1.0441000000
-2.1463000000
-3.1344000000
-3.9886000000
-4.7051000000
-5.2896000000
-5.7525000000
-6.1060000000
-6.3619000000
-6.5315000000
-6.6253000000
-6.6536000000
-6.6261000000
-6.5528000000
-6.4434000000
-6.3072000000
-6.1533000000
-5.9902000000
-5.8255000000
-5.6663000000
-5.5187000000
-5.3882000000
-5.2798000000
-5.1977000000
-5.1462000000
-5.1291000000
-5.1504000000
-5.2141000000
-5.3244000000
-5.4855000000
-5.7018000000
-5.9769000000
-6.3135000000
-6.7115000000
-7.1667000000
-7.6669000000
-8.1886000000
-8.6916000000
-9.1152000000
-9.3786000000
-9.3898000000
-9.0695000000
-8.3842000000
-7.3749000000
-6.1598000000
-4.9023000000
-3.7633000000
-2.8608000000
-2.2538000000
-1.9451000000
-1.8957000000
-2.0423000000
-2.3132000000
-2.6413000000
-2.9726000000
-3.2692000000
-3.5096000000
-3.6856000000
-3.7987000000
-3.8567000000
-3.8702000000
-3.8510000000
-3.8101000000
-3.7572000000
-3.7002000000
-3.6454000000
-3.5971000000
-3.5583000000
-3.5310000000
-3.5161000000
-3.5139000000
-3.5245000000
-3.5475000000
-3.5825000000
-3.6291000000
-3.6869000000
-3.7557000000
-3.8355000000
-3.9263000000
-4.0287000000
-4.1432000000
-4.2706000000
-4.4119000000
-4.5681000000
-4.7405000000
-4.9302000000
-5.1380000000
-5.3645000000
-5.6096000000
-5.8722000000
-6.1499000000
-6.4388000000
-6.7330000000
-7.0247000000
-7.3039000000
-7.5593000000
-7.7789000000
-7.9511000000
-8.0661000000
-8.1175000000
-8.1029000000
-8.0250000000
-7.8907000000
-7.7110000000
-7.4997000000
-7.2719000000
-7.0427000000
-6.8268000000
-6.6372000000
-6.4853000000
-6.3803000000
-6.3293000000
-6.3372000000
-6.4066000000
-6.5368000000
-6.7238000000
-6.9584000000
-7.2254000000
-7.5016000000
-7.7543000000
-7.9417000000
-8.0149000000
-7.9242000000
-7.6289000000
-7.1101000000
-6.3793000000
-5.4801000000
-4.4792000000
-3.4514000000
-2.4640000000
-1.5676000000
-0.7927500000
-0.1523700000
0.3539000000
0.7351700000
1.0055000000
1.1814000000
1.2795000000
1.3158000000
1.3048000000
1.2588000000
1.1877000000
1.0994000000
0.9991200000
0.8904200000
0.7750000000
0.6531300000
0.5240300000
0.3860500000
0.2369500000
0.0739780000
-0.1059700000
-0.3064100000
-0.5312600000
-0.7849700000
-1.0727000000
-1.4005000000
-1.7754000000
-2.2062000000
-2.7030000000
-3.2777000000
-3.9438000000
-4.7150000000
-5.6032000000
-6.6142000000
-7.7403000000
-8.9507000000
-10.1820000000
-11.3370000000
-12.2910000000
-12.9320000000
-13.1890000000
-13.0650000000
-12.6200000000
-11.9420000000
-11.1130000000
-10.1950000000
-9.2260000000
-8.2342000000
-7.2420000000
-6.2710000000
-5.3413000000
-4.4690000000
-3.6646000000
-2.9326000000
-2.2726000000
-1.6805000000
-1.1506000000
-0.6761700000
-0.2508600000
0.1313500000
0.4758300000
0.7873400000
1.0701000000
1.3277000000
1.5637000000
1.7809000000
1.9820000000
2.1695000000
2.3456000000
2.5121000000
2.6707000000
2.8230000000
2.9702000000
3.1132000000
3.2530000000
3.3901000000
3.5248000000
3.6572000000
3.7870000000
3.9135000000
4.0356000000
4.1515000000
4.2592000000
4.3555000000
4.4368000000
4.4985000000
4.5356000000
4.5419000000
4.5114000000
4.4379000000
4.3159000000
4.1414000000
3.9125000000
3.6302000000
3.2988000000
2.9257000000
2.5207000000
2.0949000000
1.6594000000
1.2239000000
0.7955700000
0.3783600000
-0.0268270000
-0.4219600000
-0.8112800000
-1.2006000000
-1.5970000000
-2.0078000000
-2.4409000000
-2.9043000000
-3.4060000000
-3.9539000000
-4.5551000000
-5.2153000000
-5.9366000000
-6.7158000000
-7.5403000000
-8.3849000000
-9.2097000000
-9.9605000000
-10.5760000000
-11.0000000000
-11.1950000000
-11.1540000000
-10.9000000000
-10.4790000000
-9.9431000000
-9.3429000000
-8.7174000000
-8.0926000000
-7.4827000000
-6.8935000000
-6.3254000000
-5.7761000000
-5.2429000000
-4.7230000000
-4.2147000000
-3.7173000000
-3.2306000000
-2.7550000000
-2.2907000000
-1.8380000000
-1.3969000000
-0.9667900000
-0.5465900000
-0.1347900000
0.2705800000
0.6718400000
1.0715000000
1.4724000000
1.8770000000
2.2879000000
2.7072000000
3.1363000000
3.5753000000
4.0226000000
4.4738000000
4.9203000000
5.3473000000
5.7314000000
6.0371000000
6.2143000000
6.1977000000
5.9108000000
5.2803000000
4.2599000000
2.8582000000
1.1540000000
-0.7151400000
-2.5904000000
-4.3323000000
-5.8431000000
-7.0685000000
-7.9880000000
-8.6045000000
-8.9378000000
-9.0201000000
-8.8922000000
-8.5993000000
-8.1864000000
-7.6947000000
-7.1594000000
-6.6088000000
-6.0647000000
-5.5428000000
-5.0540000000
-4.6054000000
-4.2009000000
-3.8423000000
-3.5295000000
-3.2615000000
-3.0364000000
-2.8520000000
-2.7055000000
-2.5946000000
-2.5165000000
-2.4689000000
-2.4497000000
-2.4567000000
-2.4882000000
-2.5427000000
-2.6187000000
-2.7150000000
-2.8302000000
-2.9633000000
-3.1129000000
-3.2776000000
-3.4558000000
-3.6454000000
-3.8437000000
-4.0476000000
-4.2527000000
-4.4540000000
-4.6452000000
-4.8185000000
-4.9654000000
-5.0759000000
-5.1397000000
-5.1466000000
-5.0872000000
-4.9542000000
-4.7432000000
-4.4538000000
-4.0894000000
-3.6576000000
-3.1687000000
-2.6351000000
-2.0696000000
-1.4844000000
-0.8901400000
-0.2954500000
0.2931800000
0.8711600000
1.4354000000
1.9836000000
2.5140000000
3.0243000000
3.5107000000
3.9678000000
4.3869000000
4.7550000000
5.0541000000
5.2601000000
5.3429000000
5.2686000000
5.0036000000
4.5222000000
3.8164000000
2.9040000000
1.8309000000
0.6645600000
-0.5198800000
-1.6551000000
-2.6920000000
-3.6026000000
-4.3768000000
-5.0170000000
-5.5321000000
-5.9336000000
-6.2335000000
-6.4433000000
-6.5736000000
-6.6345000000
-6.6357000000
-6.5868000000
-6.4973000000
-6.3765000000
-6.2335000000
-6.0769000000
-5.9146000000
-5.7538000000
-5.6012000000
-5.4625000000
-5.3428000000
-5.2468000000
-5.1788000000
-5.1427000000
-5.1425000000
-5.1822000000
-5.2659000000
-5.3979000000
-5.5825000000
-5.8240000000
-6.1257000000
-6.4894000000
-6.9136000000
-7.3909000000
-7.9049000000
-8.4252000000
-8.9031000000
-9.2680000000
-9.4322000000
-9.3050000000
-8.8226000000
-7.9823000000
-6.8613000000
-5.6044000000
-4.3805000000
-3.3361000000
-2.5639000000
-2.0964000000
-1.9154000000
-1.9681000000
-2.1851000000
-2.4946000000
-2.8343000000
-3.1568000000
-3.4319000000
-3.6444000000
-3.7910000000
-3.8766000000
-3.9107000000
-3.9050000000
-3.8710000000
-3.8195000000
-3.7596000000
-3.6984000000
-3.6413000000
-3.5922000000
-3.5537000000
-3.5271000000
-3.5132000000
-3.5121000000
-3.5235000000
-3.5470000000
-3.5822000000
-3.6285000000
-3.6855000000
-3.7531000000
-3.8311000000
-3.9197000000
-4.0193000000
-4.1303000000
-4.2536000000
-4.3900000000
-4.5407000000
-4.7068000000
-4.8894000000
-5.0893000000
-5.3074000000
-5.5435000000
-5.7968000000
-6.0655000000
-6.3460000000
-6.6332000000
-6.9199000000
-7.1972000000
-7.4542000000
-7.6796000000
-7.8619000000
-7.9912000000
-8.0599000000
-8.0648000000
-8.0068000000
-7.8914000000
-7.7282000000
-7.5297000000
-7.3102000000
-7.0847000000
-6.8676000000
-6.6724000000
-6.5108000000
-6.3926000000
-6.3257000000
-6.3161000000
-6.3673000000
-6.4801000000
-6.6522000000
-6.8769000000
-7.1417000000
-7.4265000000
-7.7026000000
-7.9309000000
-8.0637000000
-8.0491000000
-7.8399000000
-7.4062000000
-6.7467000000
-5.8944000000
-4.9111000000
-3.8734000000
-2.8558000000
-1.9175000000
-1.0976000000
-0.4148300000
0.1275400000
0.5371500000
0.8281400000
1.0178000000
1.1243000000
1.1651000000
1.1560000000
1.1106000000
1.0398000000
0.9517500000
0.8523800000
0.7452000000
0.6318700000
0.5125400000
0.3862300000
0.2511000000
0.1047100000
-0.0558220000
-0.2337300000
-0.4326300000
-0.6564900000
-0.9098600000
-1.1979000000
-1.5268000000
-1.9037000000
-2.3375000000
-2.8382000000
-3.4180000000
-4.0901000000
-4.8678000000
-5.7621000000
-6.7769000000
-7.9018000000
-9.1024000000
-10.3110000000
-11.4280000000
-12.3310000000
-12.9140000000
-13.1170000000
-12.9490000000
-12.4760000000
-11.7830000000
-10.9510000000
-10.0370000000
-9.0769000000
-8.0964000000
-7.1163000000
-6.1567000000
-5.2360000000
-4.3695000000
-3.5671000000
-2.8335000000
-2.1687000000
-1.5695000000
-1.0308000000
-0.5466400000
-0.1110200000
0.2817500000
0.6369200000
0.9592400000
1.2530000000
1.5219000000
1.7696000000
1.9991000000
2.2131000000
2.4141000000
2.6043000000
2.7856000000
2.9595000000
3.1275000000
3.2904000000
3.4490000000
3.6035000000
3.7541000000
3.9000000000
4.0404000000
4.1734000000
4.2967000000
4.4070000000
4.5002000000
4.5711000000
4.6138000000
4.6213000000
4.5864000000
4.5018000000
4.3614000000
4.1605000000
3.8976000000
3.5744000000
3.1970000000
2.7751000000
2.3210000000
1.8483000000
1.3702000000
0.8973000000
0.4370400000
-0.0070015000
-0.4349200000
-0.8498500000
-1.2572000000
-1.6639000000
-2.0775000000
-2.5060000000
-2.9573000000
-3.4391000000
-3.9588000000
-4.5229000000
-5.1361000000
-5.8008000000
-6.5141000000
-7.2662000000
-8.0369000000
-8.7943000000
-9.4944000000
-10.0860000000
-10.5200000000
-10.7580000000
-10.7870000000
-10.6170000000
-10.2810000000
-9.8259000000
-9.2978000000
-8.7376000000
-8.1756000000
-7.6313000000
-7.1142000000
-6.6272000000
-6.1682000000
-5.7327000000
-5.3151000000
-4.9101000000
-4.5130000000
-4.1202000000
-3.7295000000
-3.3396000000
-2.9498000000
-2.5603000000
-2.1714000000
-1.7836000000
-1.3970000000
-1.0119000000
-0.6276600000
-0.2437300000
0.1410600000
0.5282000000
0.9194400000
1.3167000000
1.7221000000
2.1376000000
2.5646000000
3.0043000000
3.4565000000
3.9192000000
4.3879000000
4.8537000000
5.3015000000
5.7071000000
6.0343000000
6.2311000000
6.2294000000
5.9491000000
5.3123000000
4.2690000000
2.8270000000
1.0690000000
-0.8601800000
-2.7932000000
-4.5837000000
-6.1296000000
-7.3745000000
-8.2971000000
-8.9015000000
-9.2095000000
-9.2570000000
-9.0887000000
-8.7531000000
-8.2976000000
-7.7645000000
-7.1894000000
-6.6002000000
-6.0180000000
-5.4577000000
-4.9299000000
-4.4410000000
-3.9948000000
-3.5929000000
-3.2351000000
-2.9203000000
-2.6465000000
-2.4112000000
-2.2117000000
-2.0450000000
-1.9083000000
-1.7989000000
-1.7143000000
-1.6520000000
-1.6100000000
-1.5864000000
-1.5795000000
-1.5878000000
-1.6101000000
-1.6453000000
-1.6926000000
-1.7511000000
-1.8202000000
-1.8993000000
-1.9880000000
-2.0858000000
-2.1922000000
-2.3069000000
-2.4294000000
-2.5591000000
-2.6955000000
-2.8376000000
-2.9844000000
-3.1348000000
-3.2870000000
-3.4391000000
-3.5887000000
-3.7330000000
-3.8684000000
-3.9911000000
-4.0966000000
-4.1801000000
-4.2366000000
-4.2607000000
-4.2477000000
-4.1932000000
-4.0936000000
-3.9469000000
-3.7523000000
-3.5107000000
-3.2245000000
-2.8976000000
-2.5347000000
-2.1414000000
-1.7231000000
-1.2852000000
-0.8324400000
-0.3685900000
0.1033600000
0.5813500000
1.0641000000
1.5509000000
2.0412000000
2.5345000000
3.0295000000
3.5236000000
4.0121000000
4.4867000000
4.9342000000
5.3344000000
5.6577000000
5.8633000000
5.8988000000
5.7036000000
5.2184000000
4.4028000000
3.2559000000
1.8300000000
0.2271000000
-1.4254000000
-3.0064000000
-4.4245000000
-5.6244000000
-6.5819000000
-7.2939000000
-7.7710000000
-8.0329000000
-8.1057000000
-8.0200000000
-7.8088000000
-7.5054000000
-7.1410000000
-6.7437000000
-6.3370000000
-5.9401000000
-5.5674000000
-5.2297000000
-4.9342000000
-4.6858000000
-4.4870000000
-4.3390000000
-4.2420000000
-4.1954000000
-4.1984000000
-4.2496000000
-4.3475000000
-4.4901000000
-4.6750000000
-4.8989000000
-5.1573000000
-5.4437000000
-5.7490000000
-6.0607000000
-6.3619000000
-6.6307000000
-6.8403000000
-6.9602000000
-6.9590000000
-6.8089000000
-6.4920000000
-6.0053000000
-5.3638000000
-4.5989000000
-3.7527000000
-2.8705000000
-1.9940000000
-1.1559000000
-0.3795700000
0.3212400000
0.9397600000
1.4742000000
1.9258000000
2.2975000000
2.5929000000
2.8159000000
2.9704000000
3.0604000000
3.0902000000
3.0644000000
2.9884000000
2.8681000000
2.7099000000
2.5208000000
2.3077000000
2.0772000000
1.8350000000
1.5859000000
1.3331000000
1.0784000000
0.8220200000
0.5629500000
0.2988300000
0.0263440000
-0.2586800000
-0.5610900000
-0.8864300000
-1.2409000000
-1.6314000000
-2.0659000000
-2.5533000000
-3.1037000000
-3.7281000000
-4.4381000000
-5.2437000000
-6.1512000000
-7.1575000000
-8.2437000000
-9.3669000000
-10.4560000000
-11.4150000000
-12.1410000000
-12.5530000000
-12.6210000000
-12.3680000000
-11.8610000000
-11.1770000000
-10.3850000000
-9.5320000000
-8.6478000000
-7.7503000000
-6.8525000000
-5.9664000000
-5.1034000000
-4.2742000000
-3.4874000000
-2.7488000000
-2.0613000000
-1.4253000000
-0.8390800000
-0.2997000000
0.1967400000
0.6545700000
1.0783000000
1.4723000000
1.8408000000
2.1878000000
2.5167000000
2.8305000000
3.1314000000
3.4213000000
3.7006000000
3.9693000000
4.2256000000
4.4663000000
4.6862000000
4.8775000000
5.0298000000
5.1296000000
5.1605000000
5.1040000000
4.9415000000
4.6569000000
4.2405000000
3.6931000000
3.0283000000
2.2725000000
1.4614000000
0.6337200000
-0.1755100000
-0.9398600000
-1.6438000000
-2.2819000000
-2.8568000000
-3.3757000000
-3.8479000000
-4.2829000000
-4.6888000000
-5.0717000000
-5.4356000000
-5.7821000000
-6.1108000000
-6.4190000000
-6.7027000000
-6.9561000000
-7.1732000000
-7.3476000000
-7.4738000000
-7.5479000000
-7.5683000000
-7.5361000000
-7.4554000000
-7.3328000000
-7.1773000000
-6.9992000000
-6.8097000000
-6.6202000000
-6.4417000000
-6.2845000000
-6.1579000000
-6.0702000000
-6.0286000000
-6.0395000000
-6.1077000000
-6.2368000000
-6.4283000000
-6.6809000000
-6.9887000000
-7.3398000000
-7.7133000000
-8.0768000000
-8.3842000000
-8.5771000000
-8.5896000000
-8.3620000000
-7.8585000000
-7.0855000000
-6.0981000000
-4.9892000000
-3.8659000000
-2.8237000000
-1.9307000000
-1.2221000000
-0.7052200000
-0.3662800000
-0.1790500000
-0.1113900000
-0.1305500000
-0.2068100000
-0.3157000000
-0.4390200000
-0.5647800000
-0.6864900000
-0.8019900000
-0.9122800000
-1.0203000000
-1.1301000000
-1.2462000000
-1.3730000000
-1.5149000000
-1.6759000000
-1.8603000000
-2.0720000000
-2.3156000000
-2.5959000000
-2.9189000000
-3.2910000000
-3.7199000000
-4.2138000000
-4.7813000000
-5.4296000000
-6.1627000000
-6.9778000000
-7.8607000000
-8.7807000000
-9.6874000000
-10.5120000000
-11.1760000000
-11.6130000000
-11.7790000000
-11.6750000000
-11.3370000000
-10.8220000000
-10.1930000000
-9.5014000000
-8.7832000000
-8.0601000000
-7.3426000000
-6.6350000000
-5.9390000000
-5.2562000000
-4.5885000000
-3.9386000000
-3.3091000000
-2.7028000000
-2.1213000000
-1.5657000000
-1.0357000000
-0.5302700000
-0.0474620000
0.4153100000
0.8611300000
1.2933000000
1.7153000000
2.1304000000
2.5415000000
2.9511000000
3.3607000000
3.7704000000
4.1787000000
4.5810000000
4.9692000000
5.3292000000
5.6400000000
5.8709000000
5.9805000000
5.9170000000
5.6234000000
5.0482000000
4.1624000000
2.9780000000
1.5562000000
-0.0005901200
-1.5743000000
-3.0590000000
-4.3783000000
-5.4892000000
-6.3749000000
-7.0366000000
-7.4859000000
-7.7414000000
-7.8267000000
-7.7684000000
-7.5954000000
-7.3366000000
-7.0200000000
-6.6706000000
-6.3104000000
-5.9572000000
-5.6253000000
-5.3255000000
-5.0653000000
-4.8503000000
-4.6837000000
-4.5677000000
-4.5034000000
-4.4911000000
-4.5307000000
-4.6219000000
-4.7638000000
-4.9548000000
-5.1927000000
-5.4734000000
-5.7908000000
-6.1354000000
-6.4933000000
-6.8442000000
-7.1611000000
-7.4094000000
-7.5487000000
-7.5369000000
-7.3378000000
-6.9307000000
-6.3183000000
-5.5303000000
-4.6185000000
-3.6460000000
-2.6748000000
-1.7558000000
-0.9247200000
-0.2016400000
0.4056700000
0.8983400000
1.2831000000
1.5698000000
1.7698000000
1.8950000000
1.9570000000
1.9669000000
1.9347000000
1.8696000000
1.7793000000
1.6703000000
1.5476000000
1.4148000000
1.2743000000
1.1270000000
0.9731500000
0.8117100000
0.6410800000
0.4590100000
0.2627100000
0.0488970000
-0.1861900000
-0.4468700000
-0.7381200000
-1.0657000000
-1.4364000000
-1.8584000000
-2.3413000000
-2.8964000000
-3.5367000000
-4.2762000000
-5.1284000000
-6.1028000000
-7.1992000000
-8.3986000000
-9.6529000000
-10.8770000000
-11.9560000000
-12.7620000000
-13.2010000000
-13.2420000000
-12.9230000000
-12.3280000000
-11.5460000000
-10.6490000000
-9.6853000000
-8.6878000000
-7.6817000000
-6.6906000000
-5.7371000000
-4.8400000000
-4.0122000000
-3.2602000000
-2.5842000000
-1.9803000000
-1.4423000000
-0.9629100000
-0.5348900000
-0.1517300000
0.1923000000
0.5021700000
0.7821100000
1.0358000000
1.2666000000
1.4773000000
1.6706000000
1.8488000000
2.0141000000
2.1684000000
2.3134000000
2.4507000000
2.5816000000
2.7075000000
2.8292000000
2.9478000000
3.0640000000
3.1785000000
3.2916000000
3.4038000000
3.5150000000
3.6253000000
3.7343000000
3.8415000000
3.9458000000
4.0460000000
4.1403000000
4.2265000000
4.3017000000
4.3626000000
4.4052000000
4.4250000000
4.4172000000
4.3768000000
4.2990000000
4.1800000000
4.0169000000
3.8087000000
3.5568000000
3.2647000000
2.9384000000
2.5853000000
2.2141000000
1.8332000000
1.4497000000
1.0693000000
0.6949600000
0.3274000000
-0.0350010000
-0.3957700000
-0.7599200000
-1.1336000000
-1.5235000000
-1.9372000000
-2.3826000000
-2.8679000000
-3.4018000000
-3.9932000000
-4.6503000000
-5.3794000000
-6.1830000000
-7.0556000000
-7.9797000000
-8.9207000000
-9.8249000000
-10.6220000000
-11.2390000000
-11.6130000000
-11.7140000000
-11.5530000000
-11.1720000000
-10.6300000000
-9.9872000000
-9.2927000000
-8.5787000000
-7.8639000000
-7.1573000000
-6.4624000000
-5.7806000000
-5.1130000000
-4.4614000000
-3.8280000000
-3.2151000000
-2.6250000000
-2.0590000000
-1.5178000000
-1.0009000000
-0.5071600000
-0.0345450000
0.4195900000
0.8583100000
1.2849000000
1.7029000000
2.1154000000
2.5255000000
2.9355000000
3.3470000000
3.7602000000
4.1735000000
4.5824000000
4.9786000000
5.3480000000
5.6690000000
5.9099000000
6.0279000000
5.9688000000
5.6724000000
5.0838000000
4.1719000000
2.9485000000
1.4782000000
-0.1309100000
-1.7543000000
-3.2809000000
-4.6312000000
-5.7606000000
-6.6518000000
-7.3062000000
-7.7366000000
-7.9632000000
-8.0121000000
-7.9129000000
-7.6974000000
-7.3972000000
-7.0420000000
-6.6583000000
-6.2683000000
-5.8900000000
-5.5372000000
-5.2201000000
-4.9457000000
-4.7185000000
-4.5411000000
-4.4149000000
-4.3401000000
-4.3164000000
-4.3431000000
-4.4190000000
-4.5428000000
-4.7124000000
-4.9251000000
-5.1771000000
-5.4627000000
-5.7737000000
-6.0984000000
-6.4206000000
-6.7186000000
-6.9652000000
-7.1278000000
-7.1716000000
-7.0640000000
-6.7812000000
-6.3152000000
-5.6780000000
-4.9013000000
-4.0310000000
-3.1180000000
-2.2100000000
-1.3452000000
-0.5501400000
0.1593400000
0.7762000000
1.2994000000
1.7317000000
2.0778000000
2.3438000000
2.5357000000
2.6602000000
2.7237000000
2.7328000000
2.6941000000
2.6146000000
2.5008000000
2.3593000000
2.1963000000
2.0172000000
1.8265000000
1.6279000000
1.4236000000
1.2149000000
1.0016000000
0.7828000000
0.5565000000
0.3199200000
0.0695950000
-0.1985600000
-0.4892500000
-0.8078600000
-1.1605000000
-1.5543000000
-1.9975000000
-2.4998000000
-3.0720000000
-3.7266000000
-4.4764000000
-5.3330000000
-6.3031000000
-7.3825000000
-8.5480000000
-9.7479000000
-10.8970000000
-11.8860000000
-12.6000000000
-12.9590000000
-12.9450000000
-12.6000000000
-12.0030000000
-11.2380000000
-10.3710000000
-9.4462000000
-8.4916000000
-7.5275000000
-6.5720000000
-5.6427000000
-4.7551000000
-3.9214000000
-3.1491000000
-2.4412000000
-1.7970000000
-1.2133000000
-0.6854600000
-0.2082100000
0.2238600000
0.6160100000
0.9731400000
1.2998000000
1.6001000000
1.8778000000
2.1363000000
2.3786000000
2.6073000000
2.8246000000
3.0325000000
3.2324000000
3.4254000000
3.6119000000
3.7921000000
3.9653000000
4.1301000000
4.2844000000
4.4250000000
4.5473000000
4.6459000000
4.7138000000
4.7429000000
4.7243000000
4.6486000000
4.5075000000
4.2944000000
4.0061000000
3.6443000000
3.2158000000
2.7327000000
2.2110000000
1.6684000000
1.1220000000
0.5859000000
0.0694800000
-0.4226800000
-0.8906900000
-1.3383000000
-1.7720000000
-2.1992000000
-2.6285000000
-3.0678000000
-3.5248000000
-4.0063000000
-4.5182000000
-5.0644000000
-5.6467000000
-6.2629000000
-6.9059000000
-7.5615000000
-8.2072000000
-8.8124000000
-9.3403000000
-9.7534000000
-10.0200000000
-10.1210000000
-10.0560000000
-9.8425000000
-9.5100000000
-9.0963000000
-8.6389000000
-8.1703000000
-7.7157000000
-7.2919000000
-6.9083000000
-6.5676000000
-6.2679000000
-6.0037000000
-5.7671000000
-5.5490000000
-5.3396000000
-5.1296000000
-4.9103000000
-4.6746000000
-4.4169000000
-4.1335000000
-3.8227000000
-3.4846000000
-3.1208000000
-2.7341000000
-2.3281000000
-1.9065000000
-1.4729000000
-1.0306000000
-0.5821100000
-0.1292400000
0.3269700000
0.7861700000
1.2485000000
1.7145000000
2.1848000000
2.6594000000
3.1379000000
3.6182000000
4.0961000000
4.5638000000
5.0083000000
5.4094000000
5.7372000000
5.9499000000
5.9928000000
5.8019000000
5.3131000000
4.4812000000
3.3015000000
1.8267000000
0.1634600000
-1.5533000000
-3.1948000000
-4.6636000000
-5.9006000000
-6.8795000000
-7.5967000000
-8.0636000000
-8.3017000000
-8.3401000000
-8.2129000000
-7.9567000000
-7.6077000000
-7.1994000000
-6.7611000000
-6.3169000000
-5.8859000000
-5.4822000000
-5.1159000000
-4.7934000000
-4.5187000000
-4.2937000000
-4.1188000000
-3.9934000000
-3.9164000000
-3.8862000000
-3.9010000000
-3.9587000000
-4.0574000000
-4.1945000000
-4.3674000000
-4.5727000000
-4.8059000000
-5.0612000000
-5.3309000000
-5.6047000000
-5.8695000000
-6.1083000000
-6.3012000000
-6.4253000000
-6.4566000000
-6.3729000000
-6.1573000000
-5.8021000000
-5.3110000000
-4.7001000000
-3.9952000000
-3.2281000000
-2.4313000000
-1.6340000000
-0.8598400000
-0.1257300000
0.5572400000
1.1826000000
1.7472000000
2.2495000000
2.6889000000
3.0645000000
3.3751000000
3.6187000000
3.7925000000
3.8932000000
3.9177000000
3.8638000000
3.7311000000
3.5219000000
3.2420000000
2.9009000000
2.5110000000
2.0869000000
1.6437000000
1.1949000000
0.7513900000
0.3203300000
-0.0950720000
-0.4952400000
-0.8835100000
-1.2653000000
-1.6474000000
-2.0373000000
-2.4425000000
-2.8709000000
-3.3300000000
-3.8270000000
-4.3686000000
-4.9603000000
-5.6051000000
-6.3023000000
-7.0445000000
-7.8148000000
-8.5848000000
-9.3133000000
-9.9499000000
-10.4420000000
-10.7470000000
-10.8410000000
-10.7290000000
-10.4370000000
-10.0090000000
-9.4936000000
-8.9341000000
-8.3645000000
-7.8071000000
-7.2743000000
-6.7705000000
-6.2948000000
-5.8433000000
-5.4106000000
-4.9916000000
-4.5817000000
-4.1774000000
-3.7762000000
-3.3768000000
-2.9788000000
-2.5820000000
-2.1870000000
-1.7939000000
-1.4031000000
-1.0145000000
-0.6276900000
-0.2418700000
0.1441800000
0.5319900000
0.9234100000
1.3205000000
1.7253000000
2.1398000000
2.5657000000
3.0040000000
3.4547000000
3.9160000000
4.3834000000
4.8480000000
5.2951000000
5.7009000000
6.0293000000
6.2291000000
6.2327000000
5.9602000000
5.3335000000
4.3017000000
2.8708000000
1.1214000000
-0.8031700000
-2.7360000000
-4.5298000000
-6.0817000000
-7.3341000000
-8.2651000000
-8.8780000000
-9.1944000000
-9.2495000000
-9.0878000000
-8.7576000000
-8.3063000000
-7.7764000000
-7.2036000000
-6.6159000000
-6.0347000000
-5.4753000000
-4.9481000000
-4.4597000000
-4.0140000000
-3.6127000000
-3.2555000000
-2.9415000000
-2.6686000000
-2.4343000000
-2.2359000000
-2.0705000000
-1.9354000000
-1.8277000000
-1.7450000000
-1.6848000000
-1.6452000000
-1.6241000000
-1.6200000000
-1.6314000000
-1.6572000000
-1.6961000000
-1.7474000000
-1.8103000000
-1.8841000000
-1.9683000000
-2.0623000000
-2.1658000000
-2.2783000000
-2.3993000000
-2.5284000000
-2.6648000000
-2.8079000000
-2.9567000000
-3.1099000000
-3.2662000000
-3.4235000000
-3.5796000000
-3.7316000000
-3.8762000000
-4.0095000000
-4.1268000000
-4.2234000000
-4.2937000000
-4.3322000000
-4.3337000000
-4.2932000000
-4.2066000000
-4.0711000000
-3.8854000000
-3.6501000000
-3.3672000000
-3.0406000000
-2.6754000000
-2.2771000000
-1.8520000000
-1.4059000000
-0.9440000000
-0.4707700000
0.0103560000
0.4969200000
0.9873200000
1.4806000000
1.9761000000
2.4733000000
2.9707000000
3.4661000000
3.9547000000
4.4289000000
4.8759000000
5.2766000000
5.6028000000
5.8156000000
5.8650000000
5.6927000000
5.2414000000
4.4701000000
3.3745000000
2.0009000000
0.4440400000
-1.1739000000
-2.7341000000
-4.1448000000
-5.3492000000
-6.3212000000
-7.0561000000
-7.5632000000
-7.8604000000
-7.9716000000
-7.9251000000
-7.7519000000
-7.4832000000
-7.1495000000
-6.7781000000
-6.3927000000
-6.0127000000
-5.6534000000
-5.3259000000
-5.0386000000
-4.7967000000
-4.6037000000
-4.4613000000
-4.3703000000
-4.3306000000
-4.3418000000
-4.4030000000
-4.5129000000
-4.6700000000
-4.8720000000
-5.1156000000
-5.3960000000
-5.7058000000
-6.0348000000
-6.3681000000
-6.6855000000
-6.9609000000
-7.1623000000
-7.2537000000
-7.1997000000
-6.9716000000
-6.5552000000
-5.9564000000
-5.2028000000
-4.3391000000
-3.4183000000
-2.4923000000
-1.6039000000
-0.7842500000
-0.0520270000
0.5838000000
1.1214000000
1.5637000000
1.9159000000
2.1848000000
2.3778000000
2.5024000000
2.5660000000
2.5763000000
2.5406000000
2.4661000000
2.3598000000
2.2283000000
2.0772000000
1.9117000000
1.7358000000
1.5523000000
1.3631000000
1.1687000000
0.9687800000
0.7620100000
0.5462700000
0.3187200000
0.0759010000
-0.1862200000
-0.4722800000
-0.7876200000
-1.1383000000
-1.5316000000
-1.9757000000
-2.4805000000
-3.0573000000
-3.7188000000
-4.4782000000
-5.3477000000
-6.3341000000
-7.4333000000
-8.6208000000
-9.8429000000
-11.0110000000
-12.0100000000
-12.7230000000
-13.0710000000
-13.0380000000
-12.6700000000
-12.0510000000
-11.2640000000
-10.3770000000
-9.4324000000
-8.4589000000
-7.4781000000
-6.5102000000
-5.5742000000
-4.6868000000
-3.8598000000
-3.0998000000
-2.4087000000
-1.7842000000
-1.2221000000
-0.7165100000
-0.2616400000
0.1483600000
0.5188800000
0.8548400000
1.1607000000
1.4404000000
1.6976000000
1.9355000000
2.1570000000
2.3648000000
2.5610000000
2.7477000000
2.9265000000
3.0990000000
3.2660000000
3.4285000000
3.5868000000
3.7409000000
3.8904000000
4.0342000000
4.1707000000
4.2975000000
4.4114000000
4.5081000000
4.5825000000
4.6284000000
4.6389000000
4.6064000000
4.5235000000
4.3835000000
4.1818000000
3.9164000000
3.5892000000
3.2061000000
2.7770000000
2.3148000000
1.8336000000
1.3468000000
0.8657900000
0.3981400000
-0.0523680000
-0.4857600000
-0.9052500000
-1.3163000000
-1.7259000000
-2.1418000000
-2.5719000000
-3.0242000000
-3.5063000000
-4.0255000000
-4.5878000000
-5.1979000000
-5.8573000000
-6.5628000000
-7.3039000000
-8.0602000000
-8.7995000000
-9.4788000000
-10.0490000000
-10.4610000000
-10.6820000000
-10.6980000000
-10.5230000000
-10.1870000000
-9.7370000000
-9.2176000000
-8.6688000000
-8.1203000000
-7.5912000000
-7.0912000000
-6.6229000000
-6.1844000000
-5.7707000000
-5.3759000000
-4.9940000000
-4.6198000000
-4.2490000000
-3.8786000000
-3.5068000000
-3.1327000000
-2.7562000000
-2.3776000000
-1.9975000000
-1.6164000000
-1.2349000000
-0.8528600000
-0.4700900000
-0.0858870000
0.3008400000
0.6915200000
1.0878000000
1.4917000000
1.9048000000
2.3290000000
2.7655000000
3.2146000000
3.6754000000
4.1445000000
4.6154000000
5.0761000000
5.5071000000
5.8786000000
6.1463000000
6.2501000000
6.1147000000
5.6589000000
4.8161000000
3.5631000000
1.9461000000
0.0834870000
-1.8630000000
-3.7331000000
-5.4025000000
-6.7940000000
-7.8710000000
-8.6265000000
-9.0743000000
-9.2439000000
-9.1760000000
-8.9176000000
-8.5172000000
-8.0197000000
-7.4639000000
-6.8815000000
-6.2966000000
-5.7273000000
-5.1859000000
-4.6809000000
-4.2172000000
-3.7973000000
-3.4220000000
-3.0904000000
-2.8010000000
-2.5515000000
-2.3392000000
-2.1613000000
-2.0150000000
-1.8976000000
-1.8063000000
-1.7387000000
-1.6928000000
-1.6665000000
-1.6581000000
-1.6660000000
-1.6890000000
-1.7260000000
-1.7760000000
-1.8382000000
-1.9119000000
-1.9965000000
-2.0916000000
-2.1967000000
-2.3112000000
-2.4347000000
-2.5667000000
-2.7065000000
-2.8534000000
-3.0062000000
-3.1638000000
-3.3246000000
-3.4865000000
-3.6471000000
-3.8033000000
-3.9515000000
-4.0875000000
-4.2064000000
-4.3030000000
-4.3715000000
-4.4061000000
-4.4010000000
-4.3513000000
-4.2527000000
-4.1027000000
-3.9003000000
-3.6464000000
-3.3439000000
-2.9971000000
-2.6118000000
-2.1943000000
-1.7511000000
-1.2884000000
-0.8116100000
-0.3251900000
0.1674600000
0.6639800000
1.1628000000
1.6630000000
2.1640000000
2.6646000000
3.1633000000
3.6568000000
4.1394000000
4.6014000000
5.0280000000
5.3968000000
5.6759000000
5.8229000000
5.7852000000
5.5056000000
4.9335000000
4.0424000000
2.8480000000
1.4162000000
-0.1471200000
-1.7217000000
-3.2013000000
-4.5106000000
-5.6076000000
-6.4766000000
-7.1194000000
-7.5487000000
-7.7838000000
-7.8492000000
-7.7724000000
-7.5829000000
-7.3104000000
-6.9827000000
-6.6251000000
-6.2591000000
-5.9025000000
-5.5689000000
-5.2687000000
-5.0093000000
-4.7957000000
-4.6310000000
-4.5170000000
-4.4545000000
-4.4439000000
-4.4849000000
-4.5769000000
-4.7190000000
-4.9095000000
-5.1461000000
-5.4249000000
-5.7398000000
-6.0814000000
-6.4361000000
-6.7844000000
-7.0999000000
-7.3492000000
-7.4929000000
-7.4899000000
-7.3045000000
-6.9151000000
-6.3229000000
-5.5548000000
-4.6598000000
-3.6988000000
-2.7326000000
-1.8120000000
-0.9731600000
-0.2375000000
0.3860500000
0.8973600000
1.3020000000
1.6089000000
1.8284000000
1.9716000000
2.0494000000
2.0725000000
2.0506000000
1.9929000000
1.9072000000
1.8003000000
1.6778000000
1.5437000000
1.4009000000
1.2511000000
1.0949000000
0.9318200000
0.7605800000
0.5792700000
0.3853300000
0.1757100000
-0.0531350000
-0.3053000000
-0.5854600000
-0.8990400000
-1.2524000000
-1.6531000000
-2.1099000000
-2.6336000000
-3.2363000000
-3.9317000000
-4.7337000000
-5.6542000000
-6.6981000000
-7.8560000000
-9.0937000000
-10.3430000000
-11.5010000000
-12.4410000000
-13.0500000000
-13.2650000000
-13.0980000000
-12.6140000000
-11.9050000000
-11.0520000000
-10.1140000000
-9.1294000000
-8.1250000000
-7.1251000000
-6.1528000000
-5.2288000000
-4.3689000000
-3.5822000000
-2.8718000000
-2.2355000000
-1.6679000000
-1.1621000000
-0.7108700000
-0.3073300000
0.0545860000
0.3801600000
0.6739600000
0.9399200000
1.1815000000
1.4018000000
1.6035000000
1.7892000000
1.9611000000
2.1212000000
2.2713000000
2.4132000000
2.5481000000
2.6775000000
2.8025000000
2.9240000000
3.0428000000
3.1596000000
3.2750000000
3.3892000000
3.5025000000
3.6148000000
3.7257000000
3.8348000000
3.9411000000
4.0434000000
4.1399000000
4.2283000000
4.3060000000
4.3693000000
4.4144000000
4.4367000000
4.4313000000
4.3931000000
4.3172000000
4.1994000000
4.0368000000
3.8283000000
3.5750000000
3.2806000000
2.9508000000
2.5936000000
2.2176000000
1.8316000000
1.4430000000
1.0576000000
0.6787400000
0.3071300000
-0.0587630000
-0.4224700000
-0.7890400000
-1.1646000000
-1.5561000000
-1.9710000000
-2.4171000000
-2.9027000000
-3.4366000000
-4.0273000000
-4.6829000000
-5.4097000000
-6.2094000000
-7.0765000000
-7.9929000000
-8.9241000000
-9.8166000000
-10.6010000000
-11.2060000000
-11.5700000000
-11.6650000000
-11.5010000000
-11.1200000000
-10.5820000000
-9.9449000000
-9.2576000000
-8.5520000000
-7.8468000000
-7.1509000000
-6.4675000000
-5.7976000000
-5.1419000000
-4.5017000000
-3.8789000000
-3.2755000000
-2.6935000000
-2.1343000000
-1.5985000000
-1.0860000000
-0.5955100000
-0.1252700000
0.3272200000
0.7649100000
1.1910000000
1.6089000000
2.0217000000
2.4326000000
2.8440000000
3.2577000000
3.6740000000
4.0918000000
4.5072000000
4.9124000000
5.2944000000
5.6327000000
5.8970000000
6.0453000000
6.0238000000
5.7706000000
5.2269000000
4.3542000000
3.1558000000
1.6896000000
0.0614220000
-1.6004000000
-3.1773000000
-4.5817000000
-5.7624000000
-6.6980000000
-7.3871000000
-7.8417000000
-8.0823000000
-8.1357000000
-8.0329000000
-7.8075000000
-7.4929000000
-7.1203000000
-6.7174000000
-6.3076000000
-5.9095000000
-5.5372000000
-5.2011000000
-4.9080000000
-4.6625000000
-4.4670000000
-4.3223000000
-4.2287000000
-4.1853000000
-4.1911000000
-4.2448000000
-4.3445000000
-4.4883000000
-4.6736000000
-4.8969000000
-5.1535000000
-5.4366000000
-5.7371000000
-6.0421000000
-6.3348000000
-6.5933000000
-6.7914000000
-6.8993000000
-6.8866000000
-6.7272000000
-6.4046000000
-5.9169000000
-5.2791000000
-4.5221000000
-3.6863000000
-2.8154000000
-1.9490000000
-1.1187000000
-0.3468000000
0.3531000000
0.9742300000
1.5145000000
1.9747000000
2.3570000000
2.6645000000
2.9001000000
3.0670000000
3.1683000000
3.2073000000
3.1879000000
3.1146000000
2.9930000000
2.8293000000
2.6305000000
2.4041000000
2.1573000000
1.8969000000
1.6286000000
1.3565000000
1.0834000000
0.8100600000
0.5358300000
0.2585900000
-0.0249330000
-0.3189600000
-0.6284800000
-0.9591500000
-1.3173000000
-1.7099000000
-2.1448000000
-2.6308000000
-3.1777000000
-3.7961000000
-4.4969000000
-5.2894000000
-6.1789000000
-7.1617000000
-8.2185000000
-9.3078000000
-10.3610000000
-11.2870000000
-11.9880000000
-12.3890000000
-12.4580000000
-12.2180000000
-11.7310000000
-11.0700000000
-10.3040000000
-9.4794000000
-8.6259000000
-7.7606000000
-6.8949000000
-6.0382000000
-5.2001000000
-4.3896000000
-3.6146000000
-2.8811000000
