0.4448000000
0.2487000000
0.1807700000
0.2611000000
0.5069200000
0.8565600000
1.0689000000
1.0041000000
0.7560900000
0.4621500000
0.2371500000
0.1419200000
0.1883800000
0.4042700000
0.7991200000
1.1487000000
1.1908000000
1.0020000000
0.7364700000
0.4731900000
0.2608900000
0.1314000000
0.0897100000
0.1374400000
0.3183300000
0.7143200000
1.1907000000
1.3487000000
1.1943000000
0.9737400000
0.8148300000
0.7406300000
0.7335600000
0.7624000000
0.7907300000
0.7866200000
0.7330800000
0.6301500000
0.4931100000
0.3524300000
0.2462300000
0.2048000000
0.2479600000
0.3942400000
0.6346500000
0.8580300000
0.9088000000
0.7643600000
0.5212800000
0.3050100000
0.2050900000
0.2535900000
0.4630200000
0.7840100000
1.0061000000
0.9676900000
0.7326900000
0.4446200000
0.2342300000
0.1679100000
0.2622600000
0.5379400000
0.9196300000
1.1299000000
1.0454000000
0.7887000000
0.4917600000
0.2538100000
0.1314400000
0.1332800000
0.2772500000
0.6200400000
1.0719000000
1.2809000000
1.1759000000
0.9531100000
0.7293100000
0.5304800000
0.3596200000
0.2255200000
0.1398600000
0.1092500000
0.1422400000
0.2704200000
0.5540600000
0.9587100000
1.2107000000
1.1697000000
0.9759200000
0.7533500000
0.5428900000
0.3582200000
0.2156200000
0.1294800000
0.1054300000
0.1529500000
0.3114700000
0.6436800000
1.0611000000
1.2525000000
1.1576000000
0.9515300000
0.7428900000
0.5564700000
0.3929100000
0.2586200000
0.1662700000
0.1258600000
0.1467100000
0.2538900000
0.4959600000
0.8586700000
1.1247000000
1.1230000000
0.9382100000
0.6900300000
0.4441600000
0.2475400000
0.1311900000
0.1014700000
0.1654100000
0.3718000000
0.7784500000
1.1974000000
1.2959000000
1.1368000000
0.9243100000
0.7460900000
0.6089800000
0.4964700000
0.3958600000
0.3071700000
0.2414500000
0.2140400000
0.2411800000
0.3410100000
0.5207900000
0.7282900000
0.8405300000
0.7819200000
0.5941100000
0.3829000000
0.2504500000
0.2491600000
0.3946400000
0.6604100000
0.8965500000
0.9225800000
0.7381000000
0.4721400000
0.2686400000
0.2109000000
0.3221100000
0.5987500000
0.9142200000
1.0259000000
0.8776400000
0.5943100000
0.3267800000
0.1832100000
0.1983200000
0.3889400000
0.7478700000
1.0718000000
1.1130000000
0.9132400000
0.6185300000
0.3434400000
0.1682900000
0.1186800000
0.2003400000
0.4594100000
0.9014600000
1.2411000000
1.2394000000
1.0411000000
0.8092900000
0.5967200000
0.4112100000
0.2604600000
0.1569400000
0.1085200000
0.1205800000
0.2153600000
0.4510300000
0.8496000000
1.1871000000
1.2240000000
1.0566000000
0.8416800000
0.6394300000
0.4589900000
0.3055200000
0.1915900000
0.1288400000
0.1245500000
0.1951300000
0.3850200000
0.7289800000
1.0791000000
1.1814000000
1.0476000000
0.8196400000
0.5775400000
0.3600000000
0.1988700000
0.1122600000
0.1023700000
0.1821500000
0.4095400000
0.8333600000
1.2291000000
1.2898000000
1.1173000000
0.9094800000
0.7440900000
0.6235500000
0.5286700000
0.4429400000
0.3616600000
0.2928600000
0.2522400000
0.2569500000
0.3229200000
0.4575800000
0.6306800000
0.7529100000
0.7415200000
0.6034500000
0.4226200000
0.2979600000
0.2898100000
0.4140400000
0.6344100000
0.8185500000
0.8241800000
0.6542700000
0.4297600000
0.2841700000
0.2879800000
0.4516600000
0.7144700000
0.8953100000
0.8509700000
0.6302000000
0.3842100000
0.2487400000
0.2810000000
0.4856300000
0.7857400000
0.9644000000
0.8874200000
0.6352300000
0.3681800000
0.2186500000
0.2380800000
0.4384200000
0.7742900000
1.0242000000
0.9990500000
0.7611400000
0.4619700000
0.2385300000
0.1614000000
0.2465900000
0.5173600000
0.9124000000
1.1490000000
1.0813000000
0.8333200000
0.5377600000
0.2874400000
0.1411800000
0.1109000000
0.2040600000
0.4767500000
0.9367400000
1.2766000000
1.2613000000
1.0602000000
0.8456500000
0.6681800000
0.5227600000
0.3972500000
0.2902500000
0.2112200000
0.1730700000
0.1895300000
0.2814800000
0.4749800000
0.7443700000
0.9429100000
0.9380100000
0.7559800000
0.5009700000
0.2828000000
0.1754100000
0.2032600000
0.3861900000
0.7222500000
1.0340000000
1.0876000000
0.9035800000
0.6176600000
0.3462600000
0.1734800000
0.1281000000
0.2183900000
0.4878700000
0.9196000000
1.2225000000
1.1978000000
0.9894800000
0.7413000000
0.5059200000
0.3077100000
0.1685300000
0.0984380000
0.0974550000
0.1815000000
0.4149400000
0.8535900000
1.2593000000
1.3104000000
1.1260000000
0.9207200000
0.7805800000
0.7111500000
0.6901200000
0.6880000000
0.6756100000
0.6312200000
0.5478800000
0.4379200000
0.3309400000
0.2619600000
0.2582700000
0.3375400000
0.5013000000
0.6958900000
0.8024800000
0.7455100000
0.5660900000
0.3738300000
0.2703400000
0.3037400000
0.4778900000
0.7260900000
0.8772800000
0.8153700000
0.5976000000
0.3683000000
0.2516200000
0.2980100000
0.5078600000
0.7940300000
0.9455300000
0.8507800000
0.5980300000
0.3467500000
0.2216000000
0.2675800000
0.4912000000
0.8183900000
1.0145000000
0.9386900000
0.6793800000
0.3929500000
0.2104700000
0.1865000000
0.3365500000
0.6651700000
1.0153000000
1.1140000000
0.9465900000
0.6566300000
0.3710700000
0.1825900000
0.1252500000
0.2055300000
0.4652700000
0.9002400000
1.2258000000
1.2172000000
1.0141000000
0.7698700000
0.5389000000
0.3405700000
0.1937100000
0.1105500000
0.0926330000
0.1491100000
0.3283800000
0.7065400000
1.1581000000
1.3193000000
1.1839000000
0.9736500000
0.8064900000
0.7023900000
0.6437300000
0.6048100000
0.5628100000
0.5039300000
0.4284900000
0.3518600000
0.2983600000
0.2915100000
0.3476900000
0.4681200000
0.6162500000
0.7102800000
0.6850000000
0.5564500000
0.4062700000
0.3219500000
0.3508900000
0.4923600000
0.6792800000
0.7798100000
0.7148300000
0.5368700000
0.3694700000
0.3129200000
0.4014200000
0.6022200000
0.7878000000
0.8082300000
0.6523600000
0.4393100000
0.3064400000
0.3253900000
0.4978100000
0.7383300000
0.8652100000
0.7774700000
0.5524100000
0.3446400000
0.2705100000
0.3672000000
0.6087400000
0.8525600000
0.9017700000
0.7306300000
0.4712000000
0.2812800000
0.2499300000
0.3969200000
0.6846800000
0.9330200000
0.9430200000
0.7323900000
0.4508200000
0.2510100000
0.2114500000
0.3512100000
0.6580000000
0.9693000000
1.0399000000
0.8564800000
0.5602800000
0.2989000000
0.1691400000
0.1973900000
0.4028000000
0.7786700000
1.1051000000
1.1356000000
0.9321300000
0.6417600000
0.3669400000
0.1800600000
0.1078600000
0.1514100000
0.3469500000
0.7528100000
1.1902000000
1.3049000000
1.1466000000
0.9264300000
0.7365300000
0.5849900000
0.4576400000
0.3462000000
0.2550400000
0.1964500000
0.1842000000
0.2347800000
0.3719300000
0.6025200000
0.8413600000
0.9322000000
0.8252600000
0.5964800000
0.3596400000
0.2117100000
0.1963100000
0.3306700000
0.6207300000
0.9423800000
1.0550000000
0.9120200000
0.6353600000
0.3593600000
0.1861700000
0.1537400000
0.2751600000
0.5819200000
0.9854300000
1.1839000000
1.0848000000
0.8351000000
0.5523100000
0.3083600000
0.1521900000
0.0967620000
0.1424000000
0.3295200000
0.7310700000
1.1929000000
1.3328000000
1.1777000000
0.9601200000
0.7916100000
0.6867400000
0.6257700000
0.5829400000
0.5368600000
0.4762200000
0.4038700000
0.3362300000
0.2964100000
0.3054500000
0.3764100000
0.5032500000
0.6386800000
0.7023100000
0.6490500000
0.5134500000
0.3802800000
0.3262700000
0.3853600000
0.5417800000
0.7094100000
0.7632500000
0.6617700000
0.4828300000
0.3471000000
0.3344900000
0.4594600000
0.6627200000
0.7994300000
0.7576800000
0.5756700000
0.3861300000
0.3064900000
0.3815400000
0.5856200000
0.7927500000
0.8349800000
0.6841500000
0.4585800000
0.3052300000
0.3057500000
0.4694500000
0.7233500000
0.8819300000
0.8174000000
0.5922800000
0.3629900000
0.2585800000
0.3267500000
0.5570500000
0.8327000000
0.9377000000
0.8007800000
0.5363200000
0.3079200000
0.2251200000
0.3202100000
0.5852500000
0.8931600000
1.0034000000
0.8541500000
0.5708800000
0.3129500000
0.1903600000
0.2366200000
0.4657400000
0.8284800000
1.0782000000
1.0368000000
0.7914500000
0.4882900000
0.2492100000
0.1413200000
0.1770600000
0.3820400000
0.7757300000
1.1476000000
1.2120000000
1.0330000000
0.7735800000
0.5135900000
0.2958600000
0.1517400000
0.0902550000
0.1098500000
0.2375700000
0.5562000000
1.0502000000
1.3455000000
1.2670000000
1.0451000000
0.8610000000
0.7672500000
0.7565900000
0.7999300000
0.8569600000
0.8879300000
0.8713400000
0.8070100000
0.7037300000
0.5715600000
0.4264900000
0.2955200000
0.2088200000
0.1883200000
0.2518600000
0.4218300000
0.6856000000
0.9115900000
0.9423900000
0.7777900000
0.5225700000
0.2972400000
0.1858300000
0.2170400000
0.4087600000
0.7445800000
1.0313000000
1.0546000000
0.8512400000
0.5585100000
0.3001200000
0.1579600000
0.1540100000
0.3047200000
0.6461500000
1.0549000000
1.2150000000
1.0880000000
0.8387600000
0.5702800000
0.3352900000
0.1723200000
0.0960520000
0.1044600000
0.2183200000
0.5149400000
1.0024000000
1.3322000000
1.2828000000
1.0661000000
0.8736900000
0.7652400000
0.7357300000
0.7582000000
0.7967600000
0.8149000000
0.7881300000
0.7097400000
0.5873800000
0.4418200000
0.3068800000
0.2185800000
0.2020100000
0.2757900000
0.4579100000
0.7177000000
0.9097800000
0.9001400000
0.7123900000
0.4596400000
0.2627100000
0.1939200000
0.2761600000
0.5211300000
0.8540900000
1.0400000000
0.9573700000
0.7010900000
0.4135000000
0.2141500000
0.1575200000
0.2572800000
0.5401500000
0.9365200000
1.1589000000
1.0802000000
0.8318500000
0.5408300000
0.2929200000
0.1437100000
0.1053400000
0.1827400000
0.4284600000
0.8770900000
1.2605000000
1.2872000000
1.0970000000
0.8832500000
0.7116200000
0.5797900000
0.4700800000
0.3719000000
0.2877800000
0.2299700000
0.2138200000
0.2558400000
0.3741500000
0.5682700000
0.7668400000
0.8441700000
0.7502000000
0.5468700000
0.3447300000
0.2373100000
0.2663400000
0.4424900000
0.7202900000
0.9245200000
0.9007300000
0.6866300000
0.4219900000
0.2431600000
0.2176500000
0.3631800000
0.6647000000
0.9598000000
1.0183000000
0.8324400000
0.5404900000
0.2892000000
0.1724800000
0.2159000000
0.4384500000
0.8143100000
1.1044000000
1.0976000000
0.8738900000
0.5761800000
0.3121500000
0.1535300000
0.1189000000
0.2160900000
0.4967700000
0.9492700000
1.2614000000
1.2308000000
1.0248000000
0.7976900000
0.5939900000
0.4170700000
0.2715200000
0.1686900000
0.1176000000
0.1248100000
0.2104800000
0.4260200000
0.7968000000
1.1339000000
1.1957000000
1.0409000000
0.8158200000
0.5880700000
0.3833100000
0.2240500000
0.1277400000
0.0993080000
0.1461700000
0.3089400000
0.6571400000
1.0959000000
1.2870000000
1.1803000000
0.9733500000
0.7822400000
0.6284800000
0.5003600000
0.3868600000
0.2891800000
0.2187700000
0.1901200000
0.2187200000
0.3254300000
0.5253600000
0.7668500000
0.9053200000
0.8505000000
0.6489600000
0.4100600000
0.2411000000
0.2000200000
0.3064600000
0.5674300000
0.8846700000
1.0269000000
0.9114900000
0.6451900000
0.3695300000
0.1969900000
0.1719000000
0.3092800000
0.6275000000
1.0008000000
1.1435000000
1.0074000000
0.7344800000
0.4443200000
0.2249000000
0.1207300000
0.1360400000
0.2938900000
0.6545500000
1.1080000000
1.2940000000
1.1735000000
0.9517300000
0.7401300000
0.5585300000
0.4021200000
0.2724200000
0.1796400000
0.1341100000
0.1453400000
0.2347400000
0.4457500000
0.7827800000
1.0694000000
1.1092000000
0.9447400000
0.6951800000
0.4400700000
0.2390000000
0.1280900000
0.1138500000
0.2088800000
0.4703500000
0.9095600000
1.2468000000
1.2471000000
1.0561000000
0.8396800000
0.6505200000
0.4884200000
0.3484900000
0.2363300000
0.1636400000
0.1409100000
0.1814400000
0.3148600000
0.5767600000
0.9031300000
1.0799000000
1.0133000000
0.7947100000
0.5284100000
0.2962100000
0.1553600000
0.1231900000
0.2095000000
0.4611500000
0.8811200000
1.2069000000
1.2120000000
1.0194000000
0.7808100000
0.5524500000
0.3539300000
0.2042200000
0.1169400000
0.0948340000
0.1461900000
0.3154800000
0.6768400000
1.1251000000
1.3066000000
1.1876000000
0.9794400000
0.8017900000
0.6759000000
0.5857100000
0.5100700000
0.4356500000
0.3619900000
0.3006800000
0.2695000000
0.2861300000
0.3641000000
0.5010400000
0.6513000000
0.7282300000
0.6781500000
0.5326700000
0.3798900000
0.3039900000
0.3464600000
0.5035100000
0.7020500000
0.8014400000
0.7247000000
0.5333000000
0.3566800000
0.2964800000
0.3871600000
0.5996700000
0.8046800000
0.8380100000
0.6801000000
0.4516300000
0.2973000000
0.2964900000
0.4597600000
0.7196400000
0.8906900000
0.8357700000
0.6111800000
0.3723000000
0.2524600000
0.3041100000
0.5245700000
0.8150500000
0.9548700000
0.8435300000
0.5815400000
0.3324400000
0.2173400000
0.2768200000
0.5151800000
0.8459000000
1.0250000000
0.9296400000
0.6611700000
0.3765200000
0.2020100000
0.1867700000
0.3461500000
0.6838200000
1.0324000000
1.1202000000
0.9458400000
0.6551000000
0.3707800000
0.1819200000
0.1211600000
0.1938500000
0.4417000000
0.8754000000
1.2249000000
1.2374000000
1.0427000000
0.8054000000
0.5829500000
0.3886700000
0.2353800000
0.1366100000
0.0977240000
0.1237000000
0.2441200000
0.5291200000
0.9690000000
1.2646000000
1.2332000000
1.0409000000
0.8418600000
0.6806500000
0.5506800000
0.4374100000
0.3360400000
0.2543100000
0.2065500000
0.2080800000
0.2767700000
0.4316900000
0.6566400000
0.8437600000
0.8669000000
0.7188100000
0.4898100000
0.2944300000
0.2123900000
0.2731400000
0.4862400000
0.7905400000
0.9810900000
0.9217500000
0.6821900000
0.4064500000
0.2226900000
