1.0000000000
0.9603000000
0.9554500000
0.9446300000
0.9394500000
0.9321900000
0.9532200000
0.9630600000
0.9452100000
0.9504200000
0.9803900000
0.9691500000
0.9519200000
0.9624200000
0.9919900000
1.0063000000
1.0284000000
1.0229000000
1.0378000000
1.0249000000
1.0736000000
1.0764000000
1.0677000000
1.0990000000
1.1172000000
1.1089000000
1.1031000000
1.1092000000
1.1486000000
1.1234000000
1.1197000000
1.1424000000
1.1474000000
1.1486000000
1.1467000000
1.1599000000
1.1445000000
1.1502000000
1.1349000000
1.1048000000
1.1284000000
1.1139000000
1.1138000000
1.1309000000
1.1168000000
1.1182000000
1.0670000000
1.0537000000
1.0484000000
1.0512000000
1.0509000000
1.0745000000
1.1070000000
1.1216000000
1.1066000000
1.1161000000
1.1349000000
1.1186000000
1.0961000000
1.0995000000
1.0758000000
1.0845000000
1.0628000000
1.0556000000
1.0712000000
1.0655000000
1.0879000000
1.0669000000
1.0573000000
1.0578000000
1.0508000000
1.0338000000
1.0383000000
1.0233000000
1.0236000000
1.0037000000
0.9973300000
0.9953900000
0.9657400000
0.9729000000
0.9758900000
0.9825600000
0.9576600000
0.9637700000
0.9722700000
0.9568400000
0.9524900000
0.9378800000
0.9297500000
0.9131900000
0.9183200000
0.9247900000
0.9302400000
0.9306800000
0.9271000000
0.9328300000
0.9294700000
0.9559900000
0.9518100000
0.9822500000
0.9549400000
0.8897400000
0.9008200000
0.8918300000
0.9208200000
0.9122100000
0.8863900000
0.9070900000
0.8677400000
0.8663900000
0.8543200000
0.8256500000
0.8294200000
0.8266200000
0.8077900000
0.8077200000
0.8365400000
0.8301500000
0.8305300000
0.8180600000
0.8192300000
0.8257600000
0.8205200000
0.8450500000
0.8541800000
0.8529800000
0.8800800000
0.8896600000
0.8678100000
0.8740100000
0.8719100000
0.8424000000
0.8226300000
0.8207600000
0.8033700000
0.7792800000
0.7587700000
0.7765700000
0.7512100000
0.7645600000
0.7915400000
0.8032700000
0.8040800000
0.8140000000
0.8063100000
0.8148200000
0.7861700000
0.7721600000
0.7804800000
0.7889900000
0.7776500000
0.7671200000
0.7824800000
0.7613000000
0.7558400000
0.7635700000
0.7619700000
0.7909200000
0.7582300000
0.7218500000
0.7242100000
0.7190600000
0.7204000000
0.7187600000
0.7385700000
0.7125500000
0.7099400000
0.7037700000
0.6991400000
0.7139400000
0.7071400000
0.7131500000
0.6820900000
0.6785100000
0.6735000000
0.6386300000
0.6349800000
0.6267200000
0.6320500000
0.6262900000
0.6288000000
0.6241300000
0.6357900000
0.6519100000
0.6538300000
0.6491200000
0.6474500000
0.6520300000
0.6574800000
0.6772000000
0.6748600000
0.6743300000
0.6575400000
0.6607700000
0.6641700000
0.6685100000
0.6836800000
0.6809600000
0.6932100000
0.6863000000
0.6904800000
0.6962300000
0.7005900000
0.7092600000
0.7045800000
0.6867700000
0.6790000000
0.6605600000
0.6689700000
0.6445700000
0.6315800000
0.6119100000
0.5960800000
0.5908900000
0.6144100000
0.6287500000
0.6225900000
0.6234000000
0.6408100000
0.6570800000
0.6577200000
0.6568900000
0.6418900000
0.6450900000
0.6138600000
0.6077900000
0.6179600000
0.6254500000
0.6307100000
0.6236400000
0.6291800000
0.6307000000
0.6100000000
0.6146500000
0.6271200000
0.6210500000
0.6245800000
0.6251900000
0.6129000000
0.6026100000
0.6175600000
0.6107000000
0.6316500000
0.6102500000
0.6341100000
0.6247400000
0.6211000000
0.6061000000
0.6160900000
0.6300600000
0.6290600000
0.6336200000
0.6120000000
0.6176600000
0.6263300000
0.6207900000
0.6157000000
0.6116400000
0.6357200000
0.6297200000
0.6577500000
0.6411600000
0.6333000000
0.6437800000
0.6568200000
0.6886900000
0.7122300000
0.7096800000
0.7277900000
0.7196400000
0.6835500000
0.6635600000
0.6561700000
0.6513300000
0.6592400000
0.6697200000
0.6854000000
0.6742300000
0.6858300000
0.7064300000
0.7198000000
0.7258400000
0.7280000000
0.7114700000
0.7476700000
0.7612300000
0.7489200000
0.7361500000
0.7219700000
0.7339200000
0.6945000000
0.6975700000
0.7155500000
0.7400800000
0.7341300000
0.7307300000
0.7121300000
0.6819100000
0.6778700000
0.6694400000
0.6821100000
0.6712400000
0.6695200000
0.6622600000
0.6618100000
0.6402800000
0.6338100000
0.6251100000
0.6290200000
0.6340100000
0.6263600000
0.6435100000
0.6444400000
0.6409300000
0.6146100000
0.6086600000
0.6289400000
0.6391300000
0.6617300000
0.6833800000
0.6580400000
0.6591200000
0.6569700000
0.6380900000
0.6327300000
0.6310400000
0.6290700000
0.6213600000
0.6228400000
0.6202500000
0.6003000000
0.6144700000
0.6327000000
0.6343700000
0.6228200000
0.6279600000
0.6262200000
0.6317700000
0.6557300000
0.6572600000
0.6707800000
0.6606700000
0.6528100000
0.6416800000
0.6606900000
0.6524000000
0.6523500000
0.6222000000
0.6173000000
0.6451200000
0.6502600000
0.6246400000
0.6482800000
0.6525800000
0.6498500000
0.6234700000
0.6153300000
0.6034400000
0.6006200000
0.6047500000
0.6090400000
0.6068300000
0.6050200000
0.6070700000
0.6049500000
0.6240300000
0.6252200000
0.6253600000
0.6475500000
0.6443700000
0.6313900000
0.6107800000
0.6171600000
0.6176700000
0.6145900000
0.6178700000
0.6093600000
0.6146500000
0.6305300000
0.6303200000
0.6182300000
0.6213300000
0.6326900000
0.6164900000
0.6039600000
0.6268500000
0.6229700000
0.6337200000
0.6420800000
0.6494800000
0.6774500000
0.6718600000
0.6691000000
0.6620800000
0.6510700000
0.6301800000
0.6290800000
0.6426100000
0.6438800000
0.6320200000
0.6159500000
0.6299300000
0.6291100000
0.6353100000
0.6295400000
0.6397500000
0.6452000000
0.6476300000
0.6414400000
0.6405500000
0.6340500000
0.6278200000
0.6482800000
0.6445400000
0.6364200000
0.6563500000
0.6600500000
0.6832600000
0.6820500000
0.6737700000
0.6891500000
0.7153700000
0.6931600000
0.6999100000
0.6985700000
0.7017700000
0.7324800000
0.7072100000
0.7095000000
0.6956600000
0.6892600000
0.6951100000
0.6999000000
0.7158900000
0.7112500000
0.7183600000
0.7181200000
0.7214300000
0.7158400000
0.7271900000
0.7343700000
0.7348200000
0.7584500000
0.7509700000
0.7333800000
0.7485900000
0.7533000000
0.7557200000
0.7743400000
0.7785700000
0.7641800000
0.7821700000
0.7758100000
0.7758900000
0.7630900000
0.7808500000
0.7919300000
0.8103600000
0.7946700000
0.7817600000
0.7798300000
0.7681400000
0.7638600000
0.7536600000
0.7584800000
0.7702300000
0.7789500000
0.7781800000
0.8060800000
0.8338000000
0.8515100000
0.8546800000
0.8723000000
0.8915100000
0.8760200000
0.9014200000
0.8981000000
0.8838400000
0.8809500000
0.8586800000
0.8715800000
0.8471400000
0.8481700000
0.8625200000
0.8684600000
0.8362000000
0.8359700000
0.8516400000
0.8606300000
0.8790100000
0.8663600000
0.8638700000
0.8452300000
0.8347300000
0.8266200000
0.8096800000
0.7932200000
0.7802700000
0.7822500000
0.7798800000
0.7806800000
0.7950100000
0.7799700000
0.7841600000
0.7893500000
0.7831800000
0.8016800000
0.8236400000
0.8231500000
0.8420400000
0.8680700000
0.8705200000
0.8786900000
0.8796200000
0.8980300000
0.9099400000
0.8938800000
0.8995100000
0.8776800000
0.8903300000
0.8686100000
0.9023400000
0.9190700000
0.9272100000
0.9093600000
0.9328600000
0.9593700000
0.9584300000
0.9780700000
0.9830800000
0.9669700000
0.9765400000
0.9728700000
0.9604700000
0.9542200000
0.9714700000
0.9874100000
0.9530000000
0.9747600000
0.9614500000
0.9580400000
0.9418300000
0.9372300000
0.9068300000
0.9121100000
0.9011700000
0.8615300000
0.8539600000
0.8789600000
0.9016800000
0.9031100000
0.9079200000
0.9019900000
0.8973700000
0.8957300000
0.9106400000
0.9123100000
0.8996100000
0.8909300000
0.9131400000
0.9211900000
0.9275800000
0.9349100000
0.9320800000
0.9505000000
0.9749900000
0.9757400000
0.9496700000
0.9559300000
0.9674900000
0.9722200000
0.9762800000
1.0011000000
0.9882200000
1.0114000000
0.9960900000
0.9934700000
0.9812000000
0.9702800000
0.9641700000
0.9835200000
0.9990300000
0.9798500000
0.9280200000
0.9305300000
0.9281900000
0.9208000000
0.8976000000
0.9083900000
0.9044800000
0.9126500000
0.9174200000
0.9024100000
0.9009200000
0.8846800000
0.8527600000
0.8574100000
0.8238400000
0.8229300000
0.8033200000
0.8342900000
0.8383800000
0.8594500000
0.8456900000
0.8594900000
0.8644300000
0.8205600000
0.8213200000
0.8148800000
0.8149100000
0.8043100000
0.8180200000
0.8383100000
0.8393300000
0.8376800000
0.8683700000
0.8945900000
0.8991300000
0.8980400000
0.9150500000
0.9080600000
0.9359600000
0.9577100000
0.9616300000
0.9806800000
0.9696700000
0.9567500000
0.9490300000
0.9613300000
0.9311900000
0.9171600000
0.9111100000
0.9339900000
0.9463900000
0.9503100000
0.9382700000
0.9448000000
0.9645800000
0.9623300000
0.9709500000
0.9699500000
0.9668800000
0.9771100000
0.9697900000
0.9417700000
0.9339300000
0.8921500000
0.8824800000
0.8700800000
0.8748700000
0.9079800000
0.9043500000
0.9113600000
0.8992000000
0.9294900000
0.9390800000
0.9545500000
0.9538900000
0.9329300000
0.9436000000
0.9449600000
0.9507000000
0.9283700000
0.9140400000
0.8912800000
0.8956600000
0.8999400000
0.8942300000
0.9085100000
0.9039300000
0.9023000000
0.9128000000
0.9387000000
0.9627300000
0.9844900000
1.0007000000
0.9843400000
0.9791000000
0.9741600000
0.9658800000
0.9805300000
0.9635400000
0.9873000000
0.9662100000
0.9684500000
0.9565600000
0.9421200000
0.9333600000
0.9303200000
0.9405600000
0.9610600000
0.9529100000
0.9584700000
0.9516400000
0.9182200000
0.9140100000
0.9119200000
0.9174900000
0.9418900000
0.9485500000
0.9216400000
0.9013300000
0.8969600000
0.9177700000
0.9223600000
0.9338000000
0.9256300000
0.9117900000
0.9029700000
0.9042200000
0.8994000000
0.9194600000
0.9303300000
0.9413500000
0.9473300000
0.9004600000
0.9143200000
0.8851500000
0.8753100000
0.8917200000
0.9256500000
0.9106700000
0.8911600000
0.9032800000
0.8986500000
0.8910600000
0.8923900000
0.9361600000
0.9387600000
0.9399200000
0.9590900000
0.9659000000
0.9741600000
0.9748900000
0.9762300000
0.9394300000
0.9326900000
0.9567700000
0.9583500000
0.9872600000
1.0032000000
0.9301800000
0.9036200000
0.9154200000
0.9039600000
0.9161000000
0.9478700000
0.9619300000
0.9711200000
0.9716900000
0.9545400000
0.9744800000
0.9539300000
0.9486500000
0.9419300000
0.9308900000
0.9272800000
0.9282400000
0.9279300000
0.8994900000
0.9063000000
0.8958500000
0.8679600000
0.8840800000
0.8907600000
0.8999400000
0.8973300000
0.9046900000
0.8866600000
0.8818600000
0.8993500000
0.8749800000
0.8622300000
0.8524300000
0.8393500000
0.8556900000
0.8562800000
0.8096800000
0.8183900000
0.8451900000
0.8205900000
0.8242200000
0.8060400000
0.8028200000
0.8114100000
0.8283700000
0.8354200000
0.8020100000
0.8092900000
0.8113100000
0.8324700000
0.8255400000
0.8540900000
0.8422800000
0.8415900000
0.8777000000
0.8893300000
0.9215300000
0.9389900000
0.9457200000
0.9227700000
0.9019800000
0.9066600000
0.8878800000
0.8874000000
0.8949500000
0.9216500000
0.9418200000
0.9526600000
0.9486500000
0.9226300000
0.9232900000
0.8979200000
0.9122200000
0.9111500000
0.8946700000
0.9007300000
0.8889100000
0.9034100000
0.8972800000
0.8948100000
0.8515000000
0.8424500000
0.8256300000
0.8347600000
0.8470600000
0.8701500000
0.8751100000
0.8804100000
0.8785500000
0.9017000000
0.9083100000
0.9234600000
0.9448300000
0.9098700000
0.8900400000
0.8923400000
0.9074700000
0.8984000000
0.9372900000
0.9167000000
0.8935100000
0.8998800000
0.8720100000
0.8827700000
0.8855300000
0.9051900000
0.8955800000
0.9292900000
0.9550800000
0.9575400000
0.9838500000
0.9881900000
0.9926500000
1.0169000000
1.0100000000
1.0444000000
1.0587000000
1.0397000000
1.0583000000
1.0458000000
1.0598000000
1.0674000000
1.0630000000
1.0279000000
1.0536000000
1.0617000000
1.0774000000
1.0503000000
1.0198000000
1.0238000000
1.0117000000
1.0022000000
1.0110000000
1.0353000000
0.9952400000
0.9676800000
0.9781900000
0.9768800000
0.9566600000
0.9644100000
0.9594400000
0.9579000000
0.9589600000
0.9796400000
0.9897100000
0.9630900000
0.9515800000
0.9375900000
0.9277500000
0.9213700000
0.9606000000
0.9858600000
0.9911400000
0.9884000000
1.0134000000
0.9913900000
0.9654300000
0.9675500000
0.9286300000
0.9380200000
0.8923900000
0.8730600000
0.9030600000
0.8953100000
0.8916200000
0.8871600000
0.8925600000
0.8908000000
0.8881200000
0.9174000000
0.8904600000
0.8657800000
0.8875100000
0.8911300000
0.8797000000
0.8737400000
0.8794600000
0.9029000000
0.9274600000
0.9014600000
0.8950100000
0.8943700000
0.9236400000
0.9198000000
0.9097500000
0.9118300000
0.8861100000
0.8529100000
0.8412800000
0.8446500000
0.8368900000
0.8356200000
0.8274700000
0.8396300000
0.8293600000
0.8164700000
0.8192900000
0.8190900000
0.8135300000
0.8099600000
0.8253200000
0.8367900000
0.8691400000
0.8793800000
0.8745700000
0.8856600000
0.8757000000
0.8590700000
0.8501500000
0.8479300000
0.8232300000
0.8225800000
0.8182100000
0.8064700000
0.8177000000
0.8031400000
0.8024900000
0.8051000000
0.8192600000
0.8291200000
0.8251800000
0.8592900000
0.8717100000
0.8792500000
0.8767600000
0.8803400000
0.8877200000
0.8869500000
0.8468800000
0.8481200000
0.8701800000
0.8946000000
0.8979200000
0.9120900000
0.9202600000
0.9143000000
0.9138500000
0.9288200000
0.9373200000
0.9589000000
0.9634500000
0.9904300000
0.9850000000
0.9607500000
0.9627700000
0.9677100000
0.9646300000
0.9756300000
0.9567700000
0.9495000000
0.9481800000
0.9344200000
0.9192100000
0.9455600000
0.9489300000
0.9483500000
0.9229300000
0.9376300000
0.8988500000
