-0.7998400000
-0.8728800000
0.1691600000
0.6999100000
0.3042200000
-0.1586000000
-0.7017200000
-0.5024700000
0.8083000000
0.7405500000
0.7870600000
0.5184800000
-0.5824400000
-0.4441900000
0.0804260000
0.7088500000
0.3469900000
-0.8583000000
-0.7459500000
-0.9596700000
-0.3544400000
0.9388400000
0.7686100000
0.7968300000
0.1845000000
-0.5877100000
-0.2161700000
0.4200600000
0.6872800000
-0.6151100000
-0.7182400000
-0.7414100000
-0.9552500000
0.4474600000
0.8586400000
0.7209200000
0.6903700000
-0.1703600000
-0.4609100000
0.0667510000
0.6535900000
-0.0193440000
-0.7308200000
-0.5938300000
-0.7859900000
-0.6932900000
0.7154100000
0.7050400000
0.5289400000
0.4470400000
0.1750600000
-0.0547560000
0.1153000000
0.1135900000
-0.2739500000
-0.3658900000
-0.3003500000
-0.1644200000
0.1670200000
0.7323400000
0.5058500000
-0.8922000000
-0.7985100000
-1.0056000000
-0.2503900000
0.9714800000
0.8014300000
0.8506400000
-0.0460350000
-0.6617900000
-0.2425600000
0.3292800000
0.8437400000
-0.2974900000
-0.8463300000
-0.7906500000
-0.9834700000
0.4117000000
0.8702900000
0.7135300000
0.6797800000
-0.1231800000
-0.4384900000
0.0823460000
0.6318200000
-0.1015100000
-0.6954800000
-0.5632600000
-0.7411800000
-0.7192200000
0.6096600000
0.6721500000
0.4044400000
0.2248900000
0.1672000000
0.3759500000
0.4473200000
-0.3339300000
-0.3842800000
-0.2074000000
-0.1703300000
-0.0304090000
0.4034200000
0.8393500000
-0.4739300000
-0.7719000000
-0.7154000000
-1.0389000000
0.2738000000
0.9653400000
0.8940900000
0.8402000000
-0.6780600000
-0.7444600000
-0.5214800000
-0.4224000000
-0.2189900000
-0.0160540000
-0.0851070000
-0.0444200000
0.2402800000
0.3267400000
0.2710000000
0.0942010000
-0.3332600000
-0.8622200000
0.2715400000
0.8369300000
0.7495100000
1.0559000000
-0.2762800000
-0.9754300000
-0.9059100000
-0.8283600000
0.7082500000
0.7455300000
0.5376900000
0.4434300000
0.1774600000
-0.0433860000
0.1112600000
0.0888620000
-0.2742400000
-0.3573600000
-0.2914500000
-0.1388200000
0.2281800000
0.8091000000
0.2329100000
-0.9140300000
-0.7907000000
-1.0488000000
0.0452020000
0.9834800000
0.8511800000
0.8689900000
-0.4381100000
-0.7034000000
-0.3386200000
-0.0113750000
0.2784400000
0.4781600000
0.4060300000
-0.1243100000
-0.1724800000
0.2834200000
0.3016500000
-0.4470100000
-0.4697200000
-0.3989500000
-0.4580500000
-0.5070800000
-0.2109400000
0.1923300000
-0.0385630000
-0.3618200000
0.1363900000
0.4792700000
0.3868800000
0.3609500000
0.3470400000
0.2819300000
0.2191800000
0.2384700000
0.1290300000
-0.1625300000
-0.2283200000
-0.2165600000
-0.1827000000
0.0339510000
0.5296000000
0.5079900000
-0.6765200000
-0.5635300000
-0.5528200000
-0.8665300000
-0.2610100000
0.8452400000
0.6556600000
0.5836400000
0.4143200000
-0.1310700000
-0.1176400000
0.3069100000
0.1154800000
-0.4655400000
-0.4296400000
-0.3781500000
-0.3821000000
-0.3480200000
-0.2369800000
-0.1359200000
-0.1246300000
0.0036461000
0.2103000000
0.2697100000
0.2450200000
0.0962600000
-0.3144300000
-0.7961700000
0.3055600000
0.7477900000
0.6145400000
0.9238900000
0.3667600000
-0.9464500000
-0.8039100000
-0.8890600000
-0.0508830000
0.7296200000
0.3711700000
-0.0765240000
-0.6082600000
-0.6964500000
0.6912200000
0.7623600000
0.7416400000
0.6662200000
-0.4041200000
-0.4970100000
0.0260070000
0.6668400000
0.3464700000
-0.8256400000
-0.7072300000
-0.9077500000
-0.5606100000
0.9092600000
0.7854200000
0.8063300000
0.3225100000
-0.5990100000
-0.3029800000
0.3047700000
0.7828600000
-0.3926200000
-0.7792300000
-0.7280200000
-0.9902200000
0.2337300000
0.9020100000
0.7458200000
0.7508200000
-0.1363700000
-0.5350900000
-0.0406700000
0.6063600000
0.3495700000
-0.7745900000
-0.6597300000
-0.8145700000
-0.7730800000
0.7620600000
0.7812100000
0.7046900000
0.5608100000
-0.3052700000
-0.3330900000
0.2527300000
0.5975400000
-0.4236300000
-0.6355700000
-0.5579700000
-0.7854400000
-0.4937200000
0.7078900000
0.5725100000
0.2678000000
-0.0033416000
-0.1853000000
-0.1877000000
-0.0498970000
0.0362680000
-0.1534500000
-0.6859600000
-0.4714200000
0.8410000000
0.6756100000
0.8567700000
0.8121900000
-0.9022700000
-0.8859100000
-0.9972900000
-0.1977600000
0.8999200000
0.6583400000
0.5696000000
0.3510100000
-0.1367900000
-0.0451830000
0.3054300000
-0.0320960000
-0.4546200000
-0.3947300000
-0.3422900000
-0.2827200000
-0.1614200000
-0.1070300000
-0.3352300000
-0.5882900000
0.2763600000
0.5013600000
0.2860800000
0.2786900000
0.3008200000
0.2395900000
0.1538600000
0.2451700000
0.4717700000
-0.0045508000
-0.4235900000
-0.2455300000
-0.1751200000
-0.0960350000
0.2308300000
0.7671500000
-0.0132010000
-0.7840400000
-0.5938300000
-0.8381500000
-0.7046500000
0.8728500000
0.8238500000
0.8763500000
0.3677800000
-0.7255700000
-0.4644500000
-0.0311860000
0.4756000000
0.8236500000
-0.4076600000
-0.8050800000
-0.7011100000
-0.7469200000
0.0862260000
0.5479100000
0.0839260000
-0.5624500000
-0.4718000000
0.7560100000
0.6742600000
0.7964500000
0.8431800000
-0.7089900000
-0.8070700000
-0.7265100000
-0.5994400000
0.3330900000
0.3844400000
-0.1981600000
-0.6758800000
0.3003200000
0.6986500000
0.5969700000
0.8412000000
0.4571500000
-0.8045800000
-0.6483900000
-0.4946000000
-0.3984900000
-0.1533800000
0.0014827000
-0.1181200000
-0.0109450000
0.2865000000
0.3308400000
0.2597900000
0.0621480000
-0.3934100000
-0.8774300000
0.4144400000
0.8341800000
0.7982500000
1.0450000000
-0.5550700000
-0.9453800000
-0.9356300000
-0.6568900000
0.8169200000
0.6963000000
0.5133900000
0.4099100000
0.1469800000
-0.0165550000
0.1207800000
0.0200090000
-0.2928200000
-0.3380000000
-0.2648000000
-0.0704500000
0.3753200000
0.8854600000
-0.3434800000
-0.8548900000
-0.8061600000
-1.0485000000
0.5416700000
0.9459700000
0.9276100000
0.6665300000
-0.7963600000
-0.6843300000
-0.4737500000
-0.3660700000
-0.2247100000
-0.0995250000
-0.0585830000
0.0671610000
0.2297200000
0.2775600000
0.2168600000
-0.0295370000
-0.5556400000
-0.5975800000
0.7340400000
0.6473200000
0.7036100000
0.9831000000
-0.4371000000
-0.9011100000
-0.8231000000
-0.7642400000
0.5085400000
0.6155000000
0.1932300000
-0.2836100000
-0.7968100000
-0.1555100000
0.8473700000
0.7093400000
0.7811300000
0.3001900000
-0.5912300000
-0.2997300000
0.3009700000
0.7852900000
-0.3815900000
-0.7805900000
-0.7253400000
-0.9928200000
0.2152900000
0.9076600000
0.7535200000
0.7622700000
-0.1544600000
-0.5512500000
-0.0605830000
0.5887800000
0.4441300000
-0.7761200000
-0.6835500000
-0.8273300000
-0.7830600000
0.7814600000
0.7961100000
0.7430000000
0.5489100000
-0.4150400000
-0.3599200000
0.2401300000
0.6951900000
-0.3606100000
-0.7081100000
-0.6241000000
-0.8899300000
-0.2819400000
0.8545600000
0.6574100000
0.5747400000
0.4087000000
-0.1082300000
-0.1032700000
0.2930900000
0.0848800000
-0.4509800000
-0.4165100000
-0.3608900000
-0.3347000000
-0.2610000000
-0.2003600000
-0.2941600000
-0.2959800000
0.1803500000
0.2856000000
0.1903500000
0.1639100000
0.0129840000
-0.4228600000
-0.6263100000
0.5447600000
0.5796700000
0.4766300000
0.7221100000
0.6927700000
-0.6308800000
-0.6738700000
-0.4343200000
-0.2921600000
-0.2360700000
-0.3212500000
-0.1963400000
0.2277500000
0.2381800000
0.1780700000
0.1566400000
-0.0370460000
-0.5065600000
-0.4633400000
0.6327900000
0.5178400000
0.4683500000
0.7211700000
0.6106100000
-0.6231400000
-0.6032100000
-0.2864500000
0.0123010000
0.2726700000
0.4306700000
0.3806300000
-0.0010599000
-0.0905810000
0.2365200000
0.1498000000
-0.3836100000
-0.3977600000
-0.3276400000
-0.2671600000
-0.1103500000
0.1123000000
0.2547200000
0.2510400000
0.1741100000
0.2212500000
0.4125000000
0.0703030000
-0.3723900000
-0.2443400000
-0.1728300000
-0.1031500000
0.2019500000
0.7110100000
0.0177590000
-0.7291200000
-0.5184400000
-0.6716100000
-0.8921900000
0.4461700000
0.8141100000
0.6523400000
0.6306000000
0.0528990000
-0.3590000000
0.0759060000
0.5193800000
-0.1789100000
-0.5952800000
-0.4756500000
-0.5649400000
-0.7023600000
-0.0000182430
0.5404700000
0.1371200000
-0.4945600000
-0.5871600000
0.7004200000
0.6821100000
0.7504600000
0.9291400000
-0.5475300000
-0.8436900000
-0.7306900000
-0.6723400000
0.2586100000
0.4520700000
-0.0968310000
-0.6810200000
0.0544470000
0.7464700000
0.6131500000
0.8312600000
0.5979000000
-0.8010800000
-0.7078800000
-0.5950600000
-0.4863500000
0.0545220000
0.1819500000
-0.2450800000
-0.2416000000
0.4204600000
0.4549400000
0.3861900000
0.3973400000
0.3880800000
0.2638400000
0.0811250000
0.0929410000
0.0952030000
-0.1719100000
-0.3069500000
-0.2819600000
-0.1705100000
0.1516600000
0.7291100000
0.3133000000
-0.8552300000
-0.6895600000
-0.9275100000
-0.5784700000
0.9763300000
0.8657300000
0.9876900000
-0.0533710000
-0.8543400000
-0.5766100000
-0.4409900000
-0.3181800000
-0.1261800000
-0.0590330000
-0.0563670000
0.1369600000
0.2854800000
0.2819300000
0.1612700000
-0.1844900000
-0.7552700000
-0.1400700000
0.8288700000
0.6509100000
0.9032100000
0.5896300000
-0.9506700000
-0.8457600000
-0.9511600000
-0.0764970000
0.8186300000
0.5163900000
0.2699500000
0.1219200000
0.2188200000
0.5839900000
0.1499700000
-0.5816100000
-0.3534800000
-0.2839400000
-0.3444200000
-0.3766600000
-0.3135800000
-0.1560200000
-0.0946230000
-0.1185700000
0.0797160000
0.2716100000
0.2844300000
0.2184700000
-0.0127290000
-0.5281100000
-0.6989000000
0.7124800000
0.6975400000
0.7477700000
0.9966600000
-0.5652100000
-0.9130400000
-0.8912400000
-0.6892500000
0.7270000000
0.6529900000
0.3681700000
0.1833700000
0.1658500000
0.4449300000
0.4204200000
-0.4577600000
-0.3882300000
-0.2301500000
-0.2182100000
-0.1182800000
0.2005600000
0.7280300000
0.5465700000
-0.8574300000
-0.7895700000
-0.9139500000
-0.3733300000
0.8251000000
0.6027100000
0.3930400000
0.2756700000
0.2626500000
0.2877500000
-0.0058226000
-0.2363900000
-0.1959600000
-0.1893900000
-0.1232700000
0.1887600000
0.6663900000
-0.0229600000
-0.6732600000
-0.4628200000
-0.5575600000
-0.8318600000
-0.0454470000
0.7571500000
0.4879800000
0.2282700000
0.0214610000
0.0002410600
0.3235200000
0.8570200000
-0.1711400000
-0.8346800000
-0.6989400000
-1.0298000000
-0.0349090000
1.0065000000
0.9001100000
0.9528500000
-0.6047400000
-0.8247700000
-0.6527900000
-0.5746300000
0.0417360000
0.2846100000
-0.1887900000
-0.4222000000
0.3667500000
0.5302200000
0.4414600000
0.5226000000
0.5974900000
0.0689700000
-0.3728000000
0.0224920000
0.5385000000
-0.0340620000
-0.6251000000
-0.4906700000
-0.5702400000
-0.7546100000
-0.0284580000
0.6221700000
0.2634800000
-0.2947500000
-0.8351900000
0.2505200000
0.8422400000
0.7723300000
1.0146000000
-0.3245400000
-0.9138000000
-0.7838100000
-0.7587200000
0.3215700000
0.5619200000
0.0629250000
-0.5736700000
-0.6025500000
0.7742600000
0.7432900000
0.8733800000
0.7398000000
-0.8471400000
-0.8040900000
-0.7885800000
-0.4635200000
0.5442000000
0.3537200000
-0.2462700000
-0.7672500000
0.2941100000
0.7763900000
0.6943000000
0.9708600000
0.0002768900
-0.9118700000
-0.7301700000
-0.7505800000
-0.0705140000
0.5259100000
0.0955920000
-0.5473700000
-0.3677400000
0.7251900000
0.6246700000
0.7284400000
0.8711700000
-0.5176300000
-0.7849800000
-0.5980700000
-0.5456400000
-0.1556300000
0.2096800000
-0.0965930000
-0.3306700000
0.2505600000
0.4705800000
0.3827300000
0.3599600000
0.3260700000
0.2485000000
0.2244400000
0.2774900000
0.0585190000
-0.2332300000
-0.2205900000
-0.2000300000
-0.1407700000
0.1447400000
0.6521800000
0.1430600000
-0.7078800000
-0.4986200000
-0.5818100000
-0.8740500000
0.0293400000
0.8086800000
0.5712200000
0.4510400000
0.3381900000
0.1279700000
0.0484880000
0.0914470000
-0.0981490000
-0.2905100000
-0.2971800000
-0.2007500000
0.0871430000
0.6486300000
0.5159700000
-0.8246800000
-0.6928400000
-0.8606600000
-0.8069100000
0.8916600000
0.8757000000
0.9671900000
0.2511100000
-0.8594500000
-0.6012900000
-0.4245500000
-0.3186600000
-0.2184400000
-0.1311800000
-0.0057402000
0.1428000000
0.2283800000
0.2493300000
0.1553500000
-0.1761200000
-0.7114900000
-0.0708870000
0.7548600000
0.5543600000
0.7297600000
0.8702500000
-0.6275200000
-0.8185100000
-0.7312300000
-0.6518300000
0.3079900000
0.4408400000
-0.1177500000
-0.6958000000
0.0861140000
0.7520100000
0.6224200000
0.8544200000
0.5329100000
-0.8350700000
-0.7087400000
-0.6260600000
-0.4737200000
0.1721800000
0.1956400000
-0.3067800000
-0.2786200000
0.4851900000
0.4861200000
0.4335600000
0.5238700000
0.5365400000
-0.0156770000
-0.2929900000
0.1441000000
0.4780900000
-0.2831700000
-0.5510900000
-0.4403500000
-0.5177400000
-0.6387000000
-0.1398600000
0.4353900000
0.0842810000
-0.5166100000
-0.2589400000
0.6687800000
0.5538400000
0.6150100000
0.8454700000
-0.0786940000
-0.7474800000
-0.4505600000
-0.1719100000
0.0626650000
0.1403000000
-0.0195790000
-0.3818100000
-0.8002700000
-0.1117500000
0.7977200000
0.6075600000
0.5263600000
0.4045600000
-0.0004830000
-0.0731520000
0.2239900000
0.0528860000
-0.3864000000
-0.3814300000
-0.3107200000
-0.1981400000
0.0544560000
0.4310000000
0.7670600000
-0.0237670000
-0.7166400000
-0.4541800000
-0.1775100000
0.0863670000
0.2522100000
0.2668300000
0.1964900000
0.2200000000
0.3594100000
0.0627500000
-0.3180900000
-0.2322200000
-0.1783400000
-0.1106900000
0.1916800000
0.6866300000
0.0146980000
-0.7024900000
-0.4892200000
-0.6065500000
-0.8778000000
0.1767900000
0.7992600000
0.5626400000
0.4611200000
0.3270100000
0.0696980000
0.0332790000
0.1239100000
-0.1130100000
-0.3229000000
-0.3094300000
-0.2063200000
0.0769590000
0.6339700000
0.6247900000
-0.8286400000
-0.7472900000
-0.9167900000
-0.7158200000
0.9591400000
0.8821900000
0.9987500000
0.0342920000
-0.8762100000
-0.6105400000
-0.4961200000
-0.3348600000
-0.0107820000
-0.0094747000
-0.1701200000
0.1055400000
0.3583500000
0.3308800000
0.2338600000
-0.0100670000
-0.5084400000
-0.8625400000
0.6194300000
0.8379400000
0.8924700000
0.8626800000
-0.8514100000
-0.8687600000
-0.9011000000
-0.3820500000
0.7522600000
0.4934100000
0.0975530000
-0.3279000000
-0.7442500000
-0.2026700000
0.7358600000
0.5398400000
0.3254800000
0.1669600000
0.1704200000
0.4609000000
0.3718600000
-0.4753100000
-0.3704300000
-0.2260500000
-0.2123900000
-0.0940880000
0.2567900000
0.8039700000
0.3122900000
-0.9082000000
-0.7960500000
-0.9817500000
-0.0438230000
0.8899700000
0.6592000000
0.6043400000
0.2963700000
-0.2448900000
-0.0327720000
0.3896700000
-0.0398350000
-0.5172500000
-0.4269400000
-0.4132400000
-0.4649500000
-0.4070900000
-0.0426070000
0.0888040000
-0.2052800000
-0.1364100000
0.3586600000
0.3908400000
0.3198300000
0.2349900000
0.0256920000
-0.3091000000
-0.6781000000
-0.4051000000
0.6213700000
0.4892600000
0.1018100000
-0.3895200000
-0.8581600000
0.2120500000
0.8570800000
0.7583000000
0.8693100000
-0.1846000000
-0.7160400000
-0.3495900000
0.0456950000
0.4947900000
0.7674600000
-0.3239400000
-0.7231700000
-0.4899500000
-0.3509500000
-0.2589200000
-0.2598600000
-0.2345600000
0.0751860000
0.2256900000
0.1985700000
0.1969900000
0.0871590000
-0.2919000000
-0.6984700000
0.2999100000
0.6440500000
0.4696900000
0.6505000000
0.8244300000
-0.3988200000
-0.7366400000
-0.4775400000
-0.3236800000
-0.2409800000
-0.2932100000
-0.2534500000
0.1536400000
0.2488600000
0.1845000000
0.1735900000
0.0336130000
-0.3876600000
-0.6305200000
0.4921100000
0.5772400000
0.4512000000
0.6579000000
0.7616000000
-0.4432700000
-0.6746600000
-0.3628500000
-0.0832270000
0.1492300000
0.2329700000
0.1589300000
0.0730110000
0.2255100000
0.6161500000
0.0652380000
-0.6033800000
-0.3660200000
-0.3344300000
-0.4567100000
-0.5531700000
-0.1864200000
0.2960600000
0.0074579000
-0.4589000000
0.0196250000
0.5623100000
0.4458600000
0.4637800000
0.5972900000
0.4127200000
-0.3117100000
-0.2295400000
0.3394500000
0.4603300000
-0.5274100000
-0.5616300000
-0.5136300000
-0.7209800000
-0.5207800000
0.5808300000
0.4927400000
0.0429250000
-0.5326300000
-0.7813300000
0.6740200000
0.8085400000
0.8692500000
0.7734300000
-0.7778400000
-0.7688800000
-0.6599100000
-0.5309400000
0.1857400000
0.2625300000
-0.2743100000
-0.4143600000
0.4642500000
0.5375000000
0.4720900000
0.6111900000
0.6001500000
-0.2699500000
-0.4319000000
0.0884530000
0.6780400000
-0.0039792000
-0.7500500000
-0.6068100000
-0.8164700000
-0.6643600000
0.7845000000
0.7325600000
0.6311600000
0.5183500000
-0.1297300000
-0.2388700000
0.2612800000
0.3584300000
-0.4462700000
-0.5079800000
-0.4392200000
-0.5331500000
-0.5735600000
0.0112060000
0.3472000000
-0.0937020000
-0.5419000000
0.1789600000
0.6040800000
0.4761300000
0.5762600000
0.7279100000
-0.0440640000
-0.5811400000
-0.1828700000
0.4246900000
0.7577600000
-0.5946400000
-0.7590100000
-0.7812500000
-0.9664800000
0.5699100000
0.8751500000
0.7971500000
0.6823900000
-0.4705500000
-0.5159100000
0.0005464600
0.6353400000
0.5111900000
-0.8212300000
-0.7454700000
-0.9147700000
-0.5824400000
0.9048100000
0.7823100000
0.7884000000
0.3509100000
-0.5627700000
-0.2859500000
0.3370200000
0.7309500000
-0.4915700000
-0.7334300000
-0.7026300000
-0.9686100000
0.1996800000
0.8844300000
0.7085900000
0.7119300000
0.0202320000
-0.4737900000
-0.0149600000
0.5895100000
0.1129900000
-0.7062400000
-0.5712300000
-0.7015400000
-0.8159100000
0.4677900000
0.7222800000
0.4527300000
0.2840300000
0.2094400000
0.3325000000
0.3370600000
-0.2299100000
-0.3041900000
-0.1782900000
-0.1483700000
0.0055465000
0.4461500000
0.5927700000
-0.5731200000
-0.5614500000
-0.4694600000
-0.7146000000
-0.6844900000
0.6125200000
0.6583200000
0.3931800000
0.2070800000
0.1415300000
0.3631300000
0.5333300000
-0.3208300000
-0.4477200000
-0.2461200000
-0.2221100000
-0.1586500000
0.1050000000
0.5956300000
0.7978200000
-0.6821000000
-0.8192100000
-0.8518100000
-0.7001300000
0.7007800000
0.6619100000
0.3878400000
0.2135600000
0.1889900000
0.4229900000
0.3391000000
-0.4017000000
-0.3325300000
-0.1890300000
-0.1506400000
0.0408240000
0.5395200000
0.6732500000
-0.7179100000
-0.6731900000
-0.7141200000
-1.0013000000
0.4574500000
0.9181200000
0.8646100000
0.7605400000
-0.6387300000
-0.6608800000
-0.3337700000
-0.0781590000
0.0538940000
-0.0931530000
-0.5892600000
-0.7771900000
0.7753200000
0.7883300000
0.9145900000
0.8005400000
-0.9539400000
-0.9061100000
-1.0334000000
-0.0213080000
0.9207100000
0.6898800000
0.6504800000
0.2019900000
-0.3478600000
-0.0071380000
0.4790400000
-0.0511300000
-0.5844800000
-0.4694100000
-0.5134800000
-0.6611900000
-0.2471000000
0.4646700000
0.1843200000
-0.4330500000
-0.5081300000
0.6312400000
0.6147100000
0.6270000000
0.8923300000
-0.0212130000
-0.8167000000
-0.5723700000
-0.4469700000
-0.3340700000
-0.1353900000
-0.0556030000
-0.0800620000
0.1067300000
0.2847600000
0.2916600000
0.1920900000
-0.1079200000
-0.6748700000
-0.4273600000
0.8299800000
0.6736000000
0.8587800000
0.7828700000
-0.8936200000
-0.8670800000
-0.9553300000
-0.2585300000
0.8429100000
0.5788200000
0.3669200000
0.2513000000
0.2759200000
0.3275800000
-0.0540890000
-0.2763600000
-0.1908600000
-0.1722600000
-0.0885110000
0.2562500000
0.6771500000
-0.2119300000
-0.6360200000
-0.4404700000
-0.5648000000
-0.8131900000
0.0316860000
0.7218200000
0.4206100000
0.0856370000
-0.2736500000
-0.6205900000
-0.4559200000
0.5058000000
0.4352000000
-0.0473320000
-0.6734800000
-0.4198000000
0.8427100000
0.7308200000
0.9346300000
0.5238200000
-0.9436700000
-0.8105400000
-0.8678500000
-0.1705000000
0.6975000000
0.3483100000
-0.1706800000
-0.7676500000
-0.2542500000
0.8790500000
0.7674000000
0.9620600000
0.1404100000
-0.8860700000
-0.6595900000
-0.5945500000
-0.3411500000
0.2028300000
0.0592010000
-0.3575900000
-0.0023389000
0.4968000000
0.4214300000
0.3904000000
0.4111200000
0.3730100000
0.1778600000
0.0286150000
0.1275600000
0.0448460000
-0.2613600000
-0.3228300000
-0.2679700000
-0.1103300000
0.2908800000
0.8509800000
-0.1231000000
-0.8598600000
-0.7444200000
-1.0533000000
0.1417200000
0.9907200000
0.8988500000
0.8801800000
-0.6519200000
-0.7675200000
-0.5531100000
-0.4632300000
-0.1796200000
0.0701230000
-0.1106800000
-0.1308000000
0.2722600000
0.3745300000
0.3078300000
0.1790500000
-0.1321300000
-0.6750600000
-0.6545200000
0.8388100000
0.8077800000
0.9579500000
0.4528500000
-0.9239800000
-0.7550200000
-0.7456100000
-0.3105300000
0.4898100000
0.1943800000
-0.4417500000
-0.4845300000
0.6436700000
0.6188500000
0.6459300000
0.8919500000
-0.1192200000
-0.8024600000
-0.5475800000
-0.4111900000
-0.3073100000
-0.1896000000
-0.1099100000
-0.0111420000
0.1495800000
0.2457900000
0.2555900000
0.1451300000
-0.2068600000
-0.7433500000
0.0088797000
0.7656500000
0.5749700000
0.7954900000
0.7751500000
-0.7925500000
-0.8108500000
-0.8021000000
-0.5339700000
0.5682900000
0.4318300000
-0.1168200000
-0.7425300000
-0.1747300000
0.8531300000
0.7297200000
0.9701600000
0.2472900000
-0.9412800000
-0.7658200000
-0.8013700000
-0.1083700000
0.5968900000
0.1951500000
-0.4414900000
-0.6876800000
0.6391400000
0.7250300000
0.7633600000
0.9444600000
-0.5368200000
-0.8526000000
-0.7391800000
-0.6774400000
0.2788500000
0.4608200000
-0.0885130000
-0.6869100000
0.0112850000
0.7615100000
0.6267200000
0.8477000000
0.5788200000
-0.8274600000
-0.7208400000
-0.6396000000
-0.4876800000
0.1945900000
0.2179700000
-0.3065800000
-0.3307000000
0.4908300000
0.5068900000
0.4537200000
0.5727400000
0.5667000000
-0.1644600000
-0.3645700000
0.1464400000
0.6072600000
-0.2382500000
-0.6455300000
-0.5207800000
-0.6906400000
-0.7267500000
0.4811600000
0.6354200000
0.2832500000
-0.0858520000
-0.5004700000
-0.7300700000
0.2786000000
0.6654400000
0.3609500000
0.0331930000
-0.3361800000
-0.6819700000
-0.2858800000
0.6122100000
0.4086700000
-0.0466470000
-0.6448100000
-0.6031800000
0.8252900000
0.7810200000
0.9362800000
0.5287900000
-0.9143000000
-0.7689600000
-0.7652500000
-0.3369400000
0.5215700000
0.2400100000
-0.3964600000
-0.6141400000
0.5991800000
0.6683700000
0.6716500000
0.9301200000
-0.1652800000
-0.8450000000
-0.6306100000
-0.5879400000
-0.2665300000
0.2371700000
0.0056223000
-0.3842200000
0.0869260000
0.5078300000
0.4156400000
0.4010800000
0.4346800000
0.3788900000
0.1036500000
-0.0240450000
0.1684400000
0.0580070000
-0.3169500000
-0.3499200000
-0.2823600000
-0.1374000000
0.2204400000
0.7961400000
0.3020000000
-0.9153800000
-0.7964600000
-1.0381000000
-0.0029028000
0.9735700000
0.8222400000
0.8521100000
-0.2987800000
-0.6685400000
-0.2467100000
0.2450200000
0.7908500000
0.2001400000
-0.8650400000
-0.7421400000
-0.8634300000
-0.2131500000
0.7299200000
0.4277900000
0.0050509000
-0.4951800000
-0.8121000000
0.4374200000
0.7929200000
0.6822200000
0.7142100000
-0.0393870000
-0.4993800000
-0.0327230000
0.5965400000
0.2314100000
-0.7386700000
-0.6079400000
-0.7467400000
-0.8243900000
0.6009500000
0.7602900000
0.5817800000
0.5205800000
0.1430900000
-0.1764600000
0.1177400000
0.2787400000
-0.2790700000
-0.4448300000
-0.3635900000
-0.3186700000
-0.2238700000
-0.0873940000
-0.1052600000
-0.4587400000
-0.5863900000
0.5384900000
0.5173500000
0.3769700000
0.5282600000
0.7352700000
0.0365960000
-0.6118100000
-0.2625000000
0.2959100000
0.8325000000
-0.2669000000
-0.8361300000
-0.7674900000
-1.0168000000
0.3177500000
0.9184400000
0.7931400000
0.7678400000
-0.3514300000
-0.5776000000
-0.0910910000
0.5271200000
0.7171400000
-0.7132200000
-0.7759500000
-0.8639400000
-0.7984600000
0.8041000000
0.8073400000
0.7617000000
0.5223000000
-0.4653000000
-0.3554100000
0.2498600000
0.7200500000
-0.3582700000
-0.7285900000
-0.6494300000
-0.9237200000
-0.1636000000
0.8814200000
0.6809700000
0.6511000000
0.3296700000
-0.3251700000
-0.1053800000
0.4327700000
0.1419500000
-0.5783700000
-0.4874700000
-0.4944300000
-0.6550700000
-0.3981800000
0.4394500000
0.2884200000
-0.3069700000
-0.6635500000
0.4715400000
0.6740900000
0.6140900000
0.8905000000
0.2225000000
-0.8502300000
-0.6438600000
-0.5581800000
-0.3976200000
0.0792830000
0.0829950000
-0.2738000000
-0.0480660000
0.4316300000
0.3995300000
0.3382200000
0.2728400000
0.1310000000
0.0146550000
0.1517200000
0.6342900000
0.4231400000
-0.7537900000
-0.5620000000
-0.6195200000
-0.9465600000
0.1581100000
0.8894200000
0.7343200000
0.7670100000
-0.0464580000
-0.5587400000
-0.0993710000
0.5492100000
0.4935000000
-0.7472500000
-0.6770700000
-0.7901400000
-0.8558100000
0.6869200000
0.8087700000
0.7180700000
0.6086500000
-0.2965300000
-0.3847600000
0.1910500000
0.6591500000
-0.3001900000
-0.6855900000
-0.5817800000
-0.8142900000
-0.5175500000
0.7643200000
0.6362400000
0.4336500000
0.3210100000
0.2502400000
0.2170700000
0.0575240000
-0.1514300000
-0.2048000000
-0.2237600000
-0.1816500000
0.0683680000
0.5824500000
0.3887800000
-0.7091400000
-0.5433400000
-0.5764500000
-0.8893700000
-0.0804200000
0.8459400000
0.6364900000
0.5770200000
0.3678100000
-0.1590900000
-0.0754300000
0.3282900000
0.0338380000
-0.4752600000
-0.4154000000
-0.3713800000
-0.3642600000
-0.3126500000
-0.2273000000
-0.1975200000
-0.1430500000
0.0891070000
0.2227200000
0.2356900000
0.2119900000
0.0361280000
-0.4214300000
-0.6954600000
0.5539200000
0.6395500000
0.5606500000
0.8710800000
0.3915500000
-0.8773400000
-0.7240600000
-0.7169600000
-0.3865900000
0.4362700000
0.2231100000
-0.3985200000
-0.4911500000
0.5996300000
0.6042300000
0.6007000000
0.8533600000
0.1241200000
-0.7775500000
-0.5181700000
-0.2749800000
-0.1027600000
-0.1401300000
-0.5195400000
-0.4872300000
0.6042600000
0.4778000000
0.3733700000
0.5399800000
0.7167300000
-0.0361480000
-0.5820200000
-0.1973800000
0.3992700000
0.7839200000
-0.5446100000
-0.7730300000
-0.7760800000
-0.9831900000
0.5251000000
0.8866000000
0.8025200000
0.7035300000
-0.4695100000
-0.5370100000
-0.0358260000
0.5864200000
0.6404700000
-0.7784200000
-0.7676800000
-0.8950000000
-0.6801700000
0.8662800000
0.7839800000
0.7575700000
0.4456400000
-0.4844700000
-0.2981200000
0.3246700000
0.6669800000
-0.5020300000
-0.6866100000
-0.6468800000
-0.9201000000
-0.0413210000
0.8580600000
0.6400200000
0.5830200000
0.3414500000
-0.1871900000
-0.0564950000
0.3473800000
-0.0015775000
-0.4875900000
-0.4153800000
-0.3795600000
-0.3845500000
-0.3399900000
-0.2127300000
-0.1176700000
-0.1173500000
0.0298780000
0.2321600000
0.2765400000
0.2373300000
0.0573930000
-0.3971400000
-0.7879600000
0.4989500000
0.7218000000
0.6520300000
0.9861400000
0.0061521000
-0.9540300000
-0.8188900000
-0.8843000000
0.2899600000
0.7154000000
0.3398900000
-0.0357260000
-0.4350600000
-0.7243000000
0.0605460000
0.6523500000
0.3425800000
-0.0837180000
-0.6374200000
-0.6687800000
0.7721400000
0.7859700000
0.8581600000
0.5974200000
-0.7353300000
-0.6179700000
-0.3290900000
-0.1201300000
-0.0759080000
-0.3771900000
-0.7217600000
0.3837100000
0.6206100000
0.4357400000
0.6147800000
0.8328300000
-0.2924500000
-0.7436500000
-0.4732000000
-0.2899200000
-0.1897300000
-0.2996600000
-0.4376900000
0.1420800000
0.3721700000
0.2032500000
0.1559100000
0.0441810000
-0.3464800000
-0.7300500000
0.3935000000
0.6571800000
0.5086100000
0.7560400000
0.7254300000
-0.7152200000
-0.7412800000
-0.6207100000
-0.5468100000
0.0453130000
0.2598700000
-0.2027500000
-0.3895600000
0.3813700000
0.5124400000
0.4274800000
0.4947300000
0.5618200000
0.1469000000
-0.3028600000
0.0261050000
0.4692900000
-0.0879600000
-0.5619200000
-0.4427800000
-0.4744600000
-0.6071800000
-0.3582000000
0.3473600000
0.1925200000
-0.3864100000
-0.4056400000
0.5713300000
0.5504000000
0.5263600000
0.7458900000
0.4268000000
-0.6305600000
-0.4636200000
-0.0153890000
0.5547600000
0.7662700000
-0.6930600000
-0.8061300000
-0.8676600000
-0.7346500000
0.7665400000
0.7340400000
0.5813300000
0.4867100000
0.0307250000
-0.1584600000
0.1985900000
0.2063900000
-0.3715800000
-0.4301200000
-0.3560600000
-0.3113500000
-0.2078900000
-0.0944310000
-0.1886800000
-0.5642000000
-0.2306200000
0.5878500000
0.3782100000
0.2993000000
0.3766200000
0.4500500000
0.3551800000
-0.0021851000
-0.0416900000
0.2364200000
0.0383830000
-0.3835200000
-0.3680900000
-0.3003300000
-0.1873400000
0.0819950000
0.5127000000
0.8149700000
-0.3754600000
-0.7785500000
-0.6148100000
-0.6061400000
-0.2065100000
0.3022000000
-0.0056569000
-0.4474500000
0.0815330000
0.5532100000
0.4434500000
0.4655900000
0.5788800000
0.3703100000
-0.2797000000
-0.1664900000
0.3755400000
0.3043500000
-0.5461100000
-0.5055800000
-0.4742100000
-0.6371700000
-0.5370600000
0.3757000000
0.3949200000
-0.1543900000
-0.7146300000
0.1363200000
0.7521900000
0.6236400000
0.8726900000
0.4839100000
-0.8640300000
-0.7221800000
-0.6791500000
-0.4407400000
0.3307900000
0.2151600000
-0.3703500000
-0.3865600000
0.5607300000
0.5487400000
0.5248000000
0.7286300000
0.4273100000
-0.5914200000
-0.4280200000
0.0689680000
0.6902400000
0.4367300000
-0.8562100000
-0.7565300000
-0.9567000000
-0.4099700000
0.9414200000
0.7790100000
0.8108000000
0.1909000000
-0.6086300000
-0.2429200000
0.3809100000
0.7523900000
-0.5404700000
-0.7540700000
-0.7511300000
-0.9745100000
0.4296800000
0.8755000000
0.7465900000
0.7125500000
-0.2471900000
-0.4977100000
0.0318510000
0.6637600000
0.1684300000
-0.7842800000
-0.6485000000
-0.8477300000
-0.6470200000
0.8296600000
0.7532700000
0.6975000000
0.4991700000
-0.3356600000
-0.2768200000
0.3188600000
0.5166700000
-0.5148300000
-0.5963400000
-0.5488600000
-0.7749800000
-0.4278000000
0.6823800000
0.5107500000
0.1344100000
-0.2961100000
-0.7586400000
-0.2563500000
0.7859400000
0.6274400000
0.5434100000
0.4425900000
0.0056088000
-0.1190400000
0.2212900000
0.1412200000
-0.3868700000
-0.4082900000
-0.3380000000
-0.2711100000
-0.1163300000
0.0702230000
0.1075600000
-0.1175400000
-0.6032900000
-0.8041800000
0.7038600000
0.8275300000
0.8832000000
0.6791200000
-0.7808300000
-0.7023000000
-0.5224800000
-0.4266000000
-0.1507300000
0.0368580000
-0.1256600000
-0.0596550000
0.2922900000
0.3515100000
0.2817800000
0.1150000000
-0.2787900000
-0.8523800000
-0.0333840000
0.9067500000
0.7965600000
1.0607000000
-0.2516400000
-0.9689900000
-0.8709100000
-0.8161200000
0.5858300000
0.6837800000
0.3490100000
0.0879460000
-0.0558340000
0.0709550000
0.5455200000
0.8370800000
-0.7048100000
-0.8081500000
-0.8954500000
-0.8760500000
0.9098800000
0.9114500000
1.0219000000
0.1458000000
-0.9210400000
-0.6862700000
-0.6328400000
-0.2795600000
0.2962200000
0.0394070000
-0.4290600000
0.0144500000
0.5512800000
0.4506000000
0.4589900000
0.5672700000
0.4049900000
-0.2381700000
-0.1851900000
0.3421300000
0.3262000000
-0.5165100000
-0.5033600000
-0.4567000000
-0.5964900000
-0.5746100000
0.2446300000
0.3951700000
-0.1328100000
-0.6621400000
0.1603300000
0.7019600000
0.5689100000
0.7751100000
0.6743200000
-0.7017000000
-0.6862300000
-0.4858300000
-0.3883200000
-0.2403300000
-0.0890890000
-0.0769990000
0.0126940000
0.2180200000
0.2899700000
0.2467900000
0.0533050000
-0.4134700000
-0.7931700000
0.5296100000
0.7301400000
0.6808200000
1.0100000000
-0.1574500000
-0.9524700000
-0.8429800000
-0.8660400000
0.4677200000
0.7117100000
0.3696200000
0.0921700000
-0.0935440000
-0.0575610000
0.2574500000
0.7872500000
0.3925700000
-0.8973200000
-0.7915300000
-0.9503600000
-0.1604000000
0.8566900000
0.6044600000
0.4630800000
0.3466900000
0.1277000000
0.0399230000
0.0916390000
-0.0916690000
-0.2919000000
-0.3005700000
-0.2034000000
0.0833500000
0.6440800000
0.5343600000
-0.8241100000
-0.6991600000
-0.8651000000
-0.8040100000
0.8973600000
0.8773100000
0.9719200000
0.2334400000
-0.8643000000
-0.6055600000
-0.4398900000
-0.3316400000
-0.1873500000
-0.0900020000
-0.0352520000
0.1201000000
0.2509100000
0.2700800000
0.1724600000
-0.1480500000
-0.7057800000
-0.2103100000
0.7951800000
0.6038600000
0.7913200000
0.8366400000
-0.7766300000
-0.8398700000
-0.8476800000
-0.5340800000
0.6627400000
0.4993400000
0.0407340000
-0.5095400000
-0.8102600000
0.5731800000
0.8134400000
0.8039900000
0.7954700000
-0.5465300000
-0.6790500000
-0.3505200000
-0.0815500000
0.0937640000
0.0404980000
-0.2997500000
-0.8384500000
-0.2023000000
0.9173400000
0.8029500000
0.9922000000
-0.0993670000
-0.8848800000
-0.6602900000
-0.6186700000
-0.2223200000
0.2971300000
-0.0051338000
-0.4360000000
0.0934730000
0.5458900000
0.4401400000
0.4576200000
0.5570800000
0.3743700000
-0.2275500000
-0.1456900000
0.3596200000
0.2362600000
-0.5204300000
-0.4751500000
-0.4366800000
-0.5489400000
-0.5414800000
0.1098200000
0.3201200000
-0.1696300000
-0.5368100000
0.3071700000
0.5885100000
0.4762400000
0.6066600000
0.7065900000
-0.2016500000
-0.5592700000
-0.1190700000
0.5001900000
0.6956700000
-0.6993500000
-0.7453500000
-0.8229700000
-0.8918400000
0.7349000000
0.8476400000
0.8146200000
0.5755900000
-0.5698600000
-0.4625800000
0.0685900000
0.6997400000
0.3645400000
-0.8538500000
-0.7448600000
-0.9521800000
-0.3837900000
0.9320900000
0.7635100000
0.7831600000
0.2298600000
-0.5643600000
-0.2138800000
0.4264000000
0.6394700000
-0.6301700000
-0.6917400000
-0.7173900000
-0.9460600000
0.3738700000
0.8502300000
0.6832800000
0.6654300000
-0.0003297800
-0.4107600000
0.0599430000
0.5764400000
-0.1106200000
-0.6488500000
-0.5189800000
-0.6469400000
-0.7617600000
0.3064700000
0.6384200000
0.2552700000
-0.2135100000
-0.7696900000
-0.3096700000
0.8677100000
0.7553800000
0.8845800000
0.2603900000
-0.7684500000
-0.4950700000
-0.1568100000
0.1668600000
0.4445500000
0.5485500000
0.0050695000
-0.3539600000
0.0560980000
0.5511700000
-0.0805400000
-0.6217000000
-0.4824600000
-0.5704800000
-0.7546700000
-0.0110770000
0.6230800000
0.2609600000
-0.2951100000
-0.8370200000
0.2432800000
0.8452100000
0.7746900000
1.0144000000
-0.3288700000
-0.9125300000
-0.7817200000
-0.7556700000
0.3161500000
0.5573800000
0.0552090000
-0.5846300000
-0.5701400000
0.7839200000
0.7354000000
0.8746200000
0.7257200000
-0.8534000000
-0.8020400000
-0.7903000000
-0.4534900000
0.5504100000
0.3505300000
-0.2497100000
-0.7696300000
0.2980100000
0.7779300000
0.6974500000
0.9737000000
-0.0182840000
-0.9122100000
-0.7322300000
-0.7532000000
-0.0502490000
0.5304300000
0.0923650000
-0.5520400000
-0.3750500000
0.7308600000
0.6305300000
0.7389100000
0.8670600000
-0.5520300000
-0.7866700000
-0.6145400000
-0.5651700000
-0.0933920000
0.2549400000
-0.1204400000
-0.3833000000
0.2795600000
0.5022300000
0.4072800000
0.4248700000
0.4678000000
0.3263300000
-0.0462590000
-0.0178760000
0.2574400000
-0.0275270000
-0.4038900000
-0.3628800000
-0.2967500000
-0.1748400000
0.0985580000
0.5036700000
0.7805700000
-0.2894900000
-0.7280100000
-0.4849900000
-0.3288600000
-0.2330900000
-0.2802600000
-0.3191900000
0.0980320000
0.2803700000
0.1900200000
0.1706100000
0.0653180000
-0.3117000000
-0.6773400000
0.3425100000
0.6159000000
0.4449100000
0.6092600000
0.8124600000
-0.2468200000
-0.7133200000
-0.4046900000
-0.1165000000
0.1415100000
0.2808200000
0.2774000000
0.2098100000
0.2330200000
0.2702800000
-0.0557700000
-0.2629500000
-0.2144400000
-0.1934700000
-0.0821990000
0.2962400000
0.7184900000
-0.2965200000
-0.6626400000
-0.4904000000
-0.6944800000
-0.8113400000
0.5477400000
0.7487400000
0.5520800000
0.4836300000
0.2295600000
-0.0804810000
0.0756230000
0.1948500000
-0.2189200000
-0.3912000000
-0.3285000000
-0.2308100000
0.0072319000
0.4577000000
0.8829100000
-0.3540900000
-0.8621600000
-0.7995800000
-0.8735000000
0.4305400000
0.7333100000
0.4202100000
0.1950200000
0.0865330000
0.2764000000
0.6726700000
-0.0798650000
-0.6222900000
-0.3782300000
-0.4060800000
-0.6153800000
-0.5726500000
0.3595500000
0.4412400000
-0.0751470000
-0.6934900000
-0.1262400000
0.7955500000
0.6522500000
0.8738900000
0.5897500000
-0.8767300000
-0.7702100000
-0.7662700000
-0.4140500000
0.5177000000
0.2983800000
-0.3232400000
-0.7012600000
0.4868100000
0.7100200000
0.6699300000
0.9449900000
-0.0497400000
-0.8761700000
-0.6745400000
-0.6598000000
-0.2232900000
0.3712200000
0.0451220000
-0.4890700000
-0.0458560000
0.6076400000
0.4912000000
0.5368800000
0.7136900000
0.2008200000
-0.5589600000
-0.2514600000
0.3513400000
0.7506600000
-0.4975600000
-0.7424000000
-0.7136700000
-0.9843200000
0.2558500000
0.8985100000
0.7492300000
0.7547200000
-0.1620900000
-0.5429500000
-0.0477440000
0.6009900000
0.4011900000
-0.7796900000
-0.6752000000
-0.8274800000
-0.7684000000
0.7854500000
0.7896600000
0.7337800000
0.5456000000
-0.3944300000
-0.3480800000
0.2529400000
0.6697200000
-0.3972500000
-0.6864200000
-0.6085200000
-0.8690100000
-0.3186800000
0.8293800000
0.6323700000
0.5024300000
0.3941000000
0.0925430000
-0.0257200000
0.1539800000
0.0039522000
-0.3258400000
-0.3445700000
-0.2667000000
-0.0769100000
0.3526100000
0.8900400000
-0.2104700000
-0.8887000000
-0.8210800000
-1.0425000000
0.5090900000
0.9336800000
0.8806000000
0.6973200000
-0.6760700000
-0.6213000000
-0.2688000000
0.0421150000
0.2892500000
0.4195800000
0.3408900000
0.0043180000
-0.0329240000
0.2373800000
0.0416790000
-0.3787400000
-0.3636700000
-0.2965600000
-0.1839800000
0.0920270000
0.5470000000
0.8144300000
-0.5077600000
-0.7940000000
-0.6986500000
-0.7103700000
0.1436300000
0.4998100000
0.0010889000
-0.6299200000
-0.2043600000
0.7620300000
0.6265400000
0.7956700000
0.7587100000
-0.7312500000
-0.7580200000
-0.6434100000
-0.5521900000
0.1150600000
0.2776000000
-0.2288500000
-0.4287000000
0.4122700000
0.5363300000
0.4556000000
0.5667000000
0.6189500000
-0.1005500000
-0.4256200000
0.0498490000
0.6186200000
-0.0027884000
-0.6984100000
-0.5537300000
-0.7052200000
-0.7964000000
0.5031400000
0.7116600000
0.4447600000
0.2769400000
0.2063300000
0.3395100000
0.3391200000
-0.2457300000
-0.3072400000
-0.1779600000
-0.1463500000
0.0131680000
0.4605900000
0.5834100000
-0.5922200000
-0.5607300000
-0.4797100000
-0.7383800000
-0.6434600000
0.6680200000
0.6559900000
0.4188700000
0.2741200000
0.2287900000
0.3453400000
0.2067900000
-0.2660000000
-0.2485300000
-0.1720400000
-0.1437600000
0.0624020000
0.5390600000
0.4006400000
-0.6543800000
-0.5038200000
-0.4756400000
-0.7386400000
-0.5539400000
0.6587100000
0.5847300000
0.2707000000
-0.0258430000
-0.2774000000
-0.4208100000
-0.3637400000
-0.0165630000
0.0593690000
-0.2293400000
-0.0968130000
0.3728600000
0.3772700000
0.3088500000
0.2168800000
-0.0147990000
-0.3953000000
-0.7870600000
-0.0604600000
0.7661000000
0.5504000000
0.3965000000
0.2954600000
0.2413000000
0.2146900000
0.0183010000
-0.1798700000
-0.2093000000
-0.2205200000
-0.1537700000
0.1456200000
0.6630300000
0.1370100000
-0.7203900000
-0.5133700000
-0.6167000000
-0.8958300000
0.1926300000
0.8199100000
0.6034800000
0.5468300000
0.3041900000
-0.1445700000
-0.0065627000
0.3060900000
-0.0927010000
-0.4510400000
-0.3818500000
-0.3298600000
-0.2525800000
-0.1050700000
-0.0312170000
-0.2585100000
-0.7321100000
0.0248750000
0.7163900000
0.4859500000
0.6228100000
0.8960800000
-0.2754100000
-0.8196600000
-0.6213400000
-0.5884400000
-0.2367400000
0.2538600000
-0.0108820000
-0.3994400000
0.1103000000
0.5163800000
0.4186500000
0.4143200000
0.4648700000
0.3893000000
0.0213480000
-0.0719870000
0.2202700000
0.0963170000
-0.3723100000
-0.3820500000
-0.3127000000
-0.2170200000
0.0151940000
0.3845000000
0.7632800000
0.1245500000
-0.7346000000
-0.5091200000
-0.2690000000
-0.0729160000
-0.0463620000
-0.3716200000
-0.7888400000
0.3708500000
0.6987700000
0.5420300000
0.8254200000
0.6362400000
-0.8555300000
-0.7852800000
-0.8026600000
-0.4390000000
0.5911800000
0.3771400000
-0.1957800000
-0.7856300000
0.0828100000
0.8326600000
0.7251500000
0.9906400000
0.0255700000
-0.9335500000
-0.7604300000
-0.7924500000
0.0315210000
0.5861300000
0.1364300000
-0.5075700000
-0.6145900000
0.7152400000
0.7119500000
0.7972800000
0.8866000000
-0.6792800000
-0.8283400000
-0.7507100000
-0.6196800000
0.3843200000
0.4217000000
-0.1539600000
-0.7187500000
0.1464700000
0.7596200000
0.6403100000
0.8930200000
0.3978900000
-0.8761800000
-0.7092400000
-0.6695200000
-0.4078900000
0.3265400000
0.1800600000
-0.3934500000
-0.3064000000
0.5717100000
0.5251200000
0.5118900000
0.7003600000
0.4264800000
-0.5331400000
-0.3803800000
0.1679800000
0.7666400000
-0.0292350000
-0.8245200000
-0.7017500000
-0.9715600000
-0.1899100000
0.9447600000
0.7762100000
0.8258900000
0.0216440000
-0.6337600000
-0.2181300000
0.3903600000
0.7985800000
-0.5148300000
-0.7916800000
-0.7902400000
-0.9674700000
0.5451100000
0.8686100000
0.7668300000
0.6816000000
-0.3676600000
-0.4832300000
0.0629930000
0.6950000000
0.1591400000
-0.8094800000
-0.6762900000
-0.8992100000
-0.5107100000
0.8961100000
0.7593400000
0.7590500000
0.3674700000
-0.5118800000
-0.2576300000
0.3740800000
0.6351500000
-0.5707900000
-0.6743100000
-0.6633300000
-0.9296500000
0.1007500000
0.8514400000
0.6352400000
0.5910200000
0.2879800000
-0.2329700000
-0.0231110000
0.3817600000
-0.0563390000
-0.5087000000
-0.4192900000
-0.4016800000
-0.4379200000
-0.3880100000
-0.1061100000
0.0360230000
-0.1677100000
-0.0804680000
0.3156300000
0.3571400000
0.2896600000
0.1563000000
-0.1761300000
-0.7382000000
-0.4980700000
0.8930500000
0.8002000000
1.0015000000
0.2332200000
-0.9590800000
-0.7800800000
-0.8150700000
-0.0332640000
0.6130200000
0.1885300000
-0.4419200000
-0.7254600000
0.6283300000
0.7491300000
0.7875600000
0.9380700000
-0.6017700000
-0.8524600000
-0.7616400000
-0.6591700000
0.3789100000
0.4623400000
-0.0944850000
-0.7108600000
-0.0512690000
0.7974700000
0.6646200000
0.9011700000
0.4619300000
-0.8946600000
-0.7452700000
-0.7383200000
-0.3685400000
0.4742300000
0.2307100000
-0.4000000000
-0.5432000000
0.6042900000
0.6308800000
0.6318100000
0.8913200000
-0.0067299000
-0.8139700000
-0.5654400000
-0.4269300000
-0.3218600000
-0.1798500000
-0.0945260000
-0.0380890000
0.1280200000
0.2543100000
0.2684800000
0.1689500000
-0.1546900000
-0.7124700000
-0.1905200000
0.7960300000
0.6043200000
0.7987700000
0.8213200000
-0.7937800000
-0.8378200000
-0.8531400000
-0.5108700000
0.6765400000
0.4950800000
0.0418680000
-0.4990100000
-0.8188000000
0.5345600000
0.8148200000
0.7847300000
0.8003400000
-0.4650100000
-0.6614600000
-0.2876900000
0.0900520000
0.5004000000
0.7169800000
-0.2706400000
-0.6471900000
-0.3244000000
0.0564210000
0.5316300000
0.7837900000
-0.4733100000
-0.7624400000
-0.6206200000
-0.6169900000
-0.1289900000
0.3376600000
-0.0389910000
-0.4890300000
0.1236300000
0.5785400000
0.4599400000
0.5157600000
0.6585100000
0.2106800000
-0.4631300000
-0.1576700000
0.4604400000
0.4528900000
-0.6523700000
-0.6006100000
-0.6293300000
-0.8865100000
0.0659720000
0.8038400000
0.5503300000
0.4065700000
0.3052100000
0.2077600000
0.1305800000
0.0013660000
-0.1546400000
-0.2338800000
-0.2472300000
-0.1436400000
0.2035300000
0.7308800000
-0.0148400000
-0.7493900000
-0.5539200000
-0.7538000000
-0.8287800000
0.6984800000
0.8064300000
0.7413600000
0.6178400000
-0.3755700000
-0.4210100000
0.1520600000
0.7157700000
-0.1458800000
-0.7567700000
-0.6363500000
-0.8872300000
-0.4171900000
0.8710200000
0.7082600000
0.6623500000
0.4207200000
-0.3043100000
-0.1830500000
0.3810400000
0.3002600000
-0.5590700000
-0.5182400000
-0.4981600000
-0.6730600000
-0.4692100000
0.4705800000
0.3739400000
-0.1872700000
-0.7499700000
0.1610300000
0.7790000000
0.6622200000
0.9351400000
0.2740500000
-0.9179800000
-0.7444200000
-0.7684200000
-0.2191100000
0.5464200000
0.1922600000
-0.4505700000
-0.5769400000
0.6581800000
0.6663200000
0.7056600000
0.9308800000
-0.3583600000
-0.8351600000
-0.6498800000
-0.6235100000
-0.1131100000
0.3361500000
-0.0573000000
-0.4851800000
0.1630700000
0.5729200000
0.4575200000
0.5177800000
0.6502300000
0.1848100000
-0.4497000000
-0.1268300000
0.4859400000
0.3682200000
-0.6629200000
-0.5774800000
-0.6202500000
-0.8666200000
0.0606300000
0.7777700000
0.5041500000
0.2966400000
0.1710200000
0.2592200000
0.5034400000
-0.0052777000
-0.4480200000
-0.2498500000
-0.1762500000
-0.1043800000
0.2090600000
0.7643900000
0.0984630000
-0.8181100000
-0.6303000000
-0.8803100000
-0.6435200000
0.9307900000
0.8445500000
0.9432300000
0.1593500000
-0.8165400000
-0.5232100000
-0.2607500000
-0.0894850000
-0.1529000000
-0.5605100000
-0.4371600000
0.6488800000
0.4793500000
0.4121200000
0.6332500000
0.7100200000
-0.3935400000
-0.6096200000
-0.2258600000
0.2449700000
0.7944800000
0.2173700000
-0.8746600000
-0.7550900000
-0.8928800000
-0.1688300000
0.7728500000
0.4776700000
0.1467300000
-0.1640200000
-0.4123500000
-0.5070000000
-0.1013400000
0.2662600000
-0.0696290000
-0.4523300000
0.1577100000
0.5360900000
0.4185000000
0.4432500000
0.5455700000
0.3925800000
-0.1972300000
-0.1553900000
0.3373600000
0.2501500000
-0.5010000000
-0.4721900000
-0.4242900000
-0.5184500000
-0.5382300000
0.0018356000
0.2942800000
-0.1342300000
-0.4787400000
0.2679800000
0.5518500000
0.4393000000
0.5120600000
0.6353900000
0.1663800000
-0.4277500000
-0.0943900000
0.5041000000
0.2694400000
-0.6596500000
-0.5502700000
-0.6016200000
-0.8361500000
0.0099429000
0.7402400000
0.4424400000
0.1297700000
-0.1742200000
-0.4181300000
-0.5045900000
-0.0860980000
0.2645100000
-0.0828170000
-0.4512800000
0.1807200000
0.5334500000
0.4166900000
0.4447400000
0.5454800000
0.3809500000
-0.2025800000
-0.1439700000
0.3460600000
0.2268800000
-0.5059200000
-0.4667500000
-0.4225800000
-0.5144200000
-0.5283300000
-0.0027809000
0.2785900000
-0.1437400000
-0.4563300000
0.2859900000
0.5370300000
0.4289700000
0.4917100000
0.6014600000
0.2215600000
-0.3614500000
-0.0785820000
0.4758400000
0.1631800000
-0.6118700000
-0.5010900000
-0.5277600000
-0.7299700000
-0.2893100000
0.5934500000
0.3413100000
-0.2080000000
-0.7966600000
0.0742290000
0.8416900000
0.7327900000
1.0039000000
-0.0103720000
-0.9449700000
-0.7848200000
-0.8216600000
0.1546200000
0.6272600000
0.1772900000
-0.4245500000
-0.8070600000
0.5492600000
0.8028400000
0.8178900000
0.9313000000
-0.6384400000
-0.8458700000
-0.7536800000
-0.6346700000
0.3696000000
0.4310900000
-0.1411100000
-0.7150000000
0.1173500000
0.7625800000
0.6396800000
0.8877000000
0.4270100000
-0.8723500000
-0.7120300000
-0.6686500000
-0.4201300000
0.3181300000
0.1883900000
-0.3841000000
-0.3197400000
0.5649400000
0.5267200000
0.5086700000
0.6948200000
0.4459600000
-0.5205700000
-0.3869900000
0.1601200000
0.7608900000
-0.0174040000
-0.8220700000
-0.6968400000
-0.9645100000
-0.2267700000
0.9430400000
0.7746600000
0.8237200000
0.0573550000
-0.6313000000
-0.2245200000
0.3865400000
0.7925500000
-0.5160000000
-0.7862600000
-0.7835600000
-0.9713600000
0.5250400000
0.8716600000
0.7667800000
0.6901000000
-0.3587600000
-0.4908300000
0.0509760000
0.6869500000
0.1972600000
-0.8114200000
-0.6794300000
-0.8961600000
-0.5343900000
0.8937500000
0.7637900000
0.7634100000
0.3751400000
-0.5182700000
-0.2682200000
0.3615300000
0.6591500000
-0.5512600000
-0.6864700000
-0.6685600000
-0.9371500000
0.1038800000
0.8600200000
0.6509600000
0.6206500000
0.2534500000
-0.2983300000
-0.0243220000
0.4362000000
-0.0350170000
-0.5524100000
-0.4478600000
-0.4606300000
-0.5713700000
-0.3964000000
0.2522000000
0.1818000000
-0.3514600000
-0.3248700000
0.5255800000
0.5056600000
0.4630300000
0.6116000000
0.5669600000
-0.2942500000
-0.3997700000
0.1371300000
0.6837700000
-0.1414900000
-0.7240800000
-0.5911100000
-0.8148600000
-0.6145900000
0.7799200000
0.7021500000
0.5710300000
0.4790400000
0.0260490000
-0.1534900000
0.2025900000
0.2010800000
-0.3740400000
-0.4277700000
-0.3541800000
-0.3085600000
-0.2020400000
-0.0844500000
-0.1750200000
-0.5660200000
-0.2903600000
0.6102500000
0.4082300000
0.3329800000
0.4550700000
0.5898000000
0.2387400000
-0.3552700000
-0.0960060000
0.4621100000
0.2063600000
-0.6071700000
-0.5051600000
-0.5212700000
-0.7260600000
-0.3356100000
0.5885500000
0.3650500000
-0.1729700000
-0.7796600000
-0.0383980000
0.8524300000
0.7322600000
0.9958700000
0.0934040000
-0.9513700000
-0.7852300000
-0.8310600000
0.0882430000
0.6386200000
0.2027900000
-0.3938400000
-0.8206900000
0.4887900000
0.8114900000
0.8056100000
0.9569000000
-0.5742200000
-0.8581200000
-0.7516600000
-0.6618500000
0.3333900000
0.4517800000
-0.1088600000
-0.7038000000
0.0386280000
0.7701700000
0.6392700000
0.8746400000
0.4994200000
-0.8619500000
-0.7224100000
-0.6731000000
-0.4467900000
0.3123300000
0.2130100000
-0.3644200000
-0.3702100000
0.5529100000
0.5401100000
0.5127600000
0.7047300000
0.4633200000
-0.5411400000
-0.4162400000
0.1071700000
0.7327100000
0.2082200000
-0.8511100000
-0.7222200000
-0.9642800000
-0.3188300000
0.9518700000
0.7886100000
0.8419500000
0.0712410000
-0.6563600000
-0.2624300000
0.3204900000
0.8329000000
-0.3226500000
-0.8329300000
-0.7804000000
-0.9949100000
0.3953300000
0.8870600000
0.7477700000
0.7144000000
-0.2314300000
-0.4956900000
0.0339090000
0.6626100000
0.1464300000
-0.7781100000
-0.6415000000
-0.8397000000
-0.6557300000
0.8164000000
0.7478000000
0.6781400000
0.5105200000
-0.2776000000
-0.2685400000
0.3067000000
0.4675500000
-0.5008300000
-0.5688600000
-0.5151600000
-0.7090000000
-0.5302000000
0.5477300000
0.4768500000
0.0001525500
-0.6114300000
-0.6245800000
0.8015500000
0.7716700000
0.9159200000
0.6240900000
-0.9004100000
-0.7897900000
-0.7921900000
-0.3653500000
0.5661100000
0.2977900000
-0.3211600000
-0.7455800000
0.4579700000
0.7447300000
0.7044600000
0.9728500000
-0.1805600000
-0.8907600000
-0.7165300000
-0.7235600000
-0.0037653000
0.4910000000
0.0273940000
-0.5924600000
-0.1718900000
0.7224900000
0.5897400000
0.7241200000
0.8206800000
-0.5354400000
-0.7402900000
-0.5129800000
-0.4124900000
-0.2710500000
-0.0907470000
-0.0725390000
-0.0326670000
0.1891400000
0.2958500000
0.2675500000
0.1123700000
-0.2939500000
-0.8211400000
0.2166900000
0.7978800000
0.6665100000
0.9849700000
0.1779000000
-0.9819400000
-0.8458400000
-0.9378800000
0.3026000000
0.7795200000
0.4651400000
0.2549400000
0.1603600000
0.3268100000
0.5127100000
-0.2202900000
-0.4315000000
-0.2274900000
-0.1815900000
-0.0828160000
0.2822700000
0.8390400000
-0.0919340000
-0.8481600000
-0.7112800000
-1.0289000000
-0.0471050000
1.0029000000
0.8891700000
0.9439100000
-0.5548400000
-0.8057900000
-0.5916100000
-0.5144500000
-0.1507200000
0.1570300000
-0.1189700000
-0.2443300000
0.2836600000
0.4297500000
0.3524300000
0.2890500000
0.1480000000
-0.0641750000
-0.1967300000
-0.1483200000
0.0283030000
0.1486100000
0.0604440000
-0.2534300000
-0.7132800000
-0.5222100000
0.7630600000
0.6943400000
0.6238000000
0.5339900000
-0.1265400000
-0.2665600000
0.2394600000
0.4194300000
-0.4224100000
-0.5311200000
-0.4524100000
-0.5635000000
-0.6153800000
0.0932740000
0.4199200000
-0.0538500000
-0.6149000000
0.0206620000
0.6911900000
0.5472300000
0.6957800000
0.7957300000
-0.4739000000
-0.7047800000
-0.4211100000
-0.2194900000
-0.1239600000
-0.3095500000
-0.5958000000
0.1861600000
0.5145700000
0.2852800000
0.2580900000
0.2642100000
0.1630000000
-0.0041389000
-0.0386950000
0.2395800000
0.8071900000
0.1765400000
-0.8889800000
-0.7281400000
-1.0233000000
-0.2037900000
1.0252000000
0.9044300000
0.9917500000
-0.5449900000
-0.8520600000
-0.6835600000
-0.6103900000
0.0987850000
0.3394700000
-0.1762600000
-0.5203100000
0.3384200000
0.5870300000
0.4880500000
0.6258200000
0.6740100000
-0.2793500000
-0.5257900000
-0.0556960000
0.5784900000
0.5478100000
-0.7781000000
-0.7134700000
-0.8497500000
-0.7893400000
0.8239800000
0.8218000000
0.8157400000
0.4842600000
-0.5968300000
-0.4091300000
0.1471900000
0.7639800000
0.0969920000
-0.8540700000
-0.7340600000
-0.9828300000
-0.1458000000
0.9392600000
0.7604800000
0.7935300000
0.0523060000
-0.5858700000
-0.1606600000
0.4831000000
0.6252000000
-0.6908100000
-0.7059100000
-0.7730900000
-0.9155400000
0.6008300000
0.8357600000
0.7315400000
0.6511400000
-0.2887500000
-0.4319400000
0.1293800000
0.6872700000
-0.1369600000
-0.7344000000
-0.6088200000
-0.8382700000
-0.5469900000
0.8093500000
0.6909600000
0.5719900000
0.4653300000
-0.0099721000
-0.1449100000
0.2268800000
0.1764500000
-0.3972300000
-0.4251300000
-0.3550500000
-0.3136100000
-0.2148100000
-0.1174900000
-0.2365300000
-0.5546300000
-0.0349690000
0.5200900000
0.3002200000
0.2297200000
0.2113900000
0.0456370000
-0.3275500000
-0.8143400000
-0.1918200000
0.8597300000
0.7189000000
0.7860300000
0.2878600000
-0.5956200000
-0.2947700000
0.3077700000
0.7855800000
-0.3943900000
-0.7800400000
-0.7289800000
-0.9931200000
0.2405200000
0.9051400000
0.7539200000
0.7584700000
-0.1704100000
-0.5473500000
-0.0521380000
0.5970200000
0.4259900000
-0.7804900000
-0.6822200000
-0.8320900000
-0.7682600000
0.7926800000
0.7930400000
0.7439000000
0.5386500000
-0.4231200000
-0.3532500000
0.2494800000
0.6931300000
-0.3779300000
-0.7052800000
-0.6256900000
-0.8932600000
-0.2584700000
0.8556000000
0.6546700000
0.5739900000
0.4031700000
-0.1126800000
-0.0983170000
0.2961700000
0.0751370000
-0.4527500000
-0.4148600000
-0.3601000000
-0.3327300000
-0.2571300000
-0.1980700000
-0.2989200000
-0.3008600000
0.1897400000
0.2891700000
0.1893400000
0.1615900000
0.0081180000
-0.4309600000
-0.6195600000
0.5561600000
0.5769300000
0.4791300000
0.7294200000
0.6778900000
-0.6483700000
-0.6708900000
-0.4376400000
-0.3026900000
-0.2443900000
-0.3006700000
-0.1594400000
0.2041600000
0.2227200000
0.1862700000
0.1663700000
-0.0333070000
-0.5083200000
-0.4690900000
0.6382200000
0.5244800000
0.4802500000
0.7436100000
0.5737700000
-0.6708700000
-0.6072400000
-0.3224900000
-0.0885640000
0.0292660000
-0.1443900000
-0.6716700000
-0.5511400000
0.8462000000
0.7067400000
0.8865500000
0.7773900000
-0.9426900000
-0.8950600000
-1.0271000000
-0.0594690000
0.9218300000
0.6927400000
0.6546700000
0.2166900000
-0.3517800000
-0.0209620000
0.4789800000
-0.0224180000
-0.5888900000
-0.4741500000
-0.5163200000
-0.6702300000
-0.2497000000
0.4810000000
0.2013200000
-0.4173000000
-0.5638100000
0.6180200000
0.6370500000
0.6420300000
0.9124300000
-0.0635660000
-0.8377100000
-0.6104800000
-0.5381500000
-0.3361700000
0.0982610000
0.0230480000
-0.2740800000
0.0635820000
0.4284100000
0.3746800000
0.3107500000
0.1995000000
-0.0220150000
-0.2666600000
-0.4334300000
-0.4095000000
-0.0167060000
0.1249300000
-0.2148700000
-0.2189400000
0.3662400000
0.4187400000
0.3425500000
0.3032500000
0.1979600000
0.0535220000
0.0758100000
0.4494300000
0.6957200000
-0.5472300000
-0.6063900000
-0.4894200000
-0.7607100000
-0.6771200000
0.7330800000
0.7214200000
0.5953600000
0.5197600000
0.0049664000
-0.2142100000
0.1963400000
0.3093400000
-0.3722800000
-0.4724500000
-0.3920200000
-0.4055500000
-0.4144700000
-0.2886600000
-0.0467870000
-0.0581340000
-0.1554600000
0.1273900000
0.3344700000
0.3079200000
0.2164700000
-0.0388020000
-0.5693100000
-0.7582600000
0.7586300000
0.7804600000
0.8969900000
0.8201900000
-0.9168000000
-0.8904000000
-0.9889400000
-0.1684600000
0.8770600000
0.6152300000
0.4783000000
0.3487400000
0.0863790000
0.0200160000
0.1198400000
-0.0900520000
-0.3170800000
-0.3138300000
-0.2142800000
0.0600140000
0.6091300000
0.6681600000
-0.8066300000
-0.7504700000
-0.8988800000
-0.7780700000
0.9339200000
0.8858800000
0.9946200000
0.1181000000
-0.8806800000
-0.6191700000
-0.4985500000
-0.3471600000
-0.0243170000
-0.0017793000
-0.1680100000
0.0874980000
0.3538000000
0.3329600000
0.2388500000
0.0022233000
-0.4887400000
-0.8739500000
0.5810500000
0.8425400000
0.8819800000
0.8989500000
-0.8240000000
-0.8783200000
-0.9059800000
-0.4170200000
0.7612000000
0.5189400000
0.1483000000
-0.2209600000
-0.5811200000
-0.5478000000
0.4289700000
0.4817700000
0.0228990000
-0.5967300000
-0.5888200000
0.7958000000
0.7409200000
0.8893400000
0.7213300000
-0.8891200000
-0.8271400000
-0.8603400000
-0.3488500000
0.6883200000
0.4091100000
-0.0959990000
-0.6988100000
-0.4694300000
0.8527000000
0.7705200000
0.9326400000
0.3826700000
-0.8767600000
-0.6803300000
-0.5895500000
-0.4103900000
0.1329000000
0.1092300000
-0.3078500000
-0.0928880000
0.4653700000
0.4250800000
0.3742600000
0.3696000000
0.3245200000
0.2334500000
0.1839000000
0.1447400000
-0.0584820000
-0.2171000000
-0.2429400000
-0.2228300000
-0.0634580000
0.3717800000
0.7428100000
-0.4610700000
-0.6750900000
-0.5654400000
-0.8672900000
-0.4608100000
0.8843200000
0.7490400000
0.7605200000
0.3726500000
-0.5211600000
-0.2722700000
0.3550000000
0.6721500000
-0.5395800000
-0.6931400000
-0.6711200000
-0.9416100000
0.1039700000
0.8654900000
0.6609700000
0.6387700000
0.2287500000
-0.3356900000
-0.0259970000
0.4670800000
-0.0144470000
-0.5794700000
-0.4670500000
-0.4991600000
-0.6460900000
-0.3121400000
0.4312200000
0.2071300000
-0.4005700000
-0.5128100000
0.5973000000
0.6052000000
0.5949600000
0.8587000000
0.1577200000
-0.7934300000
-0.5499400000
-0.3451200000
-0.2197400000
-0.2570000000
-0.4107300000
-0.0176750000
0.3519200000
0.2173300000
0.1606100000
0.0892380000
-0.2286200000
-0.6922400000
0.1049300000
0.6728800000
0.4640500000
0.5879700000
0.8504000000
-0.1170400000
-0.7678600000
-0.4996800000
-0.3050700000
-0.1890100000
-0.2734000000
-0.4598100000
0.0545990000
0.3969400000
0.2211900000
0.1609000000
0.0717570000
-0.2797400000
-0.7485700000
0.2143600000
0.7051600000
0.5214200000
0.7418300000
0.7989100000
-0.6808900000
-0.7792600000
-0.6787400000
-0.6017300000
0.1842800000
0.3555200000
-0.1902900000
-0.5784300000
0.3393900000
0.6233100000
0.5225400000
0.7041700000
0.6530400000
-0.5247800000
-0.5762600000
-0.1786600000
0.2972600000
0.8185000000
0.0865890000
-0.8655000000
-0.7369500000
-0.8518100000
-0.1338300000
0.7046000000
0.3680100000
-0.1098300000
-0.6880000000
-0.5324300000
0.8313700000
0.7714700000
0.8888200000
0.4592100000
-0.7977100000
-0.6060000000
-0.3676400000
-0.2247900000
-0.2409900000
-0.4206200000
-0.0994320000
0.3662100000
0.2375600000
0.1616700000
0.1042500000
-0.1795700000
-0.6723300000
-0.0608990000
0.6989100000
0.4823900000
0.5766600000
0.8641500000
-0.0297600000
-0.7957300000
-0.5490900000
-0.3997900000
-0.2999600000
-0.2256500000
-0.1607900000
0.0060276000
0.1652300000
0.2213000000
0.2359900000
0.1419500000
-0.1969700000
-0.7143600000
0.0110340000
0.7316100000
0.5307000000
0.7033500000
0.8703700000
-0.5532500000
-0.8042200000
-0.6697100000
-0.6331200000
0.0703200000
0.3781000000
-0.1223900000
-0.5689200000
0.2346200000
0.6248600000
0.5067000000
0.6491600000
0.7219200000
-0.3385100000
-0.5951700000
-0.1779700000
0.3656800000
0.8606600000
-0.3222100000
-0.8561300000
-0.8075900000
-0.9647700000
0.4810300000
0.8489500000
0.6877100000
0.6413500000
-0.0780660000
-0.3823200000
0.1254700000
0.5726600000
-0.2401900000
-0.6279900000
-0.5112300000
-0.6590500000
-0.7161500000
0.3733100000
0.5948400000
0.1807100000
-0.3494300000
-0.8609000000
0.2422600000
0.8661500000
0.7984100000
0.9610300000
-0.3939500000
-0.8381500000
-0.6341800000
-0.5860800000
-0.1336800000
0.2713100000
-0.0855550000
-0.4061400000
0.2301300000
0.5163500000
0.4166200000
0.4355700000
0.4953400000
0.3402900000
-0.1015100000
-0.0546590000
0.3010300000
0.0326910000
-0.4425900000
-0.3927700000
-0.3375200000
-0.2874800000
-0.1659800000
-0.0702920000
-0.2318500000
-0.6403900000
-0.0565360000
0.6284500000
0.3862200000
0.3781700000
0.5584300000
0.6215400000
-0.1620300000
-0.4530900000
0.0255420000
0.6334100000
0.1315100000
-0.7425400000
-0.5960600000
-0.7604600000
-0.7941800000
0.6569700000
0.7549500000
0.5999800000
0.5369700000
0.0601120000
-0.2231300000
0.1578000000
0.3298300000
-0.3286000000
-0.4767300000
-0.3906200000
-0.3936700000
-0.3962100000
-0.2997700000
-0.1072000000
-0.0759100000
-0.1189300000
0.1159700000
0.2996300000
0.2920500000
0.2042200000
-0.0647120000
-0.6142200000
-0.6030000000
0.8044400000
0.7078800000
0.8481200000
0.8592800000
-0.8622300000
-0.8854100000
-0.9685100000
-0.3079800000
0.8672800000
0.6230100000
0.4606200000
0.3497000000
0.1609600000
0.0561440000
0.0704890000
-0.0904320000
-0.2714800000
-0.2910900000
-0.1986700000
0.0916610000
0.6521400000
0.4622100000
-0.8144700000
-0.6643600000
-0.8243900000
-0.8542200000
0.8298100000
0.8702200000
0.9290600000
0.4034300000
-0.8134000000
-0.5800700000
-0.3170900000
-0.1493000000
-0.1879300000
-0.5182900000
-0.2966400000
0.5380500000
0.3638800000
0.2480300000
0.2624300000
0.2039100000
0.0238270000
-0.1523400000
-0.1670900000
0.0052763000
0.2503600000
0.4451700000
0.4576500000
0.0106340000
-0.2001500000
0.1829600000
0.3526900000
-0.3359400000
-0.4751100000
-0.3824400000
-0.3970200000
-0.4207900000
-0.3247300000
-0.0685040000
-0.0289600000
-0.1697500000
0.0602790000
0.3306600000
0.3213900000
0.2437400000
0.0341990000
-0.4380100000
-0.8804900000
0.5027000000
0.8359500000
0.8385200000
0.9999900000
-0.7143600000
-0.9209400000
-0.9476100000
-0.5100400000
0.8399000000
0.6468200000
0.4484000000
0.3400100000
0.2258400000
0.1284900000
0.0340940000
-0.1126800000
-0.2254800000
-0.2587500000
-0.1868500000
0.0988090000
0.6420400000
0.3431200000
-0.7657100000
-0.5844100000
-0.6971100000
-0.9385700000
0.4837100000
0.8603300000
0.7584300000
0.7205800000
-0.3194700000
-0.5232900000
-0.0045388000
0.6409500000
0.3796200000
-0.8102700000
-0.6985200000
-0.8811300000
-0.6440900000
0.8761600000
0.7858400000
0.7834800000
0.4147900000
-0.5473000000
-0.3197900000
0.2929400000
0.7491900000
-0.4082900000
-0.7489400000
-0.6920200000
-0.9677100000
0.0838000000
0.8971400000
0.7139800000
0.7248100000
0.0745060000
-0.4886500000
-0.0560250000
0.5657400000
0.2138700000
-0.7087100000
-0.5832500000
-0.6945900000
-0.8443600000
0.4253800000
0.7462000000
0.4890400000
0.3488900000
0.2636000000
0.2549000000
0.1668400000
-0.1122200000
-0.2065800000
-0.2047600000
-0.2016000000
-0.0501830000
0.3813500000
0.6694200000
-0.4867800000
-0.6102400000
-0.4904400000
-0.7351400000
-0.7029100000
0.6607600000
0.6961700000
0.4957100000
0.4025700000
0.2463200000
0.0724870000
0.0786010000
0.0193920000
-0.2129200000
-0.3010700000
-0.2606800000
-0.0868550000
0.3478300000
0.8321900000
-0.3633100000
-0.7817600000
-0.6896800000
-1.0181000000
0.0643500000
0.9740100000
0.8609900000
0.9001800000
-0.4948200000
-0.7518600000
-0.4590100000
-0.2885700000
-0.2278200000
-0.3445600000
-0.2530200000
0.2551500000
0.2629000000
0.1706300000
0.1460000000
-0.0376570000
-0.5001200000
-0.4767700000
0.6254700000
0.5183100000
0.4608700000
0.7067300000
0.6390300000
-0.5901700000
-0.6082500000
-0.2803600000
0.0420760000
0.3580400000
0.5920600000
0.2657900000
-0.4138300000
-0.1902400000
0.4047000000
0.5016000000
-0.5963500000
-0.5939200000
-0.5789200000
-0.8431800000
-0.2270300000
0.7819800000
0.5492800000
0.3206600000
0.1685800000
0.2055100000
0.4955300000
0.2191300000
-0.4854900000
-0.3151000000
-0.2025600000
-0.1693300000
0.0315770000
0.5301900000
0.8213600000
-0.6941000000
-0.7981200000
-0.8775000000
-0.8984500000
0.8722900000
0.9052200000
0.9945900000
0.2536300000
-0.8957900000
-0.6532900000
-0.5452400000
-0.3680600000
0.0626430000
0.0419600000
-0.2503700000
0.0330610000
0.4124400000
0.3740300000
0.3036400000
0.1761600000
-0.0859160000
-0.4364300000
-0.7148100000
-0.0109370000
0.6295800000
0.3129600000
-0.1759900000
-0.7765200000
-0.2368000000
0.8881900000
0.7728800000
0.9973600000
0.0815570000
-0.9330000000
-0.7430100000
-0.7580800000
-0.0729270000
0.5320600000
0.1009300000
-0.5442600000
-0.3860000000
0.7260600000
0.6304300000
0.7331000000
0.8728500000
-0.5294800000
-0.7881700000
-0.6087700000
-0.5594500000
-0.1224100000
0.2396600000
-0.1078200000
-0.3653200000
0.2639100000
0.4912200000
0.3981900000
0.3997000000
0.4167300000
0.3259900000
0.0855310000
0.0360710000
0.1575100000
-0.0619580000
-0.3198900000
-0.3160200000
-0.2384900000
-0.0212110000
0.4659600000
0.8543000000
-0.5848200000
-0.8086000000
-0.8342100000
-0.9877900000
0.7407400000
0.9194500000
0.9618600000
0.4735700000
-0.8657100000
-0.6634400000
-0.5065800000
-0.3907800000
-0.0994080000
0.0167370000
-0.1415200000
0.0161460000
0.3199700000
0.3372200000
0.2552200000
0.0440770000
-0.4221400000
-0.8883600000
0.4528500000
0.8486200000
0.8379800000
1.0069000000
-0.6887400000
-0.9206100000
-0.9329200000
-0.5448000000
0.8120200000
0.6326500000
0.3941100000
0.2618700000
0.2600700000
0.3455800000
0.0309520000
-0.2817400000
-0.2034700000
-0.1717900000
-0.1153800000
0.1786800000
0.6516100000
0.0117330000
-0.6653100000
-0.4518500000
-0.5226800000
-0.7960700000
-0.2162100000
0.7234800000
0.4760200000
0.1373500000
-0.2267400000
-0.5996100000
-0.5486500000
0.4792800000
0.5082300000
0.0815570000
-0.4935100000
-0.8045700000
0.6368900000
0.8093600000
0.8629700000
0.8533500000
-0.7799000000
-0.8286800000
-0.7856700000
-0.5387800000
0.5106900000
0.3941900000
-0.1924100000
-0.7604100000
0.1656900000
0.7928400000
0.6866200000
0.9575400000
0.1491600000
-0.9192300000
-0.7363200000
-0.7586900000
-0.1519600000
0.5340800000
0.1428800000
-0.5022600000
-0.4663400000
0.6999200000
0.6385200000
0.7108700000
0.9028700000
-0.4258700000
-0.8074000000
-0.6132700000
-0.5690800000
-0.1714900000
0.2405600000
-0.0711510000
-0.3750000000
0.2114200000
0.4961500000
0.4013000000
0.3963300000
0.4143100000
0.3378300000
0.1090000000
0.0341250000
0.1504200000
-0.0386010000
-0.3073000000
-0.3162400000
-0.2440000000
-0.0381190000
0.4358900000
0.8621000000
-0.5265300000
-0.8107100000
-0.8085800000
-1.0229000000
0.6460500000
0.9329800000
0.9497300000
0.5783400000
-0.8488400000
-0.6866900000
-0.5257000000
-0.4133600000
-0.0874460000
0.0471060000
-0.1597100000
-0.0290680000
0.3323600000
0.3563200000
0.2793000000
0.1064600000
-0.2861000000
-0.8499600000
-0.0886490000
0.9152400000
0.8072300000
1.0357000000
-0.2367200000
-0.9333100000
-0.7880500000
-0.7734200000
0.2917400000
0.5728300000
0.0789860000
-0.5559800000
-0.6326700000
0.7574100000
0.7474600000
0.8645900000
0.7716300000
-0.8276000000
-0.8087100000
-0.7845500000
-0.4910100000
0.5286100000
0.3654500000
-0.2316000000
-0.7631700000
0.2666100000
0.7769000000
0.6878000000
0.9641000000
0.0554690000
-0.9126600000
-0.7281700000
-0.7476300000
-0.1157800000
0.5195300000
0.1092700000
-0.5319500000
-0.3753500000
0.7125500000
0.6179700000
0.7087900000
0.8808200000
-0.4437300000
-0.7860900000
-0.5755300000
-0.5105200000
-0.2391300000
0.1176200000
-0.0600240000
-0.2455500000
0.1994800000
0.4172700000
0.3486300000
0.2732900000
0.1030800000
-0.2088400000
-0.6015500000
-0.6351500000
0.5023000000
0.6038100000
0.2758800000
-0.0828670000
-0.5004700000
-0.7422100000
0.2853400000
0.6819900000
0.3946000000
0.1160100000
-0.1492100000
-0.3150600000
-0.3474600000
-0.2449900000
-0.1111400000
-0.1270600000
-0.0756910000
0.1860300000
0.2878900000
0.2654900000
0.1579600000
-0.1711800000
-0.7400800000
-0.1933500000
0.8278700000
0.6461000000
0.8817800000
0.6626200000
-0.9294500000
-0.8481100000
-0.9451400000
-0.1657300000
0.8191000000
0.5275700000
0.2693800000
0.1047200000
0.1758200000
0.5695400000
0.3360800000
-0.6253100000
-0.4277200000
-0.3530400000
-0.5040500000
-0.6555800000
-0.0786470000
0.4839100000
0.1105000000
-0.5136600000
-0.4156700000
0.6971200000
0.6096900000
0.6775300000
0.9041900000
-0.3157200000
-0.8099800000
-0.5931400000
-0.5334500000
-0.2664300000
0.1416600000
-0.0298030000
-0.2876200000
0.1538200000
0.4396300000
0.3677400000
0.3094100000
0.1979600000
-0.0023084000
-0.1598200000
-0.1327200000
0.0844630000
0.3832300000
0.6360600000
0.2392500000
-0.4939000000
-0.2418500000
0.3549100000
0.6878400000
-0.5268100000
-0.6907800000
-0.6555300000
-0.9445000000
0.0238860000
0.8846600000
0.6916900000
0.6917000000
0.1898700000
-0.4290500000
-0.0659950000
0.5198800000
0.1431400000
-0.6530300000
-0.5329500000
-0.6022400000
-0.8025100000
0.0516610000
0.6866100000
0.3465600000
-0.0894110000
-0.6312900000
-0.6714700000
0.7425500000
0.7724000000
0.8010000000
0.6335700000
-0.5911400000
-0.5452800000
-0.1038600000
0.4266200000
0.8529500000
-0.3751200000
-0.8416400000
-0.7810100000
-0.8685100000
0.3767400000
0.7249900000
0.3932000000
0.1192700000
-0.0743010000
-0.0512800000
0.2679700000
0.8198100000
0.2840300000
-0.9237200000
-0.8093800000
-1.0255000000
0.0708060000
0.9365400000
0.7577700000
0.7664100000
-0.0846220000
-0.5477300000
-0.0666380000
0.5831100000
0.4029000000
-0.7643500000
-0.6635400000
-0.8011300000
-0.8101800000
0.7260200000
0.7895300000
0.7001900000
0.5819300000
-0.2695600000
-0.3471200000
0.2278600000
0.6005300000
-0.3879200000
-0.6374300000
-0.5496100000
-0.7655500000
-0.5521400000
0.6715900000
0.5796400000
0.2548600000
-0.0554350000
-0.3307400000
-0.5074800000
-0.3219400000
0.2189600000
0.1098200000
-0.3723900000
-0.1850500000
0.5185100000
0.4548200000
0.4179900000
0.5118800000
0.5210900000
0.0000980010
-0.2690300000
0.1523400000
0.4429200000
-0.2997500000
-0.5286100000
-0.4235000000
-0.4818900000
-0.5829500000
-0.2418600000
0.3237200000
0.0681050000
-0.4561100000
-0.1128500000
0.5847900000
0.4770700000
0.4903900000
0.6598200000
0.4023800000
