-0.1224500000
-0.1505300000
-0.1482900000
-0.1176100000
-0.0630320000
0.0088377000
0.0896970000
0.1698400000
0.2387700000
0.2864600000
0.3051500000
0.2905800000
0.2420800000
0.1617100000
0.0532220000
-0.0779920000
-0.2236200000
-0.3703500000
-0.4994200000
-0.5907400000
-0.6306300000
-0.6165500000
-0.5548800000
-0.4553200000
-0.3266700000
-0.1756000000
-0.0076218000
0.1701100000
0.3452500000
0.4984800000
0.6079500000
0.6590400000
0.6506700000
0.5924200000
0.4974500000
0.3776400000
0.2423100000
0.0989890000
-0.0449390000
-0.1807600000
-0.2980200000
-0.3860900000
-0.4372800000
-0.4494800000
-0.4264100000
-0.3757500000
-0.3069200000
-0.2296900000
-0.1535500000
-0.0876240000
-0.0402250000
-0.0183130000
-0.0267430000
-0.0677340000
-0.1404700000
-0.2404800000
-0.3583400000
-0.4785000000
-0.5806100000
-0.6451500000
-0.6605600000
-0.6255700000
-0.5456400000
-0.4276300000
-0.2763900000
-0.0942100000
0.1166900000
0.3474800000
0.5732300000
0.7522500000
0.8476300000
0.8515200000
0.7810400000
0.6586700000
0.5004800000
0.3144200000
0.1028500000
-0.1323000000
-0.3806300000
-0.6128100000
-0.7840500000
-0.8616500000
-0.8462600000
-0.7604000000
-0.6276500000
-0.4635600000
-0.2757700000
-0.0673510000
0.1579400000
0.3878400000
0.5948100000
0.7420600000
0.8054200000
0.7870700000
0.7060600000
0.5827500000
0.4317400000
0.2616800000
0.0778460000
-0.1142000000
-0.3041600000
-0.4740200000
-0.6010700000
-0.6682700000
-0.6727100000
-0.6241300000
-0.5372000000
-0.4256600000
-0.3004600000
-0.1703600000
-0.0431250000
0.0734200000
0.1712700000
0.2432200000
0.2844700000
0.2940100000
0.2747800000
0.2327800000
0.1759200000
0.1131200000
0.0537050000
0.0068703000
-0.0190070000
-0.0171880000
0.0167610000
0.0845380000
0.1845600000
0.3105600000
0.4493000000
0.5795200000
0.6763800000
0.7212300000
0.7085800000
0.6438500000
0.5361400000
0.3926500000
0.2167200000
0.0089749000
-0.2276200000
-0.4773100000
-0.7017500000
-0.8515400000
-0.9004800000
-0.8586600000
-0.7520200000
-0.6023000000
-0.4213500000
-0.2128400000
0.0233130000
0.2828900000
0.5442000000
0.7610500000
0.8853400000
0.9033500000
0.8356700000
0.7107000000
0.5485600000
0.3591000000
0.1451700000
-0.0920740000
-0.3444200000
-0.5852900000
-0.7699700000
-0.8617300000
-0.8572000000
-0.7782100000
-0.6496600000
-0.4886100000
-0.3038000000
-0.0988070000
0.1229800000
0.3511000000
0.5609000000
0.7169100000
0.7925700000
0.7861800000
0.7147900000
0.5988500000
0.4539000000
0.2895800000
0.1118000000
-0.0739440000
-0.2586300000
-0.4267200000
-0.5577500000
-0.6345100000
-0.6515600000
-0.6158700000
-0.5406400000
-0.4394700000
-0.3238600000
-0.2032200000
-0.0857710000
0.0205920000
0.1082700000
0.1707300000
0.2037400000
0.2063600000
0.1810400000
0.1330000000
0.0693900000
-0.0013466000
-0.0699200000
-0.1267900000
-0.1631300000
-0.1719600000
-0.1490200000
-0.0929130000
-0.0047585000
0.1117900000
0.2494200000
0.3950400000
0.5286600000
0.6273500000
0.6740300000
0.6638700000
0.6024700000
0.4993500000
0.3628000000
0.1980800000
0.0085691000
-0.2003200000
-0.4144400000
-0.6057400000
-0.7393400000
-0.7934800000
-0.7704100000
-0.6872200000
-0.5620600000
-0.4076900000
-0.2313000000
-0.0370520000
0.1695400000
0.3757500000
0.5576900000
0.6861700000
0.7424500000
0.7276200000
0.6564300000
0.5460700000
0.4101900000
0.2581400000
0.0966490000
-0.0676560000
-0.2258100000
-0.3652600000
-0.4717300000
-0.5342200000
-0.5495300000
-0.5226600000
-0.4635600000
-0.3835200000
-0.2933400000
-0.2028200000
-0.1209600000
-0.0559560000
-0.0147840000
-0.0025069000
-0.0216490000
-0.0718820000
-0.1498400000
-0.2486700000
-0.3572500000
-0.4601100000
-0.5398100000
-0.5818000000
-0.5788300000
-0.5312400000
-0.4437800000
-0.3218500000
-0.1695900000
0.0097741000
0.2105900000
0.4185700000
0.6059200000
0.7379900000
0.7925600000
0.7707500000
0.6886200000
0.5636100000
0.4079200000
0.2281400000
0.0277410000
-0.1881200000
-0.4056500000
-0.5974300000
-0.7299200000
-0.7828900000
-0.7596700000
-0.6778200000
-0.5558700000
-0.4072600000
-0.2402500000
-0.0602620000
0.1266400000
0.3097300000
0.4713300000
0.5902600000
0.6513500000
0.6526800000
0.6037000000
0.5183100000
0.4096600000
0.2884900000
0.1636000000
0.0429480000
-0.0656070000
-0.1543300000
-0.2166300000
-0.2485500000
-0.2497200000
-0.2233700000
-0.1754400000
-0.1136600000
-0.0467710000
0.0159290000
0.0652180000
0.0927670000
0.0920910000
0.0592110000
-0.0071600000
-0.1055000000
-0.2306900000
-0.3719600000
-0.5110600000
-0.6241000000
-0.6897800000
-0.6981600000
-0.6517600000
-0.5594300000
-0.4298900000
-0.2686500000
-0.0781660000
0.1388500000
0.3720800000
0.5943300000
0.7635600000
0.8464100000
0.8394200000
0.7614900000
0.6346400000
0.4740600000
0.2871900000
0.0765800000
-0.1548300000
-0.3951200000
-0.6147500000
-0.7721800000
-0.8395600000
-0.8194100000
-0.7330300000
-0.6023300000
-0.4420500000
-0.2599500000
-0.0598790000
0.1534400000
0.3679900000
0.5595200000
0.6968600000
0.7590700000
0.7467100000
0.6754400000
0.5636000000
0.4255200000
0.2708100000
0.1061100000
-0.0621910000
-0.2252800000
-0.3703500000
-0.4823100000
-0.5491000000
-0.5669000000
-0.5406900000
-0.4807800000
-0.3988600000
-0.3059600000
-0.2119700000
-0.1258600000
-0.0558420000
-0.0089611000
0.0095590000
-0.0030030000
-0.0465420000
-0.1180200000
-0.2112300000
-0.3161500000
-0.4187400000
-0.5025100000
-0.5525800000
-0.5601300000
-0.5237300000
-0.4470600000
-0.3353600000
-0.1931500000
-0.0240980000
0.1666100000
0.3670500000
0.5535900000
0.6942300000
0.7642900000
0.7596200000
0.6926900000
0.5802500000
0.4354500000
0.2662100000
0.0769490000
-0.1276100000
-0.3366800000
-0.5282500000
-0.6721800000
-0.7452900000
-0.7442700000
-0.6821700000
-0.5766300000
-0.4422200000
-0.2888200000
-0.1231200000
0.0487510000
0.2182600000
0.3722600000
0.4942000000
0.5697600000
0.5932700000
0.5690600000
0.5076900000
0.4213300000
0.3212400000
0.2172700000
0.1182500000
0.0324000000
-0.0328950000
-0.0717500000
-0.0806670000
-0.0590370000
-0.0091099000
0.0642860000
0.1538500000
0.2496800000
0.3394700000
0.4099800000
0.4498200000
0.4522400000
0.4159400000
0.3436100000
0.2396800000
0.1089300000
-0.0433470000
-0.2093100000
-0.3754100000
-0.5211300000
-0.6238200000
-0.6685500000
-0.6540200000
-0.5892100000
-0.4861700000
-0.3553600000
-0.2044000000
-0.0392660000
0.1331100000
0.3017800000
0.4502100000
0.5594200000
0.6158300000
0.6170700000
0.5707800000
0.4889700000
0.3835500000
0.2646300000
0.1407800000
0.0199850000
-0.0895990000
-0.1797800000
-0.2434400000
-0.2761200000
-0.2771700000
-0.2497200000
-0.1997100000
-0.1348200000
-0.0637440000
0.0043337000
0.0601950000
0.0953850000
0.1031800000
0.0793520000
0.0223960000
-0.0664660000
-0.1828800000
-0.3178700000
-0.4559100000
-0.5753300000
-0.6543300000
-0.6796000000
-0.6500600000
-0.5727600000
-0.4564900000
-0.3078500000
-0.1304300000
0.0730040000
0.2949600000
0.5149300000
0.6968000000
0.8045700000
0.8252700000
0.7709300000
0.6624100000
0.5167700000
0.3439200000
0.1483200000
-0.0671170000
-0.2945500000
-0.5131600000
-0.6882200000
-0.7875400000
-0.8019300000
-0.7449500000
-0.6374500000
-0.4964900000
-0.3327700000
-0.1523700000
0.0399500000
0.2363100000
0.4213000000
0.5718600000
0.6659200000
0.6940800000
0.6623700000
0.5851700000
0.4774000000
0.3511300000
0.2155700000
0.0783850000
-0.0528160000
-0.1697000000
-0.2636500000
-0.3274700000
-0.3575400000
-0.3548600000
-0.3245600000
-0.2744200000
-0.2135000000
-0.1513000000
-0.0972220000
-0.0601100000
-0.0475580000
-0.0652050000
-0.1160800000
-0.1999400000
-0.3119400000
-0.4406600000
-0.5667900000
-0.6662800000
-0.7190700000
-0.7167800000
-0.6623800000
-0.5638500000
-0.4282500000
-0.2589700000
-0.0561880000
0.1791200000
0.4351900000
0.6768000000
0.8507700000
0.9216200000
0.8942100000
0.7953400000
0.6494700000
0.4703600000
0.2623600000
0.0245470000
-0.2415800000
-0.5179000000
-0.7577400000
-0.9049600000
-0.9380300000
-0.8769800000
-0.7533500000
-0.5898200000
-0.3971900000
-0.1778900000
0.0685780000
0.3360000000
0.5973300000
0.8016900000
0.9046900000
0.9017300000
0.8183500000
0.6827300000
0.5129700000
0.3171800000
0.0972740000
-0.1450200000
-0.3984600000
-0.6316700000
-0.7986600000
-0.8687200000
-0.8457600000
-0.7540400000
-0.6172800000
-0.4506200000
-0.2613800000
-0.0526500000
0.1713200000
0.3975300000
0.5982800000
0.7382600000
0.7956800000
0.7739700000
0.6919000000
0.5692200000
0.4201100000
0.2532600000
0.0742310000
-0.1110100000
-0.2923200000
-0.4530500000
-0.5729900000
-0.6371600000
-0.6429400000
-0.5989100000
-0.5185400000
-0.4150100000
-0.2993400000
-0.1806800000
-0.0672040000
0.0332210000
0.1132100000
0.1667600000
0.1904300000
0.1841000000
0.1508500000
0.0963110000
0.0278700000
-0.0457920000
-0.1151500000
-0.1705300000
-0.2032500000
-0.2068700000
-0.1779800000
-0.1160500000
-0.0229400000
0.0971810000
0.2367900000
0.3828500000
0.5158900000
0.6137600000
0.6600700000
0.6503000000
0.5900400000
0.4887900000
0.3550200000
0.1944900000
0.0112220000
-0.1888700000
-0.3923200000
-0.5739000000
-0.7026300000
-0.7582400000
-0.7411900000
-0.6660700000
-0.5497000000
-0.4048900000
-0.2396800000
-0.0593380000
0.1302000000
0.3180100000
0.4853500000
0.6091600000
0.6725600000
0.6731700000
0.6209500000
0.5304300000
0.4149500000
0.2850000000
0.1488600000
0.0140820000
-0.1113600000
-0.2187200000
-0.2996300000
-0.3481100000
-0.3625200000
-0.3457800000
-0.3043600000
-0.2467000000
-0.1821000000
-0.1200100000
-0.0696570000
-0.0394300000
-0.0362100000
-0.0646480000
-0.1266100000
-0.2204200000
-0.3394500000
-0.4700500000
-0.5911300000
-0.6790200000
-0.7165900000
-0.6991200000
-0.6316500000
-0.5223700000
-0.3774900000
-0.1995400000
0.0113600000
0.2520200000
0.5049000000
0.7285600000
0.8722900000
0.9125400000
0.8626600000
0.7497000000
0.5949200000
0.4091400000
0.1949800000
-0.0483480000
-0.3160000000
-0.5829000000
-0.7979100000
-0.9124000000
-0.9177000000
-0.8387600000
-0.7049000000
-0.5352400000
-0.3381600000
-0.1151800000
0.1330600000
0.3963400000
0.6422800000
0.8204800000
0.8961000000
0.8731700000
0.7782700000
0.6367900000
0.4642300000
0.2673100000
0.0479830000
-0.1903800000
-0.4335400000
-0.6485800000
-0.7936100000
-0.8454800000
-0.8118100000
-0.7157800000
-0.5787800000
-0.4144700000
-0.2299000000
-0.0288640000
0.1831100000
0.3925800000
0.5744800000
0.6993100000
0.7497600000
0.7290500000
0.6532300000
0.5399000000
0.4026500000
0.2507800000
0.0911110000
-0.0696020000
-0.2224200000
-0.3553600000
-0.4554000000
-0.5129900000
-0.5259000000
-0.4992600000
-0.4426800000
-0.3671500000
-0.2832900000
-0.2009700000
-0.1292300000
-0.0762200000
-0.0486540000
-0.0511830000
-0.0858110000
-0.1514900000
-0.2435500000
-0.3526700000
-0.4640800000
-0.5589100000
-0.6190600000
-0.6333700000
-0.5998300000
-0.5227200000
-0.4079600000
-0.2599800000
-0.0811170000
0.1260200000
0.3520900000
0.5722100000
0.7459200000
0.8379900000
0.8409300000
0.7710700000
0.6499800000
0.4932800000
0.3088000000
0.0990740000
-0.1337200000
-0.3790400000
-0.6080200000
-0.7769800000
-0.8540300000
-0.8394700000
-0.7550600000
-0.6239500000
-0.4616200000
-0.2758500000
-0.0699660000
0.1521100000
0.3784300000
0.5825800000
0.7291300000
0.7941700000
0.7789200000
0.7013500000
0.5814400000
0.4338700000
0.2676300000
0.0883510000
-0.0982480000
-0.2824200000
-0.4476400000
-0.5730900000
-0.6425200000
-0.6521800000
-0.6102800000
-0.5304200000
-0.4260500000
-0.3083400000
-0.1864600000
-0.0685020000
0.0376620000
0.1244500000
0.1854100000
0.2165700000
0.2173300000
0.1905200000
0.1416800000
0.0781960000
0.0086526000
-0.0576440000
-0.1112700000
-0.1436400000
-0.1480500000
-0.1204700000
-0.0596540000
0.0331110000
0.1537000000
0.2936800000
0.4381100000
0.5653200000
0.6525000000
0.6849700000
0.6608800000
0.5874400000
0.4741900000
0.3285500000
0.1547600000
-0.0442080000
-0.2617000000
-0.4796100000
-0.6648000000
-0.7814900000
-0.8135300000
-0.7697000000
-0.6698100000
-0.5314400000
-0.3655800000
-0.1777500000
0.0287010000
0.2469700000
0.4598300000
0.6371600000
0.7477600000
0.7782600000
0.7373500000
0.6438200000
0.5150400000
0.3630200000
0.1952300000
0.0171860000
-0.1641100000
-0.3368200000
-0.4833000000
-0.5848800000
-0.6304300000
-0.6209600000
-0.5666300000
-0.4806600000
-0.3753900000
-0.2611800000
-0.1468800000
-0.0406510000
0.0497300000
0.1172900000
0.1568800000
0.1662100000
0.1462700000
0.1009000000
0.0362380000
-0.0399150000
-0.1183900000
-0.1891300000
-0.2421600000
-0.2690800000
-0.2644400000
-0.2262800000
-0.1555200000
-0.0551740000
0.0699480000
0.2121400000
0.3588000000
0.4914400000
0.5892500000
0.6367200000
0.6294700000
0.5728700000
0.4763600000
0.3488100000
0.1967800000
0.0253790000
-0.1589500000
-0.3441900000
-0.5099500000
-0.6314200000
-0.6908400000
-0.6858600000
-0.6267400000
-0.5278200000
-0.4016700000
-0.2575500000
-0.1024900000
0.0567070000
0.2111600000
0.3486700000
0.4552200000
0.5195800000
0.5377400000
0.5136800000
0.4565400000
0.3771200000
0.2859400000
0.1926700000
0.1062800000
0.0350930000
-0.0136140000
-0.0343380000
-0.0240720000
0.0173650000
0.0872990000
0.1800500000
0.2863900000
0.3930300000
0.4837100000
0.5428500000
0.5602200000
0.5331600000
0.4648100000
0.3605900000
0.2255700000
0.0637690000
-0.1200200000
-0.3158700000
-0.5036200000
-0.6536300000
-0.7393300000
-0.7517600000
-0.6998300000
-0.5994800000
-0.4647300000
-0.3047900000
-0.1250700000
0.0697740000
0.2710900000
0.4612000000
0.6137200000
0.7043500000
0.7243200000
0.6818400000
0.5927700000
0.4722400000
0.3314700000
0.1784200000
0.0196950000
-0.1371200000
-0.2816600000
-0.4010400000
-0.4830700000
-0.5209300000
-0.5155700000
-0.4742600000
-0.4073300000
-0.3255500000
-0.2391200000
-0.1574500000
-0.0892480000
-0.0422010000
-0.0223740000
-0.0335340000
-0.0766800000
-0.1497400000
-0.2470300000
