0.0276150000
-0.0078125000
-0.0461470000
-0.0186530000
-0.0232810000
-0.0732850000
-0.0139210000
-0.0626710000
-0.0484170000
0.0026076000
-0.0026076000
-0.0026144000
-0.0105260000
-0.0377400000
0.0027435000
0.0000000000
0.0054645000
-0.0054645000
0.0243580000
0.0315820000
-0.0051948000
-0.0052219000
-0.0733030000
-0.0028209000
-0.0113640000
0.0113640000
-0.0056657000
0.0280130000
0.0191520000
0.0161290000
0.0000000000
-0.0080322000
-0.0108110000
-0.0247610000
-0.0140250000
-0.0085107000
0.0169500000
0.0276260000
0.0374380000
0.0684680000
-0.0073801000
0.0049261000
-0.0049261000
-0.0074350000
-0.0074907000
-0.0177000000
-0.0232270000
-0.0426730000
-0.0027285000
-0.0277030000
-0.0313860000
-0.0384090000
-0.0815500000
-0.0298530000
-0.0067568000
-0.0274930000
0.0138410000
-0.0385340000
-0.0475410000
-0.0265670000
-0.0392210000
-0.0283990000
-0.0637160000
0.1040400000
0.0425600000
0.0037807000
-0.0113850000
0.0113850000
-0.0229020000
0.0076923000
-0.0115610000
-0.0557910000
-0.0207050000
0.0165980000
0.0041068000
-0.0810680000
0.0392210000
0.0127390000
0.0125790000
0.0527510000
0.0195700000
0.0191940000
-0.0230780000
-0.0560150000
-0.0292300000
-0.0477310000
-0.0548080000
0.0458800000
0.0524140000
0.0457460000
0.0743980000
-0.0190480000
-0.0116060000
-0.0396880000
0.0080646000
-0.0161950000
-0.0206190000
-0.0556890000
-0.0496720000
-0.0971640000
0.0000000000
0.0101520000
-0.0412430000
0.0361800000
0.0966940000
0.0317490000
-0.0550600000
0.0279090000
0.0136680000
-0.0463050000
-0.0386520000
0.0098040000
0.0048662000
0.0657510000
0.0911690000
0.1024500000
0.0997270000
0.0033841000
-0.0136060000
0.0915670000
0.0307720000
0.0415490000
-0.0324990000
-0.0212450000
-0.0154560000
-0.0220480000
0.0220480000
0.0456700000
0.0059347000
0.0175960000
0.0510030000
0.0299340000
0.0080107000
-0.0324350000
0.0109290000
0.0529220000
0.0254470000
0.0075094000
-0.0050000000
0.0369050000
0.0471790000
0.0250300000
0.0525280000
-0.0150380000
-0.0487900000
0.0180190000
0.0155040000
-0.0110500000
0.0284790000
0.0443580000
0.0345210000
-0.0283420000
-0.0123970000
-0.0359830000
0.0043011000
0.0664140000
0.0432290000
-0.0194180000
0.0194180000
0.0340300000
-0.0112150000
0.0000000000
0.0932570000
-0.0401800000
-0.0606250000
-0.0114290000
-0.0370770000
-0.0742610000
0.0106500000
0.0536210000
0.0374430000
0.0545760000
0.0638510000
0.0153460000
0.0217580000
0.0196730000
0.0319520000
-0.0335760000
0.0429660000
-0.0078186000
-0.0367750000
-0.0032626000
-0.0623620000
0.0000000000
0.0308240000
0.1055300000
0.0075586000
0.0441900000
-0.0655000000
-0.0344320000
0.0390370000
0.0286810000
-0.0195350000
-0.0402530000
-0.0304750000
0.0288940000
-0.0224010000
-0.0130300000
-0.0981010000
-0.0927820000
-0.0592610000
-0.0496330000
0.0110010000
0.0344120000
0.0271130000
0.0041068000
-0.0165290000
0.0781180000
-0.0038610000
-0.0294430000
-0.0241950000
0.0419640000
0.0058537000
-0.0316230000
0.0060060000
0.0158420000
0.0720010000
0.0499210000
-0.0246490000
0.0141600000
0.0070053000
-0.0211650000
0.0017809000
0.0053239000
0.0017683000
0.0122920000
-0.0337210000
-0.0274490000
-0.0378120000
-0.0096806000
-0.0376660000
0.0080483000
0.0119520000
0.0215480000
-0.0038835000
-0.0684370000
0.0206190000
0.0000000000
0.0301530000
0.0520850000
-0.1876000000
-0.1076300000
-0.0544880000
0.0263170000
-0.0289880000
0.0000000000
-0.0161730000
0.0477540000
-0.1387300000
0.0606250000
0.0111420000
-0.0599320000
0.0318410000
0.0445760000
0.0247590000
0.0147760000
-0.0179710000
-0.0314220000
0.0158340000
-0.0076129000
0.0167800000
0.0212430000
0.0140880000
0.0891680000
0.0646870000
0.0344940000
0.0229110000
0.0993440000
-0.0076249000
-0.0382260000
0.0161710000
-0.0086445000
-0.0155100000
0.0580040000
-0.0202490000
-0.0305670000
-0.0164500000
-0.0303920000
0.0392530000
0.0135410000
0.0000000000
-0.0031696000
0.0285570000
-0.0116370000
-0.0039093000
-0.0157920000
0.0309530000
0.0337600000
0.0018632000
0.0026027000
0.0403910000
-0.0198100000
0.0223030000
0.0353000000
0.0139810000
0.0033807000
-0.0135920000
-0.0394260000
-0.0366050000
-0.0299760000
0.0504370000
0.0521430000
0.0085456000
0.0278590000
0.0813400000
0.0377290000
0.0102330000
-0.0250340000
-0.0392330000
0.0012399000
-0.0369190000
0.0019268000
0.0259670000
0.0195020000
0.0127930000
-0.0100380000
0.0106430000
-0.1078500000
-0.0748340000
0.0575010000
0.0190160000
0.0176700000
-0.0109650000
-0.0623800000
0.0003555600
0.0134180000
0.0160060000
0.0113270000
-0.0446690000
-0.0028592000
-0.0548030000
-0.0060675000
0.0203320000
0.0129610000
0.0300800000
-0.0172850000
-0.0212930000
0.0324910000
0.0248330000
-0.0151810000
0.0356430000
-0.0278470000
-0.0503090000
-0.0248040000
-0.0126370000
0.0551010000
0.0584340000
0.0539040000
-0.0348240000
-0.0142760000
-0.0092864000
0.0402970000
0.0167850000
0.0022820000
0.0106880000
0.0235600000
0.0187040000
-0.0024737000
-0.0140300000
-0.0446230000
0.0104510000
-0.0177000000
-0.0076349000
-0.0311360000
-0.0152410000
0.0540120000
0.0082332000
0.0561190000
0.0163010000
-0.0064270000
-0.0006142500
-0.0343780000
-0.0435420000
0.0769980000
0.0055198000
0.0265560000
0.0499520000
0.0388940000
0.0434560000
-0.0018279000
-0.0168690000
-0.0426290000
-0.0013879000
0.0135190000
-0.0357080000
0.0468810000
-0.0172210000
0.0019281000
0.0133940000
0.0549390000
0.0390630000
0.0671460000
0.0266800000
-0.0366680000
0.0046577000
-0.0074627000
0.0201610000
0.0590170000
0.0171530000
0.0517820000
0.0484630000
-0.0998200000
-0.1206800000
-0.2488900000
0.0188860000
0.1342100000
0.0036871000
-0.1943800000
0.0422000000
0.1341400000
-0.0368040000
0.0455980000
0.0861270000
0.0456790000
0.0295590000
-0.0431390000
-0.0216860000
0.0422180000
0.0431660000
0.0784590000
0.0727490000
0.0305240000
0.0258530000
-0.0212520000
0.0550040000
-0.0511560000
-0.0272520000
0.0186190000
-0.0567350000
-0.0107960000
-0.0491450000
-0.0087446000
0.0469760000
0.0747490000
-0.0287370000
0.0155040000
-0.0052671000
0.0147900000
0.0244160000
-0.0195960000
-0.0100370000
0.0409940000
0.0188280000
0.0406880000
-0.0076317000
0.0504590000
-0.0250770000
-0.0334150000
0.0107540000
-0.0074983000
0.0068190000
-0.0287830000
-0.0036787000
-0.0171700000
-0.0032189000
-0.0157060000
-0.0636660000
-0.0068100000
-0.0092185000
0.0505250000
0.0286240000
-0.0335060000
0.0007527300
0.0814310000
0.0541680000
0.0183910000
0.0353300000
0.0023323000
-0.0394380000
-0.0549560000
-0.0030769000
0.0159650000
0.0162120000
0.0006629100
0.0011590000
0.0199880000
0.0422420000
0.0263940000
0.0503540000
0.0083178000
0.0155880000
-0.0247700000
-0.0212680000
-0.0108060000
0.0153600000
0.0033653000
-0.0249960000
-0.0271740000
0.0288200000
0.0325100000
0.0276920000
0.0466220000
-0.0308390000
0.0190800000
0.0272260000
-0.0394010000
-0.0233930000
-0.0204960000
-0.0624510000
-0.0420470000
-0.0412280000
-0.0402260000
-0.0211790000
-0.0319940000
-0.0195510000
-0.0169050000
-0.0123890000
0.0326410000
0.0236640000
-0.0283160000
0.0385960000
0.0580350000
-0.0076485000
0.0332250000
0.0082183000
-0.0292330000
-0.1006300000
-0.0569500000
0.0243650000
0.0305320000
0.0532800000
0.0044174000
-0.0093881000
0.0547130000
0.0143860000
-0.0003322300
-0.0106900000
0.0580630000
0.0571230000
0.0056708000
0.0001488000
0.0022293000
0.0026686000
-0.0366420000
0.0196190000
0.0224860000
-0.0060557000
-0.0195980000
0.0016605000
0.0245820000
-0.0136320000
0.0467780000
0.0673020000
0.0182020000
0.0071629000
0.0065964000
-0.0397110000
-0.0412130000
-0.0113870000
0.0108280000
0.0226780000
0.0197650000
0.0057475000
0.0190100000
0.0128630000
-0.0050476000
0.0488700000
0.0257380000
0.0616440000
0.0148350000
-0.0189190000
0.0243710000
0.0112530000
-0.0267960000
0.0153200000
0.0185810000
0.0074882000
0.0276180000
0.0075440000
-0.0473450000
-0.0423650000
0.0342330000
-0.0102030000
0.0259670000
0.0355290000
0.0109460000
0.0391410000
0.0339150000
0.0102590000
-0.0458710000
0.0035889000
0.0285470000
0.0387930000
0.0377920000
0.0012534000
0.0411050000
0.0524390000
0.0348300000
0.0204840000
-0.0451810000
0.0632880000
0.0063396000
-0.0019580000
0.0443800000
0.0055370000
-0.0007891200
-0.0816110000
-0.0299570000
-0.0435400000
-0.0593000000
-0.0135190000
0.0286110000
-0.0580660000
-0.0824980000
-0.0997860000
0.0646990000
-0.0357140000
-0.1465900000
-0.1159800000
-0.1102700000
-0.0816410000
-0.0678850000
-0.0652080000
-0.0891560000
-0.0567200000
-0.0618080000
-0.0294320000
0.0587210000
-0.1145600000
-0.0719620000
0.1519400000
-0.0050731000
-0.0478700000
0.0121210000
0.0494590000
0.0377400000
-0.0582550000
-0.0147390000
0.0506620000
