0.0047970000
-0.0212010000
-0.0213150000
-0.0113380000
0.0059221000
0.0339910000
0.0089935000
0.0164400000
-0.0213520000
0.0037317000
-0.0128310000
-0.0042420000
-0.0296060000
0.0058529000
0.0107930000
-0.0019992000
0.0000000000
0.0426050000
0.0197300000
-0.0015877000
0.0042576000
-0.0185720000
-0.0043676000
0.0005095400
0.0194660000
-0.0037392000
0.0040330000
0.0303530000
-0.0030828000
0.0039659000
0.0117760000
-0.0207860000
0.0024680000
-0.0066719000
0.0016145000
0.0418620000
0.0284340000
-0.0224300000
0.0181780000
0.0241910000
0.0173010000
0.0027901000
-0.0011616000
-0.0097329000
0.0114360000
0.0125300000
-0.0028560000
-0.0067901000
-0.0194450000
-0.0014166000
-0.0067433000
0.0243080000
-0.0143940000
0.0049077000
0.0181160000
-0.0049479000
0.0256260000
-0.0126300000
0.0163550000
-0.0234580000
-0.0014574000
-0.0071643000
-0.0107780000
0.0003125500
-0.0039923000
0.0104300000
-0.0170930000
-0.0243510000
-0.0204070000
-0.0084307000
0.0126610000
-0.0021951000
0.0128820000
0.0207190000
-0.0084022000
-0.0368870000
0.0114130000
-0.0014849000
-0.0114860000
-0.0220080000
0.0418240000
-0.0318580000
-0.0078913000
0.0196550000
0.0245870000
-0.0708300000
0.0259640000
0.0235600000
0.0035184000
-0.0279590000
0.0339420000
-0.0049605000
0.0074315000
-0.0029110000
0.0270500000
-0.0102240000
-0.0146560000
0.0164390000
0.0181900000
-0.0229250000
-0.0308210000
-0.0364900000
-0.0023527000
-0.0201500000
-0.0096003000
0.0208420000
0.0193520000
-0.0217900000
0.0570200000
0.0159300000
-0.0555430000
-0.0571870000
0.0304730000
0.0466040000
-0.0274330000
-0.0695820000
0.0679500000
0.0522550000
0.0634740000
-0.0207400000
0.0543120000
-0.0286470000
0.0098794000
-0.0149860000
-0.0105020000
0.0212800000
0.0143450000
-0.0181570000
-0.0001806700
-0.0003872500
0.0277570000
0.0011797000
0.0104810000
0.0160070000
0.0124060000
0.0111330000
-0.0106270000
0.0127010000
0.0133870000
-0.0227660000
-0.0004327400
-0.0084277000
-0.0304810000
0.0283940000
-0.0230330000
-0.0095195000
-0.0009544400
-0.0095695000
0.0054146000
0.0088429000
-0.0255860000
0.0075665000
-0.0049271000
0.0129670000
0.0117030000
-0.0094828000
0.0084086000
-0.0027031000
-0.0101260000
-0.0105370000
-0.0222760000
0.0055831000
-0.0083864000
-0.0348370000
0.0004074000
0.0101320000
0.0586730000
-0.0024619000
-0.0119380000
-0.0017503000
0.0025215000
0.0058418000
0.0013021000
-0.0184370000
-0.0033582000
0.0012248000
-0.0237190000
-0.0226570000
0.0153230000
-0.0098002000
0.0175340000
0.0533110000
-0.0220540000
-0.0094236000
-0.0159860000
0.0133740000
-0.0101190000
0.0134870000
0.0079179000
-0.0209300000
0.0164200000
0.0217370000
-0.0096794000
0.0138640000
-0.0034227000
0.0171720000
0.0050550000
0.0187260000
-0.0066774000
0.0253700000
0.0060113000
-0.0155800000
0.0235150000
0.0066317000
0.0145430000
0.0217530000
-0.0062126000
0.0074099000
-0.0095273000
0.0076291000
-0.0005430100
0.0013118000
0.0116840000
-0.0186930000
0.0022281000
-0.0013408000
0.0169120000
0.0182130000
0.0046220000
-0.0018156000
-0.0107640000
0.0029391000
0.0130000000
0.0032836000
-0.0066654000
-0.0069522000
0.0029666000
0.0118010000
-0.0271460000
-0.0072005000
0.0000000000
0.0087813000
-0.0128520000
-0.0002479100
-0.0094663000
0.0075712000
0.0090148000
0.0060689000
-0.0160550000
0.0060173000
-0.0079631000
-0.0043807000
0.0070497000
0.0174210000
-0.0025338000
0.0107360000
-0.0076470000
0.0041181000
-0.0048949000
0.0022400000
0.0117390000
-0.0302070000
-0.0002031200
0.0122710000
-0.0014503000
0.0025867000
-0.0224990000
-0.0099804000
-0.0091287000
-0.0142400000
0.0238510000
0.0058236000
-0.0156670000
-0.0024180000
-0.0204360000
0.0054260000
0.0035853000
0.0066647000
-0.0095886000
0.0017931000
0.0113680000
0.0128980000
0.0095710000
-0.0166360000
0.0041850000
-0.0075736000
0.0000464960
0.0075502000
0.0038228000
-0.0055085000
0.0069326000
0.0055847000
0.0026896000
-0.0210250000
0.0152490000
-0.0130900000
0.0268460000
-0.0220100000
0.0250530000
0.0132620000
-0.0269080000
-0.0006164000
0.0101790000
-0.0088096000
0.0038922000
-0.0032310000
-0.0226580000
0.0224530000
-0.0284850000
0.0556940000
-0.0012652000
-0.0101580000
-0.0112600000
0.0326600000
-0.0074733000
0.0400570000
0.0103420000
0.0249350000
0.0023368000
-0.0075218000
0.0150690000
0.0024557000
-0.0023338000
0.0066219000
0.0010893000
0.0076523000
-0.0126650000
-0.0255510000
-0.0138780000
0.0010744000
-0.0127990000
0.0002345600
-0.0025619000
0.0228870000
-0.0037048000
0.0064589000
-0.0010632000
-0.0005841700
0.0046431000
-0.0172230000
-0.0017556000
0.0103830000
-0.0083739000
0.0035222000
-0.0193880000
0.0020158000
0.0018834000
0.0038415000
-0.0097821000
0.0227340000
-0.0082129000
0.0071400000
-0.0033313000
0.0023836000
-0.0062984000
-0.0230130000
-0.0093949000
0.0032360000
-0.0006769500
0.0173460000
0.0116110000
-0.0004669700
-0.0048311000
-0.0140940000
0.0050932000
-0.0005598500
-0.0075020000
-0.0028033000
-0.0132530000
-0.0009045500
-0.0036264000
0.0036926000
0.0041627000
-0.0023545000
-0.0220740000
0.0027889000
0.0107010000
0.0029067000
-0.0057104000
-0.0159700000
-0.0077052000
0.0047801000
-0.0133960000
0.0029415000
-0.0078788000
0.0016177000
-0.0092793000
0.0381380000
-0.0050830000
-0.0032749000
0.0067863000
0.0068298000
-0.0010271000
0.0231640000
-0.0212890000
-0.0094541000
0.0136590000
0.0079396000
-0.0098510000
-0.0081980000
-0.0233960000
0.0108240000
0.0035144000
0.0069245000
0.0179990000
-0.0086694000
0.0017799000
-0.0162470000
-0.0080302000
-0.0111770000
0.0119050000
-0.0024610000
0.0021195000
-0.0228670000
0.0084661000
0.0044478000
-0.0299930000
0.0257760000
-0.0035161000
0.0218660000
-0.0254180000
0.0255760000
0.0198630000
-0.0120500000
-0.0084928000
0.0134060000
0.0106190000
-0.0289830000
0.0428160000
-0.0200080000
0.0089175000
-0.0103890000
0.0359430000
0.0053674000
0.0223800000
-0.0049957000
0.0115490000
-0.0106230000
0.0152930000
-0.0014089000
0.0056855000
0.0031287000
0.0015402000
-0.0051845000
-0.0050041000
-0.0076997000
-0.0008568700
0.0083493000
-0.0023042000
-0.0026220000
0.0084448000
-0.0032077000
-0.0064881000
0.0030206000
-0.0032501000
-0.0023399000
-0.0040451000
0.0044006000
0.0102760000
0.0124840000
0.0067221000
-0.0105720000
-0.0137800000
0.0001248000
0.0001871800
-0.0144740000
-0.0034027000
0.0147320000
0.0176180000
0.0080840000
0.0043011000
-0.0089271000
0.0018570000
0.0037850000
-0.0143610000
0.0028189000
-0.0023657000
0.0076732000
0.0015317000
0.0019775000
-0.0060058000
-0.0020305000
0.0038115000
0.0035117000
0.0035400000
0.0021910000
0.0066449000
0.0015488000
-0.0138430000
-0.0062761000
-0.0174390000
-0.0044759000
0.0090357000
-0.0016217000
0.0092785000
-0.0050428000
-0.0039236000
0.0030738000
0.0020922000
-0.0129550000
0.0030142000
0.0032135000
0.0021020000
-0.0045215000
-0.0138160000
-0.0024592000
0.0040038000
-0.0062776000
-0.0006171600
0.0028485000
-0.0081633000
-0.0025929000
-0.0036974000
-0.0154090000
0.0040162000
-0.0043224000
0.0162100000
-0.0109300000
-0.0035317000
-0.0043336000
-0.0036917000
-0.0006827100
-0.0053677000
-0.0383340000
0.0058058000
-0.0221170000
-0.0107720000
-0.0033634000
-0.0067610000
-0.0091908000
-0.0117120000
0.0136390000
-0.0003128400
0.0098674000
0.0105020000
0.0198940000
-0.0052385000
-0.0056634000
0.0007476300
0.0119330000
0.0074264000
-0.0029594000
0.0074391000
-0.0061992000
-0.0054300000
-0.0075032000
0.0104290000
-0.0005522400
0.0118070000
-0.0004777900
-0.0078593000
0.0014669000
-0.0067102000
-0.0076380000
0.0057455000
-0.0072336000
-0.0046412000
0.0043387000
0.0041345000
-0.0098769000
0.0207350000
0.0045069000
-0.0034985000
0.0016022000
-0.0063551000
0.0067438000
-0.0070430000
-0.0079976000
0.0001624400
0.0030119000
0.0034410000
0.0079909000
0.0081317000
0.0029674000
-0.0018111000
-0.0073915000
0.0002967100
0.0020518000
-0.0074290000
-0.0024350000
0.0002529600
0.0011720000
0.0013083000
0.0036403000
-0.0025400000
0.0008244800
-0.0131120000
-0.0070295000
-0.0010283000
0.0008180500
-0.0078104000
0.0009649400
-0.0058037000
-0.0179290000
0.0101860000
0.0091147000
-0.0092816000
-0.0007395800
0.0144060000
0.0021385000
0.0030003000
-0.0036343000
0.0024634000
0.0083768000
-0.0034449000
-0.0026850000
-0.0036538000
0.0016646000
0.0021295000
-0.0049680000
-0.0090857000
-0.0017321000
0.0013053000
-0.0200510000
0.0017648000
-0.0197590000
0.0019936000
-0.0003442800
0.0076447000
0.0027057000
0.0037903000
-0.0064960000
0.0004880500
-0.0068545000
0.0065373000
0.0017799000
-0.0053494000
0.0120990000
0.0001693700
0.0053806000
-0.0047517000
-0.0019119000
0.0068561000
0.0009618900
-0.0007934900
-0.0024325000
-0.0150140000
0.0041283000
0.0075527000
0.0035261000
0.0010361000
-0.0036916000
-0.0130660000
-0.0057719000
0.0054780000
-0.0009803900
-0.0079274000
0.0092262000
-0.0015441000
-0.0051395000
0.0038141000
-0.0077666000
-0.0003713500
0.0015587000
-0.0049071000
0.0020104000
0.0042308000
0.0022689000
-0.0094794000
-0.0003482200
0.0020875000
-0.0002731100
-0.0064022000
0.0001499400
-0.0086833000
-0.0043701000
0.0037902000
-0.0004793000
-0.0019195000
0.0006823400
0.0001010500
-0.0080144000
-0.0153960000
-0.0037307000
0.0033944000
-0.0055511000
-0.0021613000
0.0150060000
-0.0019536000
0.0295350000
-0.0164470000
0.0004316300
0.0011163000
-0.0077126000
-0.0029685000
-0.0034144000
0.0100050000
-0.0081036000
-0.0027502000
-0.0056267000
-0.0190230000
-0.0043093000
-0.0019625000
0.0056120000
0.0128000000
-0.0035769000
0.0015420000
-0.0054205000
0.0047674000
-0.0062915000
0.0043296000
-0.0025955000
-0.0090980000
-0.0157000000
-0.0123470000
-0.0060942000
0.0025460000
0.0086029000
0.0009212300
-0.0192780000
-0.0080112000
-0.0015877000
-0.0070215000
0.0083030000
-0.0090331000
-0.0041382000
0.0138390000
0.0042200000
-0.0092685000
0.0215220000
-0.0100390000
0.0162600000
0.0012775000
0.0011131000
0.0025202000
-0.0053187000
0.0179590000
-0.0216110000
-0.0119230000
0.0180210000
-0.0132510000
-0.0014588000
0.0076828000
0.0043638000
0.0306320000
-0.0129900000
0.0106920000
0.0138190000
0.0066831000
-0.0001296000
-0.0014786000
0.0043775000
-0.0057543000
0.0131450000
0.0111240000
-0.0111750000
0.0104390000
0.0046862000
0.0026500000
0.0006803000
0.0043480000
-0.0075014000
-0.0058284000
-0.0023154000
0.0100620000
-0.0075182000
0.0047402000
0.0090127000
-0.0052265000
0.0072545000
0.0060842000
-0.0084380000
0.0105980000
-0.0015640000
-0.0013674000
-0.0069654000
0.0041751000
0.0011220000
0.0139570000
-0.0041865000
0.0034244000
-0.0046343000
0.0006668900
0.0062029000
0.0016427000
-0.0005636200
0.0050856000
-0.0004390800
0.0100260000
-0.0036056000
-0.0078367000
0.0080548000
-0.0043235000
0.0017511000
0.0022573000
0.0032435000
-0.0107390000
0.0083436000
-0.0036646000
-0.0023612000
0.0091458000
-0.0109750000
-0.0079420000
0.0075269000
0.0021959000
-0.0029045000
-0.0048514000
-0.0009337800
-0.0110500000
0.0122050000
-0.0106400000
0.0012650000
0.0030195000
0.0001235600
-0.0084368000
0.0042273000
-0.0071471000
-0.0072489000
0.0091215000
-0.0017227000
-0.0044076000
-0.0012306000
-0.0032974000
0.0065338000
0.0016018000
-0.0036830000
0.0044829000
0.0089555000
-0.0087057000
0.0108830000
0.0056676000
-0.0142790000
-0.0035457000
0.0000500260
-0.0033824000
-0.0004518500
-0.0059938000
0.0033791000
0.0027653000
-0.0119460000
-0.0013220000
-0.0020373000
-0.0091423000
0.0038259000
0.0099453000
-0.0094841000
0.0057216000
0.0001528100
-0.0002801700
-0.0017847000
0.0028540000
0.0077058000
-0.0008336200
0.0014899000
0.0052852000
-0.0107000000
-0.0058269000
0.0083102000
0.0005819200
0.0031819000
-0.0104930000
-0.0038803000
-0.0005884700
-0.0026139000
0.0028186000
0.0005372000
-0.0065942000
0.0103980000
0.0000254770
0.0000509520
-0.0065430000
-0.0017195000
-0.0022372000
0.0063642000
-0.0059524000
0.0035449000
0.0029190000
-0.0043303000
-0.0054329000
-0.0130190000
-0.0042727000
0.0071979000
-0.0078549000
0.0113700000
-0.0069370000
0.0058709000
0.0000260160
0.0153610000
0.0087237000
-0.0032816000
-0.0042131000
-0.0007679300
0.0147680000
-0.0117260000
-0.0006384500
0.0028825000
0.0277090000
0.0080938000
-0.0103510000
-0.0067773000
0.0009995500
0.0077128000
-0.0033515000
0.0063212000
-0.0103830000
-0.0078963000
-0.0021919000
0.0126570000
0.0062069000
-0.0070789000
-0.0105490000
-0.0046206000
0.0004554300
-0.0037254000
-0.0024914000
-0.0009677100
0.0005349000
-0.0065659000
0.0004869000
0.0038356000
-0.0056050000
-0.0102410000
-0.0053819000
-0.0022184000
0.0020619000
0.0094977000
0.0030687000
0.0012866000
-0.0136440000
-0.0056466000
0.0021735000
0.0025342000
-0.0007830900
0.0051571000
0.0079954000
0.0052437000
-0.0088324000
0.0017056000
0.0067935000
0.0011278000
-0.0193210000
0.0015918000
0.0034100000
0.0012725000
0.0012450000
-0.0039217000
0.0007283700
-0.0045349000
0.0044049000
0.0014294000
0.0088425000
-0.0058086000
-0.0069891000
-0.0002086000
-0.0063572000
0.0026210000
0.0026664000
0.0024770000
-0.0017463000
-0.0162530000
0.0125160000
-0.0017559000
-0.0013387000
0.0026756000
-0.0106130000
-0.0056020000
-0.0029062000
-0.0031558000
0.0050231000
0.0096281000
-0.0028549000
0.0024853000
-0.0069159000
-0.0005585300
-0.0019440000
-0.0013604000
0.0062000000
0.0028609000
-0.0039756000
0.0025197000
-0.0000529820
0.0031211000
-0.0090729000
0.0085446000
-0.0009516800
0.0019024000
-0.0100820000
0.0170790000
0.0010480000
-0.0129140000
0.0037068000
-0.0012694000
-0.0075169000
-0.0073053000
0.0091432000
0.0118520000
0.0015504000
-0.0030770000
0.0009477700
-0.0039550000
0.0058216000
-0.0115440000
-0.0087533000
-0.0110500000
-0.0083277000
-0.0090317000
-0.0177500000
-0.0055169000
0.0131790000
0.0128970000
0.0090882000
-0.0045338000
0.0007935300
0.0001367500
0.0054548000
-0.0023147000
0.0167350000
0.0062540000
0.0015441000
-0.0090053000
0.0036172000
0.0006416900
0.0019493000
-0.0021097000
-0.0040717000
-0.0135940000
0.0054812000
0.0011359000
0.0007295400
-0.0036530000
-0.0045375000
-0.0091647000
-0.0067561000
0.0026803000
-0.0034831000
-0.0021900000
-0.0037815000
0.0028374000
0.0020258000
0.0044534000
-0.0042316000
-0.0037209000
0.0013344000
0.0027744000
-0.0066157000
0.0030631000
0.0000000000
-0.0023940000
-0.0037976000
0.0033237000
-0.0076976000
0.0045977000
0.0025142000
0.0004463000
0.0061166000
-0.0053081000
-0.0003065600
0.0047274000
0.0022446000
0.0056859000
-0.0103190000
0.0017782000
0.0054813000
0.0038026000
-0.0122030000
-0.0029275000
-0.0052912000
-0.0188430000
-0.0058236000
-0.0044984000
-0.0105170000
0.0056210000
-0.0043368000
-0.0024532000
0.0076899000
0.0020870000
0.0049969000
0.0033940000
0.0102270000
0.0016755000
-0.0058337000
-0.0038604000
0.0058562000
0.0001708900
0.0049431000
0.0018969000
0.0004524500
0.0099584000
-0.0080096000
0.0017479000
-0.0007326200
-0.0067597000
-0.0016189000
-0.0080196000
-0.0113540000
-0.0014211000
-0.0066976000
0.0061460000
-0.0098928000
-0.0014968000
0.0038402000
-0.0136990000
0.0015116000
-0.0002962200
0.0029878000
-0.0033137000
0.0045535000
0.0064986000
-0.0082407000
0.0011814000
0.0116210000
0.0012829000
-0.0024799000
-0.0073591000
-0.0002943200
-0.0013845000
0.0039421000
0.0017601000
-0.0074429000
-0.0042018000
-0.0018104000
-0.0059888000
-0.0045228000
-0.0139050000
-0.0081608000
0.0095905000
-0.0024042000
-0.0022879000
-0.0066800000
0.0060995000
-0.0082540000
-0.0126510000
0.0049180000
-0.0124350000
-0.0070672000
-0.0062250000
0.0057816000
0.0019936000
-0.0038007000
0.0102290000
-0.0093408000
0.0003486900
0.0007603600
-0.0088112000
-0.0041942000
0.0053118000
0.0037906000
-0.0016865000
0.0022904000
-0.0007310800
0.0002225600
-0.0092299000
-0.0124620000
0.0064119000
-0.0071919000
-0.0081942000
0.0097536000
0.0096594000
0.0008998000
-0.0045071000
0.0000000000
0.0258630000
-0.0025816000
0.0070678000
0.0094708000
0.0046402000
-0.0026578000
-0.0015485000
0.0028473000
0.0092595000
-0.0042346000
-0.0045305000
-0.0106520000
0.0003121600
-0.0107000000
-0.0065198000
0.0002539900
-0.0033706000
0.0039736000
-0.0017464000
-0.0099974000
0.0023406000
-0.0007368600
0.0049234000
-0.0065272000
-0.0035373000
0.0029593000
-0.0048295000
0.0063380000
-0.0029227000
0.0006430900
0.0167980000
0.0038173000
0.0031125000
0.0002197100
0.0046340000
0.0092969000
-0.0154380000
0.0209320000
-0.0098983000
0.0066303000
-0.0006178000
0.0068976000
0.0145620000
-0.0018769000
0.0057405000
-0.0015075000
-0.0004828700
-0.0065721000
0.0059380000
0.0047011000
0.0056661000
-0.0042541000
0.0029378000
0.0054034000
0.0074451000
0.0102020000
0.0107940000
-0.0010423000
-0.0060144000
-0.0058163000
0.0004102900
0.0059013000
0.0001165100
0.0009606600
-0.0064512000
-0.0019053000
-0.0067122000
-0.0072633000
-0.0059686000
0.0061471000
0.0001784800
-0.0033667000
-0.0008658400
0.0011941000
-0.0074263000
-0.0015641000
-0.0029243000
-0.0000603850
0.0101240000
-0.0244770000
-0.0052515000
-0.0032074000
0.0043768000
0.0009529500
-0.0026767000
0.0075196000
0.0084342000
-0.0085566000
0.0010087000
-0.0037341000
-0.0019337000
0.0132160000
-0.0074257000
0.0170210000
0.0030884000
0.0257130000
-0.0097050000
-0.0153200000
0.0050731000
-0.0013404000
0.0387330000
-0.0035331000
0.0028734000
0.0129140000
-0.0117960000
-0.0148700000
-0.0053962000
-0.0004388100
-0.0069883000
-0.0043112000
-0.0043002000
-0.0099762000
0.0050901000
-0.0106890000
0.0041872000
0.0035708000
-0.0107510000
0.0027816000
-0.0010573000
-0.0070065000
-0.0050043000
0.0034812000
-0.0076195000
0.0060941000
0.0102360000
0.0174350000
-0.0053599000
0.0102780000
-0.0049474000
-0.0029742000
0.0112260000
0.0118580000
-0.0044633000
0.0000000000
-0.0069239000
-0.0013552000
-0.0011209000
0.0018871000
0.0054642000
0.0045599000
-0.0060846000
0.0013195000
-0.0006742000
0.0048266000
0.0007584400
0.0104430000
-0.0117850000
-0.0112760000
-0.0099418000
0.0032159000
0.0001486300
-0.0086875000
-0.0156230000
-0.0054053000
-0.0036506000
0.0062195000
-0.0025995000
-0.0101260000
-0.0095733000
-0.0036921000
-0.0003135200
-0.0034237000
0.0029533000
0.0057246000
0.0075512000
0.0032762000
-0.0068737000
0.0090314000
-0.0090314000
-0.0069526000
-0.0071273000
-0.0049277000
0.0030984000
0.0088314000
0.0035607000
0.0035792000
-0.0079851000
-0.0045198000
0.0042692000
0.0081735000
-0.0068275000
-0.0030390000
-0.0076223000
-0.0062163000
-0.0050714000
-0.0024652000
-0.0046589000
-0.0057814000
0.0038795000
-0.0086199000
-0.0034885000
-0.0093515000
-0.0046591000
0.0054829000
0.0059770000
0.0016685000
0.0031657000
-0.0017938000
0.0000979260
0.0008482900
0.0027032000
-0.0042045000
0.0072247000
0.0082991000
0.0080075000
