0.5000000000
0.5075300000
0.5301900000
0.5682000000
0.6216900000
0.6905400000
0.7739100000
0.8697500000
0.9740600000
1.0804000000
1.1794000000
1.2602000000
1.3117000000
1.3258000000
1.3002000000
1.2390000000
1.1513000000
1.0482000000
0.9406000000
0.8368900000
0.7428300000
0.6618000000
0.5954300000
0.5443100000
0.5084300000
0.4876200000
0.4816800000
0.4905900000
0.5144800000
0.5535900000
0.6081600000
0.6781600000
0.7628900000
0.8604300000
0.9669100000
1.0759000000
1.1781000000
1.2622000000
1.3166000000
1.3329000000
1.3083000000
1.2468000000
1.1576000000
1.0523000000
0.9421400000
0.8357200000
0.7389800000
0.6553600000
0.5864800000
0.5328500000
0.4944000000
0.4708700000
0.4620100000
0.4677300000
0.4881300000
0.5235000000
0.5741800000
0.6403600000
0.7217400000
0.8170300000
0.9231900000
1.0348000000
1.1434000000
1.2381000000
1.3066000000
1.3386000000
1.3288000000
1.2787000000
1.1962000000
1.0928000000
0.9806100000
0.8693900000
0.7662300000
0.6753800000
0.5989700000
0.5377500000
0.4917300000
0.4605600000
0.4439100000
0.4415400000
0.4534500000
0.4798400000
0.5211100000
0.5776800000
0.6497600000
0.7369500000
0.8376600000
0.9483700000
1.0629000000
1.1718000000
1.2634000000
1.3252000000
1.3474000000
1.3262000000
1.2651000000
1.1737000000
1.0642000000
0.9486400000
0.8363700000
0.7337200000
0.6442900000
0.5697000000
0.5103500000
0.4660100000
0.4362200000
0.4205500000
0.4187700000
0.4308500000
0.4570600000
0.4978300000
0.5536900000
0.6250300000
0.7117000000
0.8124900000
0.9243400000
1.0415000000
1.1552000000
1.2534000000
1.3233000000
1.3540000000
1.3401000000
1.2840000000
1.1946000000
1.0846000000
0.9664900000
0.8504000000
0.7432600000
0.6490700000
0.5696500000
0.5054500000
0.4562000000
0.4213500000
0.4003500000
0.3928100000
0.3986100000
0.4178900000
0.4510700000
0.4987300000
0.5615100000
0.6397700000
0.7332600000
0.8403500000
0.9573100000
1.0774000000
1.1906000000
1.2840000000
1.3444000000
1.3621000000
1.3337000000
1.2641000000
1.1642000000
1.0475000000
0.9261400000
0.8095400000
0.7036600000
0.6116600000
0.5347400000
0.4729300000
0.4257300000
0.3924200000
0.3723800000
0.3651900000
0.3707100000
0.3891000000
0.4207800000
0.4664400000
0.5268200000
0.6025400000
0.6937300000
0.7993800000
0.9165900000
1.0396000000
1.1592000000
1.2629000000
1.3369000000
1.3693000000
1.3544000000
1.2948000000
1.2003000000
1.0842000000
0.9601000000
0.8384200000
0.7262100000
0.6273500000
0.5434500000
0.4746800000
0.4205100000
0.3801200000
0.3527100000
0.3376600000
0.3346100000
0.3435000000
0.3645800000
0.3984200000
0.4457700000
0.5075500000
0.5845300000
0.6770100000
0.7842400000
0.9035600000
1.0295000000
1.1528000000
1.2611000000
1.3398000000
1.3765000000
1.3646000000
1.3062000000
1.2109000000
1.0928000000
0.9657300000
0.8406500000
0.7249200000
0.6225600000
0.5351800000
0.4628700000
0.4049900000
0.3605800000
0.3286800000
0.3085100000
0.2995100000
0.3014600000
0.3144400000
0.3388400000
0.3753400000
0.4248600000
0.4884400000
0.5670400000
0.6611500000
0.7702200000
0.8918300000
1.0207000000
1.1478000000
1.2603000000
1.3434000000
1.3839000000
1.3744000000
1.3166000000
1.2203000000
1.0998000000
0.9696200000
0.8411400000
0.7219700000
0.6162200000
0.5254600000
0.4497200000
0.3882000000
0.3397800000
0.3033400000
0.2778900000
0.2627100000
0.2573300000
0.2616100000
0.2757000000
0.3000600000
0.3354500000
0.3828700000
0.4434900000
0.5185100000
0.6088200000
0.7145700000
0.8343400000
0.9642300000
1.0967000000
1.2203000000
1.3201000000
1.3812000000
1.3928000000
1.3528000000
1.2682000000
1.1526000000
1.0213000000
0.8877200000
0.7610600000
0.6467300000
0.5471000000
0.4625700000
0.3924200000
0.3354400000
0.2902900000
0.2557400000
0.2307300000
0.2144600000
0.2063800000
0.2062400000
0.2140400000
0.2300800000
0.2549100000
0.2893800000
0.3345700000
0.3917800000
0.4624000000
0.5477100000
0.6484900000
0.7643700000
0.8929700000
1.0287000000
1.1620000000
1.2790000000
1.3638000000
1.4023000000
1.3873000000
1.3217000000
1.2166000000
1.0879000000
0.9505100000
0.8161800000
0.6922100000
0.5822400000
0.4873700000
0.4071500000
0.3403800000
0.2855500000
0.2411500000
0.2057800000
0.1782700000
0.1576500000
0.1431700000
0.1343100000
0.1307400000
0.1323300000
0.1391600000
0.1515000000
0.1698100000
0.1948000000
0.2273700000
0.2686800000
0.3200900000
0.3831300000
0.4594100000
0.5503200000
0.6567100000
0.7781200000
0.9117900000
1.0515000000
1.1867000000
1.3025000000
1.3824000000
1.4127000000
1.3875000000
1.3114000000
1.1977000000
1.0626000000
0.9214600000
0.7852000000
0.6604300000
0.5501600000
0.4549400000
0.3739600000
0.3057000000
0.2484200000
0.2003900000
0.1600000000
0.1258000000
0.0965090000
0.0710070000
0.0482960000
0.0274790000
0.0077252000
-0.0117570000
-0.0317520000
-0.0530630000
-0.0765460000
-0.1031400000
-0.1338900000
-0.1699900000
-0.2128000000
-0.2638700000
-0.3248900000
-0.3977000000
-0.4840500000
-0.5853700000
-0.7022000000
-0.8333000000
-0.9745200000
-1.1176000000
-1.2494000000
-1.3534000000
-1.4129000000
-1.4170000000
-1.3647000000
-1.2656000000
-1.1358000000
-0.9922300000
-0.8485700000
-0.7137800000
-0.5925000000
-0.4862600000
-0.3946100000
-0.3161100000
-0.2488700000
-0.1908600000
-0.1401200000
-0.0948080000
-0.0531810000
-0.0136020000
0.0255090000
0.0657230000
0.1086500000
0.1559800000
0.2095200000
0.2712200000
0.3431200000
0.4272900000
0.5256000000
0.6392500000
0.7681000000
0.9095200000
1.0571000000
1.1996000000
1.3211000000
1.4035000000
1.4323000000
1.4018000000
1.3177000000
1.1948000000
1.0509000000
0.9018600000
0.7588900000
0.6282300000
0.5123500000
0.4113000000
0.3237000000
0.2475300000
0.1805400000
0.1204200000
0.0649530000
0.0119730000
-0.0406320000
-0.0949730000
-0.1532000000
-0.2175600000
-0.2903700000
-0.3739800000
-0.4706300000
-0.5820800000
-0.7090300000
-0.8501000000
-1.0005000000
-1.1507000000
-1.2859000000
-1.3878000000
-1.4389000000
-1.4294000000
-1.3610000000
-1.2464000000
-1.1038000000
-0.9508300000
-0.8007600000
-0.6615500000
-0.5367300000
-0.4268500000
-0.3306800000
-0.2461100000
-0.1706400000
-0.1016600000
-0.0365910000
0.0271430000
0.0920940000
0.1608400000
0.2360200000
0.3202800000
0.4162200000
0.5260800000
0.6513000000
0.7915700000
0.9436000000
1.0996000000
1.2463000000
1.3654000000
1.4380000000
1.4500000000
1.3991000000
1.2950000000
1.1556000000
0.9999800000
0.8435800000
0.6961900000
0.5626100000
0.4440000000
0.3393700000
0.2465400000
0.1627900000
0.0852380000
0.0109240000
-0.0631010000
-0.1398000000
-0.2221400000
-0.3131200000
-0.4155800000
-0.5319600000
-0.6637100000
-0.8103600000
-0.9680400000
-1.1280000000
-1.2755000000
-1.3911000000
-1.4554000000
-1.4557000000
-1.3917000000
-1.2759000000
-1.1276000000
-0.9663600000
-0.8068200000
-0.6578300000
-0.5232300000
-0.4034500000
-0.2969000000
-0.2009600000
-0.1125500000
-0.0284210000
0.0547370000
0.1402500000
0.2314500000
0.3316000000
0.4437400000
0.5702900000
0.7123400000
0.8684000000
1.0328000000
1.1943000000
1.3354000000
1.4349000000
1.4746000000
1.4461000000
1.3553000000
1.2191000000
1.0586000000
0.8920400000
0.7319800000
0.5848600000
0.4526500000
0.3344900000
0.2279500000
0.1298500000
0.0366630000
-0.0552420000
-0.1495400000
-0.2498800000
-0.3597900000
-0.4824100000
-0.6199900000
-0.7728700000
-0.9381300000
-1.1077000000
-1.2669000000
-1.3956000000
-1.4720000000
-1.4809000000
-1.4201000000
-1.3021000000
-1.1474000000
-0.9774300000
-0.8082600000
-0.6495200000
-0.5052100000
-0.3755300000
-0.2584400000
-0.1507500000
-0.0487370000
0.0515300000
0.1540600000
0.2628100000
0.3815500000
0.5135100000
0.6607100000
0.8228100000
0.9954000000
1.1681000000
1.3236000000
1.4395000000
1.4946000000
1.4772000000
1.3909000000
1.2527000000
1.0854000000
0.9094100000
0.7388000000
0.5808700000
0.4378100000
0.3085100000
0.1900900000
0.0787470000
-0.0296850000
-0.1395200000
-0.2550500000
-0.3803200000
-0.5187900000
-0.6725400000
-0.8410000000
-1.0191000000
-1.1954000000
-1.3510000000
-1.4623000000
-1.5081000000
-1.4783000000
-1.3794000000
-1.2306000000
-1.0557000000
-0.8750100000
-0.7016000000
-0.5417000000
-0.3966000000
-0.2644800000
-0.1419100000
-0.0246510000
0.0918610000
0.2122500000
0.3409600000
0.4819300000
0.6378200000
0.8088500000
0.9908900000
1.1734000000
1.3379000000
1.4604000000
1.5177000000
1.4973000000
1.4036000000
1.2554000000
1.0777000000
0.8919300000
0.7124800000
0.5462800000
0.3948600000
0.2563600000
0.1271300000
0.0026298000
-0.1220100000
-0.2517100000
-0.3910500000
-0.5438200000
-0.7119800000
-0.8941000000
-1.0831000000
-1.2643000000
-1.4152000000
-1.5099000000
-1.5287000000
-1.4671000000
-1.3385000000
-1.1671000000
-0.9778800000
-0.7892300000
-0.6115800000
-0.4485600000
-0.2993900000
-0.1607600000
-0.0280980000
0.1037100000
0.2398800000
0.3853200000
0.5440600000
0.7181800000
0.9061100000
1.1002000000
1.2847000000
1.4357000000
1.5265000000
1.5375000000
1.4661000000
1.3278000000
1.1484000000
0.9533300000
0.7605900000
0.5797600000
0.4136500000
0.2607800000
0.1172600000
-0.0219360000
-0.1622900000
-0.3092100000
-0.4675300000
-0.6405800000
-0.8287000000
-1.0269000000
-1.2225000000
-1.3937000000
-1.5128000000
-1.5552000000
-1.5109000000
-1.3901000000
-1.2173000000
-1.0200000000
-0.8198200000
-0.6293700000
-0.4533600000
-0.2912000000
-0.1392900000
0.0074879000
0.1548600000
0.3085400000
0.4735900000
0.6534500000
0.8482200000
1.0522000000
1.2512000000
1.4217000000
1.5347000000
1.5660000000
1.5079000000
1.3739000000
1.1907000000
0.9864700000
0.7820700000
0.5887900000
0.4101400000
0.2446000000
0.0878480000
-0.0657500000
-0.2222600000
-0.3874700000
-0.5660100000
-0.7599600000
-0.9665200000
-1.1752000000
-1.3655000000
-1.5088000000
-1.5763000000
-1.5519000000
-1.4415000000
-1.2689000000
-1.0645000000
-0.8530000000
-0.6496600000
-0.4604500000
-0.2851400000
-0.1198400000
0.0410930000
0.2039800000
0.3749500000
0.5589700000
0.7583800000
0.9704200000
1.1843000000
1.3786000000
1.5235000000
1.5891000000
1.5597000000
1.4423000000
1.2625000000
1.0517000000
0.8350700000
0.6273200000
0.4339000000
0.2539300000
0.0830090000
-0.0849880000
-0.2566700000
-0.4381800000
-0.6339600000
-0.8448100000
-1.0650000000
-1.2788000000
-1.4599000000
-1.5756000000
-1.5997000000
-1.5259000000
-1.3718000000
-1.1687000000
-0.9471400000
-0.7281100000
-0.5216700000
-0.3296500000
-0.1488200000
0.0266050000
0.2034400000
0.3883300000
0.5865700000
0.8001400000
1.0249000000
1.2470000000
1.4410000000
1.5734000000
1.6147000000
1.5542000000
1.4068000000
1.2039000000
0.9779600000
0.7522600000
0.5384300000
0.3390700000
0.1511100000
-0.0313910000
-0.2154900000
-0.4080800000
-0.6144000000
-0.8358900000
-1.0670000000
-1.2916000000
-1.4814000000
-1.6011000000
-1.6226000000
-1.5402000000
-1.3741000000
-1.1584000000
-0.9253800000
-0.6961700000
-0.4801700000
-0.2781600000
-0.0858420000
0.1034900000
0.2972500000
0.5020500000
0.7218900000
0.9552600000
1.1914000000
1.4069000000
1.5674000000
1.6381000000
1.6009000000
1.4651000000
1.2620000000
1.0277000000
0.7893600000
0.5616100000
0.3482800000
0.1465300000
-0.0499780000
-0.2488500000
-0.4572900000
-0.6802600000
-0.9175900000
-1.1601000000
-1.3859000000
-1.5606000000
-1.6470000000
-1.6231000000
-1.4949000000
-1.2929000000
-1.0549000000
-0.8103500000
-0.5755400000
-0.3550900000
-0.1463500000
0.0571740000
0.2633500000
0.4795600000
0.7105500000
0.9552800000
1.2027000000
1.4279000000
1.5939000000
1.6634000000
1.6179000000
1.4694000000
1.2525000000
1.0055000000
0.7562900000
0.5186600000
0.2952300000
0.0818940000
-0.1286600000
-0.3446200000
-0.5728800000
-0.8163900000
-1.0703000000
-1.3171000000
-1.5247000000
-1.6524000000
-1.6682000000
-1.5674000000
-1.3761000000
-1.1345000000
-0.8779900000
-0.6278900000
-0.3917900000
-0.1681300000
0.0495710000
0.2696500000
0.4999500000
0.7452100000
1.0033000000
1.2602000000
1.4868000000
1.6419000000
1.6878000000
1.6116000000
1.4338000000
1.1947000000
0.9332600000
0.6748400000
0.4297700000
0.1977800000
-0.0272220000
-0.2537500000
-0.4900000000
-0.7411000000
-1.0051000000
-1.2678000000
-1.4989000000
-1.6558000000
-1.6996000000
-1.6180000000
-1.4329000000
-1.1866000000
-0.9189300000
-0.6551300000
-0.4049200000
-0.1673300000
0.0643820000
0.2990700000
0.5448200000
0.8057500000
1.0773000000
1.3410000000
1.5613000000
1.6928000000
1.7008000000
1.5828000000
1.3702000000
1.1080000000
0.8335900000
0.5676100000
0.3157600000
0.0744560000
-0.1644400000
-0.4100600000
-0.6693500000
-0.9430100000
-1.2199000000
-1.4720000000
-1.6555000000
-1.7259000000
-1.6630000000
-1.4844000000
-1.2337000000
-0.9552100000
-0.6779800000
-0.4138700000
-0.1624600000
0.0832840000
0.3327500000
0.5941800000
0.8706800000
1.1548000000
1.4223000000
1.6314000000
1.7337000000
1.7004000000
1.5408000000
1.2964000000
1.0147000000
0.7296200000
0.4564600000
0.1966200000
-0.0563990000
-0.3121100000
-0.5792400000
-0.8614600000
-1.1517000000
-1.4257000000
-1.6404000000
-1.7460000000
-1.7120000000
-1.5483000000
-1.2979000000
-1.0099000000
-0.7187900000
-0.4398200000
-0.1738900000
0.0860380000
0.3498000000
0.6259200000
0.9168500000
1.2126000000
1.4843000000
1.6845000000
1.7633000000
1.6971000000
1.5053000000
1.2365000000
0.9391500000
0.6440000000
0.3622900000
0.0921100000
-0.1750700000
-0.4493500000
-0.7378800000
-1.0391000000
-1.3358000000
-1.5896000000
-1.7472000000
-1.7647000000
-1.6366000000
-1.3993000000
-1.1067000000
-0.8015600000
-0.5058000000
-0.2237100000
0.0507450000
0.3277100000
0.6164600000
0.9200200000
1.2281000000
1.5098000000
1.7143000000
1.7885000000
1.7095000000
1.5010000000
1.2163000000
