240.0000000000
155.0000000000
207.0000000000
202.0000000000
87.0000000000
-36.0000000000
-186.0000000000
-251.0000000000
-360.0000000000
-565.0000000000
-717.0000000000
-773.0000000000
-786.0000000000
-733.0000000000
-653.0000000000
-584.0000000000
-452.0000000000
-255.0000000000
-62.0000000000
-5.0000000000
-100.0000000000
-149.0000000000
-13.0000000000
117.0000000000
71.0000000000
-74.0000000000
-162.0000000000
-125.0000000000
-61.0000000000
-47.0000000000
-5.0000000000
107.0000000000
182.0000000000
225.0000000000
273.0000000000
288.0000000000
278.0000000000
230.0000000000
198.0000000000
154.0000000000
27.0000000000
-68.0000000000
-141.0000000000
-232.0000000000
-239.0000000000
-187.0000000000
-156.0000000000
-189.0000000000
-226.0000000000
-274.0000000000
-251.0000000000
-181.0000000000
-112.0000000000
-46.0000000000
47.0000000000
158.0000000000
245.0000000000
333.0000000000
348.0000000000
385.0000000000
438.0000000000
423.0000000000
365.0000000000
310.0000000000
285.0000000000
221.0000000000
120.0000000000
36.0000000000
-80.0000000000
-205.0000000000
-278.0000000000
-304.0000000000
-356.0000000000
-411.0000000000
-386.0000000000
-381.0000000000
-461.0000000000
-542.0000000000
-634.0000000000
-750.0000000000
-794.0000000000
-770.0000000000
-728.0000000000
-657.0000000000
-566.0000000000
-532.0000000000
-506.0000000000
-492.0000000000
-535.0000000000
-553.0000000000
-313.0000000000
103.0000000000
448.0000000000
685.0000000000
752.0000000000
675.0000000000
516.0000000000
215.0000000000
-177.0000000000
-649.0000000000
-1007.0000000000
-979.0000000000
-551.0000000000
52.0000000000
510.0000000000
635.0000000000
516.0000000000
416.0000000000
408.0000000000
461.0000000000
576.0000000000
786.0000000000
913.0000000000
790.0000000000
562.0000000000
529.0000000000
758.0000000000
930.0000000000
842.0000000000
595.0000000000
316.0000000000
196.0000000000
427.0000000000
955.0000000000
1511.0000000000
1820.0000000000
1883.0000000000
1849.0000000000
1673.0000000000
1444.0000000000
1290.0000000000
1144.0000000000
915.0000000000
432.0000000000
-274.0000000000
-1016.0000000000
-1479.0000000000
-1435.0000000000
-1142.0000000000
-717.0000000000
-174.0000000000
148.0000000000
83.0000000000
-225.0000000000
-595.0000000000
-901.0000000000
-1049.0000000000
-980.0000000000
-803.0000000000
-674.0000000000
-757.0000000000
-1009.0000000000
-1212.0000000000
-1152.0000000000
-825.0000000000
-571.0000000000
-547.0000000000
-517.0000000000
-229.0000000000
187.0000000000
148.0000000000
-243.0000000000
-554.0000000000
-632.0000000000
-510.0000000000
-462.0000000000
-449.0000000000
-118.0000000000
432.0000000000
607.0000000000
7.0000000000
-746.0000000000
-809.0000000000
-80.0000000000
1017.0000000000
1719.0000000000
1583.0000000000
703.0000000000
-306.0000000000
-968.0000000000
-1153.0000000000
-1008.0000000000
-685.0000000000
-266.0000000000
380.0000000000
786.0000000000
505.0000000000
-316.0000000000
-1368.0000000000
-1432.0000000000
-595.0000000000
61.0000000000
230.0000000000
264.0000000000
347.0000000000
540.0000000000
743.0000000000
775.0000000000
339.0000000000
-565.0000000000
-1320.0000000000
-1483.0000000000
-896.0000000000
99.0000000000
956.0000000000
1117.0000000000
407.0000000000
-472.0000000000
-870.0000000000
-737.0000000000
-83.0000000000
899.0000000000
1569.0000000000
1530.0000000000
1045.0000000000
868.0000000000
869.0000000000
523.0000000000
-100.0000000000
-909.0000000000
-1486.0000000000
-1756.0000000000
-1607.0000000000
-830.0000000000
22.0000000000
680.0000000000
942.0000000000
801.0000000000
554.0000000000
275.0000000000
-33.0000000000
-442.0000000000
-396.0000000000
463.0000000000
1215.0000000000
946.0000000000
57.0000000000
-491.0000000000
-577.0000000000
-298.0000000000
428.0000000000
944.0000000000
651.0000000000
-255.0000000000
-999.0000000000
-955.0000000000
-238.0000000000
470.0000000000
410.0000000000
-308.0000000000
-1092.0000000000
-1611.0000000000
-1425.0000000000
-870.0000000000
-532.0000000000
-279.0000000000
3.0000000000
314.0000000000
256.0000000000
-278.0000000000
-691.0000000000
-284.0000000000
366.0000000000
435.0000000000
175.0000000000
-149.0000000000
24.0000000000
746.0000000000
1436.0000000000
1261.0000000000
520.0000000000
224.0000000000
538.0000000000
1062.0000000000
1341.0000000000
1281.0000000000
1035.0000000000
1119.0000000000
1402.0000000000
1269.0000000000
664.0000000000
-20.0000000000
-672.0000000000
-1194.0000000000
-1138.0000000000
-396.0000000000
475.0000000000
920.0000000000
907.0000000000
641.0000000000
315.0000000000
273.0000000000
653.0000000000
794.0000000000
298.0000000000
-567.0000000000
-1268.0000000000
-942.0000000000
18.0000000000
1413.0000000000
2606.0000000000
2643.0000000000
1424.0000000000
-27.0000000000
-784.0000000000
-642.0000000000
269.0000000000
1238.0000000000
1694.0000000000
1152.0000000000
56.0000000000
-459.0000000000
-117.0000000000
392.0000000000
269.0000000000
-406.0000000000
-1328.0000000000
-2174.0000000000
-2226.0000000000
-1336.0000000000
-184.0000000000
768.0000000000
929.0000000000
82.0000000000
-1234.0000000000
-1862.0000000000
-1722.0000000000
-1532.0000000000
-1604.0000000000
-1713.0000000000
-1398.0000000000
-1046.0000000000
-641.0000000000
-503.0000000000
-777.0000000000
-959.0000000000
-1044.0000000000
-1001.0000000000
-1308.0000000000
-1581.0000000000
-1112.0000000000
-488.0000000000
285.0000000000
821.0000000000
668.0000000000
326.0000000000
-149.0000000000
-628.0000000000
-848.0000000000
-1043.0000000000
-849.0000000000
-243.0000000000
182.0000000000
357.0000000000
529.0000000000
869.0000000000
1212.0000000000
1143.0000000000
551.0000000000
-114.0000000000
-398.0000000000
66.0000000000
645.0000000000
860.0000000000
654.0000000000
-14.0000000000
-370.0000000000
-23.0000000000
443.0000000000
531.0000000000
480.0000000000
844.0000000000
1103.0000000000
349.0000000000
-876.0000000000
-1464.0000000000
-853.0000000000
450.0000000000
1510.0000000000
1687.0000000000
922.0000000000
-17.0000000000
-373.0000000000
46.0000000000
609.0000000000
772.0000000000
280.0000000000
-469.0000000000
-806.0000000000
-781.0000000000
-591.0000000000
-81.0000000000
486.0000000000
273.0000000000
-786.0000000000
-1706.0000000000
-1465.0000000000
-375.0000000000
536.0000000000
734.0000000000
595.0000000000
239.0000000000
-465.0000000000
-1127.0000000000
-1414.0000000000
-1106.0000000000
-194.0000000000
842.0000000000
1193.0000000000
499.0000000000
-575.0000000000
-1101.0000000000
-801.0000000000
-381.0000000000
-97.0000000000
385.0000000000
940.0000000000
1618.0000000000
1838.0000000000
1267.0000000000
630.0000000000
307.0000000000
832.0000000000
1922.0000000000
2501.0000000000
2104.0000000000
1009.0000000000
183.0000000000
-256.0000000000
-300.0000000000
-85.0000000000
119.0000000000
82.0000000000
40.0000000000
234.0000000000
421.0000000000
707.0000000000
1065.0000000000
1169.0000000000
447.0000000000
-517.0000000000
-891.0000000000
-149.0000000000
1228.0000000000
2007.0000000000
1750.0000000000
848.0000000000
134.0000000000
17.0000000000
29.0000000000
-73.0000000000
-276.0000000000
-700.0000000000
-869.0000000000
-810.0000000000
-498.0000000000
-102.0000000000
151.0000000000
475.0000000000
655.0000000000
114.0000000000
-792.0000000000
-1392.0000000000
-1553.0000000000
-1757.0000000000
-1789.0000000000
-1576.0000000000
-1350.0000000000
-652.0000000000
-210.0000000000
-29.0000000000
232.0000000000
181.0000000000
-176.0000000000
-694.0000000000
-907.0000000000
-782.0000000000
-712.0000000000
-657.0000000000
-326.0000000000
85.0000000000
186.0000000000
228.0000000000
275.0000000000
0.0000000000
-439.0000000000
-768.0000000000
-592.0000000000
-217.0000000000
96.0000000000
686.0000000000
858.0000000000
512.0000000000
76.0000000000
-141.0000000000
-155.0000000000
-337.0000000000
-344.0000000000
-126.0000000000
189.0000000000
479.0000000000
447.0000000000
51.0000000000
-649.0000000000
-994.0000000000
-433.0000000000
436.0000000000
703.0000000000
179.0000000000
-380.0000000000
-523.0000000000
-228.0000000000
-163.0000000000
-596.0000000000
-823.0000000000
-785.0000000000
-677.0000000000
-596.0000000000
-626.0000000000
-508.0000000000
-72.0000000000
535.0000000000
938.0000000000
727.0000000000
152.0000000000
-521.0000000000
-798.0000000000
-499.0000000000
33.0000000000
192.0000000000
293.0000000000
901.0000000000
1729.0000000000
2038.0000000000
941.0000000000
-802.0000000000
-2045.0000000000
-1850.0000000000
-623.0000000000
294.0000000000
893.0000000000
1228.0000000000
1454.0000000000
1544.0000000000
1099.0000000000
21.0000000000
-901.0000000000
-1054.0000000000
-509.0000000000
-38.0000000000
262.0000000000
616.0000000000
629.0000000000
-38.0000000000
-872.0000000000
-1346.0000000000
-1688.0000000000
-1690.0000000000
-845.0000000000
359.0000000000
1115.0000000000
1094.0000000000
730.0000000000
381.0000000000
-47.0000000000
-377.0000000000
-381.0000000000
-332.0000000000
-231.0000000000
292.0000000000
999.0000000000
1432.0000000000
1240.0000000000
687.0000000000
502.0000000000
914.0000000000
1660.0000000000
2126.0000000000
1951.0000000000
1085.0000000000
-10.0000000000
-680.0000000000
-490.0000000000
106.0000000000
450.0000000000
303.0000000000
-213.0000000000
-158.0000000000
660.0000000000
1489.0000000000
1626.0000000000
792.0000000000
-478.0000000000
-1760.0000000000
-1883.0000000000
-495.0000000000
969.0000000000
1381.0000000000
-100.0000000000
-2478.0000000000
-3552.0000000000
-2645.0000000000
-564.0000000000
1184.0000000000
1281.0000000000
86.0000000000
-879.0000000000
-616.0000000000
522.0000000000
1401.0000000000
1611.0000000000
1102.0000000000
148.0000000000
-839.0000000000
-1312.0000000000
-1023.0000000000
-398.0000000000
122.0000000000
290.0000000000
21.0000000000
-761.0000000000
-1333.0000000000
-1016.0000000000
-572.0000000000
-328.0000000000
-14.0000000000
186.0000000000
435.0000000000
476.0000000000
162.0000000000
-87.0000000000
-447.0000000000
-992.0000000000
-1173.0000000000
-1049.0000000000
-937.0000000000
-570.0000000000
154.0000000000
997.0000000000
1164.0000000000
663.0000000000
-69.0000000000
-825.0000000000
-1041.0000000000
-548.0000000000
-18.0000000000
203.0000000000
492.0000000000
926.0000000000
1053.0000000000
1073.0000000000
1431.0000000000
1769.0000000000
1429.0000000000
578.0000000000
-77.0000000000
-640.0000000000
-652.0000000000
-226.0000000000
270.0000000000
705.0000000000
298.0000000000
-515.0000000000
-1444.0000000000
-1620.0000000000
-839.0000000000
-13.0000000000
495.0000000000
365.0000000000
40.0000000000
-171.0000000000
-567.0000000000
-627.0000000000
23.0000000000
777.0000000000
1275.0000000000
1290.0000000000
675.0000000000
-169.0000000000
-873.0000000000
-1153.0000000000
-761.0000000000
-18.0000000000
558.0000000000
669.0000000000
363.0000000000
468.0000000000
796.0000000000
706.0000000000
-71.0000000000
-1125.0000000000
-1380.0000000000
-751.0000000000
-219.0000000000
-178.0000000000
-411.0000000000
-605.0000000000
-695.0000000000
-586.0000000000
-33.0000000000
666.0000000000
680.0000000000
-301.0000000000
-989.0000000000
-445.0000000000
569.0000000000
1315.0000000000
1363.0000000000
675.0000000000
153.0000000000
19.0000000000
338.0000000000
860.0000000000
1290.0000000000
1299.0000000000
869.0000000000
32.0000000000
-934.0000000000
-1432.0000000000
-1469.0000000000
-1296.0000000000
-771.0000000000
-75.0000000000
361.0000000000
189.0000000000
-493.0000000000
-866.0000000000
-467.0000000000
-16.0000000000
190.0000000000
46.0000000000
-198.0000000000
134.0000000000
-178.0000000000
-658.0000000000
-546.0000000000
-52.0000000000
785.0000000000
1289.0000000000
1405.0000000000
888.0000000000
-213.0000000000
-786.0000000000
-579.0000000000
139.0000000000
691.0000000000
508.0000000000
148.0000000000
-53.0000000000
278.0000000000
911.0000000000
1122.0000000000
515.0000000000
-502.0000000000
-1087.0000000000
-748.0000000000
-98.0000000000
184.0000000000
12.0000000000
-205.0000000000
40.0000000000
384.0000000000
528.0000000000
824.0000000000
1053.0000000000
641.0000000000
-220.0000000000
-744.0000000000
-747.0000000000
-263.0000000000
349.0000000000
772.0000000000
891.0000000000
316.0000000000
-112.0000000000
26.0000000000
5.0000000000
-264.0000000000
-615.0000000000
-704.0000000000
-375.0000000000
380.0000000000
753.0000000000
586.0000000000
-29.0000000000
-735.0000000000
-936.0000000000
-663.0000000000
-321.0000000000
-194.0000000000
-313.0000000000
-476.0000000000
-745.0000000000
-1185.0000000000
-1634.0000000000
-2064.0000000000
-1796.0000000000
-737.0000000000
162.0000000000
638.0000000000
677.0000000000
62.0000000000
-757.0000000000
-1306.0000000000
-1287.0000000000
-539.0000000000
237.0000000000
673.0000000000
658.0000000000
85.0000000000
-240.0000000000
66.0000000000
611.0000000000
717.0000000000
344.0000000000
-31.0000000000
-67.0000000000
13.0000000000
-570.0000000000
-1338.0000000000
-1356.0000000000
-612.0000000000
702.0000000000
1626.0000000000
1353.0000000000
513.0000000000
-291.0000000000
-853.0000000000
-903.0000000000
-593.0000000000
-78.0000000000
577.0000000000
1186.0000000000
1695.0000000000
1895.0000000000
1527.0000000000
1105.0000000000
817.0000000000
586.0000000000
495.0000000000
550.0000000000
688.0000000000
1062.0000000000
1946.0000000000
2791.0000000000
2755.0000000000
2162.0000000000
1187.0000000000
347.0000000000
-36.0000000000
-189.0000000000
-136.0000000000
130.0000000000
380.0000000000
436.0000000000
249.0000000000
-83.0000000000
-382.0000000000
-362.0000000000
-440.0000000000
-984.0000000000
-1759.0000000000
-2038.0000000000
-1001.0000000000
901.0000000000
1887.0000000000
1157.0000000000
-582.0000000000
-1845.0000000000
-2103.0000000000
-1994.0000000000
-1527.0000000000
-1001.0000000000
-1057.0000000000
-1685.0000000000
-1961.0000000000
-963.0000000000
628.0000000000
1619.0000000000
1530.0000000000
691.0000000000
-217.0000000000
-1189.0000000000
-1950.0000000000
-2322.0000000000
-2084.0000000000
-1052.0000000000
-221.0000000000
-239.0000000000
-395.0000000000
-329.0000000000
-355.0000000000
-244.0000000000
149.0000000000
859.0000000000
1228.0000000000
670.0000000000
-319.0000000000
-843.0000000000
-603.0000000000
21.0000000000
523.0000000000
607.0000000000
203.0000000000
-77.0000000000
19.0000000000
-113.0000000000
-603.0000000000
-1168.0000000000
-1062.0000000000
-26.0000000000
785.0000000000
1014.0000000000
904.0000000000
252.0000000000
-294.0000000000
-154.0000000000
394.0000000000
687.0000000000
725.0000000000
936.0000000000
590.0000000000
-219.0000000000
-718.0000000000
-404.0000000000
400.0000000000
650.0000000000
392.0000000000
398.0000000000
881.0000000000
1350.0000000000
1197.0000000000
358.0000000000
-368.0000000000
-583.0000000000
-769.0000000000
-940.0000000000
-874.0000000000
-468.0000000000
303.0000000000
918.0000000000
982.0000000000
611.0000000000
317.0000000000
613.0000000000
1229.0000000000
1198.0000000000
390.0000000000
-345.0000000000
-423.0000000000
139.0000000000
385.0000000000
-34.0000000000
-482.0000000000
-532.0000000000
-165.0000000000
497.0000000000
1187.0000000000
1474.0000000000
1265.0000000000
950.0000000000
642.0000000000
347.0000000000
-205.0000000000
-832.0000000000
-968.0000000000
-511.0000000000
424.0000000000
1135.0000000000
1262.0000000000
831.0000000000
-127.0000000000
-698.0000000000
-812.0000000000
-679.0000000000
-307.0000000000
-456.0000000000
-893.0000000000
-1249.0000000000
-1278.0000000000
-584.0000000000
-9.0000000000
16.0000000000
-364.0000000000
-1194.0000000000
-1628.0000000000
-948.0000000000
176.0000000000
671.0000000000
571.0000000000
275.0000000000
353.0000000000
739.0000000000
882.0000000000
1067.0000000000
1056.0000000000
728.0000000000
-141.0000000000
-834.0000000000
-1065.0000000000
-719.0000000000
271.0000000000
808.0000000000
629.0000000000
93.0000000000
-318.0000000000
-149.0000000000
-58.0000000000
-405.0000000000
-633.0000000000
-646.0000000000
-245.0000000000
434.0000000000
733.0000000000
396.0000000000
32.0000000000
82.0000000000
181.0000000000
133.0000000000
185.0000000000
329.0000000000
430.0000000000
390.0000000000
124.0000000000
-1887.0000000000
-1358.0000000000
-1123.0000000000
-1211.0000000000
-1287.0000000000
-1034.0000000000
-142.0000000000
635.0000000000
899.0000000000
1138.0000000000
1366.0000000000
1286.0000000000
744.0000000000
123.0000000000
-270.0000000000
-333.0000000000
-208.0000000000
-164.0000000000
-107.0000000000
343.0000000000
1123.0000000000
1688.0000000000
1489.0000000000
731.0000000000
-359.0000000000
-1618.0000000000
-2680.0000000000
-2814.0000000000
-2048.0000000000
-1240.0000000000
-891.0000000000
-573.0000000000
298.0000000000
1618.0000000000
2491.0000000000
2416.0000000000
1974.0000000000
1504.0000000000
1041.0000000000
779.0000000000
818.0000000000
897.0000000000
1063.0000000000
1176.0000000000
1139.0000000000
777.0000000000
94.0000000000
-538.0000000000
-758.0000000000
-559.0000000000
-488.0000000000
-958.0000000000
-1701.0000000000
-2268.0000000000
-2735.0000000000
-3109.0000000000
-3303.0000000000
-2977.0000000000
-2147.0000000000
-1209.0000000000
-384.0000000000
-80.0000000000
30.0000000000
238.0000000000
594.0000000000
1081.0000000000
1574.0000000000
1789.0000000000
1805.0000000000
1659.0000000000
1235.0000000000
807.0000000000
583.0000000000
470.0000000000
264.0000000000
14.0000000000
112.0000000000
482.0000000000
892.0000000000
1119.0000000000
955.0000000000
594.0000000000
299.0000000000
566.0000000000
1193.0000000000
1617.0000000000
1664.0000000000
1283.0000000000
743.0000000000
280.0000000000
-21.0000000000
-403.0000000000
-956.0000000000
-1455.0000000000
-1715.0000000000
-1720.0000000000
-1442.0000000000
-981.0000000000
-617.0000000000
-303.0000000000
-33.0000000000
148.0000000000
477.0000000000
1002.0000000000
1292.0000000000
995.0000000000
532.0000000000
352.0000000000
296.0000000000
313.0000000000
539.0000000000
899.0000000000
1425.0000000000
1647.0000000000
1371.0000000000
1085.0000000000
1275.0000000000
1687.0000000000
1826.0000000000
1764.0000000000
1670.0000000000
1289.0000000000
599.0000000000
-154.0000000000
-1050.0000000000
-1841.0000000000
-2081.0000000000
-1916.0000000000
-1620.0000000000
-1301.0000000000
-1219.0000000000
-1537.0000000000
-1989.0000000000
-2229.0000000000
-1882.0000000000
-1102.0000000000
-208.0000000000
501.0000000000
769.0000000000
605.0000000000
430.0000000000
523.0000000000
782.0000000000
922.0000000000
779.0000000000
449.0000000000
8.0000000000
-673.0000000000
-1199.0000000000
-1278.0000000000
-1398.0000000000
-1618.0000000000
-1717.0000000000
-1547.0000000000
-1141.0000000000
-526.0000000000
148.0000000000
882.0000000000
1538.0000000000
1884.0000000000
2286.0000000000
2869.0000000000
3714.0000000000
4568.0000000000
4741.0000000000
4194.0000000000
2795.0000000000
615.0000000000
-1552.0000000000
-3244.0000000000
-4543.0000000000
-5367.0000000000
-5484.0000000000
-5033.0000000000
-4190.0000000000
-3560.0000000000
-3498.0000000000
-3783.0000000000
-4154.0000000000
-4206.0000000000
-4077.0000000000
-4106.0000000000
-3826.0000000000
-3033.0000000000
-1655.0000000000
-340.0000000000
651.0000000000
1560.0000000000
2435.0000000000
3398.0000000000
4249.0000000000
4833.0000000000
4934.0000000000
4420.0000000000
3641.0000000000
2924.0000000000
2413.0000000000
2045.0000000000
1831.0000000000
1720.0000000000
1470.0000000000
1291.0000000000
1147.0000000000
1077.0000000000
940.0000000000
475.0000000000
-41.0000000000
-266.0000000000
-430.0000000000
-794.0000000000
-1160.0000000000
-1495.0000000000
-1901.0000000000
-2039.0000000000
-1559.0000000000
-595.0000000000
329.0000000000
968.0000000000
1271.0000000000
1419.0000000000
1603.0000000000
1818.0000000000
1896.0000000000
1923.0000000000
1972.0000000000
2085.0000000000
1865.0000000000
1503.0000000000
1311.0000000000
1187.0000000000
963.0000000000
628.0000000000
182.0000000000
-253.0000000000
-178.0000000000
326.0000000000
593.0000000000
380.0000000000
-165.0000000000
-661.0000000000
-741.0000000000
-578.0000000000
-760.0000000000
-1628.0000000000
-2522.0000000000
-3230.0000000000
-3564.0000000000
-3245.0000000000
-2440.0000000000
-1286.0000000000
-205.0000000000
556.0000000000
942.0000000000
1060.0000000000
1102.0000000000
1159.0000000000
1166.0000000000
1078.0000000000
1098.0000000000
899.0000000000
446.0000000000
190.0000000000
292.0000000000
383.0000000000
91.0000000000
-223.0000000000
-547.0000000000
-1032.0000000000
-1573.0000000000
-2068.0000000000
-2501.0000000000
-2918.0000000000
-3322.0000000000
-3725.0000000000
-3824.0000000000
-3469.0000000000
-3013.0000000000
-2581.0000000000
-2311.0000000000
-1993.0000000000
-1266.0000000000
-381.0000000000
420.0000000000
973.0000000000
1405.0000000000
1802.0000000000
2148.0000000000
2552.0000000000
2947.0000000000
3139.0000000000
3021.0000000000
2742.0000000000
2620.0000000000
2904.0000000000
3553.0000000000
4175.0000000000
4386.0000000000
4229.0000000000
3339.0000000000
1734.0000000000
54.0000000000
-1334.0000000000
-2594.0000000000
-3796.0000000000
-4438.0000000000
-4635.0000000000
-4549.0000000000
-4415.0000000000
-4384.0000000000
-3891.0000000000
-2659.0000000000
-1024.0000000000
415.0000000000
1504.0000000000
2276.0000000000
2554.0000000000
2498.0000000000
2146.0000000000
1530.0000000000
969.0000000000
757.0000000000
913.0000000000
1259.0000000000
1681.0000000000
2235.0000000000
2877.0000000000
3404.0000000000
3191.0000000000
2377.0000000000
1804.0000000000
1518.0000000000
1164.0000000000
472.0000000000
-261.0000000000
-427.0000000000
-212.0000000000
-133.0000000000
-533.0000000000
-1076.0000000000
-1423.0000000000
-1735.0000000000
-2356.0000000000
-3106.0000000000
-3930.0000000000
-4541.0000000000
-4272.0000000000
-3420.0000000000
-2283.0000000000
-946.0000000000
170.0000000000
924.0000000000
1617.0000000000
2426.0000000000
3026.0000000000
2868.0000000000
2366.0000000000
1927.0000000000
1562.0000000000
1186.0000000000
630.0000000000
0.0000000000
-888.0000000000
-1761.0000000000
-2445.0000000000
-3048.0000000000
-3608.0000000000
-3704.0000000000
-3233.0000000000
-2689.0000000000
-2357.0000000000
-2270.0000000000
-2264.0000000000
-2073.0000000000
-1671.0000000000
-1205.0000000000
-936.0000000000
-897.0000000000
-733.0000000000
-159.0000000000
591.0000000000
1505.0000000000
2747.0000000000
3823.0000000000
4341.0000000000
4575.0000000000
4589.0000000000
4180.0000000000
3384.0000000000
2347.0000000000
1421.0000000000
828.0000000000
833.0000000000
1329.0000000000
1990.0000000000
2482.0000000000
2873.0000000000
2986.0000000000
2522.0000000000
1710.0000000000
889.0000000000
-176.0000000000
-1676.0000000000
-3370.0000000000
-4908.0000000000
-6084.0000000000
-6688.0000000000
-6751.0000000000
-6428.0000000000
-5646.0000000000
-4660.0000000000
-3813.0000000000
-2982.0000000000
-1767.0000000000
-124.0000000000
1999.0000000000
4132.0000000000
5746.0000000000
6815.0000000000
7178.0000000000
6982.0000000000
6610.0000000000
6185.0000000000
5383.0000000000
4367.0000000000
3525.0000000000
2823.0000000000
1990.0000000000
761.0000000000
-437.0000000000
-1470.0000000000
-2513.0000000000
-3264.0000000000
-3488.0000000000
-3475.0000000000
-3414.0000000000
-3703.0000000000
-4064.0000000000
-3946.0000000000
-3208.0000000000
-2089.0000000000
-931.0000000000
268.0000000000
1248.0000000000
2248.0000000000
3162.0000000000
3552.0000000000
3176.0000000000
1938.0000000000
457.0000000000
-536.0000000000
-1020.0000000000
-1279.0000000000
-1721.0000000000
-2093.0000000000
-2151.0000000000
-1881.0000000000
-1543.0000000000
-1316.0000000000
-1128.0000000000
-968.0000000000
-826.0000000000
-352.0000000000
182.0000000000
587.0000000000
979.0000000000
1033.0000000000
496.0000000000
-96.0000000000
-714.0000000000
-1291.0000000000
-1816.0000000000
-2058.0000000000
-1782.0000000000
-1407.0000000000
-1055.0000000000
-810.0000000000
-768.0000000000
-638.0000000000
-313.0000000000
101.0000000000
598.0000000000
1055.0000000000
1534.0000000000
1763.0000000000
1567.0000000000
1424.0000000000
1499.0000000000
1653.0000000000
1590.0000000000
1320.0000000000
976.0000000000
835.0000000000
767.0000000000
603.0000000000
309.0000000000
-45.0000000000
-72.0000000000
224.0000000000
742.0000000000
994.0000000000
922.0000000000
548.0000000000
-196.0000000000
-911.0000000000
-1204.0000000000
-1035.0000000000
-763.0000000000
-876.0000000000
-1398.0000000000
-1910.0000000000
-2292.0000000000
-2536.0000000000
-2770.0000000000
-3040.0000000000
-3341.0000000000
-3474.0000000000
-3277.0000000000
-2923.0000000000
-2089.0000000000
-742.0000000000
639.0000000000
1766.0000000000
2531.0000000000
3104.0000000000
3535.0000000000
3832.0000000000
3890.0000000000
3531.0000000000
2622.0000000000
1373.0000000000
443.0000000000
249.0000000000
606.0000000000
1020.0000000000
1203.0000000000
1185.0000000000
1411.0000000000
1878.0000000000
2287.0000000000
2478.0000000000
2352.0000000000
1811.0000000000
790.0000000000
-337.0000000000
-1021.0000000000
-1175.0000000000
-1259.0000000000
-1617.0000000000
-2370.0000000000
-3260.0000000000
-3918.0000000000
-4486.0000000000
-4704.0000000000
-4542.0000000000
-4264.0000000000
-3929.0000000000
-3655.0000000000
-3031.0000000000
-1760.0000000000
-245.0000000000
1292.0000000000
2585.0000000000
3858.0000000000
5061.0000000000
5904.0000000000
6256.0000000000
6374.0000000000
6124.0000000000
5370.0000000000
4424.0000000000
3654.0000000000
3101.0000000000
2565.0000000000
1987.0000000000
1167.0000000000
200.0000000000
-650.0000000000
-1102.0000000000
-1264.0000000000
-1443.0000000000
-1658.0000000000
-2117.0000000000
-2613.0000000000
-2802.0000000000
-2789.0000000000
-3051.0000000000
-3792.0000000000
-4287.0000000000
-4218.0000000000
-3524.0000000000
-2298.0000000000
-1071.0000000000
-213.0000000000
272.0000000000
572.0000000000
548.0000000000
321.0000000000
149.0000000000
-117.0000000000
-776.0000000000
-1861.0000000000
-2960.0000000000
-3349.0000000000
-2654.0000000000
-1206.0000000000
500.0000000000
2177.0000000000
3602.0000000000
4573.0000000000
5072.0000000000
5078.0000000000
4912.0000000000
4711.0000000000
4158.0000000000
2947.0000000000
1363.0000000000
-139.0000000000
-1336.0000000000
-1979.0000000000
-2356.0000000000
-2869.0000000000
-3128.0000000000
-2952.0000000000
-2342.0000000000
-1815.0000000000
-1654.0000000000
-1514.0000000000
-1385.0000000000
-1232.0000000000
-832.0000000000
-235.0000000000
-238.0000000000
-1047.0000000000
-2064.0000000000
-2929.0000000000
-3463.0000000000
-3704.0000000000
-3602.0000000000
-3004.0000000000
-2006.0000000000
-944.0000000000
116.0000000000
1319.0000000000
2773.0000000000
4070.0000000000
4767.0000000000
4843.0000000000
4400.0000000000
3703.0000000000
3113.0000000000
2570.0000000000
1688.0000000000
511.0000000000
-627.0000000000
-1414.0000000000
-1711.0000000000
-1649.0000000000
-1197.0000000000
-716.0000000000
-590.0000000000
-358.0000000000
337.0000000000
1157.0000000000
1631.0000000000
1864.0000000000
1965.0000000000
1976.0000000000
1934.0000000000
1745.0000000000
1350.0000000000
941.0000000000
799.0000000000
675.0000000000
462.0000000000
309.0000000000
-9.0000000000
-324.0000000000
-573.0000000000
-750.0000000000
-805.0000000000
-762.0000000000
-511.0000000000
-402.0000000000
-686.0000000000
-1255.0000000000
-1739.0000000000
-2022.0000000000
-2173.0000000000
-2034.0000000000
-1768.0000000000
-1421.0000000000
-1192.0000000000
-1146.0000000000
-1042.0000000000
-389.0000000000
760.0000000000
1589.0000000000
1592.0000000000
821.0000000000
-210.0000000000
-952.0000000000
-1207.0000000000
-1060.0000000000
-790.0000000000
-567.0000000000
-267.0000000000
181.0000000000
655.0000000000
854.0000000000
463.0000000000
-199.0000000000
-394.0000000000
-41.0000000000
496.0000000000
817.0000000000
770.0000000000
696.0000000000
840.0000000000
946.0000000000
341.0000000000
-1109.0000000000
-2713.0000000000
-3786.0000000000
-4055.0000000000
-3779.0000000000
-3393.0000000000
-3072.0000000000
-2462.0000000000
-1155.0000000000
543.0000000000
2033.0000000000
3081.0000000000
3645.0000000000
3990.0000000000
4487.0000000000
5039.0000000000
5290.0000000000
5237.0000000000
4694.0000000000
3550.0000000000
2350.0000000000
1398.0000000000
445.0000000000
-739.0000000000
-2006.0000000000
-2778.0000000000
-2451.0000000000
-1518.0000000000
-644.0000000000
67.0000000000
563.0000000000
750.0000000000
727.0000000000
429.0000000000
-221.0000000000
-872.0000000000
-1438.0000000000
-1961.0000000000
-2292.0000000000
-2254.0000000000
-1817.0000000000
-985.0000000000
164.0000000000
1234.0000000000
1941.0000000000
2206.0000000000
2165.0000000000
1878.0000000000
1376.0000000000
649.0000000000
-110.0000000000
-931.0000000000
-1501.0000000000
-1508.0000000000
-1407.0000000000
-1267.0000000000
-891.0000000000
-421.0000000000
74.0000000000
506.0000000000
549.0000000000
-169.0000000000
-1207.0000000000
-1920.0000000000
-2102.0000000000
-2086.0000000000
-2309.0000000000
-2544.0000000000
-2510.0000000000
-2590.0000000000
-3065.0000000000
-3506.0000000000
-3348.0000000000
-2449.0000000000
-1194.0000000000
198.0000000000
1526.0000000000
2331.0000000000
2644.0000000000
2938.0000000000
3387.0000000000
3688.0000000000
3722.0000000000
3597.0000000000
3271.0000000000
2872.0000000000
2506.0000000000
2094.0000000000
1640.0000000000
824.0000000000
-213.0000000000
-1158.0000000000
-1793.0000000000
-2277.0000000000
-2631.0000000000
-2356.0000000000
-1540.0000000000
-455.0000000000
758.0000000000
1699.0000000000
2260.0000000000
2525.0000000000
2419.0000000000
1935.0000000000
815.0000000000
-558.0000000000
-1556.0000000000
-2202.0000000000
-2595.0000000000
-2615.0000000000
-2359.0000000000
-1934.0000000000
-1253.0000000000
-466.0000000000
297.0000000000
862.0000000000
1264.0000000000
1730.0000000000
2365.0000000000
2963.0000000000
3373.0000000000
3460.0000000000
3272.0000000000
3045.0000000000
2584.0000000000
1510.0000000000
6.0000000000
-1456.0000000000
-2611.0000000000
-3635.0000000000
-4553.0000000000
-5121.0000000000
-5228.0000000000
-4913.0000000000
-4105.0000000000
-2896.0000000000
-1449.0000000000
-94.0000000000
885.0000000000
1378.0000000000
1695.0000000000
1917.0000000000
2241.0000000000
2662.0000000000
2837.0000000000
2469.0000000000
1587.0000000000
422.0000000000
-608.0000000000
-1435.0000000000
-1928.0000000000
-1865.0000000000
-1226.0000000000
-425.0000000000
125.0000000000
552.0000000000
1003.0000000000
1489.0000000000
1865.0000000000
1866.0000000000
1262.0000000000
164.0000000000
-957.0000000000
-2010.0000000000
-2896.0000000000
-3428.0000000000
-3633.0000000000
-3617.0000000000
-3819.0000000000
-4132.0000000000
-3845.0000000000
-3041.0000000000
-2053.0000000000
-1230.0000000000
-478.0000000000
663.0000000000
2098.0000000000
3520.0000000000
4644.0000000000
5183.0000000000
5227.0000000000
5113.0000000000
5066.0000000000
4935.0000000000
4650.0000000000
4163.0000000000
3341.0000000000
2192.0000000000
575.0000000000
-1170.0000000000
-2813.0000000000
-3949.0000000000
-4034.0000000000
-3109.0000000000
-1843.0000000000
-1093.0000000000
-658.0000000000
-18.0000000000
576.0000000000
756.0000000000
431.0000000000
-240.0000000000
-1093.0000000000
-2100.0000000000
-2931.0000000000
-3380.0000000000
-3595.0000000000
-3672.0000000000
-3404.0000000000
-2482.0000000000
-888.0000000000
1021.0000000000
2931.0000000000
4501.0000000000
5357.0000000000
5615.0000000000
5519.0000000000
5102.0000000000
4431.0000000000
3605.0000000000
2658.0000000000
1679.0000000000
933.0000000000
435.0000000000
-38.0000000000
-354.0000000000
-548.0000000000
-559.0000000000
-495.0000000000
-385.0000000000
-265.0000000000
-352.0000000000
-731.0000000000
-1054.0000000000
-1160.0000000000
-1261.0000000000
-1458.0000000000
-1628.0000000000
-1925.0000000000
-2343.0000000000
-2509.0000000000
-2375.0000000000
-2080.0000000000
-1848.0000000000
-1648.0000000000
-1461.0000000000
-1117.0000000000
-899.0000000000
-927.0000000000
-902.0000000000
-721.0000000000
-417.0000000000
176.0000000000
891.0000000000
1351.0000000000
1338.0000000000
1249.0000000000
1067.0000000000
525.0000000000
-330.0000000000
-1381.0000000000
-2456.0000000000
-3318.0000000000
-3734.0000000000
-3648.0000000000
-3035.0000000000
-2144.0000000000
-1371.0000000000
-575.0000000000
384.0000000000
1451.0000000000
2452.0000000000
2904.0000000000
2911.0000000000
3036.0000000000
3223.0000000000
3326.0000000000
3162.0000000000
2748.0000000000
2046.0000000000
1294.0000000000
593.0000000000
-54.0000000000
-418.0000000000
-554.0000000000
-1049.0000000000
-2301.0000000000
-3797.0000000000
-4646.0000000000
-4487.0000000000
-3528.0000000000
-2182.0000000000
-858.0000000000
130.0000000000
473.0000000000
405.0000000000
409.0000000000
433.0000000000
333.0000000000
77.0000000000
8.0000000000
264.0000000000
628.0000000000
1069.0000000000
