135.5000000000
227.5600000000
553.2500000000
522.9000000000
388.1000000000
362.6700000000
251.4800000000
214.9400000000
405.1200000000
158.1900000000
478.4700000000
481.8900000000
645.0000000000
573.2500000000
600.2800000000
556.0100000000
517.6800000000
481.1300000000
181.1700000000
187.3200000000
513.6600000000
421.7100000000
248.0100000000
262.5800000000
579.3800000000
686.4200000000
386.0900000000
566.7800000000
881.0700000000
870.0600000000
538.3800000000
438.7000000000
992.2200000000
808.0200000000
924.5800000000
737.4600000000
711.3800000000
449.7700000000
708.4900000000
441.9200000000
539.5500000000
460.0500000000
749.0700000000
450.4600000000
825.9000000000
577.0600000000
584.8000000000
477.3700000000
545.6100000000
613.1100000000
632.0500000000
725.3800000000
368.4800000000
420.2900000000
383.1700000000
472.7500000000
570.7200000000
578.0700000000
380.0300000000
255.9000000000
332.6900000000
361.1700000000
306.2000000000
304.4600000000
354.8700000000
245.5100000000
549.5900000000
406.8400000000
749.7100000000
321.7700000000
267.4000000000
401.1800000000
1136.8000000000
1149.2000000000
925.5000000000
1111.7000000000
1031.0000000000
452.4800000000
412.6200000000
469.2300000000
392.2400000000
622.3200000000
402.3000000000
431.6700000000
529.2500000000
469.1600000000
632.0500000000
450.5200000000
420.0800000000
426.6200000000
363.9500000000
549.5000000000
715.1700000000
631.5600000000
659.6200000000
710.6100000000
687.8400000000
490.0100000000
712.3100000000
606.2500000000
642.2600000000
486.2700000000
652.5400000000
613.9300000000
776.0500000000
562.7200000000
965.8800000000
779.6600000000
619.5600000000
617.2600000000
522.8800000000
400.7500000000
390.6300000000
257.0600000000
480.1000000000
516.7600000000
715.5500000000
543.8700000000
815.4800000000
740.3800000000
615.5200000000
473.7400000000
566.9300000000
417.2200000000
441.0800000000
272.2400000000
716.4100000000
923.8700000000
1031.6000000000
405.2000000000
492.3800000000
675.7800000000
423.2600000000
417.1100000000
305.5600000000
402.2400000000
430.9400000000
313.1700000000
655.6200000000
377.1000000000
354.6000000000
288.7500000000
542.7100000000
588.3000000000
602.7500000000
534.7900000000
861.6300000000
774.5000000000
441.0400000000
610.0000000000
813.1100000000
710.1600000000
914.7600000000
678.9400000000
650.0900000000
594.6000000000
603.9300000000
384.7100000000
889.9500000000
1038.7000000000
567.1300000000
612.7100000000
399.7400000000
359.7300000000
526.6500000000
501.4100000000
658.5000000000
646.0500000000
634.1400000000
508.2200000000
542.7900000000
546.5300000000
938.3800000000
570.8300000000
532.0200000000
587.1900000000
768.6500000000
748.8300000000
690.2500000000
490.8900000000
634.0300000000
397.2500000000
594.6900000000
615.4100000000
621.9900000000
539.1400000000
450.3900000000
354.7900000000
320.0500000000
575.8100000000
515.8300000000
1078.7000000000
1010.7000000000
969.2600000000
665.9600000000
581.1900000000
1521.4000000000
851.9400000000
886.5500000000
1042.4000000000
932.9500000000
731.7200000000
500.9800000000
864.4700000000
796.9200000000
619.5900000000
962.5100000000
955.6100000000
422.4000000000
611.3300000000
1020.3000000000
540.1500000000
652.6900000000
1010.3000000000
747.7800000000
507.7700000000
577.2800000000
804.6000000000
914.7200000000
984.3000000000
791.7900000000
646.5400000000
486.5500000000
456.7800000000
688.7500000000
640.0500000000
1520.8000000000
1361.0000000000
1117.2000000000
766.8900000000
459.9800000000
379.2100000000
638.3300000000
596.9500000000
705.2300000000
724.6900000000
515.3400000000
359.3900000000
429.2200000000
424.2500000000
589.1000000000
625.5600000000
568.4200000000
385.8800000000
246.3900000000
407.6500000000
806.8400000000
680.3200000000
578.9100000000
755.9500000000
514.4800000000
474.2500000000
759.9700000000
577.4700000000
773.2500000000
766.2500000000
868.4100000000
924.0700000000
422.8500000000
404.4900000000
411.6900000000
428.0800000000
762.2500000000
623.5400000000
731.7200000000
644.5900000000
632.3300000000
729.6100000000
843.6800000000
837.9400000000
465.6600000000
508.2200000000
441.3600000000
427.1900000000
1055.7000000000
1357.3000000000
1517.5000000000
827.1100000000
513.7500000000
386.1100000000
369.8400000000
433.7300000000
694.5500000000
542.9000000000
448.3100000000
462.9700000000
855.4700000000
714.3100000000
878.4700000000
1084.0000000000
623.8400000000
622.9200000000
535.5900000000
538.7500000000
445.6800000000
458.5400000000
360.4900000000
343.3100000000
418.4400000000
400.9900000000
458.7500000000
531.3600000000
625.3700000000
623.0900000000
715.2900000000
709.6800000000
591.8100000000
476.1300000000
572.5900000000
549.1800000000
441.3600000000
434.1400000000
762.3100000000
720.0500000000
315.9400000000
359.0200000000
970.7400000000
774.3700000000
506.4600000000
510.1200000000
702.7500000000
652.0700000000
539.6100000000
565.7500000000
622.8700000000
390.5200000000
428.7600000000
437.3800000000
606.0400000000
572.3900000000
725.8900000000
845.2700000000
697.0400000000
573.7100000000
593.5300000000
608.6600000000
626.9600000000
510.5200000000
720.1800000000
691.2800000000
675.0100000000
688.3600000000
853.6400000000
588.4600000000
833.7500000000
713.4700000000
699.9000000000
688.3800000000
559.8400000000
446.4400000000
629.0400000000
556.4400000000
414.1500000000
611.3300000000
555.6100000000
542.9900000000
674.5300000000
740.4300000000
795.4000000000
654.8600000000
717.3200000000
511.5800000000
666.4500000000
806.4500000000
785.6200000000
587.2100000000
743.4400000000
724.5800000000
663.4000000000
611.0100000000
623.4500000000
868.3600000000
705.1100000000
589.3600000000
668.3200000000
607.2800000000
504.9800000000
466.7600000000
737.8000000000
774.1600000000
556.4200000000
327.0600000000
551.1100000000
499.1900000000
693.0400000000
596.9500000000
627.5600000000
554.3600000000
604.8800000000
640.7200000000
572.2900000000
575.3600000000
560.7400000000
561.7500000000
592.5200000000
398.5000000000
537.9100000000
514.4400000000
594.5000000000
602.7700000000
533.5900000000
532.7300000000
563.6700000000
660.2400000000
559.7300000000
611.0300000000
513.4200000000
396.9000000000
416.1700000000
433.5200000000
480.4500000000
687.5200000000
602.2100000000
570.2000000000
485.0300000000
565.4100000000
544.1000000000
608.9900000000
623.5400000000
438.0300000000
624.5300000000
591.2700000000
640.6500000000
678.3000000000
383.9400000000
410.3800000000
461.6400000000
248.1600000000
645.4200000000
611.6300000000
584.1300000000
556.5700000000
476.1100000000
307.0300000000
323.6400000000
517.9000000000
550.0200000000
354.6900000000
306.2500000000
399.9000000000
358.3800000000
467.3800000000
418.5700000000
803.8900000000
798.1900000000
392.0200000000
441.1100000000
689.3300000000
610.2300000000
610.3200000000
552.7900000000
441.1700000000
495.1900000000
953.6300000000
830.4600000000
566.1600000000
511.0000000000
432.1200000000
294.4200000000
288.0100000000
310.7200000000
432.4600000000
414.5800000000
325.9200000000
313.6600000000
393.0600000000
374.8700000000
377.2800000000
396.3200000000
655.7000000000
575.6600000000
562.1200000000
508.7400000000
390.2000000000
494.1800000000
414.1500000000
434.1400000000
401.8100000000
414.0600000000
365.5200000000
409.8700000000
476.1300000000
457.7200000000
547.6300000000
502.3500000000
445.3600000000
565.7700000000
466.7500000000
471.3100000000
446.8200000000
428.4600000000
453.9200000000
469.0300000000
472.4900000000
419.2200000000
508.3500000000
493.5600000000
448.8200000000
469.4000000000
434.3300000000
291.3000000000
321.3400000000
332.5600000000
392.4100000000
485.5800000000
356.5900000000
351.5200000000
387.8300000000
398.6700000000
330.1900000000
266.8600000000
347.3700000000
396.0000000000
331.2300000000
404.1900000000
646.1800000000
535.2500000000
513.6200000000
416.7000000000
379.6200000000
368.1000000000
393.5500000000
433.8200000000
398.0000000000
308.3100000000
366.7900000000
369.1900000000
582.0900000000
431.0900000000
449.3200000000
361.7100000000
410.3600000000
334.0200000000
459.0300000000
370.8100000000
272.7500000000
292.7200000000
499.4700000000
355.0200000000
409.4600000000
344.7100000000
309.9900000000
254.2800000000
369.0600000000
314.8900000000
328.9300000000
341.9800000000
197.5300000000
340.2600000000
425.0900000000
489.2000000000
311.4300000000
280.7300000000
394.1100000000
399.7400000000
307.5100000000
308.0900000000
500.7400000000
367.5800000000
498.7600000000
611.9100000000
341.1400000000
395.5100000000
396.8400000000
323.5500000000
373.7300000000
425.3700000000
315.7000000000
649.5000000000
722.2500000000
455.4900000000
500.2500000000
494.3600000000
509.6600000000
698.6600000000
749.2800000000
440.4800000000
423.2400000000
369.5800000000
451.3400000000
595.2900000000
706.4400000000
795.6800000000
384.7600000000
369.6000000000
557.0200000000
508.3700000000
348.4300000000
337.6100000000
369.8600000000
413.7400000000
533.4800000000
448.7400000000
328.6200000000
333.8300000000
538.6900000000
546.2700000000
308.3100000000
302.8900000000
515.1200000000
564.7800000000
950.8100000000
539.1400000000
442.1800000000
418.1400000000
339.3700000000
337.0100000000
364.8500000000
371.7700000000
332.1500000000
321.6200000000
332.2800000000
452.9500000000
427.4800000000
346.2500000000
373.9600000000
363.4300000000
473.8700000000
492.4900000000
413.6500000000
445.9000000000
297.5400000000
264.6000000000
420.8500000000
448.5600000000
445.2700000000
491.5400000000
418.9200000000
392.6000000000
461.5900000000
484.5700000000
413.8900000000
353.5800000000
580.4800000000
363.3900000000
791.4000000000
865.3100000000
437.1100000000
378.8200000000
404.7500000000
244.3100000000
613.0300000000
486.1900000000
390.3900000000
665.9600000000
557.0500000000
477.6900000000
353.5400000000
470.3000000000
471.1600000000
385.4700000000
270.2400000000
721.2700000000
410.4500000000
555.9700000000
497.9900000000
316.4600000000
363.7300000000
429.9700000000
330.1700000000
429.8200000000
274.0000000000
553.4600000000
421.9300000000
430.1400000000
400.7300000000
564.4600000000
465.0300000000
413.8500000000
495.8000000000
479.4200000000
448.3700000000
365.3200000000
381.0000000000
497.9000000000
503.6000000000
495.6500000000
609.7400000000
