-0.0872000000
-0.1720000000
-0.2630000000
-0.1184000000
-0.2603000000
-0.0557000000
-0.1239000000
-0.1637000000
-0.1402000000
-0.0183000000
0.1260000000
-0.0017000000
0.0668000000
-0.1537000000
0.1277000000
-0.0557000000
-0.0190000000
0.0360000000
0.2084000000
0.0049000000
0.1748000000
-0.0668000000
0.2523000000
-0.0021000000
0.1924000000
-0.0512000000
-0.1049000000
0.1108000000
0.0931000000
-0.0754000000
-0.0855000000
0.0613000000
0.0142000000
-0.0391000000
0.0575000000
0.0921000000
-0.1094000000
-0.0132000000
0.1011000000
-0.1294000000
0.0350000000
-0.0097000000
0.0360000000
-0.0986000000
0.1121000000
-0.1097000000
0.0890000000
-0.0024000000
0.0519000000
-0.0537000000
-0.0142000000
-0.1502000000
-0.0388000000
-0.0865000000
0.0543000000
-0.1866000000
-0.0125000000
0.0848000000
0.1661000000
0.0623000000
0.0955000000
0.0156000000
-0.1689000000
-0.0201000000
0.0748000000
0.0575000000
0.0979000000
-0.0363000000
0.2662000000
-0.1239000000
0.1526000000
0.1461000000
-0.0474000000
0.0741000000
-0.1329000000
0.1052000000
-0.0228000000
0.1197000000
-0.0301000000
0.0260000000
0.0457000000
-0.0914000000
0.0287000000
-0.1249000000
-0.0983000000
0.0076000000
-0.3063000000
-0.0817000000
-0.0402000000
-0.2225000000
-0.1495000000
-0.1083000000
-0.0363000000
-0.0758000000
-0.3271000000
-0.0204000000
-0.0824000000
0.0118000000
-0.0329000000
-0.1135000000
0.1506000000
-0.0827000000
-0.0938000000
0.0796000000
-0.0256000000
0.0613000000
0.0374000000
0.1706000000
0.2101000000
0.1333000000
0.2970000000
0.1876000000
0.2662000000
0.0305000000
-0.0132000000
0.0370000000
-0.0654000000
0.3118000000
0.1422000000
0.0644000000
0.1104000000
0.0623000000
0.0855000000
-0.0218000000
0.0415000000
-0.0363000000
-0.0671000000
0.0509000000
0.0890000000
-0.0246000000
-0.1267000000
-0.0872000000
-0.0685000000
-0.0398000000
-0.1512000000
-0.0713000000
-0.0502000000
-0.3759000000
0.0228000000
-0.2066000000
-0.0820000000
-0.0827000000
-0.1595000000
-0.0066000000
-0.0979000000
0.0433000000
-0.0166000000
-0.0360000000
0.0305000000
-0.0709000000
-0.0654000000
0.0543000000
-0.1779000000
0.1405000000
0.0983000000
-0.0439000000
0.0633000000
0.1187000000
0.3167000000
0.1239000000
0.1194000000
0.0706000000
0.1083000000
0.1419000000
0.0841000000
0.0277000000
0.2360000000
0.0467000000
0.0235000000
0.0917000000
-0.0533000000
-0.0370000000
-0.1101000000
-0.1672000000
-0.0810000000
0.2191000000
0.0440000000
-0.0744000000
0.0447000000
-0.0315000000
0.0609000000
-0.0699000000
-0.1146000000
-0.1187000000
-0.0727000000
-0.2471000000
-0.1827000000
-0.0903000000
-0.0453000000
-0.0014000000
-0.3257000000
-0.1641000000
-0.2046000000
-0.0322000000
-0.2603000000
-0.0298000000
-0.1004000000
-0.1378000000
-0.0045000000
-0.2066000000
-0.0782000000
0.0730000000
-0.0682000000
0.0526000000
-0.0706000000
0.1326000000
-0.0592000000
-0.0502000000
0.1222000000
0.0017000000
0.1495000000
0.0090000000
0.2388000000
-0.0408000000
0.1025000000
0.0945000000
0.0301000000
-0.1014000000
0.0519000000
-0.1028000000
-0.0194000000
-0.0305000000
0.0678000000
0.0606000000
0.0464000000
0.1253000000
-0.0260000000
0.0585000000
0.0176000000
-0.1229000000
-0.0972000000
-0.0568000000
0.0834000000
0.0114000000
-0.2046000000
-0.0817000000
-0.3011000000
-0.1364000000
-0.1059000000
0.0049000000
-0.1374000000
-0.1249000000
-0.1108000000
0.0246000000
-0.2551000000
0.0076000000
0.0049000000
-0.0204000000
-0.1641000000
-0.0253000000
-0.0235000000
0.1222000000
0.0374000000
-0.0533000000
0.0841000000
0.0208000000
0.0086000000
0.0059000000
0.1031000000
0.2073000000
0.1710000000
0.1914000000
0.0723000000
0.2160000000
0.0709000000
0.0862000000
0.0619000000
0.0931000000
-0.0042000000
0.0644000000
0.1959000000
-0.0363000000
-0.0256000000
-0.1108000000
-0.0447000000
0.0218000000
0.2225000000
0.0291000000
-0.0730000000
0.0225000000
-0.1786000000
0.0097000000
-0.0806000000
-0.0176000000
-0.1350000000
-0.1405000000
0.0208000000
-0.0353000000
-0.1329000000
-0.0284000000
-0.0827000000
-0.0439000000
0.0644000000
-0.0865000000
0.1329000000
-0.1817000000
0.0619000000
0.1063000000
-0.0478000000
-0.1291000000
0.0810000000
-0.0931000000
0.1564000000
0.0422000000
0.0523000000
0.0485000000
-0.0308000000
-0.0080000000
0.1412000000
-0.0086000000
-0.0637000000
0.0713000000
0.0938000000
0.1512000000
0.0948000000
-0.0318000000
0.0979000000
0.1419000000
0.0990000000
0.0166000000
-0.1076000000
0.0298000000
-0.0273000000
0.1436000000
0.0042000000
-0.0408000000
-0.0561000000
0.0083000000
-0.1357000000
0.0135000000
0.0263000000
-0.0221000000
0.0086000000
-0.1274000000
0.0457000000
-0.1727000000
0.1495000000
0.0357000000
0.0651000000
-0.0474000000
0.0218000000
0.0557000000
0.0914000000
-0.0384000000
0.1654000000
0.1222000000
-0.0696000000
0.0706000000
0.1052000000
-0.0633000000
0.0540000000
0.1087000000
0.0464000000
0.0550000000
0.0623000000
-0.0090000000
-0.0003000000
-0.0709000000
0.0678000000
0.0021000000
0.1364000000
0.0955000000
0.0052000000
0.0187000000
-0.0997000000
0.1969000000
0.1059000000
0.0412000000
-0.0585000000
0.1810000000
-0.0775000000
0.0716000000
-0.0820000000
0.2128000000
-0.0090000000
0.0208000000
-0.0142000000
-0.1609000000
0.1779000000
-0.1426000000
0.0194000000
0.2021000000
0.2174000000
0.1211000000
0.1142000000
0.0675000000
0.1014000000
0.1173000000
0.0986000000
0.0357000000
0.1675000000
0.1395000000
0.2000000000
0.0076000000
-0.0315000000
0.0554000000
0.0582000000
0.0305000000
-0.0176000000
-0.0838000000
0.0014000000
0.0928000000
0.0537000000
0.0208000000
0.0287000000
-0.0976000000
-0.1613000000
0.0118000000
-0.0249000000
0.0966000000
0.0626000000
0.1551000000
-0.0066000000
0.0512000000
-0.0232000000
-0.0848000000
-0.0114000000
-0.0239000000
-0.1744000000
0.0543000000
0.0447000000
-0.1177000000
0.0145000000
-0.0180000000
-0.0754000000
-0.0384000000
0.1142000000
0.0744000000
0.2589000000
0.1994000000
0.1744000000
0.1571000000
0.1571000000
0.0221000000
0.1720000000
0.1755000000
0.1083000000
-0.0121000000
0.1159000000
0.1980000000
0.0720000000
0.0163000000
-0.0723000000
0.0398000000
0.0505000000
0.0073000000
-0.1031000000
0.0602000000
-0.0263000000
-0.1142000000
-0.0626000000
0.0021000000
-0.2610000000
-0.0924000000
-0.1104000000
-0.1568000000
-0.1741000000
-0.0332000000
0.0467000000
-0.1322000000
-0.1346000000
-0.0491000000
0.0128000000
-0.0329000000
0.0855000000
-0.0100000000
-0.0246000000
-0.0232000000
-0.0111000000
0.0481000000
-0.0512000000
0.0806000000
0.0336000000
-0.0962000000
0.1201000000
0.0716000000
0.0298000000
0.1139000000
0.1301000000
0.1945000000
0.1630000000
0.0370000000
0.0537000000
0.0132000000
0.0824000000
0.0602000000
0.0228000000
0.1090000000
0.1170000000
-0.0086000000
-0.0076000000
-0.1440000000
-0.1170000000
-0.0986000000
0.0083000000
-0.1263000000
-0.0917000000
-0.0872000000
-0.0408000000
-0.1928000000
-0.1672000000
-0.0270000000
-0.1111000000
-0.1786000000
-0.1935000000
-0.1184000000
-0.0388000000
-0.0633000000
0.1056000000
-0.1191000000
-0.0706000000
0.0855000000
-0.0696000000
-0.0076000000
-0.0599000000
-0.0163000000
0.1066000000
-0.0332000000
0.0225000000
-0.0931000000
-0.1367000000
0.1620000000
-0.0003000000
0.1045000000
0.1620000000
0.1481000000
0.1090000000
-0.0737000000
0.0318000000
0.1820000000
0.2239000000
0.2039000000
0.1059000000
-0.0512000000
0.1025000000
-0.0166000000
0.0287000000
-0.0332000000
-0.0426000000
0.0263000000
0.0149000000
-0.0350000000
-0.2149000000
-0.0955000000
-0.0969000000
-0.0176000000
-0.1737000000
0.0249000000
-0.1073000000
0.0447000000
-0.3011000000
-0.0107000000
-0.0384000000
-0.1021000000
-0.1069000000
-0.1824000000
-0.0716000000
0.0858000000
-0.0367000000
-0.0066000000
-0.0270000000
0.0979000000
0.0730000000
0.1063000000
0.1277000000
0.1101000000
0.1641000000
0.1353000000
0.1367000000
0.1696000000
0.0623000000
0.2312000000
0.2298000000
0.2873000000
0.0893000000
0.1360000000
0.1734000000
0.1232000000
0.1910000000
0.0876000000
0.1073000000
0.0149000000
-0.0609000000
-0.0696000000
0.0976000000
-0.0934000000
0.0941000000
-0.0336000000
0.0488000000
-0.1018000000
-0.0623000000
-0.2419000000
-0.1862000000
-0.1281000000
-0.0218000000
-0.1658000000
-0.1315000000
-0.0668000000
-0.0869000000
-0.1080000000
-0.0865000000
-0.0221000000
-0.0896000000
-0.0810000000
0.0419000000
-0.0422000000
0.1890000000
0.1398000000
-0.0744000000
0.2039000000
0.1249000000
-0.0180000000
0.1706000000
0.1080000000
0.3575000000
0.2329000000
0.1021000000
0.0890000000
0.1741000000
0.1301000000
0.1765000000
0.1523000000
0.1897000000
0.1502000000
0.2734000000
0.1277000000
0.1163000000
0.1329000000
-0.0239000000
-0.0066000000
-0.0201000000
0.0003000000
-0.0934000000
-0.0699000000
-0.1976000000
-0.2367000000
-0.0664000000
-0.0959000000
-0.1215000000
-0.1568000000
-0.0149000000
-0.1485000000
-0.1461000000
-0.0173000000
0.0900000000
-0.1419000000
-0.0156000000
-0.0010000000
-0.0305000000
-0.2357000000
-0.1187000000
-0.1910000000
-0.0779000000
-0.0509000000
0.0066000000
-0.0104000000
-0.0478000000
-0.0107000000
0.0516000000
0.0235000000
-0.0955000000
0.1284000000
-0.0651000000
0.0163000000
-0.0858000000
0.0443000000
-0.0654000000
-0.0107000000
-0.0201000000
-0.0180000000
-0.0249000000
0.0045000000
-0.0204000000
0.0391000000
-0.0194000000
0.0761000000
-0.0689000000
-0.0010000000
0.0346000000
0.0062000000
-0.0748000000
0.0564000000
0.0315000000
0.0800000000
-0.0048000000
-0.1153000000
-0.0613000000
-0.1416000000
-0.0017000000
0.0298000000
0.0291000000
0.0287000000
-0.0197000000
-0.0228000000
0.1346000000
0.3073000000
0.0090000000
0.1173000000
0.1184000000
-0.0097000000
0.0793000000
-0.0917000000
0.0924000000
-0.0055000000
-0.1651000000
-0.0647000000
0.0685000000
-0.0879000000
-0.0865000000
-0.1616000000
-0.1942000000
0.0052000000
-0.1094000000
-0.0118000000
-0.1419000000
-0.0775000000
-0.2385000000
-0.0277000000
-0.0983000000
-0.1540000000
-0.1699000000
-0.0664000000
0.0180000000
-0.0343000000
-0.1360000000
0.0062000000
0.0384000000
-0.1412000000
0.0035000000
-0.0405000000
0.0111000000
0.1855000000
0.0893000000
0.0886000000
0.0440000000
0.1049000000
0.1180000000
0.0986000000
0.0481000000
0.0955000000
0.2156000000
0.0564000000
0.0630000000
0.0301000000
0.0145000000
0.0619000000
-0.0090000000
0.0073000000
0.0644000000
0.0270000000
-0.0076000000
0.0491000000
-0.0384000000
-0.1014000000
0.0093000000
-0.2039000000
-0.2111000000
-0.1253000000
-0.2893000000
-0.2485000000
-0.1737000000
-0.2232000000
-0.1485000000
-0.2842000000
-0.1305000000
-0.1782000000
-0.2932000000
-0.1364000000
-0.1775000000
-0.1384000000
-0.0069000000
-0.1471000000
-0.0623000000
-0.1097000000
0.0305000000
-0.0786000000
-0.0100000000
0.0225000000
0.1339000000
0.2184000000
0.0928000000
0.0979000000
0.0973000000
0.1910000000
0.2364000000
0.0228000000
0.1170000000
0.3852000000
0.1987000000
-0.0118000000
0.1045000000
0.1689000000
0.0543000000
-0.0201000000
0.0831000000
0.0806000000
0.1319000000
0.1495000000
-0.1025000000
0.0561000000
0.0644000000
-0.0495000000
-0.0827000000
-0.0640000000
-0.0765000000
-0.0561000000
-0.0685000000
-0.0751000000
-0.1789000000
-0.1537000000
-0.1066000000
-0.1623000000
-0.1696000000
-0.1616000000
-0.1236000000
0.0090000000
-0.0533000000
-0.1748000000
-0.0834000000
-0.1063000000
0.0533000000
-0.0800000000
-0.1139000000
0.0564000000
-0.0491000000
-0.0294000000
0.0003000000
0.1326000000
0.0298000000
0.0156000000
0.2115000000
-0.0176000000
0.0619000000
0.2063000000
0.1935000000
0.1876000000
0.2239000000
0.0350000000
0.1031000000
0.2201000000
0.2845000000
0.2599000000
0.1277000000
0.0530000000
0.2253000000
0.1630000000
0.1173000000
0.2561000000
0.0277000000
0.0800000000
0.0813000000
0.0152000000
0.0194000000
0.1409000000
-0.1367000000
-0.1467000000
-0.0616000000
-0.1523000000
0.0429000000
0.0142000000
0.0208000000
-0.1180000000
-0.1104000000
-0.1762000000
-0.3181000000
-0.0588000000
-0.2641000000
-0.1866000000
-0.0346000000
-0.1364000000
-0.1606000000
-0.2769000000
-0.1810000000
-0.1336000000
-0.0336000000
-0.0464000000
0.0318000000
-0.0363000000
0.1146000000
0.0533000000
0.0402000000
0.0440000000
0.0183000000
0.1990000000
0.0997000000
0.1011000000
0.1620000000
0.1225000000
0.1838000000
0.1634000000
0.2938000000
0.2312000000
0.2274000000
0.1959000000
0.2540000000
0.1135000000
0.1820000000
0.0737000000
-0.0294000000
0.0267000000
0.0872000000
0.2073000000
0.0578000000
0.0592000000
-0.0886000000
-0.0491000000
0.0377000000
-0.1357000000
-0.3108000000
-0.1343000000
-0.2399000000
-0.2236000000
-0.2928000000
-0.3129000000
-0.3925000000
-0.2250000000
-0.3721000000
-0.2987000000
-0.3437000000
-0.2295000000
-0.2395000000
-0.3503000000
-0.1495000000
-0.1239000000
-0.1191000000
-0.1526000000
-0.0145000000
-0.1706000000
-0.1395000000
-0.1059000000
0.0315000000
-0.0242000000
0.2218000000
0.0201000000
0.1402000000
-0.1215000000
0.2181000000
0.2000000000
0.1474000000
0.0152000000
0.2918000000
0.2855000000
0.1616000000
0.2271000000
0.2263000000
0.2177000000
0.2312000000
0.0716000000
0.1859000000
0.2004000000
0.0782000000
0.0699000000
-0.0436000000
-0.0447000000
-0.0893000000
0.1267000000
-0.0921000000
-0.1917000000
-0.2218000000
-0.1592000000
-0.2215000000
-0.2222000000
-0.2443000000
-0.1298000000
-0.3613000000
-0.2707000000
-0.1035000000
-0.2859000000
-0.2149000000
-0.1855000000
-0.1893000000
-0.2568000000
-0.2911000000
-0.2184000000
-0.2516000000
-0.2322000000
-0.2949000000
-0.1156000000
-0.1769000000
-0.1353000000
0.0467000000
-0.1208000000
-0.0073000000
-0.0253000000
-0.0176000000
0.0211000000
-0.0782000000
0.0862000000
0.1388000000
0.1772000000
0.2745000000
0.2340000000
0.1820000000
0.2495000000
0.0658000000
0.1346000000
0.2665000000
0.2741000000
0.1679000000
0.0928000000
0.1402000000
0.1011000000
0.2831000000
0.0433000000
0.2322000000
0.0865000000
0.0883000000
0.2641000000
0.1603000000
-0.1118000000
0.0467000000
-0.0692000000
-0.1239000000
-0.0107000000
-0.0429000000
-0.0841000000
-0.2004000000
-0.0810000000
-0.1582000000
-0.1824000000
-0.1803000000
-0.1935000000
-0.2492000000
-0.1841000000
-0.1315000000
-0.3638000000
-0.1782000000
-0.1419000000
-0.1350000000
-0.1980000000
-0.0737000000
0.0779000000
-0.0938000000
-0.0215000000
0.0118000000
-0.1204000000
0.0301000000
-0.0363000000
0.0602000000
0.0502000000
0.0173000000
0.1236000000
0.1049000000
0.0495000000
0.1706000000
0.0990000000
0.1395000000
0.1969000000
0.2087000000
0.1921000000
0.3994000000
0.3444000000
0.1952000000
0.1575000000
0.0488000000
0.1429000000
0.1506000000
0.1433000000
0.1457000000
0.0145000000
0.1239000000
0.1917000000
0.0661000000
-0.0474000000
-0.0045000000
0.1242000000
0.0813000000
-0.0246000000
-0.1149000000
-0.0312000000
-0.0561000000
0.0045000000
-0.1744000000
-0.1897000000
-0.1232000000
-0.1263000000
-0.2886000000
-0.3060000000
-0.3056000000
-0.1665000000
-0.2727000000
-0.1637000000
-0.1516000000
-0.2083000000
-0.1128000000
-0.1523000000
-0.1281000000
-0.0381000000
-0.0568000000
-0.0069000000
-0.1007000000
0.0903000000
0.0114000000
-0.0402000000
0.0526000000
0.0028000000
0.1118000000
-0.0145000000
0.0592000000
-0.0488000000
0.0035000000
0.0381000000
0.0083000000
0.1658000000
0.1741000000
0.1744000000
0.0973000000
0.2738000000
0.2122000000
0.1288000000
0.0931000000
0.0426000000
0.0986000000
0.2409000000
0.0395000000
0.1478000000
0.0806000000
-0.0398000000
0.0827000000
0.0062000000
-0.1194000000
-0.1429000000
-0.1450000000
-0.1069000000
-0.1381000000
-0.1582000000
-0.1803000000
-0.1848000000
-0.2063000000
-0.0457000000
-0.2412000000
-0.1346000000
-0.3350000000
-0.2257000000
-0.0696000000
-0.1983000000
-0.2004000000
-0.0478000000
-0.2063000000
-0.0457000000
0.0440000000
0.0062000000
0.1488000000
0.0716000000
0.1146000000
0.0301000000
0.1540000000
0.1083000000
-0.0256000000
0.0433000000
0.0613000000
0.2582000000
0.2094000000
0.1945000000
0.1706000000
0.2693000000
0.1571000000
0.2014000000
-0.0305000000
0.2025000000
0.2672000000
0.1087000000
0.2236000000
0.2021000000
0.1011000000
-0.0893000000
0.0543000000
-0.0125000000
0.0415000000
-0.1436000000
-0.1786000000
-0.2385000000
-0.1793000000
-0.1447000000
-0.1506000000
-0.1004000000
-0.1634000000
-0.2291000000
-0.1215000000
-0.2720000000
-0.2765000000
-0.2181000000
-0.4517000000
-0.2578000000
-0.1862000000
-0.3554000000
-0.1132000000
-0.2212000000
-0.1910000000
-0.0934000000
-0.0284000000
-0.0876000000
-0.1139000000
0.0080000000
0.0066000000
0.0606000000
0.0993000000
0.0883000000
0.0782000000
0.1038000000
0.1294000000
0.1551000000
0.1807000000
0.2063000000
0.2319000000
0.2575000000
0.2831000000
0.3984000000
0.3008000000
0.2572000000
0.3001000000
0.3035000000
0.2762000000
0.1578000000
0.1897000000
0.1644000000
0.1509000000
0.0166000000
0.0000000000
-0.1461000000
-0.1627000000
-0.0547000000
-0.1578000000
-0.2021000000
-0.2281000000
-0.1949000000
-0.2651000000
-0.1751000000
-0.2094000000
-0.1928000000
-0.1402000000
-0.2582000000
-0.3714000000
-0.1817000000
-0.2419000000
-0.1751000000
-0.1253000000
-0.2523000000
-0.0789000000
-0.0986000000
-0.0564000000
0.1045000000
-0.0447000000
-0.0938000000
0.0176000000
-0.0398000000
0.0187000000
0.0519000000
0.1021000000
-0.0163000000
0.0706000000
-0.0145000000
0.2163000000
0.1557000000
0.1246000000
0.2277000000
0.2437000000
0.1294000000
0.1585000000
0.1859000000
0.1585000000
0.1464000000
0.0391000000
0.1246000000
0.0651000000
0.1232000000
0.1301000000
0.1187000000
0.0325000000
0.1239000000
0.0910000000
0.1329000000
0.0332000000
-0.0270000000
0.0682000000
0.0768000000
0.1059000000
0.1076000000
-0.0204000000
-0.0291000000
-0.1409000000
-0.0170000000
-0.0166000000
0.0374000000
-0.1166000000
-0.0284000000
0.0571000000
0.0893000000
0.0696000000
-0.0550000000
0.0336000000
0.0118000000
0.0429000000
-0.0277000000
-0.1298000000
0.0907000000
-0.0637000000
0.0073000000
0.0408000000
-0.0381000000
-0.1537000000
0.0322000000
-0.0183000000
-0.0415000000
-0.0007000000
-0.0242000000
-0.0093000000
-0.0318000000
-0.0107000000
0.0042000000
-0.1817000000
-0.0928000000
0.0180000000
-0.0979000000
0.0183000000
0.0716000000
-0.1371000000
0.1796000000
0.0568000000
-0.1322000000
-0.0138000000
0.1025000000
0.1969000000
-0.0616000000
-0.0024000000
0.0917000000
0.1094000000
0.0758000000
0.0588000000
0.0398000000
0.0851000000
0.0772000000
0.1606000000
0.0159000000
-0.0564000000
0.0474000000
0.1595000000
-0.0221000000
0.0706000000
-0.0322000000
0.0170000000
0.0467000000
0.0045000000
0.0010000000
0.0765000000
0.0183000000
0.0003000000
-0.0941000000
-0.0090000000
0.0052000000
-0.0523000000
-0.0277000000
0.0644000000
0.0637000000
-0.1014000000
-0.0052000000
-0.1256000000
0.0093000000
-0.0322000000
0.0443000000
-0.0813000000
0.0239000000
-0.0806000000
0.0156000000
-0.0097000000
-0.0592000000
0.0045000000
0.0765000000
-0.1409000000
0.0633000000
-0.0256000000
0.0267000000
0.0471000000
0.1637000000
0.1353000000
0.1004000000
0.1038000000
0.2108000000
0.1786000000
0.0582000000
0.1087000000
0.1357000000
0.0924000000
0.2738000000
0.1983000000
0.1173000000
0.0547000000
-0.0176000000
0.0042000000
-0.0443000000
-0.0031000000
0.0758000000
0.1025000000
0.0481000000
-0.0197000000
0.1080000000
0.0028000000
0.0391000000
-0.0360000000
0.0003000000
-0.0855000000
-0.0280000000
0.0062000000
-0.0312000000
-0.0322000000
-0.0872000000
0.1471000000
-0.0121000000
-0.0035000000
-0.0436000000
0.0346000000
0.1398000000
-0.0810000000
0.0883000000
0.0149000000
0.0363000000
0.0706000000
-0.0298000000
0.0363000000
0.1018000000
0.0107000000
0.1208000000
-0.0114000000
0.0197000000
0.1146000000
0.0370000000
0.1322000000
0.0730000000
-0.0485000000
0.1786000000
0.0391000000
0.1312000000
0.0204000000
0.1606000000
0.0149000000
0.0315000000
0.0322000000
0.0042000000
0.0561000000
0.0367000000
0.1914000000
0.1007000000
0.0948000000
-0.0512000000
0.0575000000
0.0924000000
-0.0048000000
0.0107000000
0.0357000000
-0.1371000000
0.0512000000
0.1575000000
0.0159000000
-0.0734000000
0.0350000000
-0.0350000000
0.0100000000
-0.0716000000
0.0800000000
0.1298000000
-0.0215000000
-0.1550000000
-0.0232000000
-0.0132000000
0.0599000000
-0.0197000000
0.1222000000
0.0748000000
-0.0097000000
-0.0696000000
-0.0391000000
-0.0644000000
-0.0180000000
-0.0976000000
-0.0035000000
-0.0402000000
0.0800000000
-0.0086000000
0.0235000000
-0.0619000000
0.0287000000
-0.0502000000
-0.0661000000
0.0218000000
0.0284000000
-0.0876000000
-0.0685000000
-0.0609000000
0.0654000000
-0.1197000000
-0.0602000000
0.0948000000
0.1073000000
0.0793000000
0.0280000000
0.0221000000
-0.0125000000
-0.0557000000
-0.0623000000
-0.0526000000
0.0273000000
0.1007000000
-0.1440000000
-0.0426000000
-0.0436000000
0.0664000000
0.0325000000
0.0298000000
-0.0402000000
-0.0301000000
-0.0374000000
-0.0633000000
0.1509000000
-0.0540000000
0.0256000000
0.0353000000
-0.0412000000
0.0346000000
0.0948000000
0.0215000000
0.0678000000
-0.0647000000
-0.0100000000
-0.0232000000
0.0339000000
-0.0187000000
0.0685000000
-0.0253000000
-0.0893000000
0.0180000000
0.0000000000
0.0467000000
-0.1177000000
0.0135000000
0.0862000000
-0.0142000000
0.0457000000
-0.0955000000
0.0800000000
-0.0796000000
0.0526000000
0.0076000000
-0.1201000000
-0.0443000000
-0.0609000000
-0.0052000000
0.1090000000
-0.0187000000
-0.0443000000
0.0602000000
0.2312000000
0.0360000000
0.0277000000
0.1668000000
0.0336000000
-0.0038000000
0.1260000000
0.0827000000
0.1249000000
0.0910000000
0.2011000000
0.0530000000
-0.0187000000
0.0201000000
0.0664000000
0.0554000000
0.0540000000
-0.0114000000
-0.0699000000
-0.0253000000
0.0042000000
-0.0211000000
0.0128000000
0.0221000000
0.1132000000
0.0630000000
0.0028000000
0.0460000000
-0.0163000000
-0.1104000000
-0.0848000000
-0.1111000000
-0.1623000000
-0.0955000000
0.0267000000
-0.0955000000
-0.0121000000
-0.2900000000
-0.1519000000
-0.0869000000
-0.1090000000
0.0689000000
-0.1495000000
-0.0692000000
-0.1059000000
0.0291000000
-0.0398000000
0.0537000000
0.0256000000
-0.1142000000
0.0010000000
0.1360000000
0.1679000000
0.0550000000
0.0505000000
0.0180000000
0.0633000000
0.1056000000
0.1706000000
0.0024000000
0.0609000000
0.1346000000
0.1108000000
-0.0540000000
0.0388000000
0.0578000000
-0.0280000000
0.0924000000
0.0796000000
0.1713000000
0.0775000000
-0.0260000000
-0.0578000000
0.1197000000
-0.0727000000
-0.0398000000
-0.0595000000
-0.0439000000
-0.0986000000
-0.0879000000
-0.0460000000
0.0003000000
-0.1333000000
-0.0623000000
-0.1364000000
-0.1793000000
-0.2658000000
-0.1405000000
-0.1097000000
-0.1360000000
-0.1779000000
-0.1734000000
-0.1045000000
-0.0436000000
0.0651000000
-0.0263000000
-0.1319000000
-0.1104000000
0.0208000000
0.0841000000
0.1132000000
0.2004000000
0.0260000000
0.0329000000
0.0602000000
0.1284000000
0.1374000000
-0.0709000000
0.1156000000
0.1544000000
0.1606000000
0.1720000000
0.0685000000
0.2018000000
0.0159000000
0.0076000000
0.1004000000
0.1063000000
0.0658000000
-0.0391000000
-0.0294000000
0.0893000000
0.0312000000
0.0301000000
-0.0761000000
-0.0557000000
-0.1111000000
-0.0900000000
-0.0997000000
-0.0042000000
-0.2720000000
-0.0800000000
-0.2253000000
-0.0270000000
-0.0398000000
-0.0581000000
-0.2457000000
-0.1350000000
-0.1820000000
-0.1177000000
-0.0990000000
-0.0619000000
-0.2128000000
-0.0883000000
-0.0983000000
-0.0616000000
-0.0218000000
0.0422000000
-0.0793000000
-0.0298000000
0.0118000000
0.0519000000
-0.0509000000
0.1253000000
-0.0038000000
0.0277000000
0.0471000000
0.1845000000
0.0457000000
0.2385000000
0.1083000000
0.1436000000
0.2724000000
0.2132000000
0.1648000000
0.1983000000
0.1810000000
0.0924000000
0.1890000000
0.0592000000
0.0346000000
0.0287000000
0.1381000000
0.0118000000
0.0443000000
0.0149000000
0.0509000000
0.0249000000
0.0294000000
0.0588000000
-0.1225000000
0.0204000000
-0.1398000000
-0.0758000000
-0.0754000000
-0.0017000000
-0.0595000000
-0.0391000000
-0.0550000000
-0.2000000000
-0.1343000000
-0.0675000000
-0.0325000000
-0.0221000000
-0.1374000000
-0.1115000000
0.0453000000
-0.0890000000
-0.1360000000
-0.0391000000
-0.1191000000
0.0100000000
-0.0865000000
-0.1388000000
0.0194000000
0.0197000000
-0.0820000000
-0.0838000000
0.0405000000
-0.1197000000
0.0619000000
-0.1146000000
0.0132000000
-0.0495000000
-0.0322000000
-0.1734000000
0.0104000000
0.1270000000
0.0730000000
0.1018000000
0.0716000000
0.0948000000
0.0661000000
-0.0197000000
0.0796000000
-0.0301000000
0.0280000000
0.0436000000
0.1554000000
0.0543000000
0.1388000000
0.0291000000
-0.0197000000
0.0447000000
0.0966000000
0.0453000000
0.1831000000
-0.0962000000
0.0429000000
0.0301000000
-0.0519000000
-0.0876000000
-0.0118000000
-0.0225000000
-0.0664000000
-0.1288000000
0.0498000000
-0.0090000000
-0.0820000000
-0.1917000000
-0.1128000000
-0.0557000000
-0.0208000000
0.0010000000
-0.1215000000
-0.0761000000
-0.1256000000
-0.0308000000
-0.0204000000
-0.0523000000
-0.0858000000
0.0073000000
-0.0581000000
-0.0107000000
0.0003000000
-0.0055000000
0.1450000000
-0.1042000000
0.0232000000
-0.0637000000
-0.0260000000
-0.0979000000
-0.0118000000
0.1094000000
0.0003000000
0.1907000000
0.0983000000
0.0519000000
0.1859000000
0.0388000000
0.1921000000
0.0841000000
-0.0602000000
0.0426000000
0.0979000000
0.1575000000
0.0170000000
0.0128000000
-0.0530000000
-0.0453000000
-0.0107000000
-0.0516000000
-0.1298000000
-0.0488000000
-0.2492000000
-0.0761000000
-0.1083000000
-0.1135000000
-0.2094000000
-0.1945000000
-0.0294000000
-0.1208000000
-0.2277000000
-0.1364000000
-0.2232000000
-0.0543000000
-0.1197000000
-0.2385000000
-0.1236000000
-0.1260000000
-0.1592000000
0.0810000000
-0.0391000000
-0.1793000000
-0.1301000000
-0.0537000000
0.0422000000
0.1329000000
-0.0654000000
0.0402000000
0.0312000000
0.0180000000
0.0716000000
0.1242000000
-0.0332000000
-0.0595000000
-0.0709000000
-0.0872000000
0.1845000000
0.1786000000
-0.0890000000
0.1426000000
0.0312000000
0.1589000000
0.0038000000
0.0973000000
0.1239000000
0.1398000000
0.1118000000
0.0841000000
0.0955000000
0.0028000000
-0.0370000000
-0.0900000000
0.0928000000
-0.0540000000
-0.2011000000
-0.1118000000
-0.0128000000
-0.1000000000
-0.1350000000
-0.1007000000
-0.2516000000
-0.1288000000
-0.1696000000
-0.1108000000
0.0138000000
-0.0585000000
-0.1014000000
-0.1326000000
-0.2333000000
-0.0384000000
-0.0886000000
-0.0280000000
0.0201000000
-0.0045000000
0.1159000000
0.0644000000
0.1205000000
-0.0398000000
0.2343000000
0.1641000000
-0.0225000000
0.1447000000
0.1069000000
0.0748000000
0.2399000000
0.0983000000
0.1422000000
0.1294000000
0.1637000000
0.1969000000
0.1814000000
0.2347000000
0.1744000000
0.1616000000
0.2360000000
0.1692000000
0.0768000000
0.0104000000
0.0786000000
0.0671000000
-0.1834000000
0.0225000000
-0.0225000000
0.0329000000
-0.2274000000
-0.0242000000
-0.2544000000
-0.0855000000
-0.3143000000
-0.0959000000
-0.1641000000
-0.2997000000
-0.2319000000
-0.2101000000
-0.2174000000
-0.1416000000
-0.1668000000
-0.0838000000
-0.0761000000
-0.0363000000
-0.0467000000
-0.0633000000
-0.0360000000
0.0578000000
0.1606000000
0.1571000000
0.0730000000
0.0654000000
0.0917000000
0.1422000000
0.1994000000
0.1824000000
0.1197000000
0.0187000000
0.1589000000
0.1218000000
0.1997000000
0.2039000000
0.1855000000
0.1703000000
0.1108000000
0.0585000000
0.1557000000
0.0671000000
0.0350000000
-0.0073000000
0.0869000000
0.0512000000
-0.1218000000
-0.1550000000
0.0408000000
-0.0450000000
-0.0979000000
-0.1585000000
-0.2537000000
-0.0419000000
-0.0491000000
-0.1595000000
-0.2025000000
-0.1222000000
-0.2520000000
-0.0467000000
-0.2018000000
-0.1578000000
-0.1599000000
-0.1661000000
-0.0571000000
-0.0232000000
0.0017000000
-0.0273000000
-0.0768000000
0.0582000000
0.1246000000
0.1239000000
0.0447000000
0.2589000000
0.1398000000
0.1613000000
0.1197000000
0.1516000000
0.3395000000
0.2689000000
0.2153000000
0.1738000000
0.1800000000
0.0869000000
0.1648000000
0.2153000000
0.1467000000
0.1208000000
0.0398000000
0.0384000000
0.0343000000
0.1388000000
-0.0720000000
0.0045000000
-0.0014000000
0.0242000000
0.0135000000
-0.2260000000
-0.1170000000
-0.1523000000
-0.2025000000
-0.1346000000
-0.0426000000
-0.1796000000
-0.1305000000
-0.2350000000
0.0003000000
-0.2066000000
-0.0554000000
-0.2263000000
-0.0045000000
-0.0398000000
-0.0156000000
0.0561000000
0.0488000000
-0.1654000000
0.0768000000
0.1485000000
0.0280000000
0.0796000000
0.0395000000
0.0855000000
0.1492000000
0.0509000000
0.1242000000
0.0938000000
0.0789000000
0.0329000000
0.0793000000
0.3122000000
0.1288000000
0.1945000000
0.1613000000
0.1416000000
0.2007000000
0.1765000000
0.0883000000
0.0325000000
0.1274000000
0.0931000000
0.0132000000
-0.1118000000
0.1218000000
-0.0312000000
0.1052000000
-0.0709000000
-0.1184000000
0.0246000000
0.0170000000
0.0543000000
0.0921000000
0.1409000000
-0.1412000000
0.0703000000
0.0235000000
0.1388000000
0.0751000000
0.1416000000
0.1191000000
0.0450000000
0.2084000000
0.0865000000
0.0550000000
0.0152000000
-0.0568000000
0.0291000000
0.0204000000
-0.1512000000
-0.0118000000
-0.1301000000
-0.0028000000
-0.0183000000
-0.0599000000
-0.0384000000
0.1035000000
0.1360000000
0.0537000000
0.1973000000
0.1966000000
0.1682000000
0.1942000000
0.1111000000
-0.0367000000
0.0211000000
0.0173000000
-0.0024000000
0.1495000000
0.0934000000
0.1066000000
0.1499000000
0.1838000000
0.0377000000
0.0135000000
0.0723000000
0.1831000000
0.1949000000
0.2156000000
0.0858000000
0.0671000000
-0.0010000000
0.0069000000
0.1218000000
-0.0533000000
-0.0208000000
0.0813000000
-0.2336000000
-0.0211000000
-0.0699000000
-0.3087000000
-0.0138000000
-0.0277000000
-0.1969000000
-0.1374000000
-0.0107000000
-0.1755000000
-0.1381000000
-0.1852000000
-0.3163000000
-0.1741000000
-0.2208000000
-0.3423000000
-0.2229000000
-0.1121000000
-0.1831000000
-0.2049000000
-0.0242000000
0.0505000000
-0.1056000000
-0.0433000000
0.0339000000
-0.0114000000
-0.0336000000
0.0149000000
0.2271000000
0.0661000000
0.2104000000
0.2603000000
0.1184000000
0.2405000000
-0.0218000000
0.1654000000
0.0138000000
0.1232000000
0.2229000000
0.1824000000
0.1263000000
0.0838000000
0.3132000000
0.1277000000
0.2153000000
-0.0495000000
0.1246000000
0.0855000000
0.0073000000
-0.0824000000
-0.0865000000
-0.0021000000
-0.0626000000
-0.0028000000
-0.3143000000
-0.1852000000
-0.3378000000
-0.2572000000
-0.1994000000
-0.2516000000
-0.1658000000
-0.3212000000
-0.2243000000
-0.1422000000
-0.2810000000
-0.2042000000
-0.0478000000
-0.0592000000
-0.1159000000
0.0305000000
0.0132000000
-0.0644000000
-0.0557000000
0.1312000000
-0.0633000000
0.2772000000
0.0626000000
0.0654000000
0.1931000000
0.1253000000
0.2952000000
0.2641000000
0.2679000000
0.2630000000
0.3323000000
0.1177000000
0.1793000000
0.1883000000
0.1848000000
0.1827000000
0.3541000000
0.0976000000
0.2104000000
-0.0834000000
-0.0256000000
-0.1045000000
-0.2087000000
-0.2682000000
-0.2776000000
-0.1824000000
-0.1890000000
-0.1956000000
-0.2021000000
-0.2087000000
-0.2153000000
-0.2218000000
-0.2284000000
-0.2350000000
-0.2416000000
-0.2482000000
-0.2547000000
-0.2613000000
-0.2679000000
-0.2745000000
-0.3641000000
-0.2506000000
-0.2800000000
-0.3430000000
-0.1852000000
-0.0952000000
-0.0737000000
-0.0491000000
-0.1045000000
-0.2371000000
0.0260000000
-0.0658000000
0.1585000000
-0.0170000000
0.0744000000
0.0592000000
-0.1378000000
0.2883000000
0.0453000000
0.2011000000
0.2717000000
0.0682000000
0.4022000000
0.2672000000
0.1838000000
0.1146000000
0.2246000000
0.2052000000
0.1398000000
0.0343000000
0.1502000000
0.0713000000
0.1256000000
-0.1561000000
0.0073000000
0.0485000000
0.1793000000
-0.0201000000
-0.3264000000
0.0284000000
-0.0405000000
-0.1000000000
-0.0831000000
-0.1609000000
-0.1568000000
-0.0682000000
-0.2495000000
-0.3105000000
-0.2167000000
-0.2021000000
-0.3644000000
-0.2513000000
-0.1641000000
-0.3080000000
-0.3340000000
-0.2461000000
-0.2004000000
-0.1990000000
-0.2343000000
-0.2468000000
-0.1658000000
-0.1052000000
0.0149000000
-0.0640000000
-0.0609000000
0.0585000000
0.1699000000
0.0637000000
0.2215000000
0.3932000000
0.2122000000
0.3821000000
0.3015000000
0.3080000000
0.0111000000
0.2475000000
0.3143000000
0.0599000000
0.2250000000
0.0910000000
0.1018000000
0.1855000000
0.3212000000
0.1388000000
0.1495000000
0.1506000000
0.1128000000
-0.0412000000
0.1603000000
0.0419000000
-0.0014000000
-0.1256000000
-0.0491000000
0.0215000000
-0.2046000000
-0.2952000000
-0.1242000000
-0.1852000000
-0.2637000000
-0.3219000000
-0.2388000000
-0.2578000000
-0.3274000000
-0.2745000000
-0.2329000000
-0.2336000000
-0.2374000000
-0.3721000000
-0.1395000000
-0.3551000000
-0.0682000000
0.0000000000
-0.0651000000
-0.1845000000
-0.0765000000
0.0021000000
0.1831000000
0.0076000000
0.1533000000
0.1924000000
0.0145000000
0.0595000000
-0.0443000000
0.1253000000
-0.0086000000
0.0502000000
0.1973000000
-0.0869000000
0.0720000000
0.0990000000
-0.0048000000
-0.0028000000
0.0900000000
0.1139000000
0.1180000000
0.2336000000
0.0675000000
-0.0294000000
0.0138000000
0.0305000000
-0.1609000000
0.0377000000
0.1194000000
-0.1499000000
-0.0865000000
0.0225000000
0.0273000000
-0.0436000000
0.0658000000
-0.1786000000
-0.0086000000
-0.1557000000
-0.1956000000
-0.0183000000
-0.2540000000
-0.2042000000
-0.1810000000
0.1568000000
0.0010000000
-0.1523000000
-0.0336000000
-0.0530000000
0.0267000000
0.0142000000
-0.0983000000
-0.0851000000
-0.0786000000
-0.0042000000
-0.1069000000
-0.0640000000
-0.2253000000
0.0848000000
-0.1315000000
-0.0876000000
0.0329000000
0.0003000000
-0.0748000000
0.0550000000
0.0277000000
-0.0838000000
-0.2596000000
-0.0038000000
0.1018000000
-0.0526000000
0.0460000000
0.0568000000
0.1166000000
-0.1308000000
0.0395000000
0.0263000000
-0.0132000000
0.0083000000
-0.0187000000
-0.0339000000
0.1007000000
-0.1388000000
-0.0460000000
-0.0464000000
0.0028000000
-0.0685000000
-0.0900000000
-0.1786000000
-0.1668000000
-0.1301000000
-0.2343000000
-0.0443000000
-0.1526000000
-0.1021000000
-0.1575000000
-0.1388000000
-0.0128000000
-0.0076000000
0.0754000000
0.0093000000
-0.0748000000
-0.0869000000
-0.0086000000
-0.0066000000
-0.1900000000
0.1170000000
0.0575000000
-0.0384000000
0.0357000000
0.0976000000
0.0734000000
0.1585000000
0.1450000000
0.0467000000
-0.0052000000
0.0107000000
0.1087000000
0.0381000000
0.1225000000
0.1063000000
-0.0270000000
0.0526000000
0.0664000000
-0.0844000000
0.0118000000
-0.0201000000
0.1308000000
0.0685000000
-0.0260000000
0.2572000000
-0.0678000000
0.0824000000
0.0619000000
0.0312000000
-0.0876000000
-0.1942000000
0.1744000000
-0.0270000000
-0.2412000000
-0.2464000000
-0.0187000000
-0.1118000000
-0.2160000000
-0.0734000000
0.1087000000
-0.1225000000
-0.2371000000
-0.1052000000
-0.1419000000
-0.1125000000
0.0433000000
-0.1253000000
-0.2447000000
-0.1242000000
-0.1007000000
-0.0910000000
-0.0813000000
-0.0716000000
-0.0619000000
-0.0523000000
-0.0426000000
-0.0329000000
-0.0232000000
-0.0135000000
-0.0038000000
0.0059000000
0.0156000000
0.0253000000
0.0350000000
0.0447000000
0.0543000000
0.0640000000
0.0737000000
0.0834000000
0.0931000000
0.1028000000
0.1125000000
0.1222000000
0.2167000000
0.0585000000
0.0976000000
0.0391000000
0.2537000000
-0.0045000000
-0.1869000000
0.2578000000
0.1115000000
0.0256000000
0.1474000000
0.0294000000
-0.0568000000
0.1544000000
-0.2077000000
-0.1810000000
0.0519000000
0.1156000000
-0.1277000000
-0.0457000000
-0.0855000000
-0.0505000000
0.1149000000
-0.2509000000
-0.1727000000
-0.1627000000
-0.1000000000
-0.1675000000
-0.0291000000
-0.2181000000
0.0498000000
-0.1976000000
-0.2821000000
-0.0215000000
-0.1319000000
0.0537000000
-0.0730000000
-0.1153000000
0.0460000000
0.1980000000
-0.0931000000
0.0346000000
0.0194000000
-0.0388000000
0.1381000000
0.1668000000
0.1232000000
