-0.2576000000
0.1458500000
0.3274800000
0.2766100000
0.2457300000
0.4701400000
0.7776000000
0.5962000000
-0.0596850000
-0.7195800000
-0.8343200000
-0.2051500000
0.4618200000
0.7797400000
0.4488700000
-0.0787780000
-0.4093300000
-0.4499800000
-0.3727500000
-0.4649600000
-0.6998600000
-0.6215700000
-0.0588730000
0.6205000000
0.8958700000
0.3448700000
-0.3654000000
-0.7967300000
-0.5486200000
0.0291870000
0.4491500000
0.5363100000
0.3736500000
0.3044200000
0.4715900000
0.6154600000
0.3484400000
-0.2305200000
-0.7342800000
-0.6629200000
-0.0840120000
0.4402900000
0.6284600000
0.3998600000
0.1259000000
0.0859660000
0.2260300000
0.2623700000
-0.0042053000
-0.4297200000
-0.6368900000
-0.3577200000
0.1037500000
0.3979300000
0.3969100000
0.2691300000
0.3213600000
0.5992400000
0.6986900000
0.2613700000
-0.3968800000
-0.8375100000
-0.5495000000
0.1040400000
0.6034900000
0.6446200000
0.2626700000
-0.0689180000
-0.1582500000
-0.1199800000
-0.2403700000
-0.6292000000
-0.8511900000
-0.3812600000
0.3561100000
0.8926800000
0.6252100000
-0.1005300000
-0.6834900000
-0.7208700000
-0.1991200000
0.2957300000
0.5165300000
0.4372400000
0.3371300000
0.4600100000
0.6578400000
0.4882400000
-0.0850330000
-0.6872800000
-0.7898200000
-0.2119800000
0.4100000000
0.7169600000
0.4672600000
0.0318650000
-0.2133200000
-0.2327600000
-0.2479800000
-0.5070900000
-0.8430000000
-0.6265500000
0.0774450000
0.7734600000
0.8659600000
0.1711700000
-0.5421100000
-0.8501300000
-0.3985300000
0.2287600000
0.6232300000
0.5587400000
0.2251700000
0.0344130000
0.0847190000
0.1776600000
0.0363090000
-0.3679900000
-0.6995800000
-0.5054400000
0.0490490000
0.5173600000
0.6072600000
0.3075200000
0.0276190000
-0.0082076000
0.1087700000
0.0963890000
-0.2102300000
-0.6181300000
-0.6490600000
-0.1626800000
0.3853000000
0.6524400000
0.4415900000
0.0772610000
-0.0931490000
-0.0428050000
-0.0054881000
-0.2339700000
-0.6595100000
-0.7529900000
-0.2174100000
0.4493000000
0.8163100000
0.4775100000
-0.1256000000
-0.5436900000
-0.5670200000
-0.3058600000
-0.1525400000
-0.2503700000
-0.4077100000
-0.3017000000
0.1092200000
0.5326900000
0.5969700000
0.2326100000
-0.1549000000
-0.3120200000
-0.2528600000
-0.2420500000
-0.4952300000
-0.7942500000
-0.5606400000
0.1147000000
0.7585100000
0.8043000000
0.1483600000
-0.5053200000
-0.7773000000
-0.4060600000
0.1150700000
0.4242900000
0.4452800000
0.3711100000
0.4801700000
0.7098100000
0.5919800000
0.0079089000
-0.6628800000
-0.8790100000
-0.2902800000
0.4103400000
0.8026300000
0.5083800000
-0.0657300000
-0.4637500000
-0.5257900000
-0.3633900000
-0.3176700000
-0.5008300000
-0.6191500000
-0.3047800000
0.2909600000
0.7682800000
0.6224700000
0.0200530000
-0.4917500000
-0.6345000000
-0.3619700000
-0.0799950000
-0.0385410000
-0.1579200000
-0.1555800000
0.1430800000
0.5640800000
0.6612100000
0.2341100000
-0.2947700000
-0.5885600000
-0.4670500000
-0.1771800000
-0.0707420000
-0.2015300000
-0.3331100000
-0.1873800000
0.2093500000
0.5489000000
0.5000600000
0.1256500000
-0.1912400000
-0.2581800000
-0.1603400000
-0.1862200000
-0.4934400000
-0.7860700000
-0.5056900000
0.1662700000
0.7566900000
0.7377200000
0.1131200000
-0.4743300000
-0.7000400000
-0.4055900000
-0.0136710000
0.1615900000
0.1410900000
0.1822300000
0.5000700000
0.8501500000
0.5871700000
-0.1297500000
-0.7898100000
-0.8087600000
-0.1202500000
0.5483200000
0.8012500000
0.3725800000
-0.1864300000
-0.5170700000
-0.4989300000
-0.3286300000
-0.3336300000
-0.5376500000
-0.5835000000
-0.1864700000
0.4124700000
0.7931100000
0.5066600000
-0.0957100000
-0.5428800000
-0.5902400000
-0.3028700000
-0.0901730000
-0.1294900000
-0.2747400000
-0.2262200000
0.1204800000
0.5259800000
0.5981700000
0.2246100000
-0.2028200000
-0.4048800000
-0.3391400000
-0.2547100000
-0.4104200000
-0.7017600000
-0.6192900000
-0.0392100000
0.6127000000
0.8434300000
0.3216700000
-0.3288100000
-0.7111900000
-0.5347700000
-0.0855590000
0.2056000000
0.2567500000
0.2540400000
0.4670100000
0.8158600000
0.6956900000
0.0253340000
-0.6979900000
-0.9204200000
-0.2783200000
0.4614400000
0.8615600000
0.4859000000
-0.1622400000
-0.6111700000
-0.6015600000
-0.2498100000
0.0017673000
0.0083197000
-0.0689750000
0.0544030000
0.4564000000
0.7794900000
0.4928500000
-0.1548400000
-0.6874600000
-0.6823700000
-0.1656600000
0.3094200000
0.5076500000
0.4184600000
0.3301300000
0.4716100000
0.6705400000
0.4767500000
-0.1119700000
-0.7085200000
-0.7765200000
-0.1820200000
0.4339700000
0.7190400000
0.4473600000
0.0135610000
-0.2221800000
-0.2365100000
-0.2587500000
-0.5281700000
-0.8496100000
-0.5974000000
0.1149200000
0.7998900000
0.8447200000
0.1330400000
-0.5726600000
-0.8464700000
-0.3655500000
0.2589800000
0.6368400000
0.5455000000
0.2039300000
0.0177260000
0.0684200000
0.1484500000
-0.0136500000
-0.4292200000
-0.7289600000
-0.4609100000
0.1266200000
0.5930200000
0.6184200000
0.2410000000
-0.0857790000
-0.1695600000
-0.1179600000
-0.2169900000
-0.5913800000
-0.8437400000
-0.4222700000
0.3037100000
0.8620700000
0.6631600000
-0.0430670000
-0.6327000000
-0.7291800000
-0.2591300000
0.2177800000
0.4439500000
0.4135700000
0.3822100000
0.5644000000
0.7447600000
0.4510700000
-0.2093800000
-0.8230300000
-0.7619900000
-0.0572620000
0.5983700000
0.7964400000
0.3186900000
-0.2440600000
-0.5579300000
-0.4970700000
-0.2907200000
-0.2732500000
-0.4631600000
-0.5334600000
-0.2002400000
0.3467500000
0.7204500000
0.5234600000
-0.0007702500
-0.4001200000
-0.4921500000
-0.3538100000
-0.3100000000
-0.5079500000
-0.6714800000
-0.3779400000
0.2376700000
0.7669900000
0.6789300000
0.0611710000
-0.4928100000
-0.6747400000
-0.3775600000
-0.0256820000
0.0986820000
0.0442230000
0.0807320000
0.4080800000
0.7992100000
0.6294200000
-0.0434520000
-0.6874300000
-0.8056600000
-0.2241300000
0.3950200000
0.7024700000
0.4748600000
0.0667340000
-0.1496500000
-0.1477700000
-0.1591200000
-0.4330700000
-0.8210000000
-0.6780300000
0.0099745000
0.7077400000
0.8736300000
0.2394400000
-0.4576200000
-0.8102100000
-0.4661100000
0.1085000000
0.4881700000
0.5224100000
0.3495700000
0.3127600000
0.5001800000
0.6033100000
0.2751800000
-0.3149700000
-0.7666900000
-0.5944800000
-0.0018584000
0.4867800000
0.6113300000
0.3567800000
0.1166600000
0.1235700000
0.2777100000
0.2789100000
-0.0305060000
-0.4547800000
-0.6172200000
-0.3143300000
0.1159900000
0.3554700000
0.3274500000
0.2422200000
0.3790700000
0.6957700000
0.6863300000
0.1264700000
-0.5534900000
-0.8754700000
-0.4021500000
0.2770100000
0.7189300000
0.5848300000
0.0999490000
-0.2560900000
-0.3553600000
-0.3321000000
-0.4650500000
-0.7625900000
-0.7164400000
-0.1156500000
0.6125500000
0.9510000000
0.3866500000
-0.3720500000
-0.8547600000
-0.5735300000
0.0868400000
0.5864100000
0.6419400000
0.2863000000
-0.0193020000
-0.0816540000
-0.0224350000
-0.1280500000
-0.5192900000
-0.8302600000
-0.4822900000
0.2199300000
0.7890400000
0.6993500000
0.0584920000
-0.5079300000
-0.6884200000
-0.3722100000
-0.0018859000
0.1412300000
0.1060800000
0.1624500000
0.5035400000
0.8483200000
0.5603000000
-0.1566900000
-0.7944300000
-0.7786400000
-0.0979370000
0.5455600000
0.7741600000
0.3654400000
-0.1525000000
-0.4452600000
-0.4471300000
-0.3684300000
-0.4821100000
-0.7041500000
-0.5679800000
0.0196380000
0.6783600000
0.8611900000
0.2635500000
-0.4238500000
-0.7926100000
-0.4905900000
0.0651030000
0.4389800000
0.4961900000
0.3697400000
0.3793400000
0.5920400000
0.6455500000
0.2192200000
-0.4277000000
-0.8542000000
-0.5301900000
0.1430100000
0.6510000000
0.6535300000
0.2107700000
-0.1708200000
-0.3051000000
-0.2874400000
-0.3969800000
-0.7219900000
-0.7994400000
-0.2551700000
0.4878000000
0.9594600000
0.5271200000
-0.2444500000
-0.8132900000
-0.6786700000
-0.0272460000
0.5221400000
0.6743200000
0.3573200000
0.0157610000
-0.0917290000
-0.0364870000
-0.0956650000
-0.4473900000
-0.8180600000
-0.5841800000
0.1052300000
0.7302300000
0.7769000000
0.1640700000
-0.4433000000
-0.7088700000
-0.4367500000
-0.0276360000
0.1755800000
0.1702000000
0.2006500000
0.4979000000
0.8497200000
0.6090600000
-0.1052400000
-0.7825400000
-0.8341600000
-0.1426100000
0.5455400000
0.8221500000
0.3834900000
-0.2053800000
-0.5642800000
-0.5284700000
-0.2878800000
-0.2080900000
-0.3620300000
-0.4847700000
-0.2618300000
0.2262300000
0.6319300000
0.5728200000
0.1261300000
-0.2599900000
-0.3863600000
-0.3134800000
-0.3302100000
-0.5920100000
-0.7754900000
-0.3976200000
0.2954300000
0.8598600000
0.6800900000
-0.0323000000
-0.6408700000
-0.7489900000
-0.2562800000
0.2545200000
0.5066100000
0.4500200000
0.3406800000
0.4446300000
0.6540500000
0.5266300000
-0.0289050000
-0.6488700000
-0.8181900000
-0.2690800000
0.3696900000
0.7190700000
0.5034100000
0.0532760000
-0.2234700000
-0.2635600000
-0.2666000000
-0.4938500000
-0.8282200000
-0.6588400000
0.0263670000
0.7383300000
0.8986300000
0.2254400000
-0.5052300000
-0.8627000000
-0.4418200000
0.2030100000
0.6297200000
0.5839700000
0.2234300000
-0.0159860000
-0.0128600000
0.0557600000
-0.0917060000
-0.5071000000
-0.7914100000
-0.4381800000
0.2239200000
0.7333300000
0.6504800000
0.0963200000
-0.3779700000
-0.5475900000
-0.4088400000
-0.2835100000
-0.3985700000
-0.5975900000
-0.4655900000
0.0566360000
0.6174000000
0.7494400000
0.2621300000
-0.2952900000
-0.5946300000
-0.4833500000
-0.2199100000
-0.1502900000
-0.3052900000
-0.4152400000
-0.2022500000
0.2462600000
0.5948600000
0.5106100000
0.1078400000
-0.2107500000
-0.2758400000
-0.1959900000
-0.2628400000
-0.5941300000
-0.8050300000
-0.3916200000
0.3150600000
0.8563400000
0.6491500000
-0.0480890000
-0.6262300000
-0.7182300000
-0.2622600000
0.1959400000
0.4072500000
0.3869200000
0.3929000000
0.6134000000
0.7746300000
0.4078600000
-0.2867900000
-0.8812600000
-0.7128900000
0.0302710000
0.6786700000
0.7893500000
0.2301800000
-0.3513200000
-0.6388300000
-0.4783600000
-0.1774600000
-0.0805700000
-0.1969000000
-0.2686500000
-0.0525880000
0.3738300000
0.6515100000
0.4353000000
-0.0466160000
-0.4030500000
-0.4534800000
-0.2999200000
-0.2673000000
-0.4885800000
-0.6782800000
-0.3996400000
0.2092300000
0.7360600000
0.6818000000
0.0983820000
-0.4346300000
-0.6335500000
-0.4084700000
-0.1284500000
-0.0799550000
-0.2147000000
-0.2520900000
0.0110380000
0.4374200000
0.6450900000
0.3574600000
-0.1162100000
-0.4223600000
-0.4210600000
-0.2747500000
-0.2990300000
-0.5573000000
-0.6817900000
-0.2952500000
0.3407500000
0.8013000000
0.5869900000
-0.0359830000
-0.5343700000
-0.6330400000
-0.3270300000
-0.0453990000
-0.0080793000
-0.1108900000
-0.0693590000
0.2672400000
0.6737600000
0.6367700000
0.0926260000
-0.4700000000
-0.6954400000
-0.3936500000
0.0256360000
0.2373200000
0.2318400000
0.2493300000
0.5218700000
0.8408600000
0.5862700000
-0.1218600000
-0.7956900000
-0.8305500000
-0.1279100000
0.5641200000
0.8299200000
0.3675400000
-0.2339700000
-0.5960800000
-0.5340500000
-0.2531600000
-0.1340000000
-0.2524100000
-0.3737900000
-0.2074800000
0.2193300000
0.5888600000
0.5383500000
0.1262200000
-0.2346100000
-0.3417700000
-0.2596400000
-0.2767700000
-0.5564300000
-0.7891700000
-0.4489200000
0.2403600000
0.8243900000
0.7138000000
0.0264250000
-0.5841600000
-0.7474100000
-0.3163700000
0.1698700000
0.4199200000
0.4107400000
0.3795500000
0.5571800000
0.7580900000
0.4916600000
-0.1674000000
-0.8059400000
-0.7990600000
-0.0979210000
0.5789000000
0.8170900000
0.3469800000
-0.2400900000
-0.5833100000
-0.5196900000
-0.2652300000
-0.1836200000
-0.3325900000
-0.4482300000
-0.2330200000
0.2351500000
0.6160600000
0.5468000000
0.1187000000
-0.2404900000
-0.3432800000
-0.2703600000
-0.3119500000
-0.6056200000
-0.7925800000
-0.3847800000
0.3205700000
0.8717600000
0.6571800000
-0.0592890000
-0.6565900000
-0.7372600000
-0.2349300000
0.2671200000
0.5054900000
0.4428500000
0.3437300000
0.4619100000
0.6657300000
0.5075200000
-0.0663240000
-0.6815200000
-0.8066500000
-0.2279500000
0.4084600000
0.7317600000
0.4758400000
0.0150460000
-0.2603600000
-0.2982100000
-0.3036000000
-0.5293300000
-0.8306100000
-0.6143400000
0.0765360000
0.7757100000
0.8766100000
0.1763700000
-0.5481400000
-0.8648100000
-0.3987800000
0.2481500000
0.6569800000
0.5680900000
0.1836500000
-0.0625500000
-0.0705830000
-0.0288520000
-0.2164000000
-0.6451800000
-0.8098700000
-0.2949400000
0.4116300000
0.8570500000
0.5398100000
-0.1248400000
-0.6196800000
-0.6409300000
-0.2467200000
0.0843780000
0.1726200000
0.1408800000
0.2757300000
0.6674600000
0.8447500000
0.3308000000
-0.4118000000
-0.9171900000
-0.5793500000
0.1596800000
0.7290900000
0.7013100000
0.1380300000
-0.3654200000
-0.5669600000
-0.4313000000
-0.2743900000
-0.3520900000
-0.5519000000
-0.4808300000
-0.0110300000
0.5442200000
0.7482700000
0.3375400000
-0.2058400000
-0.5297600000
-0.4899500000
-0.2851900000
-0.2557500000
-0.4526400000
-0.5642200000
-0.2651500000
0.2834900000
0.7009700000
0.5739100000
0.0615700000
-0.3577400000
-0.4856200000
-0.3690100000
-0.3194300000
-0.5111000000
-0.6910600000
-0.4132800000
0.2105200000
0.7694200000
0.7121900000
0.0797090000
-0.5045300000
-0.7076900000
-0.3796200000
0.0297920000
0.2188700000
0.2108000000
0.2624100000
0.5762400000
0.8626300000
0.5128100000
-0.2202800000
-0.8604000000
-0.7654400000
-0.0260220000
0.6440300000
0.8121900000
0.2769100000
-0.3186500000
-0.6367200000
-0.5009600000
-0.1900100000
-0.0687320000
-0.1708000000
-0.2529800000
-0.0596060000
0.3611900000
0.6579400000
0.4583700000
-0.0360000000
-0.4197600000
-0.4878900000
-0.3124000000
-0.2291300000
-0.4053700000
-0.6218700000
-0.4500300000
0.0941590000
0.6286600000
0.7096200000
0.2294300000
-0.2792700000
-0.5294900000
-0.4438100000
-0.2854000000
-0.3448400000
-0.5691600000
-0.5577800000
-0.1036200000
0.4885800000
