1.0000000000
1.0070000000
0.9595400000
1.0453000000
1.0592000000
1.0009000000
0.9796900000
0.9880100000
0.9611900000
0.9804600000
1.0501000000
0.9819500000
0.9765000000
0.9226600000
0.8755900000
0.8596800000
0.7842700000
0.8014800000
0.8894100000
0.8864900000
0.9085000000
0.8555800000
0.9164000000
0.9187200000
0.9936600000
0.9555000000
1.0141000000
0.9795800000
0.9795500000
1.1408000000
1.1611000000
1.1760000000
1.1213000000
1.1038000000
1.1012000000
1.1073000000
1.0479000000
1.1029000000
1.1720000000
1.1823000000
1.1901000000
1.1985000000
1.2372000000
1.2506000000
1.1889000000
1.0909000000
1.1382000000
1.1724000000
1.1286000000
1.0895000000
1.1047000000
1.1159000000
1.1471000000
1.2017000000
1.2985000000
1.2027000000
1.1781000000
1.1675000000
1.0942000000
1.0877000000
1.1367000000
1.1924000000
1.2745000000
1.3076000000
1.3529000000
1.2846000000
1.3221000000
1.2295000000
1.2191000000
1.2090000000
1.2076000000
1.1898000000
1.1997000000
1.1736000000
1.2862000000
1.2181000000
1.2300000000
1.2812000000
1.2332000000
1.2743000000
1.2375000000
1.1680000000
1.1496000000
1.1336000000
1.2535000000
1.3353000000
1.2878000000
1.2232000000
1.2584000000
1.2306000000
1.3030000000
1.2948000000
1.3510000000
1.2598000000
1.3267000000
1.3949000000
1.3551000000
1.3779000000
1.4754000000
1.4424000000
1.6297000000
1.4836000000
1.4460000000
1.4817000000
1.5455000000
1.5591000000
1.5015000000
1.4168000000
1.4282000000
1.4387000000
1.5326000000
1.4689000000
1.4829000000
1.5236000000
1.5846000000
1.6567000000
1.7322000000
1.7513000000
1.6308000000
1.6576000000
1.7192000000
1.6812000000
1.7667000000
1.7042000000
1.7738000000
1.7285000000
1.8350000000
1.9506000000
2.0176000000
2.0711000000
2.0990000000
2.1494000000
2.2814000000
2.0445000000
2.0118000000
2.0554000000
2.1444000000
2.4241000000
2.5087000000
2.3745000000
2.3471000000
2.3235000000
2.2737000000
2.2580000000
2.2369000000
2.3464000000
2.4712000000
2.3491000000
2.4550000000
2.2870000000
2.2385000000
2.2441000000
2.1693000000
2.0052000000
2.1125000000
2.1677000000
2.2901000000
2.2519000000
2.2266000000
2.2689000000
2.1303000000
2.1259000000
2.1171000000
2.3500000000
2.2631000000
2.2755000000
2.3384000000
2.2382000000
2.2844000000
2.3411000000
2.1788000000
2.1986000000
2.3672000000
2.5251000000
2.7138000000
2.6439000000
2.6219000000
2.4210000000
2.5640000000
2.5807000000
2.5838000000
2.7890000000
3.0128000000
3.1400000000
3.2807000000
3.3590000000
3.1740000000
3.2112000000
2.7383000000
2.8028000000
2.9513000000
2.8407000000
2.7134000000
2.5486000000
2.5361000000
2.4735000000
2.4545000000
2.4502000000
2.3664000000
2.3133000000
2.2233000000
2.1804000000
2.4180000000
2.4528000000
2.4268000000
2.4503000000
2.5117000000
2.4863000000
2.4416000000
2.5114000000
2.4792000000
2.1650000000
2.0349000000
1.9380000000
2.0011000000
2.0429000000
1.8200000000
1.7727000000
1.8809000000
1.8503000000
1.8936000000
1.9210000000
1.9050000000
1.8459000000
1.7450000000
1.6475000000
1.6291000000
1.7131000000
1.7302000000
1.7407000000
1.8431000000
1.9888000000
2.0628000000
2.0470000000
2.2757000000
2.2056000000
2.2916000000
2.2726000000
2.4602000000
2.4759000000
2.5901000000
2.5939000000
2.5734000000
2.5103000000
2.5178000000
2.7292000000
2.6595000000
2.7390000000
2.6942000000
2.6516000000
2.8892000000
2.8791000000
2.9247000000
2.8732000000
2.8614000000
2.7387000000
2.7322000000
2.4577000000
2.3688000000
2.1744000000
2.3068000000
2.2300000000
2.2381000000
2.2490000000
2.1588000000
2.0340000000
1.9522000000
2.0357000000
2.0370000000
2.1105000000
2.2768000000
2.2792000000
2.3402000000
2.3058000000
2.2754000000
2.1137000000
2.2631000000
2.0715000000
2.2659000000
2.2622000000
2.3476000000
2.0636000000
2.1136000000
1.9626000000
1.7529000000
1.8117000000
1.7491000000
2.0006000000
2.0466000000
1.9953000000
1.9453000000
1.9555000000
1.9461000000
2.2360000000
2.0571000000
2.2649000000
2.2946000000
2.3966000000
2.6516000000
2.6442000000
2.7767000000
2.7963000000
2.9743000000
3.2140000000
2.8603000000
2.8549000000
2.7473000000
2.8788000000
2.4825000000
2.7058000000
2.5966000000
2.5145000000
2.5006000000
2.5131000000
2.3855000000
2.4138000000
2.4642000000
2.2667000000
2.0015000000
2.0811000000
1.9571000000
1.7999000000
1.8425000000
1.9182000000
2.0101000000
1.7818000000
1.8624000000
1.9084000000
1.7930000000
1.8024000000
1.8814000000
1.9080000000
1.7670000000
1.6722000000
1.5845000000
1.5061000000
1.4811000000
1.5328000000
1.5200000000
1.6236000000
1.6843000000
1.6624000000
1.6428000000
1.6498000000
1.6928000000
1.6247000000
1.3948000000
1.3077000000
1.2886000000
1.3017000000
1.1840000000
1.1323000000
1.2064000000
1.1912000000
1.0893000000
1.1157000000
1.1474000000
1.1340000000
1.1834000000
1.1378000000
1.0796000000
1.0022000000
0.9044000000
0.8701900000
0.8974100000
0.9503800000
1.0521000000
1.1569000000
1.2271000000
1.1930000000
1.1207000000
1.1209000000
1.0752000000
1.0811000000
1.1642000000
1.2141000000
1.1667000000
1.0905000000
1.0815000000
0.9573500000
1.0075000000
0.9545100000
0.9549400000
1.0327000000
1.0014000000
1.0064000000
1.0300000000
1.0669000000
1.1746000000
1.1676000000
1.2435000000
1.3521000000
1.3545000000
1.2827000000
1.3095000000
1.3025000000
1.1571000000
1.0772000000
1.0235000000
0.9945400000
0.9579600000
0.9847200000
1.0521000000
1.0729000000
1.1270000000
1.0662000000
1.0383000000
1.0668000000
1.0812000000
1.0443000000
1.0124000000
1.0363000000
0.9894400000
0.9282800000
0.8678300000
0.9551500000
1.0271000000
0.9927100000
0.9572200000
1.0043000000
0.9911200000
0.9119900000
1.0003000000
1.0193000000
0.9958300000
0.9430300000
0.9361800000
0.9506200000
0.9675500000
0.9793600000
0.9898500000
1.0666000000
0.9756600000
0.9478600000
0.9107900000
0.9464200000
0.9883400000
0.9615100000
0.9146100000
0.9838500000
1.0427000000
0.9293400000
0.8558500000
0.7487400000
0.6963700000
0.6628700000
0.6353500000
0.6293400000
0.5932400000
0.5867700000
0.5991200000
0.6234600000
0.6498700000
0.6527700000
0.6754800000
0.6295100000
0.5973900000
0.6105100000
0.5612800000
0.5726600000
0.5968300000
0.5717000000
0.5468300000
0.5735700000
0.6035400000
0.5946200000
0.5942000000
0.5579300000
0.5942900000
0.5919700000
0.5796200000
0.6020500000
0.6232500000
0.6334200000
0.6255200000
0.6758200000
0.6465100000
0.6082000000
0.6019800000
0.5980700000
0.6336800000
0.6536900000
0.6430800000
0.6905900000
0.6524300000
0.6232500000
0.6041700000
0.5956100000
0.5655500000
0.5681300000
0.5612400000
0.6130800000
0.6641300000
0.6561500000
0.6200600000
0.6329700000
0.6430800000
0.6497100000
0.6540400000
0.6591100000
0.6484800000
0.6439400000
0.6126900000
0.6090500000
0.5693400000
0.5902500000
0.5864500000
0.5750300000
0.5628100000
0.5801200000
0.6436300000
0.6877300000
0.6855500000
0.7542000000
0.7900400000
0.8026200000
0.8479900000
0.9265700000
1.0026000000
0.9927400000
0.9991400000
0.9674300000
1.0432000000
1.0820000000
1.0465000000
1.0314000000
1.1089000000
1.1725000000
1.1020000000
1.0216000000
0.9760600000
1.0059000000
1.0375000000
1.0734000000
1.0953000000
1.1305000000
1.0816000000
1.0931000000
1.0922000000
1.1397000000
1.0367000000
1.0344000000
1.0023000000
0.9231600000
0.8837800000
0.9499600000
0.9280900000
0.9057200000
0.8996000000
0.9094500000
0.9227300000
0.9051100000
0.9008400000
1.0147000000
1.0361000000
1.0375000000
1.0671000000
1.0076000000
0.8849100000
0.8711300000
0.8941000000
0.9181200000
0.7951800000
0.8359300000
0.8197100000
0.8031800000
0.7388600000
0.7186200000
0.7154900000
0.7572600000
0.8046500000
0.8146200000
0.8747100000
0.9386300000
0.8915400000
0.9372300000
0.9654700000
0.9834900000
0.9867800000
1.0155000000
1.1388000000
1.1629000000
1.2036000000
1.2063000000
1.2632000000
1.1651000000
1.2388000000
1.2898000000
1.4351000000
1.3843000000
1.5464000000
1.6787000000
1.7170000000
1.7732000000
1.7082000000
1.6488000000
1.5194000000
1.5294000000
1.5720000000
1.4384000000
1.4513000000
1.5615000000
1.5705000000
1.5023000000
1.5051000000
1.4027000000
1.5195000000
1.5821000000
1.6745000000
1.5284000000
1.4815000000
1.4837000000
1.4557000000
1.3723000000
1.3358000000
1.3593000000
1.3188000000
1.3237000000
1.2357000000
1.2505000000
1.2499000000
1.3956000000
1.3373000000
1.5285000000
1.6434000000
1.6145000000
1.6521000000
1.7433000000
1.7501000000
1.7819000000
1.6451000000
1.6914000000
1.5464000000
1.6156000000
1.7592000000
1.9125000000
2.0121000000
1.6710000000
1.7141000000
1.7676000000
1.8095000000
1.7337000000
1.8493000000
1.6988000000
1.5450000000
1.5907000000
1.4572000000
1.4010000000
1.3708000000
1.4747000000
1.6379000000
1.6586000000
1.6314000000
1.6346000000
1.5749000000
1.6090000000
1.5291000000
1.5609000000
1.5350000000
1.6531000000
1.7561000000
1.8190000000
1.9666000000
2.0056000000
1.8706000000
1.8566000000
1.7668000000
1.8667000000
1.8215000000
1.9418000000
1.9581000000
1.7848000000
1.7744000000
1.7467000000
1.6874000000
1.6456000000
1.6245000000
1.6361000000
1.5110000000
1.3702000000
1.3405000000
1.3446000000
1.3175000000
1.2284000000
1.3431000000
1.3558000000
1.5096000000
1.6064000000
1.5510000000
1.4702000000
1.4939000000
1.6229000000
1.7517000000
1.7082000000
1.6932000000
1.7544000000
1.7671000000
1.7475000000
1.6800000000
1.7000000000
1.7280000000
1.6646000000
1.8010000000
1.9299000000
1.7370000000
1.6681000000
1.5991000000
1.6393000000
1.5842000000
1.4173000000
1.5625000000
1.6360000000
1.6755000000
1.6715000000
1.7738000000
1.7481000000
1.7269000000
1.8779000000
1.9185000000
1.9744000000
1.9197000000
2.0766000000
1.9718000000
1.9589000000
2.1558000000
2.0949000000
2.0207000000
2.0497000000
2.0900000000
2.1791000000
2.2181000000
2.0464000000
2.1824000000
2.2113000000
2.2506000000
2.0045000000
1.8677000000
1.9771000000
2.0774000000
2.2109000000
2.1024000000
1.9032000000
1.8215000000
1.9079000000
1.8131000000
1.9543000000
2.0417000000
1.8873000000
2.0536000000
2.0202000000
1.8672000000
1.8114000000
1.7181000000
1.6099000000
1.6028000000
1.5565000000
1.6075000000
1.7238000000
1.9000000000
1.8806000000
1.9574000000
1.7308000000
1.6247000000
1.6361000000
1.6605000000
1.5145000000
1.5849000000
1.6409000000
1.6660000000
1.5038000000
1.5740000000
1.6683000000
1.6849000000
1.7865000000
1.8127000000
1.7200000000
1.9461000000
2.0488000000
2.0466000000
1.9943000000
1.8350000000
1.9499000000
1.9804000000
2.0991000000
1.9559000000
1.8896000000
1.7674000000
1.7720000000
1.7041000000
1.7004000000
1.7809000000
1.6296000000
1.6790000000
1.6871000000
1.6230000000
1.6365000000
1.6575000000
1.6917000000
1.7446000000
1.6204000000
1.5431000000
1.4735000000
1.5508000000
1.5024000000
1.6294000000
1.5623000000
1.4706000000
1.4619000000
1.4040000000
1.3600000000
1.4164000000
1.4476000000
1.4985000000
1.7012000000
1.5913000000
1.6541000000
1.6342000000
1.7812000000
1.7419000000
1.9027000000
1.9703000000
2.2824000000
2.2493000000
2.1738000000
2.0703000000
2.1334000000
2.1734000000
2.3216000000
2.2808000000
2.1666000000
2.2863000000
2.2255000000
2.1310000000
2.0781000000
2.0004000000
2.0900000000
2.0564000000
1.9433000000
2.0935000000
2.1644000000
2.1947000000
2.1090000000
2.2107000000
2.1671000000
2.2403000000
1.9829000000
1.9497000000
1.7330000000
1.8191000000
1.9119000000
1.9536000000
1.7506000000
1.7603000000
1.7757000000
1.6884000000
1.7669000000
1.7962000000
1.7990000000
1.9502000000
1.8766000000
1.9561000000
2.0335000000
2.0798000000
2.0078000000
2.1111000000
2.2095000000
2.2004000000
2.0982000000
2.3062000000
2.2164000000
2.3862000000
2.3323000000
2.1478000000
2.4364000000
2.5686000000
2.5474000000
2.4204000000
2.1658000000
2.1727000000
2.2798000000
2.1183000000
2.1059000000
2.1569000000
2.1222000000
2.1662000000
1.9717000000
1.9151000000
2.0145000000
2.0304000000
1.9957000000
2.0321000000
1.9857000000
1.9262000000
1.9086000000
1.8761000000
2.0306000000
2.1198000000
2.1446000000
1.9929000000
2.0167000000
1.9566000000
1.8176000000
1.7091000000
1.5559000000
1.5005000000
1.3227000000
1.3181000000
1.2678000000
1.2209000000
1.2603000000
1.2604000000
1.2363000000
1.2697000000
1.2222000000
1.2347000000
1.2420000000
1.2499000000
1.3072000000
1.2694000000
1.1863000000
1.3060000000
1.2570000000
1.1803000000
1.1560000000
1.1806000000
1.2124000000
1.3478000000
1.2579000000
1.2000000000
1.2725000000
1.3170000000
1.2921000000
1.3362000000
1.2861000000
1.2929000000
1.3958000000
1.3697000000
1.3649000000
1.4117000000
1.3356000000
1.3854000000
1.4211000000
1.3332000000
1.3643000000
1.3431000000
1.3473000000
1.3080000000
1.1583000000
1.0687000000
1.0727000000
1.0217000000
1.0946000000
1.0703000000
1.0711000000
0.9940100000
0.9622600000
0.9592200000
0.9997300000
1.0364000000
1.0346000000
1.0666000000
1.0563000000
1.0234000000
1.0625000000
1.1215000000
0.9633400000
0.9375400000
1.0178000000
1.0217000000
1.0406000000
1.0089000000
1.0918000000
1.0752000000
1.0223000000
1.0686000000
1.0202000000
1.0123000000
0.9613400000
0.9528800000
0.8601500000
0.8429400000
0.8479400000
0.8246000000
0.8286100000
0.8134600000
0.9267700000
0.9760600000
1.0974000000
1.0370000000
1.0925000000
1.1343000000
1.1829000000
1.2600000000
1.2408000000
1.3292000000
1.2461000000
1.3279000000
1.2216000000
1.3193000000
1.3225000000
1.1996000000
1.2092000000
1.2041000000
1.2296000000
1.1243000000
1.1383000000
1.0969000000
1.1561000000
1.0995000000
1.0818000000
1.2225000000
1.3062000000
1.3425000000
1.3582000000
1.4437000000
1.4264000000
1.3703000000
1.4750000000
1.6176000000
1.6119000000
1.6188000000
1.6780000000
1.8570000000
1.8600000000
1.7410000000
1.7684000000
1.7913000000
1.8736000000
1.8632000000
1.8164000000
1.7086000000
1.8557000000
1.8965000000
1.9747000000
1.9241000000
1.8144000000
1.7018000000
1.6924000000
1.7914000000
1.7733000000
1.8329000000
1.9239000000
1.9338000000
1.8255000000
1.8234000000
1.8672000000
1.6944000000
1.7039000000
1.6246000000
1.6443000000
1.6187000000
1.6553000000
1.8107000000
1.8540000000
1.6993000000
1.6828000000
1.7553000000
1.6811000000
1.7876000000
1.6100000000
1.6758000000
1.7337000000
1.6112000000
1.7730000000
1.7388000000
1.8716000000
1.7909000000
1.8484000000
1.8555000000
1.7963000000
1.7124000000
1.7744000000
2.0031000000
1.9287000000
1.8886000000
1.8670000000
1.8486000000
1.7504000000
1.8270000000
1.8362000000
1.7932000000
1.7558000000
1.8437000000
1.9899000000
1.8827000000
1.6174000000
1.7688000000
1.7564000000
1.7917000000
1.7812000000
1.9193000000
1.9540000000
2.0594000000
2.1380000000
2.3060000000
2.1928000000
2.2672000000
2.3580000000
2.4361000000
2.7001000000
2.7763000000
2.6084000000
2.8070000000
2.7415000000
2.8318000000
2.9326000000
3.0785000000
2.9967000000
3.3582000000
3.3213000000
3.3413000000
3.2253000000
3.4311000000
3.2647000000
3.4626000000
3.6648000000
3.8955000000
3.9450000000
3.8528000000
3.6655000000
3.2228000000
3.1475000000
3.1693000000
2.8103000000
2.6420000000
2.5793000000
2.6971000000
2.8174000000
2.8260000000
2.5654000000
2.4666000000
2.4320000000
2.4543000000
2.3113000000
2.2877000000
2.3681000000
2.3921000000
2.2170000000
2.4333000000
2.4516000000
2.4012000000
2.1551000000
2.1224000000
2.0513000000
2.0575000000
1.8911000000
2.0090000000
1.8149000000
1.7410000000
1.7307000000
1.6462000000
1.5907000000
1.7153000000
1.6538000000
1.6075000000
1.6523000000
1.6161000000
1.5977000000
1.5987000000
1.3930000000
1.3730000000
1.4566000000
1.5195000000
1.4840000000
1.5806000000
1.6184000000
1.8969000000
1.8360000000
1.7909000000
1.8539000000
1.8654000000
1.9901000000
2.0123000000
2.0406000000
1.9410000000
1.8826000000
1.9630000000
2.0491000000
2.0020000000
2.0788000000
2.1793000000
2.1734000000
2.0624000000
2.1719000000
2.1940000000
2.3313000000
2.4818000000
2.3986000000
2.4568000000
2.4339000000
2.4788000000
2.6060000000
2.7047000000
2.3988000000
2.3825000000
2.3498000000
2.3904000000
2.5484000000
2.5454000000
2.5363000000
2.3294000000
2.1637000000
2.2454000000
2.2172000000
2.1668000000
2.2924000000
2.3443000000
2.1266000000
2.1980000000
2.2452000000
2.4806000000
2.4429000000
2.4180000000
2.5247000000
2.4684000000
2.4728000000
2.3914000000
2.4165000000
2.2885000000
2.2710000000
2.1489000000
2.0588000000
1.9976000000
2.0222000000
2.0942000000
1.9693000000
2.0827000000
2.0775000000
2.1447000000
2.2767000000
2.4372000000
2.4058000000
2.2092000000
2.1605000000
1.8698000000
1.8747000000
2.0144000000
2.1101000000
2.1273000000
2.3461000000
2.3727000000
2.4705000000
2.4047000000
2.3145000000
2.3929000000
2.2321000000
2.2965000000
2.2006000000
2.2925000000
2.3654000000
2.3222000000
2.1863000000
2.1098000000
1.9309000000
2.0232000000
1.9646000000
2.1473000000
2.2604000000
2.3169000000
2.3429000000
2.2836000000
2.3570000000
2.4353000000
2.2633000000
2.1675000000
2.3093000000
2.3385000000
2.4343000000
2.3844000000
2.2392000000
2.5530000000
2.2375000000
2.2661000000
2.3412000000
2.4434000000
2.6594000000
2.5541000000
2.6559000000
2.7846000000
2.6723000000
2.6683000000
2.6636000000
2.4328000000
2.5780000000
2.6005000000
2.7499000000
2.7921000000
2.8423000000
2.8113000000
2.8210000000
2.7246000000
2.7885000000
3.1017000000
3.0720000000
2.8968000000
2.9766000000
2.7499000000
2.6389000000
2.5586000000
2.4850000000
2.6560000000
2.5060000000
2.4228000000
2.6209000000
2.8046000000
2.6616000000
2.8114000000
2.8922000000
3.0524000000
2.9217000000
3.0847000000
2.8067000000
2.6705000000
2.5710000000
2.5747000000
2.8851000000
2.7379000000
3.0538000000
3.2813000000
3.3139000000
3.1283000000
3.0082000000
3.2537000000
3.0981000000
2.9422000000
2.8927000000
2.9350000000
2.6625000000
2.5936000000
2.4930000000
2.2233000000
2.0443000000
1.9042000000
1.8035000000
1.6298000000
1.5245000000
1.3989000000
1.4482000000
1.3571000000
1.2831000000
1.2432000000
1.3248000000
1.2144000000
1.1248000000
1.1085000000
1.1445000000
1.1625000000
1.1144000000
1.0828000000
0.9612200000
0.9056700000
0.9269000000
0.8975500000
0.9497000000
0.9832200000
1.0162000000
1.0937000000
1.0256000000
1.0789000000
1.0575000000
1.0862000000
1.1821000000
1.2342000000
1.3396000000
1.3054000000
1.2935000000
1.3610000000
1.4225000000
1.3131000000
1.3130000000
1.4025000000
1.4154000000
1.4782000000
1.5794000000
1.5713000000
1.6157000000
1.7470000000
1.7667000000
1.7993000000
1.9961000000
1.9006000000
1.9995000000
2.0838000000
1.8754000000
1.7920000000
1.8241000000
1.7549000000
1.8140000000
1.9966000000
2.0392000000
2.0127000000
2.0484000000
2.1383000000
1.9877000000
1.8985000000
2.0084000000
1.9836000000
2.0721000000
2.0543000000
1.9080000000
1.9908000000
1.7969000000
1.9002000000
1.9482000000
2.0480000000
2.1206000000
1.8934000000
1.6948000000
1.6247000000
1.6588000000
1.6464000000
1.7394000000
1.6713000000
1.5822000000
1.5224000000
1.5309000000
1.4332000000
1.3301000000
1.4097000000
1.4476000000
1.6036000000
1.5937000000
1.6051000000
1.7634000000
1.6985000000
1.6450000000
1.7004000000
1.5884000000
1.4564000000
1.4305000000
1.4255000000
1.5382000000
1.6295000000
1.6363000000
1.7324000000
1.6156000000
1.5884000000
1.5868000000
1.5386000000
1.4210000000
1.4734000000
1.4773000000
1.4547000000
1.5018000000
1.3521000000
1.3219000000
1.2970000000
1.2238000000
1.2265000000
1.1931000000
1.2017000000
1.2015000000
1.2532000000
1.2116000000
1.2543000000
1.2840000000
1.2724000000
1.4129000000
1.3567000000
1.3905000000
1.4371000000
1.4272000000
1.4405000000
1.3547000000
1.3412000000
1.4013000000
1.5609000000
1.6095000000
1.5870000000
1.5176000000
1.4666000000
1.5439000000
1.4832000000
1.6001000000
1.5486000000
1.5838000000
1.6729000000
1.8931000000
1.7757000000
1.7886000000
1.8657000000
1.9470000000
1.8630000000
1.9405000000
2.0288000000
1.9738000000
2.0592000000
2.0516000000
1.8779000000
1.8767000000
1.9494000000
1.9918000000
2.0278000000
1.9491000000
1.8086000000
1.7953000000
1.8003000000
1.8585000000
1.7009000000
1.6861000000
1.8081000000
1.7405000000
1.8630000000
1.8745000000
1.7163000000
1.8527000000
1.9640000000
1.9395000000
1.7879000000
1.7750000000
1.7207000000
1.7367000000
1.9752000000
2.0378000000
1.8639000000
1.7257000000
1.9058000000
1.8501000000
1.8406000000
1.7376000000
1.7751000000
1.7140000000
1.6814000000
1.6488000000
1.4839000000
1.4896000000
1.4088000000
1.4082000000
1.4871000000
1.4378000000
1.5396000000
1.4898000000
1.4496000000
1.4571000000
1.5011000000
1.4545000000
1.5159000000
1.4137000000
1.2478000000
1.1989000000
1.1618000000
1.1322000000
1.1690000000
1.1509000000
1.2092000000
1.0873000000
1.0326000000
1.0864000000
1.0462000000
1.0379000000
1.0340000000
1.0438000000
1.0105000000
0.9189600000
0.9080200000
0.9007400000
0.8655600000
0.8232000000
0.7978500000
0.7648000000
0.7285200000
0.7189800000
0.6844800000
0.7095300000
0.7071100000
0.6777600000
0.6825700000
0.6930200000
0.7093800000
0.7166100000
0.6894000000
0.6583800000
0.6807400000
0.7120300000
0.6824200000
0.6894000000
0.6464800000
0.5954200000
0.5947500000
0.6412900000
0.6348800000
0.6612900000
0.6451100000
0.6633300000
0.6460000000
0.6035000000
0.6174200000
0.6223500000
0.6208900000
0.6418500000
0.6414900000
0.6724400000
0.6847900000
0.7086300000
0.7217300000
0.7196600000
0.6975200000
0.6658700000
0.6345200000
0.6318100000
0.6454500000
0.6428800000
0.6825700000
0.6641800000
0.6339500000
0.5998900000
0.5920000000
0.5671500000
0.5769600000
0.6103900000
0.6103100000
0.5988800000
0.6129400000
0.6059800000
0.6306200000
0.5931200000
0.5943100000
0.5677300000
0.5319600000
0.5390800000
0.5548300000
0.5470600000
0.5327200000
0.5362700000
0.5437400000
0.5829200000
0.5776600000
0.5892600000
0.5682000000
0.5552600000
0.5491800000
0.5480300000
0.5586500000
0.5656300000
0.5621300000
0.5426100000
0.5456100000
0.5567800000
0.5698400000
0.5399100000
0.5487300000
0.5560800000
0.5776400000
0.5726100000
0.5890900000
0.5837200000
0.6051700000
0.6199900000
0.6246700000
0.6455500000
0.6146600000
0.6120600000
0.6676400000
0.7314100000
0.7132700000
0.6586600000
0.6103700000
0.5939900000
0.6235900000
0.5944300000
0.6093300000
0.5841200000
0.5562200000
0.5260500000
0.5078300000
0.5067700000
0.5238700000
0.5077400000
0.4890700000
0.5078400000
0.5078600000
0.5370700000
0.5083600000
0.4964700000
0.4936100000
0.4690400000
0.4710300000
0.4799400000
0.4864800000
0.4826600000
0.4697400000
0.4988500000
0.5037500000
0.5096700000
0.5342800000
0.5807800000
0.5756800000
0.5958500000
0.5936300000
0.5922900000
0.5706400000
0.5986300000
0.5767300000
0.5573300000
0.5360300000
0.5175800000
0.5090600000
0.5161700000
0.5382300000
0.5684500000
0.5799700000
0.5947200000
0.6352700000
0.6253400000
0.5929600000
0.5817400000
0.5746500000
0.5546100000
0.5450800000
0.5759900000
0.5626800000
0.5287600000
0.5089800000
0.4729800000
0.4817600000
0.5070400000
0.4897500000
0.4523900000
0.4507300000
0.4235200000
0.4233500000
0.4294600000
0.4244200000
0.4254100000
0.4417900000
0.4796800000
0.4892900000
0.4982600000
0.5082900000
0.4815000000
0.4693600000
0.4668600000
0.4615400000
0.4580200000
0.4416000000
0.4390800000
0.4282400000
0.4262000000
0.4032400000
0.4172000000
0.3965300000
0.3653500000
0.3722500000
0.3558400000
0.3379000000
0.3222100000
0.3255300000
0.3323600000
0.3354600000
0.3410700000
0.3245900000
0.3275400000
0.3366100000
0.3294900000
0.3240700000
0.3297600000
0.3275900000
0.3400300000
0.3319200000
0.3302900000
0.3220900000
0.3222800000
0.3031300000
0.3080700000
0.3081200000
0.3163500000
0.3182100000
0.3282900000
0.3399900000
0.3410600000
0.3356700000
0.3408400000
0.3256900000
0.3232000000
0.3165400000
0.3269300000
0.3162600000
0.3062800000
0.3192600000
0.3144300000
0.3017800000
0.2985000000
0.2955600000
0.2946200000
0.2978600000
0.2809800000
0.2804500000
0.2864400000
0.2786600000
0.2783600000
0.2792800000
0.2814700000
0.2948800000
0.2991500000
0.2920600000
0.2956500000
0.2929600000
0.2818500000
0.2739500000
0.2680900000
0.2614600000
0.2659800000
0.2689500000
0.2573500000
0.2681700000
0.2722800000
0.2724800000
0.2663100000
0.2725400000
0.2696800000
0.2758000000
0.2820300000
0.2733500000
0.2739100000
0.2704900000
0.2671000000
0.2695600000
0.2622100000
0.2637000000
0.2665700000
0.2651900000
0.2628500000
0.2632400000
0.2609200000
0.2662000000
0.2828700000
0.2800100000
0.2772400000
0.2844400000
0.2648800000
0.2628600000
0.2578400000
0.2562100000
0.2522600000
0.2528500000
0.2523500000
0.2480700000
0.2586600000
0.2523000000
0.2472800000
0.2610400000
0.2587800000
0.2602700000
0.2599900000
0.2576900000
0.2567900000
0.2506100000
0.2416000000
0.2477400000
0.2471200000
0.2475700000
0.2600600000
0.2593000000
0.2576200000
0.2596500000
0.2598700000
0.2586400000
0.2604200000
0.2510300000
0.2476200000
0.2536800000
0.2538800000
0.2599200000
0.2647600000
0.2651000000
0.2696400000
0.2660000000
0.2648200000
0.2655900000
0.2609800000
0.2517300000
0.2583800000
0.2574600000
0.2465900000
0.2512700000
0.2511100000
0.2443100000
0.2449600000
0.2480600000
0.2448700000
0.2428800000
0.2436100000
0.2452700000
0.2455700000
0.2527600000
0.2584400000
0.2568300000
0.2574100000
0.2597900000
0.2610900000
0.2585200000
0.2632800000
0.2683500000
0.2704600000
0.2784300000
0.2751300000
0.2829000000
0.2845700000
0.2792600000
0.2846900000
0.2894900000
0.2850700000
0.2856700000
0.3043300000
0.2949100000
0.2905800000
0.3022500000
0.2972100000
0.2961400000
0.2887500000
0.2869900000
0.2816900000
0.2787200000
0.2841400000
0.2881300000
0.2874000000
0.2918600000
0.2926200000
0.2988200000
0.3038700000
0.3003400000
0.3057500000
0.3077200000
0.2950600000
0.3015300000
0.2879300000
0.2856600000
0.2882900000
0.2943300000
0.2937100000
0.2965900000
0.2956300000
0.2859500000
0.2838800000
0.2894900000
0.2846900000
0.2917600000
0.2763300000
0.2639900000
0.2697100000
0.2665800000
0.2768000000
0.2810900000
0.2830900000
0.2795100000
0.2795600000
0.2761100000
0.2861100000
0.2886700000
0.2871700000
0.2850700000
0.2894100000
0.2911800000
0.2915600000
0.2955200000
0.2977800000
0.3015000000
0.3011000000
0.2951900000
0.2900100000
0.2984500000
0.3077500000
0.2971100000
0.3038400000
0.3088200000
0.3051000000
0.3052400000
0.2992400000
0.2990000000
0.3099800000
0.3071000000
0.3073900000
0.3077000000
0.2949700000
0.2966700000
0.2964400000
0.2966800000
0.2864000000
0.2836000000
0.2733200000
0.2750300000
0.2714700000
0.2685600000
0.2685000000
0.2664700000
0.2653400000
0.2629200000
0.2658400000
0.2566100000
0.2542500000
0.2529400000
0.2577200000
0.2693700000
0.2702800000
0.2751600000
0.2649300000
0.2731700000
0.2736500000
0.2753000000
0.2785000000
0.2823900000
0.2803400000
0.2778000000
0.2852300000
0.2842100000
0.2895200000
0.2919200000
0.3028300000
0.2965500000
0.2931900000
0.2880800000
0.2741900000
0.2715600000
0.2662300000
0.2589000000
0.2554800000
0.2436400000
0.2468500000
0.2505500000
0.2515800000
0.2519900000
0.2527000000
0.2593400000
0.2534700000
0.2477300000
0.2431100000
0.2435500000
0.2407400000
0.2354400000
0.2372300000
0.2384700000
0.2413300000
0.2350400000
0.2329700000
0.2311300000
0.2364200000
0.2386100000
0.2435400000
0.2418700000
0.2507800000
0.2535700000
0.2601300000
0.2595400000
0.2603900000
0.2576800000
0.2588500000
0.2585900000
0.2615700000
0.2550700000
0.2587600000
0.2585400000
0.2617000000
0.2652300000
0.2615100000
0.2593600000
0.2531600000
0.2595300000
0.2629100000
0.2670800000
0.2623000000
0.2551900000
0.2525100000
0.2512300000
0.2519800000
0.2572800000
0.2644100000
0.2666800000
0.2613600000
0.2668900000
0.2724400000
0.2801700000
0.2710900000
0.2724600000
0.2745100000
0.2778500000
0.2667800000
0.2698400000
0.2750500000
0.2769700000
0.2670700000
0.2686500000
0.2689300000
0.2720600000
0.2703200000
0.2706800000
0.2691500000
0.2727300000
0.2748600000
0.2755100000
0.2825600000
0.2867200000
0.2837900000
0.2867400000
0.2793800000
0.2785500000
0.2686800000
0.2640300000
0.2684600000
0.2642100000
0.2575300000
0.2598000000
0.2607900000
0.2497500000
0.2598600000
0.2492300000
0.2379300000
0.2332200000
0.2348900000
0.2352300000
0.2365700000
0.2345200000
0.2405800000
0.2376800000
0.2439800000
0.2493300000
0.2515500000
0.2556100000
0.2474100000
0.2521200000
0.2419100000
0.2429100000
0.2502700000
0.2547600000
0.2620600000
0.2575600000
0.2495400000
0.2633200000
0.2560100000
0.2530100000
0.2540400000
0.2602200000
0.2527600000
0.2612500000
0.2615500000
0.2585700000
0.2598600000
0.2523400000
0.2536500000
0.2426300000
0.2400300000
0.2387000000
0.2343300000
0.2312400000
0.2282900000
0.2290200000
0.2250100000
0.2259800000
0.2241600000
0.2294300000
0.2286600000
0.2354400000
0.2410200000
0.2329700000
0.2290800000
0.2313900000
0.2345700000
0.2375800000
0.2299100000
0.2266800000
0.2278200000
0.2281500000
0.2257400000
0.2186100000
0.2179100000
0.2179200000
0.2166300000
0.2210400000
0.2207100000
0.2178600000
0.2172500000
0.2095100000
0.2108000000
0.2135400000
0.2156000000
0.2131300000
0.2127500000
0.2142000000
0.2126600000
0.2149600000
0.2131900000
0.2105900000
0.2093500000
0.2097100000
0.2087200000
0.2077600000
0.2073800000
0.2115600000
0.2136900000
0.2140400000
0.2127600000
0.2099100000
0.2118900000
0.2117300000
0.2089400000
0.2035000000
0.2046400000
0.2034900000
0.2030300000
0.2008700000
0.2043100000
0.2020700000
0.2025300000
0.2033800000
0.1986300000
0.1977300000
0.1989700000
0.2003800000
0.2050300000
0.2041600000
0.2067000000
0.2044300000
0.2030500000
0.2070000000
0.2062900000
0.2060400000
0.2042200000
0.2099300000
0.2070700000
0.2088800000
0.2103100000
0.2076600000
0.2083400000
0.2088800000
0.2097300000
0.2078400000
0.2092700000
0.2072300000
0.2103100000
0.2107200000
0.2099600000
0.2097000000
0.2114900000
0.2116600000
0.2126700000
0.2133500000
0.2095200000
0.2124300000
0.2138300000
0.2184700000
0.2217400000
0.2175700000
0.2179500000
0.2161400000
0.2123000000
0.2139500000
0.2131300000
0.2114900000
0.2126600000
0.2113800000
0.2085400000
0.2057400000
0.2054300000
0.2061200000
0.2043000000
0.2052500000
0.2087200000
0.2091600000
0.2053200000
0.2056800000
0.2049700000
0.2050100000
0.2059300000
0.2068200000
0.2087000000
0.2097200000
0.2074200000
0.2069100000
0.2060300000
0.2052300000
0.2020800000
0.2017900000
0.1990600000
0.1964200000
0.1940600000
0.1954200000
0.1940600000
0.1917000000
0.1925900000
0.1907700000
0.1876700000
0.1895100000
0.1898500000
0.1898600000
0.1869000000
0.1844700000
0.1842000000
0.1845000000
0.1834400000
0.1826700000
0.1838200000
0.1820400000
0.1828900000
0.1814600000
0.1815800000
0.1800800000
0.1781200000
0.1780900000
0.1776800000
0.1777500000
0.1777700000
0.1772500000
0.1772200000
0.1782100000
0.1772400000
0.1770900000
0.1772600000
0.1769900000
0.1772100000
0.1778200000
0.1779500000
0.1781000000
0.1774400000
0.1770500000
0.1771100000
0.1779600000
0.1779700000
0.1782100000
0.1781000000
0.1793800000
0.1784900000
0.1771500000
0.1771800000
0.1773300000
0.1779500000
0.1778300000
0.1783400000
0.1775500000
0.1767500000
0.1770700000
0.1761000000
0.1767600000
0.1757100000
0.1752500000
0.1755100000
0.1756200000
0.1754500000
0.1757100000
0.1755700000
0.1760700000
0.1765100000
0.1767500000
0.1763200000
0.1758400000
0.1751300000
0.1745800000
0.1750100000
0.1748200000
0.1750400000
0.1751300000
0.1751600000
0.1751400000
0.1760400000
0.1757300000
0.1749700000
0.1749200000
0.1743100000
0.1743500000
0.1741900000
0.1737800000
0.1737200000
0.1734900000
0.1732900000
0.1735400000
0.1739300000
0.1728400000
0.1728600000
0.1725200000
0.1723500000
0.1718400000
0.1722200000
0.1720700000
0.1725500000
0.1724800000
0.1722200000
0.1722100000
0.1719200000
0.1719200000
0.1718100000
0.1710500000
0.1711100000
0.1709400000
0.1710900000
0.1710800000
0.1714000000
0.1715400000
0.1719600000
0.1718700000
0.1713900000
0.1713700000
0.1713300000
0.1707900000
0.1710700000
0.1711700000
0.1713800000
0.1715800000
0.1716700000
0.1715500000
0.1712800000
0.1713700000
0.1711200000
0.1710400000
0.1714100000
0.1713300000
0.1708100000
0.1708300000
0.1712200000
0.1707800000
0.1711200000
0.1713700000
0.1716700000
0.1717200000
0.1717400000
0.1716900000
0.1717700000
0.1718700000
0.1713400000
0.1713800000
0.1713900000
0.1714500000
0.1713600000
0.1714000000
0.1710700000
0.1713400000
0.1717700000
0.1718600000
0.1724000000
0.1716300000
0.1716900000
0.1717500000
0.1718700000
0.1716600000
0.1715100000
0.1717000000
0.1717000000
0.1718600000
0.1715000000
0.1715600000
0.1713000000
0.1712600000
0.1711500000
0.1708600000
0.1707600000
0.1709500000
0.1706900000
0.1706300000
0.1707400000
0.1705800000
0.1704700000
0.1704200000
0.1702800000
0.1702600000
0.1704000000
0.1706700000
0.1706400000
0.1710000000
0.1709600000
0.1709000000
0.1705600000
0.1710400000
0.1711700000
0.1713800000
0.1710900000
0.1713500000
0.1709900000
0.1709200000
0.1707500000
0.1706100000
0.1705500000
0.1704700000
0.1705900000
0.1706300000
0.1705900000
0.1707900000
0.1709900000
0.1705200000
0.1704000000
0.1703900000
0.1702300000
0.1707100000
0.1707200000
0.1703100000
0.1700900000
0.1700000000
0.1704400000
0.1705900000
0.1703600000
0.1700600000
0.1702200000
0.1703600000
0.1704400000
0.1706500000
0.1706100000
0.1709300000
0.1706600000
0.1707500000
0.1704900000
0.1705400000
0.1708100000
0.1703600000
0.1700800000
0.1701200000
0.1703200000
0.1703000000
0.1703300000
0.1704500000
0.1705200000
0.1703200000
0.1703100000
0.1704500000
0.1706400000
0.1706700000
0.1707900000
0.1702400000
0.1706600000
0.1706300000
0.1705000000
0.1706400000
0.1706300000
0.1706400000
0.1707900000
0.1707000000
0.1704500000
0.1707200000
0.1709000000
0.1708900000
0.1707300000
0.1705800000
0.1704800000
0.1709500000
0.1707300000
0.1711400000
0.1706300000
0.1703600000
0.1703200000
0.1703200000
0.1702100000
0.1698600000
0.1700700000
0.1701700000
0.1700400000
0.1699400000
0.1692600000
0.1690000000
0.1692400000
0.1691400000
0.1689200000
0.1689500000
0.1689700000
0.1690200000
0.1691800000
0.1692300000
0.1690100000
0.1687800000
0.1689300000
0.1690500000
0.1689400000
0.1688100000
0.1688000000
0.1689100000
0.1689100000
0.1690600000
0.1691000000
0.1693200000
0.1696300000
0.1696100000
0.1694300000
0.1695300000
0.1694200000
0.1695500000
0.1696900000
0.1694600000
0.1695900000
0.1695900000
0.1699500000
0.1699000000
0.1698400000
0.1699300000
0.1700700000
0.1697600000
0.1696800000
0.1693200000
0.1692500000
0.1689700000
0.1687500000
0.1688200000
0.1689000000
0.1688500000
0.1688500000
0.1688000000
0.1687300000
0.1688400000
0.1689500000
0.1688200000
0.1687800000
0.1686500000
0.1686500000
0.1687600000
0.1686600000
0.1683700000
0.1683600000
0.1685700000
0.1684500000
0.1684100000
0.1684500000
0.1683800000
0.1681600000
0.1680800000
0.1681100000
0.1679800000
0.1680700000
0.1679800000
0.1680000000
0.1679300000
0.1679300000
0.1679800000
0.1679200000
0.1679900000
0.1679400000
0.1680200000
0.1680700000
0.1679000000
0.1678400000
0.1677500000
0.1676300000
0.1676500000
0.1675700000
0.1675900000
0.1675800000
0.1676700000
0.1675900000
0.1675500000
0.1675900000
0.1676200000
0.1675900000
0.1676700000
0.1677400000
0.1677800000
0.1678300000
0.1677900000
0.1677400000
0.1677600000
0.1678000000
0.1677700000
0.1677400000
0.1677300000
0.1677000000
0.1676100000
0.1675000000
0.1674300000
0.1673400000
0.1672800000
0.1672600000
0.1672700000
0.1673100000
0.1673200000
0.1673200000
0.1672700000
0.1672400000
0.1672200000
0.1671900000
0.1672500000
0.1672400000
0.1672300000
0.1672100000
0.1672400000
0.1672200000
0.1671700000
0.1671000000
0.1670700000
0.1670900000
0.1670800000
0.1671100000
0.1670800000
0.1670800000
0.1670600000
0.1670400000
0.1670400000
0.1670200000
0.1670400000
0.1670300000
0.1670200000
0.1669800000
0.1669700000
0.1669500000
0.1669200000
0.1669000000
0.1668900000
0.1668700000
0.1668400000
0.1668200000
0.1668200000
0.1668000000
0.1667900000
0.1667700000
0.1667500000
0.1667500000
0.1667300000
0.1667200000
0.1667100000
0.1666900000
0.1666700000
0.1666500000
0.1666400000
0.1666300000
0.1666100000
0.1666000000
0.1665800000
0.1665600000
0.1665400000
0.1665200000
0.1665100000
0.1664900000
0.1664700000
0.1664800000
0.1664800000
0.1664600000
0.1664500000
0.1664500000
0.1664200000
0.1664300000
0.1664200000
0.1664000000
0.1663800000
0.1663500000
0.1663100000
0.1662900000
0.1662900000
0.1662500000
0.1661800000
0.1661700000
0.1661500000
0.1660900000
0.1660300000
0.1660000000
0.1659300000
0.1659100000
0.1658900000
0.1658400000
0.1658300000
0.1657600000
0.1657400000
0.1657100000
0.1658400000
0.1657400000
0.1657000000
0.1656200000
0.1655600000
0.1654400000
0.1654100000
0.1654000000
0.1653200000
0.1653800000
0.1655200000
0.1654600000
0.1654700000
0.1653300000
0.1652400000
0.1651900000
0.1653000000
0.1654400000
0.1653900000
0.1654500000
0.1655100000
0.1654700000
0.1654400000
0.1653500000
0.1652900000
0.1654400000
0.1654200000
0.1654200000
0.1654100000
0.1653900000
0.1653500000
0.1652700000
0.1652800000
0.1652400000
0.1650400000
0.1649400000
0.1649700000
0.1649200000
0.1647100000
0.1648000000
0.1648000000
0.1648100000
0.1649600000
0.1649000000
0.1649400000
0.1649700000
0.1650200000
0.1649900000
0.1649700000
0.1650300000
0.1651500000
0.1649800000
0.1648700000
0.1649000000
0.1649100000
0.1649500000
0.1649400000
0.1651100000
0.1650800000
0.1650700000
0.1649600000
0.1649800000
0.1648100000
0.1648300000
0.1648800000
0.1650000000
0.1649600000
0.1649200000
0.1649700000
0.1651800000
0.1652200000
0.1651700000
0.1652500000
0.1653900000
0.1654800000
0.1654200000
0.1655400000
0.1656100000
0.1656700000
0.1657000000
0.1656100000
0.1657200000
0.1657600000
0.1658200000
0.1658400000
0.1658200000
0.1657000000
0.1657800000
0.1657400000
0.1657800000
0.1657400000
0.1656600000
0.1657100000
0.1656700000
0.1656200000
0.1655700000
0.1655800000
0.1655700000
0.1654900000
0.1654800000
0.1655200000
0.1654700000
0.1655100000
0.1654800000
0.1653500000
0.1652300000
0.1652100000
0.1650800000
0.1651100000
0.1651100000
0.1650300000
0.1651300000
0.1652600000
0.1652100000
0.1652300000
0.1652400000
0.1651600000
0.1652300000
0.1651800000
0.1652900000
0.1653500000
0.1653600000
0.1655500000
0.1656400000
0.1656700000
0.1656700000
0.1657000000
0.1657800000
0.1658600000
0.1657800000
0.1657600000
0.1657400000
0.1656500000
0.1655800000
0.1655700000
0.1656000000
0.1655700000
0.1656600000
0.1655900000
0.1655700000
0.1655100000
0.1655500000
0.1656200000
0.1657200000
0.1656800000
0.1655700000
0.1656000000
0.1655800000
0.1655700000
0.1655100000
0.1653800000
0.1654500000
0.1653900000
0.1653600000
0.1653900000
0.1654500000
0.1654600000
0.1654100000
0.1653400000
0.1653000000
0.1651600000
0.1650800000
0.1648800000
0.1648400000
0.1650400000
0.1650000000
0.1649700000
0.1652300000
0.1652200000
0.1652700000
0.1651600000
0.1654900000
0.1654600000
0.1654800000
0.1655500000
0.1656000000
0.1655100000
0.1654000000
0.1655100000
0.1655200000
0.1655900000
0.1656300000
0.1656900000
0.1657100000
0.1656600000
0.1656800000
0.1656100000
0.1656300000
0.1657100000
0.1657200000
0.1657200000
0.1656900000
0.1657100000
0.1656900000
0.1657000000
0.1656700000
0.1656700000
0.1657200000
0.1656900000
0.1656300000
0.1655200000
0.1654300000
0.1654500000
0.1654000000
0.1652600000
0.1653000000
0.1653300000
0.1652300000
0.1652500000
0.1653000000
0.1653100000
0.1653500000
0.1654000000
0.1655100000
0.1655700000
0.1656600000
0.1655600000
0.1656100000
0.1656600000
0.1656400000
0.1656200000
0.1656900000
0.1656100000
0.1655800000
0.1655600000
0.1655900000
0.1655700000
0.1656200000
0.1655500000
0.1654700000
0.1654800000
0.1653400000
0.1653200000
0.1653100000
0.1653300000
0.1654300000
0.1654700000
0.1654500000
0.1654100000
0.1653900000
0.1653700000
0.1655400000
0.1655400000
0.1655000000
0.1654900000
0.1654900000
0.1653800000
0.1654600000
0.1654800000
0.1654400000
0.1653200000
0.1654700000
0.1654000000
0.1653700000
0.1652100000
0.1652300000
0.1651200000
0.1651400000
0.1650500000
0.1649900000
0.1649100000
0.1651500000
0.1650500000
0.1649500000
0.1650600000
0.1649000000
0.1649000000
0.1649600000
0.1650000000
0.1652900000
0.1653400000
0.1654600000
0.1654400000
0.1654000000
0.1655800000
0.1655600000
0.1656200000
0.1656600000
0.1656300000
0.1655600000
0.1655300000
0.1654900000
0.1655200000
0.1654200000
0.1653600000
0.1653000000
0.1651600000
0.1653600000
0.1653300000
0.1654400000
0.1654400000
0.1654900000
0.1655500000
0.1654800000
0.1654900000
0.1655500000
0.1654000000
0.1654700000
0.1654500000
0.1654600000
0.1653000000
0.1654000000
0.1653100000
0.1653200000
0.1653900000
0.1653200000
0.1653000000
0.1652400000
0.1652500000
0.1651500000
0.1651900000
0.1652900000
0.1651200000
0.1650300000
0.1650800000
0.1648900000
0.1648800000
0.1649300000
0.1649400000
0.1649100000
0.1646600000
0.1646800000
0.1646300000
0.1647700000
0.1646200000
0.1647000000
0.1647900000
0.1647900000
0.1646000000
0.1644700000
0.1643300000
0.1643800000
0.1644000000
0.1642100000
0.1639100000
0.1641200000
0.1641200000
0.1643200000
0.1644900000
0.1642200000
0.1643000000
0.1642900000
0.1643800000
0.1642600000
0.1644100000
0.1643900000
0.1644800000
0.1645900000
0.1646500000
0.1647900000
0.1646700000
0.1647300000
0.1648700000
0.1650700000
0.1649800000
0.1649300000
0.1651000000
0.1650100000
0.1650500000
0.1650900000
0.1650400000
0.1651200000
0.1651000000
0.1650900000
0.1652000000
0.1652300000
0.1652600000
0.1653300000
0.1654000000
0.1653800000
0.1653600000
0.1653600000
0.1653900000
0.1653600000
0.1654300000
0.1653700000
0.1653000000
0.1651900000
0.1651300000
0.1650600000
0.1649800000
0.1647900000
0.1645300000
0.1646100000
0.1646900000
0.1646400000
0.1644200000
0.1645500000
0.1647800000
0.1647800000
0.1647600000
0.1647900000
0.1650600000
0.1652000000
0.1651400000
0.1651900000
0.1653600000
0.1653000000
0.1652600000
0.1652000000
0.1651500000
0.1652500000
0.1651000000
0.1650500000
0.1650600000
0.1650600000
0.1652100000
0.1652500000
0.1651200000
0.1651700000
0.1651600000
0.1652500000
0.1651100000
0.1651200000
0.1648700000
0.1648200000
0.1649400000
0.1649100000
0.1649700000
0.1648500000
0.1648900000
0.1646700000
0.1646000000
0.1647200000
0.1646600000
0.1645400000
0.1644800000
0.1644100000
0.1645600000
0.1645700000
0.1645700000
0.1642500000
0.1640800000
0.1639800000
0.1638200000
0.1638800000
0.1639600000
0.1639100000
0.1641400000
0.1642500000
0.1642400000
0.1642500000
0.1644600000
0.1642600000
0.1642900000
0.1641400000
0.1640000000
0.1638900000
0.1639000000
0.1637300000
0.1638800000
0.1638200000
0.1639400000
0.1640700000
0.1642200000
0.1641900000
0.1639300000
0.1640200000
0.1641800000
0.1641200000
0.1642700000
0.1642300000
0.1643400000
0.1642000000
0.1641100000
0.1645100000
0.1646100000
0.1646800000
0.1646500000
0.1645400000
0.1644900000
0.1646200000
0.1647300000
0.1647100000
0.1647100000
0.1645800000
0.1645600000
0.1644700000
0.1644100000
0.1645500000
0.1647800000
0.1647600000
0.1648000000
0.1649600000
0.1650700000
0.1650800000
0.1649800000
0.1650400000
0.1651600000
0.1652300000
0.1652000000
0.1652600000
0.1651400000
0.1650100000
0.1649200000
0.1649500000
0.1648900000
0.1647500000
0.1646500000
0.1646700000
0.1646400000
0.1647300000
0.1646700000
0.1646300000
0.1644300000
0.1644400000
0.1643300000
0.1642400000
0.1643100000
0.1639300000
0.1638700000
0.1634600000
0.1633700000
0.1635700000
0.1634700000
0.1637700000
0.1635800000
0.1637300000
0.1637700000
0.1638700000
0.1639300000
0.1639300000
0.1638800000
0.1637000000
0.1636500000
0.1636300000
0.1637100000
0.1635900000
0.1635400000
0.1635000000
0.1635400000
0.1631100000
0.1632200000
0.1629200000
0.1633400000
0.1630700000
0.1630500000
0.1630200000
0.1631200000
0.1630200000
0.1632700000
0.1632200000
0.1632600000
0.1634600000
0.1633800000
0.1634500000
0.1635800000
0.1633700000
0.1631900000
0.1633300000
0.1631200000
0.1629200000
0.1626000000
0.1627000000
0.1630500000
0.1628800000
0.1628100000
0.1632200000
0.1633400000
0.1628900000
0.1631100000
0.1629200000
0.1633000000
0.1632300000
0.1629200000
0.1629500000
0.1630900000
0.1630800000
0.1630200000
0.1626100000
0.1631300000
0.1634300000
0.1634700000
0.1633400000
0.1631400000
0.1629700000
0.1625900000
0.1623900000
0.1620800000
0.1622700000
0.1624500000
0.1626400000
0.1621800000
0.1620600000
0.1625400000
0.1629100000
0.1631900000
0.1635300000
0.1635000000
0.1633400000
0.1633800000
0.1636800000
0.1635300000
0.1638000000
0.1634600000
0.1634400000
0.1635100000
0.1632500000
0.1627100000
0.1631400000
0.1632200000
0.1632100000
0.1630400000
0.1630900000
0.1629500000
0.1628700000
0.1625300000
0.1627700000
0.1623900000
0.1626800000
0.1630700000
0.1634500000
0.1633800000
0.1634000000
0.1634300000
0.1635100000
0.1634700000
0.1633200000
0.1633600000
0.1632000000
0.1630200000
0.1627400000
0.1625800000
0.1622300000
0.1621600000
0.1620100000
0.1618500000
0.1620600000
0.1615700000
0.1617900000
0.1617900000
0.1615500000
0.1614400000
0.1612300000
0.1620300000
0.1618100000
0.1616300000
0.1614300000
0.1614400000
0.1612000000
0.1609700000
0.1606900000
0.1615700000
0.1619500000
0.1615900000
0.1612300000
0.1612400000
0.1606000000
0.1607000000
0.1607400000
0.1613500000
0.1611300000
0.1610000000
0.1605600000
0.1605600000
0.1606000000
0.1597000000
0.1595500000
0.1593500000
0.1591800000
0.1596400000
0.1601600000
0.1604300000
0.1601600000
0.1604400000
0.1603200000
0.1599700000
0.1600700000
0.1599100000
0.1594800000
0.1588300000
0.1595300000
0.1599300000
0.1595800000
0.1593100000
0.1601300000
0.1601100000
0.1594300000
0.1597300000
0.1594400000
0.1601100000
0.1603700000
0.1604800000
0.1603700000
0.1599800000
0.1591800000
0.1587400000
0.1580500000
0.1567500000
0.1561000000
0.1558900000
0.1569300000
0.1557700000
0.1559300000
0.1560800000
0.1556400000
0.1558600000
0.1550500000
0.1558500000
0.1557000000
0.1553700000
0.1552000000
0.1552100000
0.1552500000
0.1553000000
0.1555000000
0.1553300000
0.1546400000
0.1553900000
0.1556600000
0.1548100000
0.1539600000
0.1541900000
0.1549800000
0.1549200000
0.1543600000
0.1546400000
0.1562600000
0.1575600000
0.1577400000
0.1576700000
0.1569500000
0.1570700000
0.1574600000
0.1579900000
0.1586900000
0.1582900000
0.1591500000
0.1586600000
0.1581500000
0.1575800000
0.1572300000
0.1571300000
0.1566200000
0.1560100000
0.1564200000
0.1574600000
0.1585400000
0.1583900000
0.1591100000
0.1591700000
0.1591500000
0.1586600000
0.1592700000
0.1594500000
0.1594300000
0.1593800000
0.1604300000
0.1604000000
0.1602600000
0.1599200000
0.1597100000
0.1597600000
0.1597200000
0.1600500000
0.1592000000
0.1591900000
0.1586200000
0.1587700000
0.1589200000
0.1576200000
0.1571900000
0.1562400000
0.1551200000
0.1550400000
0.1552100000
0.1547900000
0.1555200000
0.1543300000
0.1527400000
0.1532800000
0.1540100000
0.1551300000
0.1553000000
0.1552200000
0.1566000000
0.1561300000
0.1564500000
0.1561200000
0.1563400000
0.1570000000
0.1570100000
0.1561500000
0.1570100000
0.1572300000
0.1567300000
0.1565100000
0.1571600000
0.1566500000
0.1573200000
0.1562800000
0.1566400000
0.1571400000
0.1566800000
0.1555400000
0.1554500000
0.1556300000
0.1533400000
0.1536300000
0.1545400000
0.1539000000
0.1535100000
0.1533100000
0.1525900000
0.1525700000
0.1525000000
0.1523100000
0.1531100000
0.1541900000
0.1531400000
0.1531900000
0.1534700000
0.1551000000
0.1558800000
0.1556000000
0.1558500000
0.1561600000
0.1559400000
0.1560900000
0.1566200000
0.1565900000
0.1559000000
0.1569100000
0.1567700000
0.1557100000
0.1552100000
0.1556200000
0.1544200000
0.1554000000
0.1540300000
0.1542600000
0.1549600000
0.1564500000
0.1563000000
0.1563600000
0.1542700000
0.1550800000
0.1556200000
0.1545000000
0.1548600000
0.1549000000
0.1544600000
0.1542500000
0.1552000000
0.1545100000
0.1536100000
0.1541100000
0.1544000000
0.1552400000
0.1553700000
0.1561900000
0.1566200000
0.1567500000
0.1565600000
0.1565000000
0.1553100000
0.1562400000
0.1562500000
0.1566200000
0.1561600000
0.1557500000
0.1550800000
0.1548900000
0.1546400000
0.1553100000
0.1561900000
0.1552600000
0.1550400000
0.1560200000
0.1558900000
0.1565300000
0.1563700000
0.1566500000
0.1565900000
0.1559900000
0.1564200000
0.1561200000
0.1554100000
0.1548000000
0.1547200000
0.1545400000
0.1551200000
0.1555300000
0.1543500000
0.1529000000
0.1514300000
0.1503800000
0.1496100000
0.1497100000
0.1500100000
0.1492100000
0.1506200000
0.1496900000
0.1493100000
0.1499600000
0.1480100000
0.1506900000
0.1509800000
0.1492200000
0.1502000000
0.1493200000
0.1493400000
0.1497700000
0.1500200000
0.1518400000
0.1522900000
0.1506700000
0.1515400000
0.1519700000
0.1516000000
0.1508200000
0.1515400000
0.1517400000
0.1531000000
0.1535000000
0.1532300000
0.1530400000
0.1539800000
0.1542800000
0.1540300000
0.1548500000
0.1542800000
0.1540600000
0.1539200000
0.1533700000
0.1525300000
0.1521600000
0.1531500000
0.1528700000
0.1546100000
0.1539500000
0.1533900000
0.1523700000
0.1525000000
0.1512100000
0.1488400000
0.1491400000
0.1485500000
0.1500000000
0.1499500000
0.1500700000
0.1509000000
0.1507200000
0.1509700000
0.1528900000
0.1527600000
0.1507300000
0.1501600000
0.1511100000
0.1498000000
0.1493100000
0.1491700000
0.1482600000
0.1483600000
0.1486800000
0.1481700000
0.1464500000
0.1471400000
0.1488100000
0.1485600000
0.1485800000
0.1496800000
0.1484100000
0.1486700000
0.1488500000
0.1466400000
0.1450700000
0.1446100000
0.1462900000
0.1465500000
0.1464200000
0.1438100000
0.1442500000
0.1446700000
0.1453000000
0.1434700000
0.1437400000
0.1442900000
0.1429400000
0.1425400000
0.1398600000
0.1389500000
0.1381800000
0.1425100000
0.1387400000
0.1397200000
0.1385500000
0.1383500000
0.1397700000
0.1400100000
0.1390900000
0.1386100000
0.1362000000
0.1353600000
0.1340800000
0.1313200000
0.1321600000
0.1286700000
0.1238500000
0.1249200000
0.1224600000
0.1200700000
0.1182000000
0.1191400000
0.1210100000
0.1193000000
0.1237000000
0.1191500000
0.1129400000
0.1142300000
0.1147300000
0.1110700000
0.1067500000
0.1012800000
0.0986850000
0.0975600000
0.0982500000
0.0974110000
0.0905160000
0.0868220000
0.0818990000
0.0702770000
0.0763940000
0.0658340000
0.0653880000
0.0593030000
0.0672910000
0.0716570000
0.0683870000
0.0652600000
0.0573280000
0.0548460000
0.0532060000
0.0508730000
0.0620830000
0.0642180000
0.0655660000
0.0738950000
0.0821830000
0.0954560000
0.0974100000
0.1036900000
0.0971780000
0.0963170000
0.0885770000
0.0940570000
0.0886710000
0.0912180000
0.0911730000
0.0888650000
0.0845270000
0.0858920000
0.0795520000
0.0804620000
0.0779310000
0.0755360000
0.0801320000
0.0717390000
0.0714770000
0.0736510000
0.0632430000
0.0624040000
0.0578950000
0.0625220000
0.0626410000
0.0644910000
0.0687330000
0.0795860000
0.0736400000
0.0714690000
0.0638600000
0.0693300000
0.0755860000
0.0751070000
0.0696850000
0.0715500000
0.0665890000
0.0706250000
0.0810470000
0.0799130000
0.0774560000
0.0688230000
0.0738130000
0.0671640000
0.0745420000
0.0745870000
0.0836580000
0.0771960000
0.0916710000
0.0911260000
0.0858710000
0.0807780000
0.0781900000
0.0808310000
0.0811910000
0.0802080000
0.0773570000
0.0789420000
0.0913930000
0.0923920000
0.0936580000
0.0962180000
0.0987890000
0.0950330000
0.0980570000
0.0995790000
0.1025300000
0.1030100000
0.1039100000
0.1035400000
0.1010300000
0.0978710000
0.0997600000
0.1011400000
0.1023600000
0.0970670000
0.0998210000
0.0993790000
0.0976360000
0.0947930000
0.0918910000
0.0904470000
0.0925910000
0.0892420000
0.0827720000
0.0745420000
0.0725330000
0.0679130000
0.0658370000
0.0626720000
0.0679720000
0.0611990000
0.0737960000
0.0703310000
0.0700740000
0.0661730000
0.0634400000
0.0605040000
0.0650240000
0.0581270000
0.0630990000
0.0650930000
0.0693970000
0.0687820000
0.0688860000
0.0634800000
0.0603350000
0.0613000000
0.0442640000
0.0384710000
0.0629890000
0.0574490000
0.0692390000
0.0672000000
0.0637050000
0.0692430000
0.0770870000
0.0798650000
0.0805360000
0.0825500000
0.0830360000
0.0719850000
0.0760950000
0.0661760000
0.0695990000
0.0732340000
0.0724730000
0.0727660000
0.0623830000
0.0631470000
0.0741550000
0.0766340000
0.0649190000
0.0683190000
0.0681520000
0.0670960000
0.0623890000
0.0521950000
0.0713530000
0.0703150000
0.0688290000
0.0620570000
0.0593890000
0.0447390000
0.0626540000
0.0596050000
0.0594820000
0.0577770000
0.0567840000
0.0480820000
0.0411930000
0.0409460000
0.0499240000
0.0423670000
0.0346520000
0.0262530000
0.0367480000
0.0269370000
0.0261680000
0.0306810000
0.0283180000
0.0361520000
0.0379050000
0.0414580000
0.0265300000
0.0185060000
0.0375400000
0.0300940000
0.0229390000
0.0222380000
0.0057552000
-0.0097003000
0.0003822500
0.0108520000
0.0046115000
0.0132740000
0.0010758000
-0.0030375000
-0.0132870000
-0.0107620000
-0.0128250000
-0.0042373000
-0.0146300000
-0.0077941000
0.0054533000
0.0113700000
0.0059897000
0.0016320000
0.0021364000
0.0123860000
-0.0024508000
0.0011165000
0.0019630000
0.0109250000
0.0007627700
-0.0045862000
-0.0206870000
-0.0398650000
-0.0275340000
-0.0332240000
-0.0449120000
-0.0201610000
-0.0248550000
-0.0399670000
-0.0540220000
-0.0629050000
-0.0627540000
-0.0527490000
-0.0516030000
-0.0643580000
-0.0558460000
-0.0567020000
-0.0523780000
-0.0287610000
-0.0440890000
-0.0513180000
-0.0459570000
-0.0491160000
-0.0356380000
-0.0391740000
-0.0492090000
-0.0427240000
-0.0458120000
-0.0595740000
-0.0779450000
-0.0756560000
-0.0510040000
-0.0660840000
-0.0720050000
-0.0789120000
-0.0762740000
-0.0712370000
-0.0819260000
-0.0789300000
-0.0928350000
-0.0859530000
-0.1009700000
-0.0815100000
-0.0767480000
-0.0735980000
-0.0857420000
-0.0852500000
-0.0657030000
-0.0996610000
-0.0903730000
-0.0851690000
-0.1000500000
-0.1078600000
-0.0958060000
-0.0980380000
-0.1228800000
-0.1388300000
-0.1366400000
-0.1205100000
-0.1226200000
-0.1280400000
-0.1373100000
-0.1663200000
-0.1787300000
-0.1658900000
-0.1544500000
-0.1408100000
-0.1176900000
-0.1156900000
-0.1007500000
-0.0908940000
-0.0670450000
-0.1065600000
-0.0937760000
-0.0947410000
-0.0956830000
-0.1125300000
-0.1036100000
-0.0593760000
-0.0871140000
-0.0855580000
-0.0880720000
-0.0870820000
-0.0957770000
-0.0991760000
-0.1039600000
-0.1090100000
-0.0996290000
-0.1126400000
-0.1461000000
-0.1603200000
-0.1733800000
-0.1057000000
-0.1108800000
-0.0813470000
-0.0873160000
-0.0906780000
-0.0925880000
-0.0902730000
-0.0747590000
-0.0910540000
-0.0781490000
-0.0284940000
-0.0181820000
-0.0182540000
-0.0197040000
-0.0213380000
-0.0156090000
-0.0238130000
-0.0154120000
-0.0338680000
-0.0123080000
0.0041049000
0.0078107000
-0.0085508000
-0.0216230000
-0.0059947000
-0.0029554000
-0.0087292000
0.0102860000
0.0133600000
0.0146330000
-0.0042204000
-0.0117890000
-0.0041048000
-0.0149570000
-0.0068262000
-0.0000587150
0.0038122000
0.0097719000
0.0037384000
-0.0050094000
-0.0058139000
-0.0097047000
-0.0152880000
-0.0163130000
-0.0192420000
-0.0161470000
-0.0037977000
-0.0088902000
-0.0070495000
-0.0071442000
0.0145280000
0.0054525000
-0.0055177000
-0.0077351000
-0.0155330000
-0.0116260000
-0.0075784000
-0.0203060000
-0.0231840000
-0.0195670000
-0.0476770000
-0.0563110000
-0.0410900000
-0.0512460000
-0.0261560000
-0.0075040000
-0.0097755000
-0.0022831000
-0.0133890000
-0.0263170000
-0.0427160000
-0.0481510000
-0.0455640000
-0.0704930000
-0.0630700000
-0.0721910000
-0.0780680000
-0.0859380000
-0.0834630000
-0.0786960000
-0.0951060000
-0.1240100000
-0.1128900000
-0.1064400000
-0.0697280000
-0.0843250000
-0.0829810000
-0.0984630000
-0.1009700000
-0.1240200000
-0.1423000000
-0.1265600000
-0.0944580000
-0.0911040000
-0.0927870000
-0.0714920000
-0.0597100000
-0.0318130000
-0.0310520000
-0.0542020000
-0.0607890000
-0.0472160000
-0.0598810000
-0.0565950000
-0.0696060000
-0.0618380000
-0.0616550000
-0.0654120000
-0.0715990000
-0.0626930000
-0.0604240000
-0.0685970000
-0.0696710000
-0.0648170000
-0.0632370000
-0.0846010000
-0.0893860000
-0.1033900000
-0.1069100000
-0.0813770000
-0.0728860000
-0.0364480000
-0.0288360000
-0.0058973000
-0.0168220000
-0.0200900000
-0.0203060000
0.0057299000
0.0099566000
0.0094241000
0.0200590000
0.0044982000
0.0060175000
0.0142020000
0.0109650000
-0.0056481000
-0.0245730000
-0.0402700000
-0.0571470000
-0.0678420000
-0.0794640000
-0.0866060000
-0.0881120000
-0.0796640000
-0.0783610000
-0.0554990000
-0.0493670000
-0.0502470000
-0.0748740000
-0.0836630000
-0.0934690000
-0.0948270000
-0.0979610000
-0.0924440000
-0.0837590000
-0.0918260000
-0.0747810000
-0.0976560000
-0.0929660000
-0.0733600000
-0.0760730000
-0.0288010000
-0.0241670000
-0.0300760000
-0.0173700000
-0.0161540000
-0.0181060000
-0.0242740000
-0.0230640000
-0.0132630000
-0.0248010000
-0.0170430000
-0.0249720000
-0.0251770000
-0.0204610000
-0.0436520000
-0.0382300000
-0.0373650000
-0.0377080000
-0.0312740000
-0.0451680000
-0.0269160000
-0.0291580000
-0.0337300000
-0.0316450000
-0.0271100000
-0.0243210000
-0.0278450000
-0.0255880000
-0.0298360000
-0.0291640000
-0.0351890000
-0.0214410000
-0.0092728000
-0.0146590000
0.0008424800
0.0165620000
0.0212130000
0.0126250000
0.0170660000
0.0272220000
0.0224280000
0.0197160000
0.0155930000
0.0200740000
0.0129560000
0.0179260000
0.0169190000
-0.0021820000
-0.0069048000
-0.0176960000
-0.0176100000
-0.0285220000
-0.0548790000
-0.0527300000
-0.0433710000
-0.0562020000
-0.0586560000
-0.0648310000
-0.0651650000
-0.0674300000
-0.0661500000
-0.0934590000
-0.0816560000
-0.0958370000
-0.1246800000
-0.1252300000
-0.1093800000
-0.1101300000
-0.1348500000
-0.1187400000
-0.1239000000
-0.1160300000
-0.1020300000
-0.0983240000
-0.0825090000
-0.0710340000
-0.0786100000
-0.0781470000
-0.0696730000
-0.0562460000
-0.0510380000
-0.0677080000
-0.0670060000
-0.0724900000
-0.0667810000
-0.0752790000
-0.1128300000
-0.1015000000
-0.1013400000
-0.1014400000
-0.0987300000
-0.0820220000
-0.1134900000
-0.1130400000
-0.1137600000
-0.1044400000
-0.1042200000
-0.1156900000
-0.0922960000
-0.1102700000
-0.1011000000
-0.0533780000
-0.0743140000
-0.0730500000
-0.1034900000
-0.1021100000
-0.1057100000
-0.1337800000
-0.1450000000
-0.1194600000
-0.1179400000
-0.1267000000
-0.1226600000
-0.1303500000
-0.0992140000
-0.0904180000
-0.1049600000
-0.1030800000
-0.1007600000
-0.1081900000
-0.1278800000
-0.1307500000
-0.1502900000
-0.1491500000
-0.1710700000
-0.1527800000
-0.1776600000
-0.1745200000
-0.1694800000
-0.1733400000
-0.1449200000
-0.1076300000
-0.1433100000
-0.1524300000
-0.1398600000
-0.1338200000
-0.1302800000
-0.1124800000
-0.0966590000
-0.0627870000
-0.0610680000
-0.0795180000
-0.0698580000
-0.0568950000
-0.0635930000
-0.0792310000
-0.0771060000
-0.0530110000
-0.0778600000
-0.0715060000
-0.0745300000
-0.0578100000
-0.0622230000
-0.0663440000
-0.0687420000
-0.0494960000
-0.0644730000
-0.0613040000
-0.0718680000
-0.0936190000
-0.1094100000
-0.1104900000
-0.1238500000
-0.1204400000
-0.0905620000
-0.0974690000
-0.1141200000
-0.0836080000
-0.0578700000
-0.0648900000
-0.0902100000
-0.0921900000
-0.0660620000
-0.0700910000
-0.0815090000
-0.0709280000
-0.0682230000
-0.1005100000
-0.0946060000
-0.0910490000
-0.0676850000
-0.1074700000
-0.1153600000
-0.1116300000
-0.1068500000
-0.1267000000
-0.1347900000
-0.1352800000
-0.1358300000
-0.1391800000
-0.1264800000
-0.1314600000
-0.1077700000
-0.0878070000
-0.0945120000
-0.0733430000
-0.0458750000
-0.0445350000
-0.0575620000
-0.0391030000
-0.0274800000
-0.0317550000
-0.0419500000
-0.0311100000
-0.0238980000
-0.0394790000
-0.0331690000
-0.0394320000
-0.0280910000
-0.0206070000
-0.0258860000
-0.0184130000
-0.0144520000
-0.0203430000
-0.0366790000
-0.0219860000
-0.0161220000
-0.0025772000
0.0033820000
0.0212970000
0.0295100000
0.0305330000
0.0241050000
0.0359770000
0.0342150000
0.0191700000
0.0314050000
0.0218590000
0.0253350000
0.0317710000
0.0400760000
0.0416010000
0.0513410000
0.0508550000
0.0522480000
0.0561150000
0.0640710000
0.0665940000
0.0695070000
0.0645300000
0.0599800000
0.0635760000
0.0680350000
0.0677480000
0.0784020000
0.0744540000
0.0679960000
0.0694650000
0.0733350000
0.0736610000
0.0829870000
0.0924030000
0.0930100000
0.0928310000
0.0928720000
0.0929990000
0.0901500000
0.0817020000
0.0809680000
0.0802490000
0.0864430000
0.0834160000
0.0867980000
0.0877100000
0.0889770000
0.0949190000
0.0912580000
0.0847030000
0.0744890000
0.0725000000
0.0825290000
0.0883860000
0.0840170000
0.0751830000
0.0795150000
0.0681480000
0.0747100000
0.0738550000
0.0760410000
0.0801290000
0.0782370000
0.0790350000
0.0855330000
0.0750910000
0.0661680000
0.0648360000
0.0703450000
0.0627750000
0.0715340000
0.0783470000
0.0810020000
0.0763770000
0.0787100000
0.0790960000
0.0811710000
0.0798380000
0.0651410000
0.0622780000
0.0536340000
0.0513790000
0.0521550000
0.0553560000
0.0604360000
0.0518330000
0.0619920000
0.0581640000
0.0504720000
0.0591390000
0.0566480000
0.0511930000
0.0462870000
0.0479200000
0.0521630000
0.0562020000
0.0557670000
0.0627100000
0.0703140000
0.0677040000
0.0729500000
0.0680710000
0.0728050000
0.0781030000
0.0610370000
0.0669430000
0.0578570000
0.0651970000
0.0666060000
0.0700310000
0.0812250000
0.0781920000
0.0861570000
0.0900970000
0.0955610000
0.0915120000
0.0851390000
0.0793410000
0.0792830000
0.0753960000
0.0842070000
0.0918240000
0.0926410000
0.0845350000
0.0836530000
0.0910590000
0.0932020000
0.0955570000
0.1013700000
0.1003600000
0.1050000000
0.0995150000
0.1003400000
0.0966870000
0.1010300000
0.0942430000
0.0982290000
0.0991440000
0.0923570000
0.0939650000
0.0921040000
0.0943660000
0.0913830000
0.0930500000
0.0924720000
0.1014500000
0.0923750000
0.0930580000
0.0921200000
0.0957990000
0.0972620000
0.0991310000
0.1007900000
0.1093500000
0.1044700000
0.1035900000
0.1057300000
0.1056700000
0.1103700000
0.1146400000
0.1115700000
0.1133200000
0.1142100000
0.1142700000
0.1190300000
0.1246200000
0.1249200000
0.1239400000
0.1262800000
0.1228700000
0.1244000000
0.1203600000
0.1199600000
0.1217500000
0.1175200000
0.1195100000
0.1187000000
0.1188000000
0.1169800000
0.1185100000
0.1168800000
0.1146300000
0.1133800000
0.1105300000
0.1150800000
0.1183500000
0.1129900000
0.1171000000
0.1083800000
0.1075100000
0.1054900000
0.0981550000
0.0963100000
0.0924460000
0.0942480000
0.0983100000
0.0910490000
0.0981520000
0.0981890000
0.0914480000
0.0904920000
0.0903540000
0.0878000000
0.0899850000
0.0870620000
0.0858820000
0.0836280000
0.0845570000
0.0906660000
0.0898910000
0.0897030000
0.0933690000
0.0879860000
0.0851550000
0.0733660000
0.0741390000
0.0735340000
0.0678960000
0.0573270000
0.0584770000
0.0588790000
0.0464780000
0.0549640000
0.0526820000
0.0391480000
0.0428100000
0.0315790000
0.0459290000
0.0421410000
0.0346240000
0.0340330000
0.0622220000
0.0594960000
0.0607030000
0.0613440000
0.0649550000
0.0587550000
0.0638440000
0.0580690000
0.0491070000
0.0624320000
0.0674200000
0.0730760000
0.0718470000
0.0695870000
0.0627810000
0.0543050000
0.0557930000
0.0708400000
0.0655360000
0.0651420000
0.0660730000
0.0670950000
0.0532920000
0.0599720000
0.0607560000
0.0611950000
0.0602510000
0.0562820000
0.0503290000
0.0518890000
0.0552140000
0.0501050000
0.0514640000
0.0599920000
0.0694640000
0.0661000000
0.0713670000
0.0722390000
0.0702990000
0.0645350000
0.0720310000
0.0742900000
0.0749900000
0.0703570000
0.0667790000
0.0688600000
0.0761250000
0.0772970000
0.0818170000
0.0764240000
0.0825850000
0.0745200000
0.0751270000
0.0780290000
0.0744790000
0.0757220000
0.0757690000
0.0740660000
0.0768080000
0.0678060000
0.0603090000
0.0605130000
0.0567780000
0.0554680000
0.0549830000
0.0554740000
0.0542440000
0.0448670000
0.0462380000
0.0565620000
0.0659260000
0.0664370000
0.0721730000
0.0729620000
0.0682100000
0.0709270000
0.0734920000
0.0760370000
0.0764950000
0.0736670000
0.0745940000
0.0704130000
0.0673880000
0.0697310000
0.0778960000
0.0781230000
0.0799690000
0.0740030000
0.0826610000
0.0870200000
0.0848410000
0.0806870000
0.0921700000
0.0903050000
0.0846330000
0.0839760000
0.0802910000
0.0762440000
0.0689840000
0.0706500000
0.0635100000
0.0559580000
0.0512420000
0.0398580000
0.0494860000
0.0429410000
0.0491200000
0.0479030000
0.0334240000
0.0380570000
0.0335540000
0.0430130000
0.0412120000
0.0444570000
0.0504140000
0.0463410000
0.0527980000
0.0439510000
0.0460680000
0.0594240000
0.0596000000
0.0494790000
0.0631220000
0.0627350000
0.0695030000
0.0703770000
0.0764770000
0.0744420000
0.0688300000
0.0807250000
0.0806290000
0.0778820000
0.0871320000
0.0814050000
0.0863780000
0.0911640000
0.0920840000
0.0938750000
0.1016700000
0.1012700000
0.1009200000
0.0918140000
0.1015300000
0.1078500000
0.1048000000
0.1018900000
0.0943040000
0.0993570000
0.0976760000
0.0927150000
0.0998390000
0.1063200000
0.0966420000
0.0969700000
0.0963940000
0.0968940000
0.1046900000
0.1068500000
0.1115000000
0.1104100000
0.1117200000
0.1131600000
0.1103600000
0.1117400000
0.1133700000
0.1137500000
0.1136100000
0.1116400000
0.1129900000
0.1134900000
0.1160900000
0.1090000000
0.1090100000
0.1175200000
0.1166900000
0.1130400000
0.1076900000
0.1066400000
0.1076100000
0.1097700000
0.1108300000
0.1155900000
0.1086300000
0.1119400000
0.1100900000
0.1097500000
0.1082300000
0.1100800000
0.1066900000
0.1048000000
0.1049100000
0.1066700000
0.1026600000
0.0981500000
0.1004000000
0.0914300000
0.0945660000
0.0901360000
0.0869390000
0.0871750000
0.0890190000
0.0900920000
0.0791170000
0.0701010000
0.0695800000
0.0643900000
0.0569590000
0.0538830000
0.0556820000
0.0643850000
0.0662230000
0.0657020000
0.0653250000
0.0625580000
0.0599420000
0.0525220000
0.0568000000
0.0470510000
0.0473410000
0.0525720000
0.0660010000
0.0645160000
0.0609750000
0.0547010000
0.0657730000
0.0689880000
0.0680900000
0.0730100000
0.0637720000
0.0694370000
0.0650650000
0.0701920000
0.0724280000
0.0658900000
0.0745660000
0.0748430000
0.0678250000
0.0716210000
0.0717560000
0.0672860000
0.0587600000
0.0486250000
0.0611380000
0.0642180000
0.0692300000
0.0632470000
0.0594590000
0.0574430000
0.0627820000
0.0626500000
0.0632870000
0.0599990000
0.0600400000
0.0619380000
0.0666410000
0.0616220000
0.0611100000
0.0627020000
0.0658990000
0.0722330000
0.0760110000
0.0771210000
0.0639480000
0.0651660000
0.0510740000
0.0486570000
0.0381770000
0.0253960000
0.0003813000
0.0084006000
0.0101540000
-0.0174820000
-0.0252540000
-0.0149760000
-0.0073267000
-0.0138090000
-0.0166280000
-0.0087251000
-0.0129460000
0.0018403000
-0.0150290000
-0.0030823000
-0.0061150000
-0.0025171000
0.0114780000
0.0170070000
0.0279170000
0.0326590000
0.0325720000
0.0174040000
0.0139710000
0.0170120000
0.0152660000
0.0134420000
-0.0037276000
0.0047355000
0.0141920000
0.0192090000
0.0116130000
0.0070539000
-0.0019518000
-0.0198140000
-0.0023327000
-0.0042624000
-0.0199480000
-0.0297370000
-0.0218620000
-0.0291040000
-0.0244870000
-0.0231570000
-0.0287380000
-0.0234240000
-0.0234150000
-0.0324910000
-0.0159980000
-0.0202540000
-0.0373010000
-0.0552890000
-0.0637520000
-0.0852450000
-0.0514760000
