-2.0000000000
1.0000000000
0.2500000000
0.2500000000
0.5000000000
0.7500000000
-9.0000000000
0.0000000000
0.0000000000
2.5000000000
3.0000000000
5.0000000000
4.7500000000
19.0000000000
6.0000000000
4.5000000000
3.5000000000
1.7500000000
0.5000000000
-0.5000000000
0.0000000000
-0.5000000000
-0.2500000000
0.7500000000
0.0000000000
0.5000000000
0.0000000000
-3.5000000000
2.0000000000
2.7500000000
3.5000000000
0.0000000000
2.7500000000
3.7500000000
2.0000000000
3.5000000000
0.7500000000
0.2500000000
0.7500000000
0.0000000000
1.5000000000
2.2500000000
2.0000000000
-6.0000000000
-0.7500000000
-0.7500000000
0.0000000000
-1.0000000000
2.0000000000
2.2500000000
4.0000000000
4.0000000000
2.7500000000
1.0000000000
3.2500000000
2.2500000000
5.0000000000
4.5000000000
0.7500000000
-0.2500000000
-0.5000000000
0.0000000000
-0.7500000000
0.0000000000
0.0000000000
0.0000000000
1.7500000000
0.7500000000
2.5000000000
3.5000000000
4.5000000000
4.2500000000
1.0000000000
1.5000000000
4.5000000000
-6.2500000000
0.2500000000
-0.2500000000
0.0000000000
0.5000000000
-2.7500000000
1.2500000000
-4.2500000000
0.2500000000
-0.5000000000
-1.0000000000
0.7500000000
2.5000000000
5.5000000000
5.2500000000
5.2500000000
4.7500000000
4.0000000000
3.5000000000
11.5000000000
3.2500000000
1.2500000000
1.5000000000
1.7500000000
0.0000000000
-0.2500000000
0.0000000000
-0.2500000000
0.7500000000
1.2500000000
2.5000000000
-6.5000000000
3.7500000000
6.7500000000
6.0000000000
6.7500000000
4.5000000000
3.0000000000
1.7500000000
1.0000000000
0.0000000000
-0.7500000000
-0.5000000000
0.5000000000
1.0000000000
0.7500000000
0.0000000000
-0.5000000000
-0.5000000000
-0.7500000000
-0.7500000000
4.2500000000
3.7500000000
5.2500000000
7.2500000000
4.5000000000
3.2500000000
3.2500000000
4.2500000000
4.2500000000
3.7500000000
2.5000000000
2.0000000000
0.0000000000
0.5000000000
-1.0000000000
-0.2500000000
-1.5000000000
-0.2500000000
-0.5000000000
-1.2500000000
-0.2500000000
1.2500000000
5.0000000000
2.7500000000
7.5000000000
6.7500000000
4.7500000000
4.2500000000
3.5000000000
2.7500000000
4.2500000000
1.0000000000
0.0000000000
-2.5000000000
-0.2500000000
-0.7500000000
-5.7500000000
-1.2500000000
-1.2500000000
0.0000000000
-0.7500000000
2.5000000000
5.0000000000
4.5000000000
9.0000000000
8.7500000000
5.7500000000
4.2500000000
4.2500000000
4.0000000000
2.5000000000
-3.0000000000
-2.2500000000
-4.7500000000
-2.7500000000
-7.2500000000
-5.5000000000
-1.5000000000
-2.0000000000
-2.0000000000
-2.5000000000
2.0000000000
6.5000000000
11.0000000000
11.5000000000
10.0000000000
5.5000000000
4.2500000000
1.7500000000
2.5000000000
1.5000000000
-0.5000000000
-2.0000000000
-4.2500000000
-3.7500000000
-6.2500000000
-2.7500000000
-2.0000000000
-1.0000000000
-5.2500000000
4.2500000000
7.5000000000
10.7500000000
10.7500000000
8.5000000000
8.5000000000
6.2500000000
2.7500000000
0.0000000000
-1.5000000000
-3.0000000000
-13.5000000000
-4.7500000000
-4.0000000000
-1.7500000000
0.0000000000
-2.5000000000
0.7500000000
1.7500000000
5.7500000000
8.2500000000
9.5000000000
10.2500000000
6.5000000000
6.0000000000
2.7500000000
1.5000000000
-1.0000000000
-3.5000000000
-3.7500000000
-5.0000000000
-4.2500000000
-3.0000000000
-1.0000000000
0.0000000000
2.0000000000
4.5000000000
7.7500000000
8.2500000000
9.7500000000
9.0000000000
6.5000000000
3.0000000000
-1.0000000000
-2.7500000000
-3.5000000000
-4.0000000000
-2.5000000000
-5.7500000000
-2.7500000000
-6.2500000000
0.0000000000
1.2500000000
5.7500000000
9.0000000000
11.5000000000
11.7500000000
9.0000000000
6.2500000000
3.7500000000
2.2500000000
-0.2500000000
-2.7500000000
-3.5000000000
-3.5000000000
-1.0000000000
-3.2500000000
-1.0000000000
4.5000000000
1.5000000000
3.0000000000
4.5000000000
6.5000000000
7.0000000000
7.5000000000
-0.2500000000
3.7500000000
2.2500000000
0.0000000000
-2.0000000000
-3.0000000000
-3.2500000000
-2.5000000000
-4.7500000000
0.5000000000
2.2500000000
1.5000000000
3.0000000000
1.5000000000
1.5000000000
6.2500000000
6.5000000000
5.0000000000
2.2500000000
12.0000000000
0.7500000000
-0.7500000000
-1.7500000000
-2.5000000000
-2.0000000000
-2.0000000000
-0.5000000000
0.7500000000
0.0000000000
1.7500000000
-8.2500000000
0.7500000000
1.7500000000
2.7500000000
4.2500000000
4.7500000000
-0.5000000000
2.7500000000
1.0000000000
-0.5000000000
-0.7500000000
-3.2500000000
0.0000000000
1.7500000000
2.2500000000
1.7500000000
2.2500000000
-2.0000000000
-2.0000000000
-3.5000000000
-3.0000000000
2.7500000000
3.5000000000
6.0000000000
5.0000000000
3.5000000000
3.2500000000
2.7500000000
2.0000000000
2.0000000000
2.0000000000
1.7500000000
0.0000000000
1.0000000000
1.2500000000
-3.0000000000
-0.2500000000
0.0000000000
-2.2500000000
-0.2500000000
2.2500000000
4.7500000000
5.0000000000
6.0000000000
4.5000000000
2.2500000000
6.0000000000
2.5000000000
2.2500000000
1.0000000000
0.0000000000
0.5000000000
0.0000000000
0.0000000000
-1.0000000000
-0.7500000000
-1.2500000000
-1.0000000000
-1.0000000000
0.7500000000
3.0000000000
6.2500000000
6.5000000000
4.2500000000
4.5000000000
4.7500000000
3.7500000000
2.7500000000
2.7500000000
-6.5000000000
0.2500000000
-0.2500000000
-2.0000000000
-1.5000000000
0.0000000000
0.2500000000
2.0000000000
2.2500000000
2.7500000000
4.2500000000
6.0000000000
10.2500000000
7.2500000000
6.0000000000
4.7500000000
3.0000000000
-0.5000000000
-3.0000000000
-4.5000000000
-3.7500000000
-4.7500000000
-0.5000000000
0.0000000000
0.0000000000
0.5000000000
3.7500000000
2.5000000000
5.0000000000
7.7500000000
7.0000000000
6.2500000000
4.2500000000
0.7500000000
-5.0000000000
0.5000000000
1.2500000000
0.7500000000
-1.0000000000
-2.0000000000
-2.2500000000
-1.7500000000
-2.0000000000
-0.7500000000
0.2500000000
1.5000000000
3.7500000000
2.5000000000
5.0000000000
6.2500000000
4.7500000000
6.5000000000
3.2500000000
2.5000000000
18.0000000000
0.0000000000
0.0000000000
2.2500000000
-0.7500000000
-8.5000000000
-2.0000000000
1.5000000000
-0.5000000000
0.2500000000
0.7500000000
1.2500000000
0.7500000000
2.5000000000
4.2500000000
7.7500000000
6.7500000000
6.0000000000
4.0000000000
4.5000000000
4.5000000000
4.5000000000
4.0000000000
2.5000000000
1.7500000000
0.2500000000
-0.2500000000
-0.2500000000
0.2500000000
-0.2500000000
1.2500000000
0.7500000000
1.7500000000
3.5000000000
6.5000000000
7.7500000000
8.2500000000
7.2500000000
8.0000000000
5.2500000000
4.0000000000
3.0000000000
0.5000000000
-1.0000000000
-2.7500000000
-4.0000000000
-4.5000000000
-3.2500000000
-4.2500000000
-1.7500000000
0.5000000000
2.2500000000
7.5000000000
9.5000000000
9.7500000000
7.2500000000
5.7500000000
5.0000000000
2.7500000000
-0.2500000000
-2.7500000000
-7.5000000000
-5.5000000000
-5.7500000000
-3.7500000000
-2.0000000000
-0.5000000000
1.0000000000
4.5000000000
6.7500000000
8.0000000000
5.2500000000
5.0000000000
6.2500000000
5.2500000000
2.0000000000
-0.2500000000
-2.2500000000
-2.5000000000
-2.2500000000
-3.7500000000
-2.2500000000
-0.2500000000
-6.2500000000
1.5000000000
2.7500000000
5.7500000000
8.5000000000
9.7500000000
9.5000000000
7.5000000000
3.2500000000
3.2500000000
-0.2500000000
-3.5000000000
-5.2500000000
-4.0000000000
-3.5000000000
-1.2500000000
-1.0000000000
-0.5000000000
0.0000000000
-0.5000000000
0.5000000000
3.5000000000
5.7500000000
6.2500000000
6.2500000000
4.5000000000
3.0000000000
0.2500000000
2.0000000000
1.5000000000
0.0000000000
-0.7500000000
-1.0000000000
0.0000000000
0.0000000000
-4.0000000000
-1.7500000000
3.5000000000
5.7500000000
5.2500000000
5.2500000000
2.2500000000
0.7500000000
0.7500000000
1.0000000000
0.7500000000
0.0000000000
-1.0000000000
-2.7500000000
-3.7500000000
0.0000000000
0.0000000000
2.7500000000
0.2500000000
5.2500000000
4.5000000000
6.2500000000
3.2500000000
3.7500000000
2.7500000000
4.0000000000
1.5000000000
0.2500000000
0.5000000000
0.2500000000
-2.5000000000
-0.5000000000
0.0000000000
0.7500000000
2.5000000000
6.2500000000
5.7500000000
5.0000000000
5.2500000000
5.5000000000
5.0000000000
3.7500000000
4.2500000000
4.0000000000
1.2500000000
0.0000000000
-0.2500000000
0.5000000000
3.0000000000
4.0000000000
-4.5000000000
3.7500000000
2.5000000000
-0.2500000000
1.5000000000
3.2500000000
4.7500000000
5.0000000000
3.7500000000
2.7500000000
2.2500000000
0.0000000000
-2.5000000000
0.7500000000
2.0000000000
1.5000000000
3.5000000000
-3.5000000000
2.2500000000
2.7500000000
2.7500000000
3.2500000000
3.5000000000
4.0000000000
4.7500000000
3.0000000000
2.0000000000
1.2500000000
2.0000000000
3.5000000000
3.2500000000
1.7500000000
1.2500000000
1.0000000000
-0.5000000000
4.2500000000
5.5000000000
2.7500000000
6.0000000000
7.7500000000
5.0000000000
3.5000000000
1.2500000000
1.0000000000
-1.5000000000
-0.5000000000
0.5000000000
0.5000000000
-0.5000000000
3.0000000000
5.0000000000
4.5000000000
3.7500000000
5.5000000000
-1.2500000000
5.2500000000
4.0000000000
2.5000000000
0.7500000000
0.7500000000
3.7500000000
3.5000000000
3.0000000000
0.0000000000
0.5000000000
1.5000000000
0.2500000000
2.0000000000
4.5000000000
7.2500000000
4.0000000000
5.7500000000
3.2500000000
3.7500000000
4.2500000000
3.5000000000
1.2500000000
-0.7500000000
-0.7500000000
-1.7500000000
-1.0000000000
-0.7500000000
-0.2500000000
0.5000000000
3.0000000000
5.2500000000
4.7500000000
5.2500000000
5.5000000000
5.0000000000
4.5000000000
3.2500000000
0.7500000000
-0.2500000000
-1.5000000000
-5.7500000000
-2.2500000000
-1.5000000000
-0.7500000000
1.2500000000
1.5000000000
2.5000000000
3.2500000000
2.5000000000
2.0000000000
2.0000000000
2.5000000000
3.7500000000
4.5000000000
2.0000000000
0.0000000000
-1.0000000000
-3.2500000000
-9.0000000000
-0.5000000000
0.7500000000
0.7500000000
2.0000000000
2.0000000000
2.5000000000
3.5000000000
3.2500000000
4.2500000000
3.7500000000
3.7500000000
3.5000000000
2.0000000000
1.2500000000
1.5000000000
1.7500000000
1.2500000000
0.7500000000
0.0000000000
0.0000000000
0.7500000000
3.2500000000
3.7500000000
3.2500000000
-0.7500000000
2.7500000000
1.7500000000
0.0000000000
2.5000000000
2.5000000000
2.7500000000
-6.7500000000
1.7500000000
-0.2500000000
-1.0000000000
1.0000000000
1.0000000000
2.5000000000
3.0000000000
0.7500000000
1.5000000000
1.7500000000
2.5000000000
2.2500000000
-4.5000000000
0.5000000000
1.5000000000
0.0000000000
-9.5000000000
-9.5000000000
-2.5000000000
-1.5000000000
-3.0000000000
-5.5000000000
4.7500000000
2.7500000000
2.5000000000
3.2500000000
2.2500000000
4.0000000000
2.7500000000
4.0000000000
3.0000000000
0.2500000000
-1.0000000000
-2.5000000000
-2.0000000000
-2.2500000000
-2.0000000000
1.5000000000
3.5000000000
4.0000000000
8.2500000000
-2.7500000000
0.0000000000
0.2500000000
6.2500000000
1.2500000000
2.2500000000
0.5000000000
0.5000000000
-0.7500000000
-4.2500000000
-3.0000000000
-2.0000000000
-4.7500000000
-0.2500000000
-2.2500000000
1.5000000000
2.5000000000
3.0000000000
4.2500000000
4.5000000000
4.2500000000
2.2500000000
-0.7500000000
-2.0000000000
-2.2500000000
-2.5000000000
0.0000000000
-6.5000000000
0.5000000000
0.0000000000
2.5000000000
3.0000000000
1.2500000000
3.2500000000
5.2500000000
7.0000000000
5.2500000000
7.0000000000
4.5000000000
4.5000000000
2.5000000000
1.0000000000
-0.5000000000
-2.7500000000
-4.2500000000
-8.7500000000
-6.0000000000
-4.5000000000
-2.5000000000
1.2500000000
-9.7500000000
7.7500000000
10.2500000000
6.2500000000
9.7500000000
8.0000000000
7.0000000000
4.7500000000
2.5000000000
-1.5000000000
-4.5000000000
-5.0000000000
-7.2500000000
-7.2500000000
-6.2500000000
-10.2500000000
-4.7500000000
-1.2500000000
1.7500000000
6.0000000000
9.5000000000
12.7500000000
11.0000000000
8.2500000000
4.5000000000
3.0000000000
2.0000000000
-0.5000000000
-2.2500000000
-6.0000000000
-6.5000000000
-5.7500000000
-5.2500000000
-4.7500000000
-3.5000000000
-1.0000000000
2.0000000000
5.0000000000
9.0000000000
9.0000000000
7.5000000000
5.2500000000
4.2500000000
3.2500000000
3.0000000000
0.7500000000
-3.5000000000
-6.2500000000
-6.7500000000
-6.5000000000
-16.0000000000
-4.5000000000
-2.2500000000
9.7500000000
2.2500000000
5.7500000000
11.0000000000
12.5000000000
7.7500000000
10.0000000000
5.2500000000
3.5000000000
1.2500000000
-1.0000000000
-4.7500000000
-7.2500000000
-6.7500000000
-6.5000000000
-6.0000000000
-3.2500000000
-4.2500000000
4.5000000000
4.0000000000
6.5000000000
9.7500000000
11.0000000000
10.2500000000
10.7500000000
7.5000000000
6.0000000000
2.0000000000
0.0000000000
-5.0000000000
-3.7500000000
-8.0000000000
-5.7500000000
-4.7500000000
-3.5000000000
-2.0000000000
-0.7500000000
1.0000000000
3.2500000000
5.0000000000
9.2500000000
9.5000000000
9.2500000000
7.7500000000
4.7500000000
5.7500000000
0.7500000000
-1.7500000000
-4.5000000000
-5.0000000000
-3.7500000000
-2.2500000000
-2.2500000000
-1.5000000000
-2.5000000000
-0.7500000000
2.2500000000
4.0000000000
8.7500000000
10.5000000000
10.2500000000
7.7500000000
4.7500000000
3.0000000000
1.7500000000
1.2500000000
-2.5000000000
-6.2500000000
-3.2500000000
-3.2500000000
-2.7500000000
-3.0000000000
-1.7500000000
-1.7500000000
3.0000000000
6.7500000000
5.5000000000
7.5000000000
8.5000000000
6.5000000000
4.2500000000
2.2500000000
-2.7500000000
-1.2500000000
-2.5000000000
-3.5000000000
-4.2500000000
-3.2500000000
-1.0000000000
-0.2500000000
0.0000000000
0.7500000000
1.2500000000
0.5000000000
1.7500000000
2.2500000000
0.7500000000
0.0000000000
0.7500000000
4.5000000000
2.5000000000
2.2500000000
2.0000000000
1.7500000000
1.0000000000
1.5000000000
1.0000000000
0.2500000000
1.0000000000
0.5000000000
0.2500000000
-1.2500000000
0.0000000000
0.7500000000
1.0000000000
1.0000000000
0.7500000000
-0.2500000000
6.2500000000
8.5000000000
8.2500000000
4.0000000000
0.0000000000
-0.7500000000
-1.2500000000
0.7500000000
0.7500000000
2.0000000000
1.7500000000
2.7500000000
3.0000000000
2.0000000000
0.2500000000
-1.0000000000
-0.7500000000
-0.7500000000
-1.0000000000
0.7500000000
2.0000000000
3.7500000000
1.7500000000
0.5000000000
1.2500000000
0.0000000000
0.0000000000
-0.7500000000
-1.7500000000
-1.0000000000
-1.2500000000
0.0000000000
0.7500000000
1.7500000000
0.0000000000
6.0000000000
6.2500000000
2.7500000000
4.2500000000
2.0000000000
1.7500000000
0.7500000000
1.0000000000
-0.5000000000
-0.2500000000
0.0000000000
0.0000000000
0.5000000000
0.0000000000
-1.5000000000
0.7500000000
0.0000000000
0.2500000000
1.2500000000
6.2500000000
7.2500000000
5.0000000000
3.7500000000
1.2500000000
-1.5000000000
0.5000000000
0.2500000000
-1.7500000000
0.5000000000
-0.5000000000
-0.2500000000
-1.0000000000
-1.0000000000
-2.0000000000
-1.2500000000
0.0000000000
-1.0000000000
3.7500000000
2.2500000000
-0.2500000000
4.5000000000
4.5000000000
5.0000000000
21.7500000000
5.5000000000
3.5000000000
2.2500000000
-0.2500000000
-0.2500000000
-0.5000000000
-2.0000000000
-3.7500000000
-2.0000000000
-4.0000000000
-17.0000000000
-1.7500000000
1.0000000000
5.7500000000
9.2500000000
8.5000000000
7.2500000000
5.0000000000
4.5000000000
2.5000000000
1.0000000000
-1.5000000000
-2.5000000000
-3.5000000000
-5.5000000000
-3.2500000000
-2.7500000000
-2.0000000000
-6.7500000000
0.5000000000
5.5000000000
7.7500000000
11.5000000000
10.2500000000
6.0000000000
4.2500000000
10.2500000000
4.0000000000
1.7500000000
7.0000000000
-1.7500000000
-4.5000000000
-6.0000000000
-6.5000000000
0.7500000000
-3.0000000000
-0.5000000000
-1.0000000000
2.0000000000
-0.5000000000
9.5000000000
1.0000000000
10.7500000000
8.0000000000
6.7500000000
5.0000000000
3.0000000000
-0.2500000000
0.0000000000
-5.7500000000
-15.2500000000
-5.5000000000
-3.2500000000
-4.0000000000
-5.2500000000
-4.0000000000
-1.2500000000
3.2500000000
7.7500000000
12.7500000000
13.5000000000
2.0000000000
8.5000000000
6.0000000000
4.0000000000
1.7500000000
-5.5000000000
-2.2500000000
-5.0000000000
-5.0000000000
-2.2500000000
-3.0000000000
-0.7500000000
0.2500000000
2.0000000000
3.7500000000
4.5000000000
6.2500000000
6.2500000000
6.2500000000
0.0000000000
1.7500000000
1.0000000000
0.2500000000
-0.2500000000
-2.0000000000
-1.0000000000
-2.5000000000
-1.5000000000
-0.5000000000
-3.0000000000
-2.0000000000
0.0000000000
1.2500000000
-1.0000000000
2.2500000000
4.5000000000
7.0000000000
0.5000000000
3.7500000000
1.7500000000
-5.5000000000
-2.2500000000
2.5000000000
2.0000000000
0.0000000000
0.0000000000
0.2500000000
1.2500000000
2.0000000000
2.7500000000
3.5000000000
2.2500000000
2.5000000000
2.5000000000
2.7500000000
0.5000000000
5.5000000000
2.7500000000
2.2500000000
1.2500000000
1.0000000000
0.5000000000
0.5000000000
0.2500000000
0.7500000000
1.0000000000
2.0000000000
2.2500000000
2.2500000000
0.5000000000
0.0000000000
-9.0000000000
-0.7500000000
-0.5000000000
0.0000000000
3.7500000000
4.2500000000
4.7500000000
2.2500000000
8.0000000000
5.2500000000
4.7500000000
1.0000000000
2.5000000000
0.2500000000
-1.7500000000
-1.2500000000
-4.5000000000
-2.5000000000
-13.5000000000
-3.7500000000
-1.5000000000
0.0000000000
2.0000000000
6.0000000000
7.7500000000
10.5000000000
10.2500000000
6.2500000000
3.5000000000
3.5000000000
2.5000000000
1.2500000000
-1.0000000000
-4.0000000000
-8.7500000000
-3.2500000000
-2.0000000000
-2.0000000000
-10.7500000000
-1.7500000000
0.0000000000
-0.2500000000
2.7500000000
5.2500000000
9.0000000000
11.0000000000
10.2500000000
6.5000000000
5.0000000000
4.5000000000
4.5000000000
2.5000000000
-1.2500000000
-3.5000000000
-4.5000000000
-3.7500000000
-2.2500000000
-1.2500000000
-3.2500000000
-0.7500000000
0.2500000000
-8.2500000000
5.0000000000
9.0000000000
9.2500000000
7.5000000000
6.0000000000
4.0000000000
3.5000000000
3.5000000000
1.5000000000
0.0000000000
-8.7500000000
-7.0000000000
-4.2500000000
-2.7500000000
-2.2500000000
-1.0000000000
0.0000000000
3.0000000000
7.0000000000
10.2500000000
6.7500000000
9.2500000000
4.0000000000
4.7500000000
1.5000000000
-0.5000000000
-0.5000000000
-2.7500000000
-2.0000000000
-2.2500000000
-2.0000000000
-2.0000000000
0.5000000000
0.7500000000
3.2500000000
4.7500000000
6.2500000000
5.2500000000
6.0000000000
9.7500000000
7.0000000000
5.5000000000
2.5000000000
0.5000000000
-1.2500000000
-1.0000000000
-2.2500000000
0.2500000000
-1.2500000000
-1.0000000000
-1.7500000000
-2.5000000000
-1.2500000000
2.2500000000
6.5000000000
9.0000000000
9.2500000000
9.2500000000
5.7500000000
6.5000000000
1.7500000000
-0.7500000000
-2.7500000000
-2.5000000000
-2.0000000000
-0.7500000000
-5.2500000000
0.0000000000
-2.0000000000
-2.0000000000
-1.7500000000
1.7500000000
6.7500000000
11.5000000000
10.2500000000
6.2500000000
4.5000000000
4.7500000000
3.2500000000
0.5000000000
-4.2500000000
-6.7500000000
-5.0000000000
-5.7500000000
1.7500000000
-2.2500000000
0.0000000000
-0.5000000000
0.2500000000
1.0000000000
3.5000000000
0.7500000000
3.5000000000
5.2500000000
4.0000000000
2.0000000000
-0.2500000000
-4.0000000000
-1.0000000000
0.5000000000
0.5000000000
2.2500000000
3.2500000000
1.7500000000
11.0000000000
0.2500000000
1.0000000000
0.7500000000
0.7500000000
1.0000000000
4.5000000000
6.7500000000
7.5000000000
6.0000000000
4.2500000000
4.7500000000
6.0000000000
5.5000000000
3.7500000000
1.7500000000
-10.7500000000
-1.0000000000
-2.0000000000
-3.0000000000
-3.7500000000
-2.7500000000
-1.2500000000
1.0000000000
5.0000000000
5.2500000000
8.5000000000
6.0000000000
6.0000000000
2.2500000000
7.5000000000
5.7500000000
3.7500000000
-0.5000000000
-2.5000000000
-3.2500000000
-3.7500000000
-7.7500000000
-4.5000000000
-4.2500000000
-2.5000000000
0.5000000000
4.5000000000
16.2500000000
8.7500000000
7.2500000000
7.0000000000
7.5000000000
6.5000000000
4.2500000000
0.5000000000
-1.0000000000
-2.0000000000
-4.0000000000
-3.0000000000
-7.2500000000
-6.2500000000
-3.7500000000
-1.5000000000
1.2500000000
3.2500000000
7.0000000000
9.2500000000
7.7500000000
8.2500000000
6.2500000000
3.2500000000
2.2500000000
1.0000000000
-1.0000000000
-1.0000000000
-1.7500000000
-1.7500000000
-4.0000000000
-2.2500000000
-2.0000000000
-1.7500000000
-1.2500000000
5.7500000000
12.7500000000
17.0000000000
15.2500000000
14.5000000000
12.2500000000
10.5000000000
8.0000000000
1.0000000000
-6.0000000000
-9.2500000000
-10.5000000000
-8.0000000000
-8.5000000000
-3.2500000000
-3.7500000000
-4.2500000000
-2.0000000000
1.7500000000
9.0000000000
10.7500000000
10.0000000000
5.7500000000
3.0000000000
2.0000000000
0.0000000000
-6.7500000000
-6.2500000000
-7.5000000000
17.5000000000
-2.2500000000
-1.0000000000
-1.0000000000
-3.2500000000
-1.7500000000
0.2500000000
5.2500000000
10.2500000000
10.5000000000
12.2500000000
-2.0000000000
8.7500000000
4.7500000000
-0.5000000000
-12.2500000000
-7.7500000000
-7.5000000000
-5.5000000000
-3.0000000000
0.2500000000
-1.5000000000
-0.5000000000
0.7500000000
4.2500000000
7.7500000000
10.5000000000
9.7500000000
6.2500000000
4.0000000000
2.7500000000
0.2500000000
-3.0000000000
-5.5000000000
-6.0000000000
-3.2500000000
0.0000000000
1.5000000000
1.5000000000
0.0000000000
2.5000000000
4.7500000000
6.7500000000
9.2500000000
8.2500000000
9.2500000000
7.0000000000
-4.2500000000
0.0000000000
-2.2500000000
-8.7500000000
-3.2500000000
-2.2500000000
-3.0000000000
2.7500000000
2.2500000000
4.7500000000
4.7500000000
3.2500000000
0.5000000000
-0.2500000000
-3.2500000000
2.7500000000
4.0000000000
2.0000000000
-4.2500000000
-3.7500000000
-0.5000000000
3.0000000000
5.5000000000
4.5000000000
4.7500000000
4.2500000000
4.7500000000
2.2500000000
1.2500000000
-1.0000000000
-2.2500000000
-5.0000000000
-4.7500000000
-4.5000000000
-1.0000000000
3.2500000000
7.0000000000
5.2500000000
9.7500000000
-8.5000000000
10.7500000000
9.7500000000
7.2500000000
-0.5000000000
0.7500000000
-0.2500000000
-3.5000000000
-5.5000000000
-9.0000000000
-9.7500000000
-8.2500000000
-3.5000000000
0.5000000000
5.2500000000
9.0000000000
11.5000000000
12.5000000000
13.7500000000
12.0000000000
9.2500000000
5.5000000000
3.7500000000
0.2500000000
-3.5000000000
-5.2500000000
-9.7500000000
-9.7500000000
-8.2500000000
-4.5000000000
-4.0000000000
0.0000000000
3.5000000000
6.7500000000
-2.7500000000
5.5000000000
9.7500000000
7.5000000000
4.7500000000
1.5000000000
0.5000000000
-0.7500000000
-2.7500000000
-6.2500000000
-9.5000000000
-6.0000000000
-0.5000000000
1.5000000000
0.7500000000
-1.5000000000
0.7500000000
11.7500000000
13.2500000000
10.0000000000
8.7500000000
3.5000000000
3.7500000000
2.2500000000
0.7500000000
-10.7500000000
-2.5000000000
-3.2500000000
-2.2500000000
-1.2500000000
-0.2500000000
-2.5000000000
-1.2500000000
1.2500000000
3.5000000000
2.2500000000
7.2500000000
8.2500000000
9.0000000000
6.7500000000
6.7500000000
4.0000000000
2.2500000000
0.7500000000
-2.7500000000
-1.0000000000
-0.2500000000
0.7500000000
0.7500000000
2.2500000000
0.0000000000
1.5000000000
1.0000000000
2.5000000000
2.7500000000
3.2500000000
3.2500000000
2.7500000000
2.5000000000
2.5000000000
1.5000000000
1.0000000000
-0.5000000000
0.0000000000
2.0000000000
3.7500000000
2.0000000000
-1.2500000000
-3.5000000000
-2.2500000000
0.0000000000
-1.5000000000
-1.7500000000
-14.0000000000
-3.7500000000
4.7500000000
6.7500000000
8.0000000000
5.7500000000
4.2500000000
0.7500000000
-0.7500000000
-0.5000000000
0.7500000000
-0.2500000000
-2.7500000000
-4.0000000000
-3.0000000000
0.0000000000
-1.7500000000
4.2500000000
3.0000000000
2.5000000000
3.7500000000
6.7500000000
0.7500000000
1.7500000000
6.7500000000
4.2500000000
2.0000000000
0.2500000000
-1.0000000000
-3.2500000000
-3.7500000000
-5.0000000000
-8.0000000000
-1.5000000000
4.2500000000
9.0000000000
10.5000000000
7.2500000000
4.2500000000
3.5000000000
0.0000000000
1.0000000000
-0.5000000000
-0.2500000000
-2.0000000000
2.7500000000
0.2500000000
0.0000000000
1.7500000000
2.0000000000
2.0000000000
0.7500000000
-0.5000000000
0.5000000000
-4.7500000000
1.5000000000
3.5000000000
-1.2500000000
2.5000000000
3.0000000000
3.2500000000
3.7500000000
3.7500000000
2.5000000000
1.0000000000
-0.5000000000
-1.7500000000
-2.7500000000
-3.0000000000
-4.2500000000
-6.0000000000
-2.7500000000
2.2500000000
8.5000000000
9.0000000000
10.0000000000
-0.2500000000
6.7500000000
3.2500000000
7.2500000000
3.2500000000
0.0000000000
-2.7500000000
-1.5000000000
-2.7500000000
7.5000000000
-6.2500000000
-5.5000000000
-3.7500000000
0.2500000000
4.2500000000
4.2500000000
8.2500000000
9.2500000000
8.7500000000
6.0000000000
4.5000000000
2.2500000000
1.0000000000
0.0000000000
-3.7500000000
-3.0000000000
-11.5000000000
-5.0000000000
-5.2500000000
-4.5000000000
-2.7500000000
-0.7500000000
2.5000000000
7.0000000000
10.0000000000
13.5000000000
14.2500000000
10.2500000000
6.2500000000
2.7500000000
0.7500000000
0.7500000000
-2.5000000000
-6.7500000000
-8.0000000000
-6.5000000000
-4.5000000000
-1.2500000000
-0.7500000000
-0.2500000000
-0.2500000000
2.2500000000
7.5000000000
11.0000000000
15.2500000000
12.0000000000
9.2500000000
8.0000000000
3.2500000000
0.5000000000
-7.5000000000
-5.2500000000
-7.2500000000
-7.2500000000
-5.0000000000
-3.0000000000
-2.0000000000
-0.5000000000
-0.7500000000
-1.0000000000
-0.7500000000
3.5000000000
5.5000000000
1.5000000000
9.0000000000
2.7500000000
-3.2500000000
-1.0000000000
1.7500000000
-3.7500000000
-12.0000000000
-8.5000000000
-5.7500000000
0.0000000000
2.0000000000
2.0000000000
1.7500000000
1.5000000000
7.5000000000
7.7500000000
4.2500000000
5.7500000000
3.7500000000
4.5000000000
0.5000000000
-2.2500000000
-5.0000000000
-5.0000000000
0.2500000000
4.2500000000
6.7500000000
4.0000000000
4.0000000000
2.2500000000
1.0000000000
1.7500000000
-0.5000000000
-2.5000000000
-2.2500000000
0.0000000000
-2.2500000000
4.0000000000
3.7500000000
4.5000000000
4.7500000000
3.7500000000
2.2500000000
-5.5000000000
-0.5000000000
-1.2500000000
-2.5000000000
-4.2500000000
-5.0000000000
-2.0000000000
-1.5000000000
2.7500000000
3.7500000000
7.0000000000
7.2500000000
7.2500000000
8.5000000000
4.2500000000
4.5000000000
1.2500000000
-0.5000000000
-1.5000000000
1.0000000000
2.0000000000
4.0000000000
3.5000000000
2.2500000000
0.5000000000
-2.5000000000
-3.5000000000
-4.5000000000
-3.2500000000
0.0000000000
2.7500000000
5.2500000000
6.5000000000
7.5000000000
7.2500000000
7.7500000000
7.7500000000
3.5000000000
2.2500000000
-0.2500000000
-2.0000000000
-4.0000000000
-7.0000000000
-7.2500000000
-7.0000000000
-4.7500000000
0.5000000000
3.7500000000
4.0000000000
8.5000000000
6.7500000000
13.5000000000
10.7500000000
6.5000000000
4.0000000000
0.7500000000
-0.5000000000
-3.7500000000
-6.2500000000
-8.2500000000
-6.0000000000
-3.7500000000
-1.0000000000
-0.5000000000
-2.2500000000
1.7500000000
5.2500000000
12.0000000000
14.0000000000
12.2500000000
8.7500000000
5.5000000000
2.0000000000
1.2500000000
-2.2500000000
1.0000000000
-8.7500000000
-8.0000000000
-4.7500000000
-3.5000000000
-1.7500000000
-1.5000000000
-4.5000000000
-0.7500000000
1.5000000000
7.2500000000
8.5000000000
10.5000000000
7.5000000000
1.2500000000
1.5000000000
3.0000000000
1.5000000000
-8.2500000000
-5.7500000000
-10.2500000000
-2.7500000000
1.5000000000
3.2500000000
2.2500000000
2.2500000000
3.2500000000
4.5000000000
6.2500000000
7.5000000000
7.0000000000
7.0000000000
4.2500000000
3.5000000000
1.0000000000
1.5000000000
2.0000000000
-0.7500000000
0.2500000000
-0.5000000000
0.0000000000
9.2500000000
3.5000000000
3.0000000000
3.7500000000
3.5000000000
4.7500000000
5.7500000000
3.5000000000
5.5000000000
2.7500000000
0.0000000000
-3.2500000000
-2.7500000000
-1.0000000000
0.2500000000
0.5000000000
-0.5000000000
0.0000000000
0.5000000000
4.2500000000
3.5000000000
0.7500000000
1.5000000000
-0.2500000000
-1.0000000000
-0.7500000000
-5.5000000000
1.0000000000
-0.7500000000
1.5000000000
2.5000000000
1.7500000000
1.0000000000
2.0000000000
3.7500000000
4.7500000000
5.5000000000
6.5000000000
2.0000000000
-0.5000000000
-1.2500000000
-3.0000000000
-3.0000000000
-3.5000000000
-2.0000000000
-1.7500000000
3.7500000000
5.5000000000
6.2500000000
6.0000000000
6.2500000000
6.5000000000
6.0000000000
7.2500000000
6.7500000000
2.7500000000
-2.5000000000
-5.5000000000
-5.5000000000
-2.7500000000
-8.5000000000
-4.7500000000
-4.5000000000
0.2500000000
7.2500000000
10.7500000000
10.2500000000
9.0000000000
7.0000000000
7.5000000000
11.7500000000
6.2500000000
4.0000000000
0.2500000000
-1.5000000000
-4.2500000000
-7.5000000000
-8.2500000000
-8.7500000000
-6.5000000000
-2.5000000000
2.0000000000
5.5000000000
7.0000000000
7.7500000000
7.5000000000
10.5000000000
9.7500000000
8.7500000000
4.5000000000
3.2500000000
1.5000000000
-4.0000000000
-4.5000000000
-6.0000000000
-6.7500000000
-4.2500000000
-1.7500000000
-2.0000000000
0.2500000000
0.7500000000
3.0000000000
7.5000000000
10.2500000000
6.0000000000
11.0000000000
7.2500000000
2.7500000000
3.0000000000
2.0000000000
2.2500000000
0.0000000000
-2.0000000000
-3.2500000000
-3.0000000000
-1.0000000000
-0.2500000000
-0.5000000000
-0.5000000000
-1.0000000000
-1.7500000000
3.5000000000
10.2500000000
13.2500000000
10.5000000000
7.2500000000
5.0000000000
5.0000000000
4.2500000000
0.2500000000
-4.0000000000
-11.0000000000
-8.2500000000
-5.7500000000
-5.7500000000
-2.0000000000
-1.2500000000
-2.0000000000
-2.0000000000
-6.0000000000
3.5000000000
10.7500000000
14.0000000000
11.2500000000
6.5000000000
1.0000000000
3.2500000000
1.5000000000
-3.5000000000
-7.7500000000
-8.2500000000
-7.0000000000
-1.2500000000
1.0000000000
-0.5000000000
1.7500000000
2.7500000000
5.2500000000
8.0000000000
11.2500000000
10.0000000000
8.0000000000
2.7500000000
2.2500000000
-0.7500000000
-3.7500000000
-5.0000000000
-10.0000000000
-3.5000000000
-0.7500000000
1.0000000000
1.5000000000
1.0000000000
2.0000000000
1.7500000000
1.7500000000
2.0000000000
-8.7500000000
0.2500000000
2.5000000000
5.0000000000
4.2500000000
-4.0000000000
-1.2500000000
-8.5000000000
-8.7500000000
0.5000000000
6.0000000000
3.2500000000
-1.0000000000
0.0000000000
0.2500000000
1.5000000000
3.0000000000
1.7500000000
-0.7500000000
1.2500000000
0.7500000000
0.7500000000
1.7500000000
3.2500000000
3.0000000000
3.0000000000
3.0000000000
3.0000000000
3.7500000000
3.2500000000
2.2500000000
0.2500000000
-5.2500000000
6.7500000000
0.7500000000
1.0000000000
0.2500000000
-1.0000000000
-0.5000000000
-1.2500000000
-6.0000000000
0.5000000000
-1.5000000000
3.5000000000
4.0000000000
4.2500000000
4.7500000000
5.5000000000
7.2500000000
7.0000000000
8.0000000000
6.7500000000
4.7500000000
0.7500000000
-1.0000000000
-7.0000000000
-1.7500000000
-2.5000000000
-7.7500000000
-5.2500000000
-1.5000000000
3.5000000000
8.2500000000
7.2500000000
9.0000000000
10.5000000000
7.5000000000
7.2500000000
7.5000000000
6.5000000000
3.2500000000
-0.2500000000
-3.0000000000
-4.2500000000
-3.2500000000
-5.0000000000
-7.2500000000
-8.2500000000
-7.2500000000
0.2500000000
5.5000000000
11.2500000000
11.7500000000
9.0000000000
7.0000000000
6.5000000000
6.7500000000
4.7500000000
3.2500000000
0.2500000000
-1.5000000000
-5.5000000000
-5.7500000000
-8.5000000000
-6.0000000000
-3.5000000000
-7.5000000000
0.0000000000
1.5000000000
4.0000000000
9.0000000000
12.2500000000
12.5000000000
9.7500000000
5.0000000000
3.5000000000
2.5000000000
0.2500000000
-2.2500000000
-6.0000000000
-6.5000000000
-5.0000000000
-4.5000000000
-2.0000000000
-3.0000000000
-2.2500000000
-2.5000000000
-0.7500000000
0.0000000000
9.2500000000
12.7500000000
13.5000000000
10.5000000000
8.0000000000
9.7500000000
4.5000000000
-0.5000000000
-12.7500000000
-7.2500000000
-7.2500000000
-9.2500000000
-4.7500000000
-1.2500000000
-1.5000000000
0.0000000000
0.2500000000
0.0000000000
2.2500000000
6.2500000000
13.5000000000
16.7500000000
15.2500000000
11.5000000000
5.5000000000
4.2500000000
1.2500000000
-1.5000000000
-5.5000000000
-9.5000000000
-10.0000000000
-8.2500000000
-6.2500000000
-4.5000000000
-15.5000000000
-1.0000000000
-6.5000000000
7.2500000000
4.5000000000
4.0000000000
0.7500000000
0.5000000000
1.2500000000
3.2500000000
1.5000000000
-4.7500000000
-8.2500000000
-8.5000000000
-2.2500000000
1.2500000000
3.7500000000
2.5000000000
5.7500000000
7.2500000000
9.2500000000
7.7500000000
6.0000000000
4.5000000000
4.7500000000
3.2500000000
-0.7500000000
41.5000000000
-4.7500000000
-3.0000000000
-0.2500000000
3.7500000000
5.7500000000
5.2500000000
6.2500000000
6.0000000000
4.7500000000
4.2500000000
2.7500000000
1.0000000000
-4.0000000000
-0.2500000000
0.7500000000
2.7500000000
-0.2500000000
3.2500000000
3.0000000000
1.5000000000
3.2500000000
2.7500000000
4.5000000000
-0.2500000000
0.2500000000
2.0000000000
0.7500000000
0.2500000000
-1.0000000000
-2.7500000000
-3.5000000000
-0.5000000000
1.5000000000
4.5000000000
7.2500000000
7.5000000000
5.2500000000
2.7500000000
4.7500000000
5.2500000000
5.5000000000
2.5000000000
0.0000000000
0.0000000000
-1.2500000000
-2.7500000000
-6.7500000000
-7.0000000000
-14.5000000000
0.0000000000
4.0000000000
7.2500000000
9.5000000000
8.2500000000
5.7500000000
7.7500000000
10.7500000000
11.0000000000
6.5000000000
1.2500000000
-0.7500000000
0.5000000000
-5.0000000000
-6.7500000000
-14.7500000000
-11.0000000000
-6.7500000000
-2.0000000000
2.7500000000
5.5000000000
7.0000000000
9.0000000000
6.5000000000
7.7500000000
6.2500000000
5.7500000000
5.0000000000
-3.5000000000
-6.7500000000
-1.7500000000
-3.0000000000
-8.0000000000
-8.2500000000
-11.7500000000
-4.2500000000
0.0000000000
3.5000000000
1.0000000000
3.2500000000
5.5000000000
8.5000000000
6.5000000000
10.2500000000
8.5000000000
5.0000000000
-1.5000000000
-1.7500000000
-0.2500000000
-1.7500000000
-8.5000000000
-5.7500000000
-6.5000000000
-6.5000000000
0.7500000000
1.7500000000
1.7500000000
0.7500000000
4.7500000000
10.7500000000
14.0000000000
7.5000000000
6.2500000000
-2.2500000000
4.0000000000
1.5000000000
-0.2500000000
-4.2500000000
-5.7500000000
-5.7500000000
0.7500000000
0.0000000000
-0.2500000000
0.0000000000
-0.5000000000
-12.7500000000
-0.2500000000
0.2500000000
5.0000000000
8.7500000000
9.7500000000
6.2500000000
4.5000000000
3.7500000000
2.7500000000
-3.5000000000
-2.0000000000
-3.0000000000
-2.5000000000
-1.2500000000
0.2500000000
0.5000000000
0.2500000000
-2.2500000000
5.7500000000
10.5000000000
8.5000000000
7.2500000000
6.0000000000
7.5000000000
6.7500000000
4.2500000000
-1.2500000000
-4.0000000000
-2.5000000000
-1.0000000000
-0.2500000000
-0.7500000000
0.0000000000
0.0000000000
-0.2500000000
-1.2500000000
3.7500000000
4.5000000000
6.7500000000
6.2500000000
6.0000000000
6.5000000000
6.5000000000
3.5000000000
-0.5000000000
-3.5000000000
-2.2500000000
-2.2500000000
-0.2500000000
-0.2500000000
-2.5000000000
-5.0000000000
-0.7500000000
-0.7500000000
0.2500000000
2.5000000000
5.7500000000
5.5000000000
5.2500000000
4.7500000000
5.0000000000
4.5000000000
-1.7500000000
-1.2500000000
-5.0000000000
-1.7500000000
-1.5000000000
1.2500000000
2.7500000000
3.0000000000
2.7500000000
2.7500000000
4.5000000000
6.7500000000
5.0000000000
3.2500000000
0.2500000000
2.2500000000
2.2500000000
1.0000000000
-6.7500000000
-2.2500000000
-1.2500000000
1.2500000000
2.5000000000
2.7500000000
1.7500000000
2.7500000000
4.5000000000
5.7500000000
5.5000000000
4.5000000000
1.2500000000
1.0000000000
-8.0000000000
0.2500000000
-2.2500000000
-0.2500000000
-1.0000000000
-2.0000000000
0.2500000000
0.2500000000
-0.7500000000
1.5000000000
2.2500000000
1.0000000000
3.2500000000
4.2500000000
3.5000000000
1.7500000000
1.5000000000
2.5000000000
-2.5000000000
1.5000000000
-0.5000000000
-5.5000000000
0.5000000000
1.7500000000
2.7500000000
3.0000000000
-4.2500000000
1.0000000000
-1.7500000000
0.0000000000
1.5000000000
4.5000000000
0.0000000000
4.2500000000
4.5000000000
4.2500000000
5.2500000000
3.2500000000
1.5000000000
0.0000000000
-1.2500000000
-2.2500000000
-3.0000000000
-1.5000000000
1.2500000000
3.7500000000
3.2500000000
2.0000000000
1.0000000000
0.0000000000
3.7500000000
1.0000000000
1.5000000000
0.7500000000
-2.0000000000
-5.2500000000
-0.7500000000
-1.2500000000
-9.5000000000
-5.0000000000
-2.2500000000
1.0000000000
3.7500000000
3.7500000000
3.7500000000
4.0000000000
4.2500000000
5.5000000000
4.0000000000
1.5000000000
-1.2500000000
-0.5000000000
0.0000000000
-0.5000000000
0.2500000000
0.7500000000
-1.0000000000
1.2500000000
3.7500000000
-2.5000000000
3.0000000000
3.5000000000
2.5000000000
0.5000000000
2.2500000000
2.7500000000
3.2500000000
0.0000000000
-0.2500000000
-0.7500000000
0.2500000000
-2.5000000000
-2.7500000000
-10.5000000000
-0.5000000000
3.0000000000
3.7500000000
2.0000000000
1.2500000000
2.0000000000
3.2500000000
5.5000000000
3.5000000000
0.0000000000
3.7500000000
-0.7500000000
-1.0000000000
0.0000000000
-0.2500000000
-0.5000000000
-3.5000000000
-4.2500000000
-1.2500000000
2.0000000000
5.0000000000
7.2500000000
8.2500000000
7.0000000000
8.2500000000
7.7500000000
3.7500000000
4.2500000000
0.7500000000
-2.5000000000
-8.5000000000
-2.7500000000
-6.0000000000
-6.7500000000
-7.0000000000
-5.2500000000
-2.7500000000
2.7500000000
4.7500000000
4.7500000000
5.7500000000
7.0000000000
8.7500000000
10.5000000000
6.7500000000
2.0000000000
2.0000000000
0.5000000000
1.5000000000
-0.5000000000
-2.0000000000
-6.5000000000
-2.7500000000
-1.5000000000
0.5000000000
2.0000000000
0.7500000000
0.0000000000
0.7500000000
6.2500000000
11.7500000000
10.2500000000
13.5000000000
9.5000000000
6.0000000000
5.0000000000
2.7500000000
-0.2500000000
-6.0000000000
-8.2500000000
-8.2500000000
-5.5000000000
-1.5000000000
-2.2500000000
0.7500000000
-4.0000000000
-0.7500000000
3.0000000000
8.0000000000
12.0000000000
10.7500000000
6.5000000000
4.0000000000
0.0000000000
0.2500000000
-3.0000000000
-5.5000000000
-7.2500000000
-6.0000000000
-2.2500000000
0.5000000000
2.2500000000
1.7500000000
0.7500000000
-0.2500000000
-1.2500000000
0.5000000000
3.5000000000
7.0000000000
6.7500000000
6.7500000000
5.5000000000
4.0000000000
3.7500000000
0.2500000000
-0.2500000000
-1.5000000000
-1.0000000000
-1.5000000000
1.2500000000
2.5000000000
0.2500000000
1.7500000000
3.5000000000
4.5000000000
4.5000000000
1.5000000000
2.2500000000
3.2500000000
4.2500000000
3.5000000000
0.5000000000
-1.2500000000
0.0000000000
1.5000000000
5.7500000000
2.0000000000
1.5000000000
2.0000000000
3.2500000000
4.5000000000
3.7500000000
3.0000000000
2.0000000000
3.2500000000
3.5000000000
3.2500000000
-1.7500000000
-2.0000000000
-2.5000000000
-0.5000000000
3.2500000000
5.0000000000
4.2500000000
2.0000000000
-9.0000000000
1.2500000000
4.5000000000
14.2500000000
4.2500000000
2.2500000000
1.2500000000
1.0000000000
1.7500000000
-3.2500000000
0.0000000000
-1.2500000000
-7.0000000000
-3.2500000000
-0.2500000000
2.7500000000
4.0000000000
3.2500000000
2.7500000000
-2.0000000000
-1.5000000000
0.7500000000
3.0000000000
1.7500000000
-1.2500000000
-2.5000000000
-1.2500000000
2.2500000000
1.7500000000
-7.5000000000
-0.5000000000
0.0000000000
2.5000000000
6.0000000000
7.2500000000
-1.0000000000
4.7500000000
4.0000000000
4.5000000000
4.0000000000
4.0000000000
0.7500000000
-0.7500000000
-0.2500000000
-9.0000000000
-1.0000000000
-3.0000000000
1.2500000000
-1.2500000000
3.2500000000
6.7500000000
8.5000000000
7.2500000000
7.5000000000
8.0000000000
5.5000000000
4.5000000000
2.5000000000
2.0000000000
1.0000000000
-2.0000000000
-3.2500000000
-8.2500000000
-7.7500000000
-3.5000000000
0.0000000000
0.5000000000
4.2500000000
5.2500000000
4.2500000000
3.5000000000
3.5000000000
3.7500000000
3.5000000000
0.0000000000
3.7500000000
0.7500000000
0.0000000000
0.7500000000
0.0000000000
-0.7500000000
-3.0000000000
-3.5000000000
-2.5000000000
2.5000000000
4.5000000000
2.5000000000
3.7500000000
-0.7500000000
7.5000000000
5.0000000000
6.0000000000
-3.0000000000
3.2500000000
2.5000000000
0.7500000000
-7.0000000000
-3.0000000000
-2.7500000000
-0.7500000000
-4.2500000000
0.0000000000
-0.2500000000
-0.5000000000
0.5000000000
2.0000000000
5.0000000000
7.5000000000
9.2500000000
7.2500000000
5.5000000000
4.0000000000
4.5000000000
4.2500000000
1.7500000000
-2.5000000000
-8.5000000000
-2.7500000000
-1.7500000000
-0.2500000000
0.2500000000
0.2500000000
0.2500000000
0.0000000000
3.0000000000
7.5000000000
8.7500000000
0.2500000000
4.0000000000
2.7500000000
2.7500000000
2.5000000000
0.5000000000
-1.2500000000
-3.0000000000
-2.0000000000
-0.2500000000
-1.2500000000
-1.2500000000
-1.5000000000
-1.7500000000
-1.7500000000
1.7500000000
4.7500000000
8.0000000000
8.5000000000
10.2500000000
9.0000000000
6.7500000000
5.0000000000
0.5000000000
-1.5000000000
-3.5000000000
-2.5000000000
-2.5000000000
-3.2500000000
-1.2500000000
0.0000000000
-0.2500000000
-1.2500000000
-4.7500000000
0.7500000000
2.7500000000
6.2500000000
6.7500000000
6.0000000000
9.7500000000
8.2500000000
5.7500000000
1.7500000000
-0.7500000000
-5.2500000000
-2.0000000000
-1.2500000000
-1.5000000000
-0.7500000000
-3.5000000000
0.2500000000
1.2500000000
3.0000000000
5.7500000000
6.7500000000
4.2500000000
3.0000000000
1.7500000000
3.2500000000
3.2500000000
-2.5000000000
-1.0000000000
-3.2500000000
-1.0000000000
1.2500000000
2.2500000000
0.2500000000
0.0000000000
-0.5000000000
0.7500000000
6.0000000000
7.2500000000
5.5000000000
3.2500000000
1.2500000000
-2.7500000000
-1.0000000000
0.0000000000
-1.0000000000
-0.5000000000
0.0000000000
1.2500000000
2.2500000000
1.0000000000
2.5000000000
3.2500000000
2.0000000000
0.2500000000
0.5000000000
1.7500000000
2.7500000000
3.5000000000
0.5000000000
-0.5000000000
1.0000000000
2.2500000000
0.7500000000
-1.7500000000
-2.0000000000
-3.0000000000
2.5000000000
4.0000000000
3.7500000000
2.2500000000
2.2500000000
1.7500000000
3.0000000000
4.2500000000
6.0000000000
6.5000000000
4.2500000000
2.5000000000
2.5000000000
-4.7500000000
37.2500000000
-1.5000000000
-5.2500000000
-6.5000000000
-4.0000000000
0.5000000000
4.7500000000
6.7500000000
7.7500000000
5.2500000000
2.2500000000
5.7500000000
6.7500000000
7.2500000000
6.5000000000
2.0000000000
-0.7500000000
-4.0000000000
-0.5000000000
-3.0000000000
-5.2500000000
-6.2500000000
-6.0000000000
-4.2500000000
-4.0000000000
2.0000000000
5.5000000000
6.7500000000
6.5000000000
7.2500000000
6.5000000000
6.2500000000
2.5000000000
-4.7500000000
-2.5000000000
1.2500000000
1.5000000000
0.0000000000
-5.7500000000
-2.2500000000
-2.2500000000
0.0000000000
0.0000000000
-0.2500000000
0.0000000000
1.0000000000
3.7500000000
8.5000000000
12.5000000000
13.0000000000
11.5000000000
6.7500000000
7.0000000000
5.0000000000
0.0000000000
-2.0000000000
-7.0000000000
-5.0000000000
-4.0000000000
-2.2500000000
0.0000000000
-1.5000000000
0.0000000000
-0.2500000000
0.2500000000
2.5000000000
6.0000000000
9.7500000000
11.0000000000
8.5000000000
8.2500000000
4.5000000000
4.2500000000
1.7500000000
-1.7500000000
-3.5000000000
-6.5000000000
-5.5000000000
-4.0000000000
-1.0000000000
0.7500000000
-1.7500000000
0.5000000000
-1.2500000000
-1.2500000000
-0.2500000000
4.2500000000
7.5000000000
7.5000000000
8.7500000000
0.2500000000
7.2500000000
3.5000000000
0.5000000000
-8.5000000000
-4.5000000000
-2.7500000000
-1.2500000000
-0.7500000000
0.5000000000
0.5000000000
-0.2500000000
-2.0000000000
-1.7500000000
0.0000000000
1.7500000000
4.7500000000
4.2500000000
5.2500000000
6.2500000000
0.0000000000
8.0000000000
2.5000000000
-1.2500000000
-3.7500000000
-4.0000000000
-0.7500000000
1.2500000000
1.2500000000
0.0000000000
0.0000000000
-2.2500000000
0.0000000000
1.5000000000
2.2500000000
4.0000000000
3.7500000000
3.5000000000
3.5000000000
5.5000000000
5.2500000000
2.0000000000
-1.0000000000
-9.0000000000
-0.5000000000
1.7500000000
2.5000000000
1.7500000000
0.2500000000
1.0000000000
-5.2500000000
3.5000000000
2.2500000000
1.2500000000
0.0000000000
2.0000000000
2.7500000000
-2.0000000000
2.5000000000
-15.2500000000
-3.5000000000
-0.2500000000
1.2500000000
3.0000000000
4.2500000000
2.0000000000
1.7500000000
1.0000000000
2.7500000000
3.7500000000
2.7500000000
2.5000000000
0.5000000000
-0.2500000000
-3.2500000000
1.0000000000
1.5000000000
2.2500000000
3.5000000000
4.2500000000
2.5000000000
4.0000000000
0.0000000000
2.0000000000
2.2500000000
1.7500000000
0.2500000000
-0.5000000000
1.0000000000
-1.2500000000
-1.5000000000
0.0000000000
0.2500000000
-0.7500000000
-2.0000000000
0.0000000000
2.5000000000
4.7500000000
4.5000000000
5.0000000000
4.5000000000
4.5000000000
5.5000000000
3.2500000000
2.7500000000
2.2500000000
-1.2500000000
-1.0000000000
-3.2500000000
-4.2500000000
-3.2500000000
-4.5000000000
-1.2500000000
1.5000000000
2.7500000000
4.2500000000
6.2500000000
6.5000000000
7.5000000000
7.7500000000
6.2500000000
4.5000000000
1.5000000000
0.7500000000
0.0000000000
-1.0000000000
-2.0000000000
-3.5000000000
-4.2500000000
-1.7500000000
-0.5000000000
1.2500000000
0.7500000000
0.5000000000
1.2500000000
3.7500000000
10.5000000000
11.5000000000
7.2500000000
7.2500000000
5.2500000000
3.5000000000
3.0000000000
1.0000000000
-3.0000000000
-5.0000000000
-3.0000000000
-3.0000000000
-1.7500000000
-1.7500000000
-2.2500000000
-3.0000000000
-0.5000000000
-4.0000000000
6.0000000000
8.7500000000
9.5000000000
7.7500000000
5.0000000000
5.0000000000
4.5000000000
1.2500000000
-3.7500000000
-13.7500000000
-3.7500000000
-1.7500000000
0.5000000000
1.0000000000
0.0000000000
-0.5000000000
2.0000000000
3.0000000000
7.0000000000
8.2500000000
11.0000000000
10.0000000000
2.7500000000
5.0000000000
3.7500000000
0.0000000000
-2.2500000000
-5.0000000000
-6.5000000000
-5.2500000000
-3.2500000000
-0.7500000000
0.2500000000
0.0000000000
0.7500000000
0.0000000000
1.0000000000
4.7500000000
7.5000000000
7.5000000000
5.7500000000
-0.2500000000
-3.0000000000
2.7500000000
0.0000000000
-3.2500000000
-6.2500000000
-4.5000000000
-1.5000000000
0.5000000000
2.2500000000
2.5000000000
2.7500000000
6.0000000000
10.7500000000
8.7500000000
7.5000000000
6.7500000000
5.7500000000
5.0000000000
0.0000000000
-3.7500000000
-6.0000000000
-5.5000000000
-3.2500000000
-1.5000000000
0.0000000000
0.7500000000
-1.7500000000
0.5000000000
3.2500000000
5.0000000000
4.7500000000
2.5000000000
1.7500000000
1.5000000000
3.5000000000
2.0000000000
-6.0000000000
-3.7500000000
-3.2500000000
-1.0000000000
1.5000000000
2.2500000000
2.0000000000
1.2500000000
2.0000000000
3.0000000000
4.0000000000
5.0000000000
-1.2500000000
2.7500000000
2.5000000000
-7.7500000000
0.0000000000
1.5000000000
0.5000000000
1.0000000000
0.7500000000
0.5000000000
0.2500000000
1.7500000000
2.2500000000
2.7500000000
1.7500000000
1.5000000000
2.0000000000
2.0000000000
2.2500000000
-0.5000000000
0.2500000000
50.2500000000
2.7500000000
2.0000000000
0.2500000000
0.5000000000
0.0000000000
1.0000000000
1.0000000000
2.2500000000
3.0000000000
3.0000000000
2.7500000000
2.5000000000
0.5000000000
-4.0000000000
3.0000000000
2.7500000000
2.7500000000
1.7500000000
-1.2500000000
1.5000000000
1.2500000000
-0.5000000000
-2.0000000000
-2.0000000000
-4.7500000000
5.2500000000
6.5000000000
7.2500000000
6.5000000000
5.7500000000
5.5000000000
4.5000000000
6.0000000000
1.7500000000
1.2500000000
-1.5000000000
-3.7500000000
-4.2500000000
-3.7500000000
-3.7500000000
-4.2500000000
-3.0000000000
0.0000000000
5.0000000000
10.2500000000
10.5000000000
7.7500000000
6.5000000000
7.0000000000
6.7500000000
5.0000000000
3.2500000000
-0.2500000000
-2.2500000000
-2.2500000000
-2.0000000000
-4.0000000000
-8.0000000000
-4.2500000000
-3.0000000000
-0.7500000000
1.7500000000
4.7500000000
6.5000000000
10.7500000000
7.7500000000
14.5000000000
10.5000000000
7.7500000000
4.5000000000
2.2500000000
-0.5000000000
-5.0000000000
-7.2500000000
-10.2500000000
-7.0000000000
-4.2500000000
-0.5000000000
1.7500000000
1.0000000000
1.2500000000
2.0000000000
5.2500000000
9.7500000000
12.0000000000
12.0000000000
7.2500000000
1.0000000000
0.0000000000
1.0000000000
-1.0000000000
-1.7500000000
-5.5000000000
-7.0000000000
-5.0000000000
-3.0000000000
0.0000000000
0.0000000000
-0.7500000000
-0.5000000000
-2.5000000000
1.2500000000
5.0000000000
11.0000000000
12.0000000000
9.2500000000
6.5000000000
4.5000000000
4.0000000000
3.2500000000
-0.5000000000
-5.0000000000
-7.2500000000
-7.0000000000
-6.0000000000
-6.7500000000
-4.0000000000
-1.0000000000
-1.2500000000
-0.7500000000
1.2500000000
5.7500000000
10.7500000000
13.0000000000
8.7500000000
6.0000000000
4.0000000000
2.0000000000
-1.0000000000
-5.7500000000
-5.0000000000
-5.5000000000
-3.2500000000
-0.7500000000
0.7500000000
-3.0000000000
2.5000000000
2.5000000000
3.5000000000
6.2500000000
6.5000000000
8.2500000000
7.5000000000
5.5000000000
4.5000000000
2.5000000000
2.5000000000
-0.7500000000
-3.7500000000
-3.0000000000
0.0000000000
0.0000000000
2.7500000000
3.0000000000
2.7500000000
3.2500000000
2.5000000000
4.2500000000
5.0000000000
5.7500000000
5.2500000000
4.5000000000
2.5000000000
0.2500000000
0.7500000000
-0.5000000000
-0.5000000000
-0.5000000000
-1.5000000000
2.0000000000
0.2500000000
2.7500000000
3.2500000000
-2.5000000000
3.5000000000
3.7500000000
1.7500000000
1.5000000000
-1.0000000000
0.0000000000
-0.2500000000
0.2500000000
1.0000000000
-3.5000000000
1.2500000000
2.5000000000
1.5000000000
0.5000000000
3.0000000000
4.7500000000
3.7500000000
3.2500000000
2.7500000000
2.5000000000
3.2500000000
2.2500000000
2.2500000000
-4.2500000000
1.5000000000
2.2500000000
1.7500000000
2.0000000000
-0.5000000000
-9.7500000000
0.2500000000
-0.7500000000
-0.7500000000
0.0000000000
2.2500000000
4.0000000000
5.5000000000
5.7500000000
5.2500000000
5.2500000000
3.2500000000
3.0000000000
2.0000000000
1.2500000000
-2.0000000000
-0.2500000000
-1.0000000000
-2.0000000000
0.0000000000
1.7500000000
0.0000000000
1.2500000000
1.0000000000
3.7500000000
3.2500000000
5.2500000000
2.2500000000
-0.5000000000
3.5000000000
4.0000000000
0.2500000000
-2.7500000000
-3.0000000000
-2.5000000000
-1.7500000000
-9.0000000000
3.2500000000
3.2500000000
3.7500000000
3.2500000000
5.5000000000
5.2500000000
4.2500000000
1.2500000000
-1.2500000000
-1.2500000000
-1.7500000000
-2.0000000000
-2.2500000000
-2.7500000000
3.5000000000
3.2500000000
5.2500000000
3.5000000000
4.2500000000
6.2500000000
4.0000000000
5.0000000000
4.2500000000
3.0000000000
2.0000000000
-8.5000000000
-0.7500000000
-0.5000000000
-1.5000000000
-6.0000000000
-3.0000000000
-1.0000000000
1.7500000000
4.5000000000
5.5000000000
4.2500000000
3.5000000000
4.2500000000
4.0000000000
0.5000000000
3.5000000000
0.0000000000
3.2500000000
1.2500000000
1.7500000000
2.7500000000
1.2500000000
-0.7500000000
-3.7500000000
-6.5000000000
-3.2500000000
-1.2500000000
2.5000000000
5.0000000000
6.0000000000
5.5000000000
-3.5000000000
-1.7500000000
3.5000000000
4.5000000000
7.7500000000
5.5000000000
1.2500000000
0.0000000000
-0.2500000000
-1.0000000000
-2.5000000000
-9.5000000000
-6.7500000000
-5.7500000000
-3.5000000000
0.2500000000
4.2500000000
8.0000000000
10.0000000000
8.5000000000
6.7500000000
7.0000000000
7.7500000000
7.0000000000
2.7500000000
0.2500000000
-1.7500000000
-1.5000000000
-2.2500000000
-5.7500000000
-7.2500000000
-6.7500000000
-4.7500000000
-1.2500000000
-1.0000000000
-0.2500000000
3.0000000000
6.7500000000
9.7500000000
11.0000000000
11.2500000000
7.5000000000
4.0000000000
1.5000000000
-3.2500000000
-0.5000000000
-3.7500000000
-6.2500000000
-7.2500000000
-5.2500000000
-0.5000000000
-6.7500000000
0.5000000000
0.2500000000
1.2500000000
4.0000000000
6.0000000000
11.5000000000
11.2500000000
8.2500000000
3.5000000000
1.0000000000
0.0000000000
0.7500000000
5.7500000000
-3.5000000000
-6.5000000000
-5.2500000000
-2.0000000000
-4.0000000000
1.2500000000
-0.7500000000
-0.2500000000
-0.5000000000
0.2500000000
2.7500000000
8.0000000000
10.5000000000
7.7500000000
6.0000000000
4.2500000000
4.0000000000
4.2500000000
2.0000000000
-1.7500000000
-8.0000000000
-1.7500000000
-3.0000000000
-1.0000000000
-6.0000000000
0.2500000000
0.7500000000
1.0000000000
4.2500000000
6.5000000000
10.2500000000
12.2500000000
12.0000000000
10.2500000000
6.2500000000
3.2500000000
-0.2500000000
-4.2500000000
-4.7500000000
-4.5000000000
-2.7500000000
-1.7500000000
0.0000000000
1.0000000000
2.5000000000
3.7500000000
1.7500000000
-1.7500000000
1.0000000000
6.5000000000
6.7500000000
4.7500000000
4.5000000000
3.5000000000
-1.2500000000
-1.2500000000
-4.2500000000
-5.5000000000
-3.5000000000
1.2500000000
3.5000000000
-0.5000000000
2.0000000000
0.7500000000
2.0000000000
2.0000000000
2.2500000000
3.7500000000
1.2500000000
2.2500000000
3.0000000000
4.2500000000
4.5000000000
0.2500000000
-0.7500000000
-1.5000000000
-1.7500000000
4.2500000000
4.5000000000
3.5000000000
2.0000000000
1.0000000000
1.2500000000
2.2500000000
1.7500000000
0.5000000000
-0.2500000000
-5.5000000000
-1.2500000000
-1.0000000000
-3.5000000000
1.0000000000
-1.2500000000
2.5000000000
3.2500000000
5.2500000000
4.2500000000
3.2500000000
2.7500000000
0.2500000000
1.0000000000
-2.0000000000
0.0000000000
0.0000000000
-1.5000000000
-1.5000000000
-1.7500000000
0.7500000000
3.0000000000
2.2500000000
1.7500000000
2.5000000000
4.2500000000
5.7500000000
6.0000000000
5.0000000000
3.2500000000
1.5000000000
2.5000000000
2.5000000000
2.2500000000
1.2500000000
-1.7500000000
-3.0000000000
-4.5000000000
-2.2500000000
-2.7500000000
-2.0000000000
-1.0000000000
-1.5000000000
5.0000000000
8.2500000000
7.5000000000
4.2500000000
3.7500000000
3.0000000000
5.5000000000
4.2500000000
1.0000000000
-0.2500000000
-1.7500000000
-0.2500000000
-1.7500000000
-1.7500000000
-0.5000000000
-1.5000000000
0.0000000000
1.5000000000
4.2500000000
5.7500000000
6.0000000000
10.5000000000
8.7500000000
6.7500000000
4.0000000000
2.7500000000
1.7500000000
-3.0000000000
-1.2500000000
-2.5000000000
-2.7500000000
-1.7500000000
-1.0000000000
-0.2500000000
0.0000000000
2.0000000000
2.7500000000
6.7500000000
8.2500000000
9.2500000000
6.2500000000
7.0000000000
5.5000000000
3.7500000000
-3.2500000000
-0.5000000000
-2.0000000000
0.7500000000
-2.2500000000
-2.2500000000
-1.5000000000
-9.5000000000
-2.7500000000
-1.0000000000
-2.2500000000
2.5000000000
7.0000000000
7.7500000000
11.5000000000
9.2500000000
4.7500000000
0.5000000000
2.0000000000
-0.2500000000
-2.0000000000
-4.0000000000
-2.5000000000
-3.5000000000
-2.2500000000
-7.7500000000
-1.0000000000
-6.5000000000
-3.0000000000
-1.5000000000
3.0000000000
4.5000000000
5.5000000000
5.5000000000
3.5000000000
6.0000000000
8.0000000000
4.5000000000
0.5000000000
-2.5000000000
-4.2500000000
-2.2500000000
0.5000000000
1.2500000000
0.2500000000
-0.7500000000
0.2500000000
1.2500000000
0.2500000000
4.7500000000
5.7500000000
6.5000000000
6.2500000000
5.2500000000
3.7500000000
-2.0000000000
-0.5000000000
-1.0000000000
-0.7500000000
1.5000000000
1.0000000000
1.7500000000
-1.5000000000
1.5000000000
0.7500000000
2.2500000000
3.7500000000
2.0000000000
-2.2500000000
0.0000000000
0.7500000000
-2.0000000000
2.5000000000
2.7500000000
2.0000000000
2.5000000000
-2.2500000000
3.7500000000
2.7500000000
2.5000000000
3.5000000000
4.0000000000
1.2500000000
0.7500000000
0.0000000000
-0.7500000000
-0.5000000000
-4.5000000000
-3.0000000000
-3.5000000000
-3.0000000000
-1.0000000000
1.2500000000
7.0000000000
9.7500000000
7.5000000000
4.5000000000
2.2500000000
0.0000000000
3.2500000000
4.5000000000
7.2500000000
-0.5000000000
0.0000000000
-0.2500000000
1.5000000000
0.7500000000
-10.2500000000
-2.0000000000
-4.2500000000
-5.2500000000
-0.2500000000
1.0000000000
3.5000000000
7.0000000000
5.0000000000
8.0000000000
7.2500000000
7.2500000000
7.0000000000
7.2500000000
7.5000000000
3.7500000000
2.0000000000
0.2500000000
-1.5000000000
-2.7500000000
-8.5000000000
-8.5000000000
-8.0000000000
-6.5000000000
-3.2500000000
-1.5000000000
1.5000000000
2.2500000000
5.2500000000
5.7500000000
6.7500000000
7.0000000000
8.7500000000
4.2500000000
-1.2500000000
-2.5000000000
1.5000000000
-2.0000000000
-2.0000000000
-5.7500000000
-7.2500000000
-4.2500000000
-0.2500000000
0.2500000000
0.7500000000
1.0000000000
1.7500000000
4.5000000000
7.5000000000
9.0000000000
10.0000000000
8.2500000000
5.5000000000
1.7500000000
-0.5000000000
-1.2500000000
0.0000000000
-1.0000000000
-2.7500000000
-8.7500000000
-6.7500000000
-8.0000000000
-0.2500000000
1.5000000000
2.0000000000
2.5000000000
5.2500000000
4.5000000000
5.7500000000
5.0000000000
5.0000000000
3.2500000000
2.7500000000
2.0000000000
-0.2500000000
-0.2500000000
-2.0000000000
1.5000000000
0.5000000000
-0.2500000000
-1.0000000000
-2.0000000000
-0.7500000000
4.0000000000
2.5000000000
4.2500000000
0.7500000000
4.7500000000
7.0000000000
5.2500000000
4.0000000000
-11.2500000000
-1.0000000000
-5.2500000000
-2.0000000000
-1.5000000000
0.7500000000
1.2500000000
-0.2500000000
0.0000000000
-2.5000000000
-2.5000000000
0.0000000000
2.5000000000
2.7500000000
1.2500000000
1.0000000000
3.0000000000
2.0000000000
1.2500000000
-0.5000000000
-1.7500000000
-1.5000000000
-5.5000000000
4.5000000000
5.5000000000
1.0000000000
4.0000000000
3.5000000000
7.0000000000
6.7500000000
4.5000000000
1.0000000000
-3.5000000000
-0.7500000000
-3.5000000000
0.0000000000
0.5000000000
-4.0000000000
9.2500000000
-0.5000000000
0.0000000000
6.5000000000
7.2500000000
5.5000000000
4.5000000000
6.0000000000
9.0000000000
10.7500000000
0.0000000000
2.7500000000
-3.0000000000
-2.0000000000
-1.2500000000
-3.0000000000
-5.2500000000
-5.7500000000
-5.2500000000
-1.2500000000
2.7500000000
13.0000000000
6.7500000000
5.2500000000
4.5000000000
3.0000000000
3.0000000000
-0.5000000000
5.0000000000
1.5000000000
-0.5000000000
-2.0000000000
-0.7500000000
0.0000000000
-1.7500000000
-4.0000000000
-5.2500000000
-2.7500000000
0.0000000000
1.0000000000
3.7500000000
4.5000000000
7.7500000000
7.7500000000
2.2500000000
9.5000000000
2.5000000000
7.7500000000
6.0000000000
4.5000000000
2.7500000000
0.0000000000
-2.2500000000
-4.7500000000
-5.2500000000
-5.5000000000
-4.0000000000
-1.2500000000
0.7500000000
2.5000000000
4.5000000000
4.7500000000
4.2500000000
7.2500000000
0.2500000000
10.0000000000
7.2500000000
3.5000000000
-0.2500000000
-1.0000000000
-1.0000000000
-10.2500000000
-7.2500000000
-6.5000000000
-5.5000000000
-1.7500000000
1.5000000000
2.5000000000
2.7500000000
2.0000000000
-4.7500000000
2.5000000000
8.7500000000
13.0000000000
13.5000000000
10.5000000000
7.5000000000
4.0000000000
4.0000000000
1.7500000000
0.7500000000
-4.2500000000
-8.0000000000
-8.7500000000
-6.0000000000
-3.2500000000
-1.0000000000
-1.2500000000
-1.5000000000
-1.7500000000
-3.5000000000
10.7500000000
3.5000000000
8.7500000000
10.0000000000
5.2500000000
4.0000000000
1.2500000000
3.2500000000
1.0000000000
-4.2500000000
-6.7500000000
-8.5000000000
-0.7500000000
0.5000000000
4.0000000000
2.5000000000
3.2500000000
7.0000000000
0.7500000000
10.0000000000
7.7500000000
2.2500000000
4.2500000000
4.0000000000
1.5000000000
-0.5000000000
-2.5000000000
-1.0000000000
1.0000000000
-0.2500000000
0.0000000000
2.0000000000
2.2500000000
3.2500000000
2.5000000000
1.5000000000
2.2500000000
2.7500000000
1.5000000000
0.7500000000
2.0000000000
1.7500000000
1.5000000000
0.0000000000
-12.5000000000
-3.0000000000
-1.2500000000
-1.0000000000
0.0000000000
-0.2500000000
0.0000000000
-2.5000000000
-1.0000000000
1.2500000000
3.0000000000
-1.5000000000
2.0000000000
3.0000000000
4.5000000000
5.2500000000
4.7500000000
1.7500000000
1.2500000000
-3.5000000000
0.5000000000
1.0000000000
-0.5000000000
0.0000000000
-5.2500000000
0.7500000000
-0.2500000000
2.0000000000
5.2500000000
2.5000000000
4.5000000000
4.2500000000
2.0000000000
3.7500000000
4.2500000000
4.7500000000
2.5000000000
1.2500000000
-0.5000000000
-0.5000000000
1.7500000000
2.5000000000
0.0000000000
1.2500000000
0.7500000000
1.2500000000
-9.2500000000
2.5000000000
4.2500000000
4.0000000000
3.7500000000
4.2500000000
3.5000000000
-1.2500000000
5.2500000000
3.7500000000
2.0000000000
0.7500000000
0.0000000000
-2.0000000000
-3.7500000000
1.5000000000
4.2500000000
0.5000000000
0.0000000000
0.2500000000
0.0000000000
-1.0000000000
4.0000000000
4.0000000000
3.7500000000
3.7500000000
3.0000000000
3.5000000000
3.2500000000
2.0000000000
-1.2500000000
-3.2500000000
-1.5000000000
-2.0000000000
-0.5000000000
1.0000000000
1.2500000000
1.2500000000
0.7500000000
0.0000000000
-1.0000000000
2.0000000000
3.2500000000
3.2500000000
1.7500000000
2.2500000000
5.2500000000
5.2500000000
-3.7500000000
2.0000000000
-4.2500000000
1.2500000000
3.0000000000
3.2500000000
3.2500000000
1.5000000000
2.0000000000
1.0000000000
1.7500000000
3.5000000000
2.5000000000
4.7500000000
0.7500000000
1.7500000000
3.2500000000
2.0000000000
2.5000000000
0.7500000000
1.7500000000
2.5000000000
4.0000000000
-5.7500000000
2.0000000000
3.7500000000
3.5000000000
1.2500000000
1.5000000000
-0.5000000000
-0.2500000000
0.2500000000
1.0000000000
0.5000000000
-1.5000000000
-2.2500000000
-1.7500000000
-3.0000000000
-2.7500000000
-0.7500000000
-3.0000000000
-12.7500000000
-0.2500000000
2.5000000000
4.0000000000
6.2500000000
5.2500000000
3.0000000000
2.5000000000
4.2500000000
3.0000000000
1.2500000000
0.5000000000
0.7500000000
0.2500000000
0.0000000000
0.0000000000
-3.5000000000
0.7500000000
0.0000000000
-2.0000000000
-2.7500000000
-3.7500000000
-1.7500000000
-0.5000000000
0.0000000000
2.0000000000
1.7500000000
0.7500000000
1.2500000000
1.2500000000
-7.0000000000
-0.2500000000
0.0000000000
-2.5000000000
-1.5000000000
0.0000000000
1.2500000000
-1.7500000000
1.2500000000
1.5000000000
1.2500000000
0.0000000000
0.2500000000
1.2500000000
2.0000000000
1.7500000000
1.2500000000
0.0000000000
0.2500000000
0.2500000000
2.5000000000
1.5000000000
2.0000000000
2.5000000000
4.7500000000
3.0000000000
3.2500000000
-3.2500000000
-2.5000000000
7.7500000000
1.7500000000
2.5000000000
1.2500000000
-0.5000000000
-2.7500000000
-4.2500000000
-3.7500000000
-6.5000000000
-3.2500000000
-3.2500000000
-2.2500000000
-3.0000000000
-2.5000000000
-1.0000000000
1.5000000000
5.7500000000
6.7500000000
6.5000000000
4.7500000000
3.7500000000
3.7500000000
2.7500000000
1.7500000000
2.2500000000
1.7500000000
1.5000000000
0.7500000000
-0.2500000000
-0.2500000000
0.7500000000
1.7500000000
-2.7500000000
-2.7500000000
-0.5000000000
0.2500000000
2.7500000000
3.2500000000
4.7500000000
5.7500000000
6.7500000000
7.0000000000
4.5000000000
2.7500000000
1.7500000000
1.2500000000
-1.2500000000
-1.2500000000
-0.2500000000
-0.2500000000
0.5000000000
0.7500000000
0.2500000000
-1.5000000000
-0.2500000000
0.5000000000
-1.7500000000
-5.2500000000
-2.5000000000
-1.0000000000
2.7500000000
4.7500000000
7.2500000000
5.7500000000
4.7500000000
4.5000000000
4.7500000000
4.5000000000
3.7500000000
2.2500000000
-0.7500000000
-0.2500000000
-1.7500000000
-3.2500000000
-5.5000000000
-10.2500000000
-3.0000000000
-0.7500000000
0.2500000000
3.0000000000
8.0000000000
9.5000000000
12.5000000000
12.0000000000
10.0000000000
6.7500000000
4.2500000000
2.0000000000
-0.7500000000
-0.2500000000
-2.2500000000
-6.7500000000
-5.2500000000
-4.2500000000
-2.2500000000
-0.5000000000
-0.5000000000
-0.5000000000
-10.2500000000
0.5000000000
1.0000000000
6.2500000000
9.0000000000
3.2500000000
11.2500000000
9.0000000000
7.7500000000
3.2500000000
4.2500000000
2.0000000000
-0.7500000000
-3.0000000000
-4.7500000000
-7.0000000000
-3.7500000000
-3.0000000000
-0.2500000000
0.5000000000
1.2500000000
0.0000000000
-2.0000000000
-4.2500000000
4.5000000000
8.7500000000
11.5000000000
9.5000000000
7.2500000000
4.7500000000
-0.5000000000
1.0000000000
0.0000000000
-1.2500000000
-3.2500000000
-2.7500000000
-3.5000000000
-1.7500000000
-1.0000000000
0.7500000000
1.0000000000
0.7500000000
0.5000000000
-1.0000000000
-3.2500000000
-1.0000000000
4.5000000000
8.7500000000
10.0000000000
9.2500000000
6.2500000000
5.0000000000
-3.5000000000
0.7500000000
-1.5000000000
-4.0000000000
-3.0000000000
-1.2500000000
-1.0000000000
-2.2500000000
0.7500000000
0.2500000000
0.5000000000
1.5000000000
0.7500000000
-0.2500000000
0.0000000000
1.5000000000
9.2500000000
12.2500000000
11.5000000000
7.5000000000
1.0000000000
0.0000000000
-4.7500000000
59.5000000000
-1.7500000000
-3.0000000000
-1.2500000000
-0.5000000000
-5.7500000000
-0.7500000000
0.2500000000
2.7500000000
3.7500000000
6.5000000000
5.7500000000
4.0000000000
5.2500000000
5.2500000000
4.2500000000
2.0000000000
-1.0000000000
-5.2500000000
-5.0000000000
-3.5000000000
-1.7500000000
0.5000000000
0.5000000000
0.0000000000
-0.7500000000
-0.7500000000
-2.2500000000
-0.7500000000
-4.0000000000
1.2500000000
1.0000000000
2.5000000000
4.7500000000
5.5000000000
4.0000000000
2.0000000000
-3.5000000000
-2.5000000000
0.0000000000
2.2500000000
2.7500000000
2.2500000000
0.7500000000
1.2500000000
2.0000000000
3.0000000000
2.5000000000
2.7500000000
4.0000000000
2.0000000000
2.7500000000
2.5000000000
5.2500000000
3.2500000000
3.5000000000
2.2500000000
1.5000000000
1.5000000000
2.2500000000
1.7500000000
-1.0000000000
-0.7500000000
1.7500000000
1.2500000000
0.0000000000
0.0000000000
0.7500000000
2.2500000000
2.5000000000
3.0000000000
2.7500000000
3.7500000000
5.2500000000
2.7500000000
4.0000000000
1.5000000000
2.2500000000
1.2500000000
3.2500000000
3.5000000000
0.2500000000
0.2500000000
1.2500000000
-1.7500000000
0.7500000000
-2.0000000000
-1.7500000000
-3.7500000000
-3.2500000000
-1.5000000000
-1.5000000000
-1.5000000000
0.5000000000
1.5000000000
4.5000000000
7.2500000000
7.5000000000
7.2500000000
5.0000000000
5.5000000000
5.0000000000
3.7500000000
2.7500000000
-3.7500000000
-5.5000000000
-6.7500000000
-4.5000000000
-1.2500000000
0.0000000000
22.0000000000
0.2500000000
-0.2500000000
0.5000000000
1.0000000000
2.0000000000
3.5000000000
8.2500000000
11.0000000000
9.7500000000
8.2500000000
5.7500000000
4.7500000000
3.5000000000
5.2500000000
-2.2500000000
-1.5000000000
-3.7500000000
-4.5000000000
-4.5000000000
-4.2500000000
-2.7500000000
-2.2500000000
-1.2500000000
-2.0000000000
-2.0000000000
0.0000000000
4.2500000000
2.0000000000
12.5000000000
11.0000000000
10.2500000000
7.5000000000
5.0000000000
1.0000000000
-0.2500000000
-2.2500000000
-4.2500000000
-4.7500000000
-4.0000000000
-3.7500000000
-5.7500000000
-2.2500000000
-0.2500000000
2.0000000000
3.5000000000
5.2500000000
4.2500000000
7.5000000000
5.2500000000
4.5000000000
5.5000000000
3.5000000000
2.7500000000
0.5000000000
-0.2500000000
-2.2500000000
-1.7500000000
-2.0000000000
-1.0000000000
-0.2500000000
-0.7500000000
0.0000000000
-1.2500000000
-0.5000000000
1.2500000000
2.2500000000
3.2500000000
4.0000000000
3.5000000000
6.5000000000
6.7500000000
5.7500000000
4.0000000000
1.5000000000
0.5000000000
0.0000000000
2.5000000000
1.2500000000
-0.7500000000
-1.5000000000
-4.0000000000
-0.2500000000
1.0000000000
2.5000000000
3.0000000000
3.0000000000
3.0000000000
1.0000000000
2.7500000000
4.0000000000
3.7500000000
2.5000000000
0.2500000000
-0.7500000000
0.0000000000
1.5000000000
2.2500000000
2.2500000000
0.0000000000
0.0000000000
-0.2500000000
-3.2500000000
0.5000000000
0.5000000000
0.0000000000
-1.0000000000
-1.0000000000
0.0000000000
-0.2500000000
-0.5000000000
1.5000000000
4.2500000000
5.5000000000
5.7500000000
4.7500000000
3.0000000000
2.5000000000
1.5000000000
1.5000000000
-1.2500000000
2.5000000000
3.0000000000
3.5000000000
2.2500000000
-5.0000000000
0.0000000000
0.2500000000
1.0000000000
-1.7500000000
-1.2500000000
-0.5000000000
1.5000000000
1.5000000000
0.2500000000
2.0000000000
1.7500000000
4.0000000000
0.2500000000
2.7500000000
0.5000000000
0.0000000000
1.2500000000
1.5000000000
1.0000000000
-0.2500000000
-1.0000000000
-10.0000000000
-1.7500000000
-0.5000000000
-1.7500000000
1.7500000000
4.0000000000
6.2500000000
8.0000000000
6.5000000000
4.2500000000
3.2500000000
5.5000000000
5.2500000000
3.5000000000
0.5000000000
-1.0000000000
-2.2500000000
-1.5000000000
-0.7500000000
-6.2500000000
-0.5000000000
1.7500000000
5.5000000000
3.2500000000
5.7500000000
5.0000000000
0.0000000000
2.7500000000
-1.5000000000
2.2500000000
3.0000000000
4.0000000000
1.7500000000
-0.2500000000
-3.2500000000
-0.2500000000
0.2500000000
-1.0000000000
-1.7500000000
-2.0000000000
-0.5000000000
2.7500000000
6.5000000000
6.0000000000
4.5000000000
4.5000000000
4.5000000000
3.2500000000
3.5000000000
2.0000000000
4.5000000000
3.7500000000
2.2500000000
-0.2500000000
-2.7500000000
-1.0000000000
0.7500000000
0.2500000000
-1.0000000000
-1.0000000000
0.5000000000
4.2500000000
8.0000000000
7.7500000000
4.2500000000
2.5000000000
2.2500000000
2.5000000000
-8.5000000000
3.7500000000
3.5000000000
3.2500000000
1.5000000000
-0.5000000000
-0.5000000000
-1.2500000000
-1.2500000000
-3.7500000000
-7.2500000000
-3.5000000000
1.2500000000
5.5000000000
7.0000000000
5.2500000000
6.5000000000
7.0000000000
0.5000000000
8.0000000000
7.0000000000
4.0000000000
1.5000000000
-1.0000000000
-3.2500000000
-5.2500000000
-4.7500000000
-8.5000000000
-2.0000000000
-1.2500000000
-6.0000000000
2.0000000000
4.2500000000
5.5000000000
6.7500000000
8.7500000000
7.0000000000
6.5000000000
5.2500000000
3.2500000000
1.2500000000
0.0000000000
1.0000000000
-3.5000000000
-1.2500000000
-3.0000000000
-5.0000000000
-3.5000000000
-1.5000000000
2.5000000000
-3.2500000000
1.2500000000
-1.7500000000
1.0000000000
2.7500000000
4.5000000000
8.0000000000
8.7500000000
4.2500000000
3.5000000000
1.2500000000
2.5000000000
1.7500000000
0.0000000000
-4.7500000000
-5.0000000000
-2.5000000000
0.0000000000
0.2500000000
1.0000000000
0.5000000000
0.0000000000
0.5000000000
0.0000000000
4.0000000000
7.0000000000
-0.2500000000
5.0000000000
3.5000000000
1.7500000000
2.0000000000
1.2500000000
0.0000000000
-1.0000000000
-3.5000000000
-3.0000000000
0.0000000000
0.7500000000
2.5000000000
2.2500000000
2.0000000000
1.5000000000
-0.2500000000
2.7500000000
4.0000000000
8.2500000000
7.7500000000
6.7500000000
4.7500000000
-3.0000000000
3.2500000000
-2.5000000000
-2.0000000000
0.0000000000
0.0000000000
1.2500000000
-0.2500000000
0.5000000000
1.0000000000
1.0000000000
0.5000000000
0.2500000000
-0.2500000000
3.2500000000
8.2500000000
8.7500000000
3.7500000000
8.0000000000
6.5000000000
5.2500000000
2.2500000000
5.5000000000
-1.7500000000
-3.2500000000
-3.7500000000
-3.7500000000
-1.0000000000
0.5000000000
1.0000000000
-0.7500000000
-0.5000000000
-4.0000000000
-1.7500000000
-1.7500000000
1.2500000000
4.0000000000
5.7500000000
6.2500000000
3.7500000000
2.7500000000
1.0000000000
1.2500000000
0.0000000000
0.0000000000
-0.7500000000
-1.0000000000
-1.0000000000
-1.0000000000
0.0000000000
-0.5000000000
-7.0000000000
-1.2500000000
-2.2500000000
0.2500000000
0.5000000000
4.0000000000
5.7500000000
7.5000000000
8.5000000000
7.7500000000
6.5000000000
2.2500000000
-3.0000000000
-0.7500000000
4.7500000000
1.5000000000
1.7500000000
1.0000000000
2.2500000000
2.0000000000
0.7500000000
-0.2500000000
-0.7500000000
-1.0000000000
-6.2500000000
-0.5000000000
1.5000000000
2.2500000000
6.2500000000
7.2500000000
7.2500000000
5.7500000000
4.5000000000
0.7500000000
-5.0000000000
1.2500000000
3.5000000000
5.0000000000
4.0000000000
2.7500000000
0.0000000000
-1.0000000000
-0.2500000000
-0.2500000000
0.0000000000
1.2500000000
1.7500000000
0.7500000000
1.2500000000
2.2500000000
3.2500000000
5.2500000000
4.0000000000
2.2500000000
0.0000000000
0.2500000000
1.5000000000
1.7500000000
3.0000000000
-3.0000000000
0.0000000000
-2.7500000000
-1.2500000000
1.5000000000
2.7500000000
0.7500000000
-1.5000000000
0.2500000000
-0.5000000000
0.5000000000
1.7500000000
0.7500000000
3.2500000000
5.0000000000
7.0000000000
5.0000000000
2.2500000000
5.5000000000
2.7500000000
1.2500000000
1.2500000000
1.2500000000
1.0000000000
0.0000000000
-1.2500000000
-1.7500000000
-1.5000000000
0.0000000000
1.0000000000
-2.7500000000
0.2500000000
3.5000000000
6.7500000000
8.0000000000
8.2500000000
6.2500000000
4.2500000000
5.7500000000
2.5000000000
0.7500000000
4.2500000000
4.5000000000
2.5000000000
-1.2500000000
0.0000000000
-1.2500000000
-2.0000000000
-2.5000000000
-2.7500000000
-9.0000000000
-3.7500000000
-2.2500000000
-0.5000000000
4.5000000000
6.5000000000
7.7500000000
5.7500000000
0.7500000000
6.5000000000
2.7500000000
5.0000000000
2.7500000000
1.5000000000
-1.5000000000
-0.5000000000
-1.0000000000
-3.7500000000
-2.7500000000
-2.0000000000
0.0000000000
0.2500000000
1.5000000000
1.2500000000
0.5000000000
-0.5000000000
7.2500000000
10.7500000000
11.2500000000
8.7500000000
4.5000000000
2.0000000000
3.2500000000
3.5000000000
0.7500000000
-2.2500000000
-4.2500000000
-4.2500000000
-2.5000000000
-1.0000000000
0.0000000000
-0.5000000000
-1.5000000000
-2.5000000000
-0.5000000000
0.5000000000
6.7500000000
8.2500000000
9.7500000000
10.2500000000
5.0000000000
5.2500000000
3.5000000000
2.5000000000
-0.2500000000
-3.5000000000
-4.7500000000
-3.7500000000
-1.2500000000
-1.2500000000
0.7500000000
-1.5000000000
-2.0000000000
0.2500000000
2.7500000000
3.0000000000
7.5000000000
9.5000000000
9.0000000000
7.0000000000
4.7500000000
1.2500000000
-2.0000000000
-3.7500000000
-4.2500000000
-3.0000000000
-3.7500000000
-2.5000000000
-1.7500000000
-1.0000000000
0.0000000000
-2.7500000000
2.5000000000
4.5000000000
6.2500000000
9.0000000000
10.2500000000
9.2500000000
9.5000000000
4.5000000000
3.0000000000
1.2500000000
-0.2500000000
-2.2500000000
-2.0000000000
-2.2500000000
-2.5000000000
-2.7500000000
-2.0000000000
-2.5000000000
1.0000000000
2.0000000000
2.5000000000
4.7500000000
7.7500000000
10.0000000000
7.2500000000
9.5000000000
5.0000000000
0.2500000000
-2.0000000000
-2.7500000000
-3.2500000000
-3.2500000000
-3.5000000000
-2.5000000000
-4.2500000000
-1.0000000000
-1.0000000000
3.2500000000
5.2500000000
4.7500000000
0.2500000000
5.2500000000
6.2500000000
5.7500000000
-5.5000000000
-1.0000000000
-1.7500000000
-12.7500000000
0.0000000000
86.5000000000
0.0000000000
0.0000000000
-4.7500000000
1.2500000000
2.0000000000
2.2500000000
1.5000000000
1.7500000000
0.0000000000
-1.2500000000
-0.7500000000
2.5000000000
5.5000000000
7.2500000000
3.7500000000
1.5000000000
0.2500000000
3.0000000000
4.7500000000
3.5000000000
3.0000000000
1.7500000000
0.7500000000
-0.7500000000
3.0000000000
3.2500000000
2.0000000000
2.2500000000
1.7500000000
2.2500000000
1.5000000000
1.7500000000
0.7500000000
-1.7500000000
-6.2500000000
3.2500000000
1.2500000000
4.0000000000
4.5000000000
0.5000000000
4.7500000000
5.2500000000
5.5000000000
3.7500000000
2.7500000000
0.5000000000
-1.0000000000
-0.7500000000
-1.5000000000
-2.0000000000
-2.0000000000
0.5000000000
3.7500000000
5.7500000000
6.5000000000
5.7500000000
4.2500000000
5.2500000000
3.7500000000
5.0000000000
4.5000000000
3.2500000000
0.7500000000
-2.5000000000
-2.0000000000
-1.7500000000
-0.7500000000
-2.0000000000
-3.2500000000
-5.2500000000
0.2500000000
4.0000000000
7.7500000000
8.0000000000
7.7500000000
-4.2500000000
3.2500000000
3.5000000000
3.5000000000
4.7500000000
2.7500000000
1.0000000000
-0.2500000000
0.0000000000
-1.0000000000
-0.7500000000
-1.0000000000
-2.7500000000
-1.5000000000
0.5000000000
-2.0000000000
2.2500000000
9.2500000000
7.5000000000
3.7500000000
6.5000000000
6.2500000000
7.2500000000
6.5000000000
4.0000000000
2.5000000000
0.5000000000
-0.2500000000
-1.5000000000
-3.7500000000
-5.2500000000
-4.7500000000
-2.7500000000
-1.2500000000
2.0000000000
4.0000000000
6.7500000000
8.5000000000
11.7500000000
12.2500000000
10.7500000000
7.7500000000
2.2500000000
0.5000000000
0.0000000000
0.2500000000
-3.0000000000
-6.5000000000
-7.2500000000
-13.7500000000
-3.0000000000
0.0000000000
2.2500000000
1.7500000000
2.7500000000
1.2500000000
5.7500000000
11.5000000000
14.2500000000
13.5000000000
9.0000000000
6.5000000000
8.0000000000
6.7500000000
4.0000000000
-2.5000000000
-8.7500000000
-7.0000000000
-1.7500000000
-4.7500000000
-1.7500000000
-4.5000000000
0.2500000000
1.0000000000
1.0000000000
3.7500000000
7.0000000000
10.2500000000
10.7500000000
8.0000000000
4.0000000000
3.5000000000
3.0000000000
0.0000000000
-4.5000000000
-6.2500000000
-13.2500000000
-3.0000000000
0.0000000000
1.5000000000
0.7500000000
-1.7500000000
0.2500000000
3.0000000000
6.0000000000
9.5000000000
9.2500000000
7.2500000000
5.2500000000
2.7500000000
1.7500000000
0.0000000000
-0.7500000000
-1.0000000000
-2.0000000000
-0.7500000000
0.2500000000
1.5000000000
0.5000000000
-3.0000000000
-0.2500000000
-6.5000000000
-3.0000000000
1.0000000000
-0.7500000000
2.5000000000
4.2500000000
7.5000000000
2.5000000000
4.7500000000
1.2500000000
-0.2500000000
0.7500000000
1.0000000000
1.2500000000
-1.0000000000
-0.7500000000
-2.2500000000
-0.7500000000
0.0000000000
1.2500000000
2.7500000000
2.0000000000
0.0000000000
5.5000000000
2.2500000000
4.7500000000
9.5000000000
8.7500000000
7.5000000000
1.5000000000
-2.2500000000
-1.7500000000
-2.0000000000
3.5000000000
-1.2500000000
0.2500000000
0.0000000000
0.0000000000
-0.2500000000
0.0000000000
1.0000000000
0.2500000000
2.7500000000
2.0000000000
-0.5000000000
0.7500000000
3.7500000000
6.5000000000
6.2500000000
3.7500000000
0.2500000000
1.0000000000
2.5000000000
3.2500000000
1.5000000000
-1.7500000000
-1.5000000000
-2.0000000000
-1.5000000000
-1.7500000000
0.7500000000
3.0000000000
2.7500000000
1.2500000000
1.0000000000
2.0000000000
0.7500000000
3.5000000000
2.5000000000
1.0000000000
2.0000000000
2.5000000000
1.7500000000
1.0000000000
1.5000000000
1.5000000000
3.5000000000
3.2500000000
1.2500000000
2.7500000000
2.7500000000
3.2500000000
-1.0000000000
0.7500000000
0.0000000000
-0.5000000000
-1.2500000000
-5.7500000000
-2.5000000000
0.2500000000
4.7500000000
7.0000000000
7.5000000000
7.0000000000
6.0000000000
5.2500000000
5.7500000000
6.2500000000
1.0000000000
-3.2500000000
-2.2500000000
-2.7500000000
-1.7500000000
-1.7500000000
-2.5000000000
-8.2500000000
-8.0000000000
-1.0000000000
2.5000000000
5.7500000000
8.7500000000
11.0000000000
9.2500000000
8.2500000000
8.7500000000
8.7500000000
7.7500000000
5.7500000000
2.7500000000
1.0000000000
-0.2500000000
-2.0000000000
-5.2500000000
-8.0000000000
-5.7500000000
-4.0000000000
-3.0000000000
-9.5000000000
-4.7500000000
0.5000000000
4.0000000000
7.5000000000
9.7500000000
10.5000000000
9.2500000000
7.5000000000
4.2500000000
1.7500000000
-0.2500000000
-1.0000000000
-3.2500000000
-6.2500000000
-6.5000000000
-5.5000000000
-3.7500000000
-0.5000000000
1.0000000000
1.2500000000
-3.2500000000
2.7500000000
3.2500000000
11.5000000000
6.5000000000
11.2500000000
8.7500000000
5.0000000000
3.7500000000
-1.5000000000
2.5000000000
-0.7500000000
-2.5000000000
-3.5000000000
-3.7500000000
-1.2500000000
-0.2500000000
0.5000000000
0.0000000000
-0.2500000000
-2.2500000000
-1.5000000000
4.5000000000
7.5000000000
11.2500000000
11.5000000000
7.2500000000
5.2500000000
4.2500000000
2.2500000000
-0.7500000000
-1.7500000000
-3.5000000000
-5.2500000000
-8.7500000000
-2.2500000000
-0.7500000000
-2.0000000000
-1.0000000000
-1.2500000000
-3.5000000000
1.7500000000
4.5000000000
5.7500000000
6.2500000000
4.7500000000
6.5000000000
3.2500000000
2.0000000000
0.0000000000
-2.0000000000
0.0000000000
1.5000000000
1.5000000000
1.5000000000
-2.5000000000
1.2500000000
-0.2500000000
2.5000000000
2.5000000000
3.0000000000
1.2500000000
0.7500000000
3.7500000000
2.5000000000
6.2500000000
2.7500000000
0.0000000000
0.7500000000
2.2500000000
4.0000000000
1.5000000000
1.7500000000
0.2500000000
-0.7500000000
0.5000000000
1.5000000000
-0.7500000000
2.7500000000
0.0000000000
0.0000000000
2.0000000000
3.2500000000
5.0000000000
4.0000000000
1.7500000000
1.2500000000
2.0000000000
2.2500000000
3.2500000000
3.0000000000
1.7500000000
1.7500000000
1.7500000000
2.7500000000
2.5000000000
1.7500000000
0.7500000000
-0.7500000000
0.7500000000
-0.7500000000
0.0000000000
0.7500000000
-0.7500000000
2.5000000000
2.7500000000
2.7500000000
2.0000000000
2.5000000000
3.5000000000
1.7500000000
1.7500000000
0.0000000000
0.5000000000
-1.7500000000
-1.5000000000
-0.5000000000
0.0000000000
-7.7500000000
-1.5000000000
0.7500000000
2.2500000000
4.2500000000
7.7500000000
1.0000000000
5.2500000000
4.2500000000
5.2500000000
5.2500000000
3.7500000000
1.7500000000
-4.0000000000
-1.7500000000
-0.7500000000
0.0000000000
0.0000000000
-2.0000000000
-2.0000000000
0.5000000000
2.7500000000
6.0000000000
6.0000000000
4.5000000000
2.7500000000
2.7500000000
5.2500000000
6.5000000000
7.7500000000
4.0000000000
-0.2500000000
-7.7500000000
-0.5000000000
0.0000000000
-2.5000000000
-4.2500000000
-2.2500000000
-2.2500000000
0.2500000000
1.7500000000
3.2500000000
5.7500000000
6.5000000000
5.5000000000
4.5000000000
4.5000000000
4.0000000000
3.7500000000
3.0000000000
2.0000000000
0.2500000000
-1.0000000000
-2.5000000000
-3.2500000000
-2.5000000000
-0.5000000000
0.7500000000
0.7500000000
-6.7500000000
4.0000000000
6.0000000000
7.7500000000
8.7500000000
7.0000000000
5.0000000000
2.2500000000
-2.2500000000
0.2500000000
0.0000000000
-3.5000000000
-2.7500000000
-3.2500000000
-1.0000000000
1.5000000000
1.2500000000
2.0000000000
-5.0000000000
1.0000000000
0.7500000000
1.0000000000
4.2500000000
6.2500000000
8.5000000000
8.7500000000
7.2500000000
4.7500000000
3.2500000000
3.0000000000
0.2500000000
-1.0000000000
-3.5000000000
-2.0000000000
-8.0000000000
-0.2500000000
0.7500000000
-3.5000000000
-1.2500000000
-0.2500000000
0.2500000000
3.5000000000
7.7500000000
9.0000000000
8.0000000000
0.0000000000
5.0000000000
2.0000000000
-4.7500000000
0.0000000000
-1.7500000000
-4.2500000000
-1.7500000000
-1.7500000000
-1.5000000000
0.0000000000
-0.2500000000
-5.0000000000
-3.0000000000
-3.7500000000
-0.7500000000
-1.7500000000
5.2500000000
5.5000000000
7.5000000000
7.2500000000
8.0000000000
5.2500000000
1.7500000000
1.0000000000
-1.0000000000
1.7500000000
2.0000000000
0.7500000000
0.2500000000
-0.5000000000
-0.5000000000
0.2500000000
0.7500000000
2.0000000000
1.7500000000
0.0000000000
0.7500000000
7.0000000000
10.0000000000
8.0000000000
5.0000000000
-4.2500000000
1.7500000000
2.5000000000
2.0000000000
1.5000000000
-5.5000000000
-0.7500000000
-1.5000000000
-1.7500000000
0.0000000000
0.5000000000
3.7500000000
2.0000000000
3.0000000000
2.7500000000
-1.2500000000
8.5000000000
7.0000000000
5.7500000000
2.2500000000
2.2500000000
0.0000000000
-0.2500000000
0.5000000000
0.7500000000
0.7500000000
-0.2500000000
-0.2500000000
-0.5000000000
0.2500000000
2.5000000000
2.0000000000
0.5000000000
0.2500000000
2.0000000000
2.2500000000
4.5000000000
4.2500000000
-0.2500000000
-2.0000000000
-1.0000000000
2.0000000000
3.7500000000
3.2500000000
2.7500000000
2.2500000000
-0.7500000000
2.5000000000
2.0000000000
-1.0000000000
0.0000000000
-1.0000000000
0.2500000000
0.2500000000
0.7500000000
1.2500000000
2.0000000000
4.2500000000
4.7500000000
0.0000000000
4.0000000000
3.0000000000
2.2500000000
1.2500000000
2.0000000000
2.5000000000
1.2500000000
-0.7500000000
-2.2500000000
-3.5000000000
-2.7500000000
-1.5000000000
-1.7500000000
-2.2500000000
1.0000000000
6.7500000000
7.2500000000
7.5000000000
6.2500000000
4.2500000000
3.2500000000
3.2500000000
3.5000000000
0.2500000000
2.0000000000
-2.2500000000
-0.2500000000
-2.0000000000
-2.0000000000
-1.7500000000
-3.5000000000
-2.0000000000
-3.2500000000
-3.5000000000
0.0000000000
4.0000000000
6.0000000000
6.5000000000
8.0000000000
6.0000000000
6.2500000000
5.2500000000
5.0000000000
1.5000000000
-1.2500000000
-1.0000000000
-1.5000000000
-7.5000000000
-2.7500000000
-0.7500000000
-3.5000000000
-1.0000000000
-1.2500000000
-4.2500000000
1.0000000000
4.0000000000
6.2500000000
8.0000000000
9.0000000000
12.2500000000
11.5000000000
6.7500000000
2.5000000000
2.2500000000
2.2500000000
0.0000000000
-2.5000000000
-6.0000000000
-9.5000000000
-3.7500000000
-0.7500000000
0.5000000000
1.5000000000
0.7500000000
0.0000000000
-0.7500000000
2.5000000000
7.0000000000
8.7500000000
9.7500000000
7.2500000000
1.5000000000
1.7500000000
1.7500000000
0.7500000000
-1.0000000000
-2.5000000000
-3.5000000000
-3.5000000000
-1.5000000000
0.2500000000
0.7500000000
0.0000000000
-0.5000000000
-1.2500000000
-0.5000000000
3.2500000000
6.5000000000
9.0000000000
7.0000000000
4.7500000000
3.7500000000
2.7500000000
1.7500000000
0.2500000000
-0.5000000000
-2.5000000000
-2.0000000000
-8.7500000000
0.7500000000
0.7500000000
0.7500000000
0.5000000000
0.2500000000
0.2500000000
0.7500000000
-0.7500000000
6.5000000000
8.0000000000
7.7500000000
5.2500000000
5.2500000000
0.7500000000
1.7500000000
-2.5000000000
-2.2500000000
-3.2500000000
-2.2500000000
0.2500000000
2.0000000000
1.2500000000
1.2500000000
-1.2500000000
0.5000000000
2.0000000000
3.0000000000
4.2500000000
6.0000000000
4.2500000000
6.0000000000
4.2500000000
4.5000000000
2.7500000000
0.5000000000
1.2500000000
1.7500000000
2.0000000000
0.2500000000
-1.0000000000
-1.2500000000
-2.0000000000
0.7500000000
-2.5000000000
-0.2500000000
-0.2500000000
0.0000000000
2.0000000000
2.2500000000
3.2500000000
5.5000000000
7.0000000000
6.0000000000
1.5000000000
0.2500000000
0.5000000000
0.2500000000
0.5000000000
0.5000000000
-0.2500000000
-1.0000000000
-2.0000000000
-0.7500000000
-1.2500000000
-1.7500000000
2.5000000000
4.5000000000
5.2500000000
5.7500000000
8.2500000000
8.7500000000
3.0000000000
3.0000000000
-4.2500000000
-0.7500000000
0.5000000000
0.5000000000
0.0000000000
-0.2500000000
-0.7500000000
-0.7500000000
-0.7500000000
0.0000000000
-0.2500000000
5.5000000000
6.5000000000
7.5000000000
6.2500000000
4.2500000000
2.7500000000
2.5000000000
0.2500000000
-1.5000000000
-1.5000000000
-0.5000000000
0.0000000000
1.5000000000
1.2500000000
1.7500000000
0.5000000000
3.0000000000
9.5000000000
5.2500000000
3.2500000000
1.2500000000
2.0000000000
2.0000000000
2.7500000000
1.5000000000
1.5000000000
2.2500000000
2.5000000000
2.5000000000
0.2500000000
1.0000000000
2.2500000000
2.2500000000
2.7500000000
2.7500000000
2.5000000000
3.2500000000
2.5000000000
0.7500000000
-3.2500000000
0.0000000000
-2.2500000000
-0.7500000000
-0.2500000000
4.2500000000
3.2500000000
3.0000000000
3.5000000000
1.5000000000
4.5000000000
5.7500000000
4.5000000000
6.0000000000
4.7500000000
3.7500000000
2.2500000000
0.2500000000
0.2500000000
0.0000000000
-1.0000000000
-2.0000000000
-4.0000000000
-2.2500000000
-0.2500000000
34.7500000000
5.5000000000
6.0000000000
7.2500000000
12.0000000000
7.5000000000
6.2500000000
5.5000000000
6.0000000000
3.2500000000
1.7500000000
0.0000000000
-0.5000000000
-0.2500000000
-2.0000000000
-4.2500000000
-7.7500000000
-3.5000000000
-1.0000000000
1.5000000000
0.5000000000
4.5000000000
7.5000000000
8.5000000000
9.5000000000
7.7500000000
5.5000000000
2.7500000000
3.0000000000
1.2500000000
-8.7500000000
-1.7500000000
-3.2500000000
-5.2500000000
-6.2500000000
-4.0000000000
-2.0000000000
0.7500000000
1.2500000000
1.7500000000
1.2500000000
2.7500000000
5.5000000000
1.5000000000
10.2500000000
9.2500000000
6.0000000000
3.0000000000
3.0000000000
4.2500000000
4.0000000000
2.7500000000
-2.7500000000
-6.2500000000
-4.0000000000
-2.5000000000
-0.5000000000
0.2500000000
0.7500000000
0.7500000000
0.2500000000
1.7500000000
5.2500000000
8.7500000000
11.2500000000
9.2500000000
5.2500000000
2.5000000000
-2.2500000000
-11.0000000000
-0.2500000000
-2.0000000000
-4.0000000000
-3.5000000000
-9.0000000000
1.2500000000
1.2500000000
1.7500000000
0.7500000000
-2.0000000000
0.0000000000
2.0000000000
7.2500000000
7.7500000000
7.0000000000
6.0000000000
4.7500000000
5.2500000000
2.7500000000
1.7500000000
-0.5000000000
-6.5000000000
-2.2500000000
-1.7500000000
-1.0000000000
-0.2500000000
-0.2500000000
-1.5000000000
-0.7500000000
-8.0000000000
2.2500000000
0.5000000000
3.2500000000
5.5000000000
7.5000000000
1.2500000000
3.5000000000
1.0000000000
0.7500000000
0.7500000000
3.0000000000
0.5000000000
0.0000000000
-1.2500000000
-0.7500000000
-0.7500000000
-1.7500000000
0.0000000000
0.0000000000
2.5000000000
3.2500000000
4.5000000000
-1.2500000000
9.5000000000
6.5000000000
5.2500000000
3.5000000000
1.0000000000
0.7500000000
0.0000000000
0.5000000000
-1.2500000000
-0.2500000000
-1.0000000000
-0.7500000000
-3.0000000000
-2.5000000000
-0.7500000000
1.0000000000
3.5000000000
4.2500000000
-4.2500000000
5.7500000000
8.2500000000
8.0000000000
4.0000000000
-0.2500000000
-4.5000000000
-1.0000000000
0.5000000000
2.2500000000
0.7500000000
-1.7500000000
-3.7500000000
-2.7500000000
-3.0000000000
-2.5000000000
-0.2500000000
1.7500000000
3.0000000000
3.5000000000
3.7500000000
6.2500000000
8.0000000000
3.0000000000
6.7500000000
0.2500000000
-2.5000000000
-3.7500000000
-1.2500000000
0.0000000000
0.7500000000
0.5000000000
-4.0000000000
0.7500000000
1.2500000000
2.2500000000
3.2500000000
-0.2500000000
2.7500000000
-3.5000000000
3.0000000000
3.5000000000
3.5000000000
3.0000000000
0.5000000000
-0.5000000000
0.2500000000
2.2500000000
3.7500000000
3.7500000000
2.5000000000
2.0000000000
-0.2500000000
-4.7500000000
1.5000000000
2.2500000000
1.7500000000
-1.0000000000
-0.7500000000
-1.2500000000
1.0000000000
0.5000000000
1.0000000000
-4.0000000000
4.2500000000
6.0000000000
6.0000000000
3.5000000000
3.7500000000
3.5000000000
1.5000000000
3.2500000000
3.5000000000
2.2500000000
1.0000000000
-0.5000000000
-1.7500000000
-3.0000000000
-1.5000000000
-4.0000000000
-6.0000000000
-3.5000000000
0.0000000000
3.5000000000
4.0000000000
7.0000000000
5.7500000000
1.7500000000
-6.0000000000
5.2500000000
5.5000000000
-2.7500000000
0.7500000000
-5.0000000000
-3.0000000000
-0.2500000000
-5.7500000000
-2.0000000000
-2.2500000000
-2.5000000000
-1.2500000000
-0.2500000000
0.7500000000
1.0000000000
3.0000000000
5.7500000000
5.0000000000
8.7500000000
9.7500000000
10.2500000000
6.5000000000
3.5000000000
4.2500000000
1.5000000000
