-1.0808000000
0.5182100000
1.0803000000
-0.5142500000
-1.0780000000
0.4981700000
1.0674000000
-0.4241000000
-0.9912900000
-0.0489910000
-0.1392900000
-0.3892700000
-0.9413100000
-0.3056600000
-0.7897400000
-0.8469900000
-0.6822000000
-1.0394000000
0.2381200000
0.6401500000
1.0768000000
-0.4894100000
-1.0607000000
0.3783400000
0.9239200000
0.3854000000
0.9352500000
0.3340200000
0.8457400000
0.6862800000
1.0347000000
-0.2082800000
-0.5678500000
-1.0965000000
0.6324000000
1.0815000000
-0.5231200000
-1.0829000000
0.5329300000
1.0875000000
-0.5659400000
-1.0963000000
0.6309500000
1.0823000000
-0.5289400000
-1.0857000000
0.5532400000
1.0941000000
-0.6147200000
-1.0899000000
0.5837800000
1.0968000000
-0.6341700000
-1.0805000000
0.5157900000
1.0789000000
-0.5045100000
-1.0719000000
0.4549100000
1.0282000000
-0.1675800000
-0.4641900000
-1.0379000000
0.2283800000
0.6169400000
1.0891000000
-0.5774100000
-1.0970000000
0.6356900000
1.0796000000
-0.5093200000
-1.0750000000
0.4769000000
1.0500000000
-0.3070100000
-0.7925100000
-0.8400600000
-0.7046000000
-1.0112000000
0.0647280000
0.1837000000
0.5058800000
1.0728000000
-0.4613300000
-1.0350000000
0.2099000000
0.5718600000
1.0968000000
-0.6345900000
-1.0803000000
0.5140300000
1.0779000000
-0.4972200000
-1.0667000000
0.4193300000
0.9849500000
0.0838660000
0.2373400000
0.6383100000
1.0780000000
-0.4978000000
-1.0672000000
0.4222400000
0.9888400000
0.0625780000
0.1776500000
0.4903200000
1.0615000000
-0.3832700000
-0.9318600000
-0.3496100000
-0.8746100000
-0.5859200000
-1.0966000000
0.6329800000
1.0812000000
-0.5207200000
-1.0817000000
0.5239600000
1.0833000000
-0.5359900000
-1.0887000000
0.5750100000
1.0969000000
-0.6354900000
-1.0797000000
0.5101800000
1.0756000000
-0.4807200000
-1.0534000000
0.3294800000
0.8370800000
0.7140300000
0.9974700000
0.0143700000
0.0409460000
0.1165000000
0.3275200000
0.8333000000
0.7257900000
0.9788800000
0.1166200000
0.3278500000
0.8339400000
0.7238200000
0.9821100000
0.0992770000
0.2801500000
0.7357600000
0.9617600000
0.2056300000
0.5612700000
1.0957000000
-0.6263000000
-1.0848000000
0.5465900000
1.0924000000
-0.6017600000
-1.0940000000
0.6135900000
1.0903000000
-0.5868700000
-1.0965000000
0.6323500000
1.0816000000
-0.5233100000
-1.0830000000
0.5336100000
1.0878000000
-0.5680000000
-1.0965000000
0.6325000000
1.0815000000
-0.5226800000
-1.0827000000
0.5313200000
1.0868000000
-0.5609400000
-1.0956000000
0.6259100000
1.0850000000
-0.5480200000
-1.0928000000
0.6048000000
1.0932000000
-0.6077200000
-1.0923000000
0.6014300000
1.0941000000
-0.6141800000
-1.0901000000
0.5852500000
1.0967000000
-0.6333900000
-1.0810000000
0.5190400000
1.0807000000
-0.5175000000
-1.0799000000
0.5114300000
1.0763000000
-0.4861800000
-1.0581000000
0.3605400000
0.8939600000
0.5116700000
1.0765000000
-0.4872100000
-1.0589000000
0.3662600000
0.9038200000
0.4716900000
1.0452000000
-0.2754600000
-0.7255000000
-0.9793600000
-0.1140300000
-0.3207500000
-0.8201000000
-0.7653100000
-0.9036400000
-0.4724100000
-1.0459000000
0.2799300000
0.7352700000
0.9626300000
0.2012300000
0.5502800000
1.0934000000
-0.6093300000
-1.0918000000
0.5976900000
1.0949000000
-0.6203600000
-1.0876000000
0.5668800000
1.0964000000
-0.6317000000
-1.0819000000
0.5259500000
1.0843000000
-0.5430500000
-1.0913000000
0.5936500000
1.0956000000
-0.6258600000
-1.0850000000
0.5482100000
1.0928000000
-0.6051900000
-1.0931000000
0.6069300000
1.0926000000
-0.6032000000
-1.0936000000
0.6108900000
1.0913000000
-0.5938900000
-1.0956000000
0.6255700000
1.0852000000
-0.5492400000
-1.0931000000
0.6072900000
1.0925000000
-0.6024100000
-1.0938000000
0.6123900000
1.0908000000
-0.5900500000
-1.0962000000
0.6297400000
1.0830000000
-0.5336900000
-1.0878000000
0.5682600000
1.0966000000
-0.6326800000
-1.0814000000
0.5219700000
1.0823000000
-0.5286900000
-1.0856000000
0.5524000000
1.0939000000
-0.6132500000
-1.0905000000
0.5877900000
1.0964000000
-0.6316700000
-1.0819000000
0.5260600000
1.0844000000
-0.5434500000
-1.0914000000
0.5946100000
1.0955000000
-0.6246600000
-1.0856000000
0.5524600000
1.0940000000
-0.6133500000
-1.0904000000
0.5875200000
1.0965000000
-0.6318700000
-1.0818000000
0.5252500000
1.0840000000
-0.5405800000
-1.0904000000
0.5875000000
1.0965000000
-0.6318900000
-1.0818000000
0.5251800000
1.0839000000
-0.5403600000
-1.0904000000
0.5869200000
1.0965000000
-0.6323100000
-1.0816000000
0.5234700000
1.0831000000
-0.5342100000
-1.0880000000
0.5698100000
1.0967000000
-0.6336100000
-1.0808000000
0.5181200000
1.0802000000
-0.5138800000
-1.0778000000
0.4966200000
1.0663000000
-0.4163000000
-0.9808400000
-0.1061100000
-0.2990100000
-0.7759900000
-0.8798600000
-0.5663400000
-1.0964000000
0.6312700000
1.0822000000
-0.5276400000
-1.0851000000
0.5488700000
1.0930000000
-0.6065400000
-1.0927000000
0.6040400000
1.0934000000
-0.6092500000
-1.0918000000
0.5978700000
1.0949000000
-0.6200800000
-1.0877000000
0.5677900000
1.0965000000
-0.6323500000
-1.0816000000
0.5232900000
1.0830000000
-0.5335600000
-1.0877000000
0.5678600000
1.0965000000
-0.6324000000
-1.0815000000
0.5230900000
1.0829000000
-0.5328100000
-1.0874000000
0.5655700000
1.0963000000
-0.6306300000
-1.0825000000
0.5301800000
1.0863000000
-0.5573000000
-1.0950000000
0.6211300000
1.0873000000
-0.5644000000
-1.0961000000
0.6295900000
1.0831000000
-0.5342800000
-1.0880000000
0.5700200000
1.0967000000
-0.6337300000
-1.0808000000
0.5176400000
1.0800000000
-0.5119900000
-1.0767000000
0.4885700000
1.0601000000
-0.3737400000
-0.9163700000
-0.4185500000
-0.9839000000
-0.0895780000
-0.2532500000
-0.6754700000
-1.0467000000
0.2854300000
0.7472000000
0.9405800000
0.3090800000
0.7967300000
0.8293000000
0.7380300000
0.9576900000
0.2260600000
0.6113500000
1.0911000000
-0.5927400000
-1.0958000000
0.6269300000
1.0845000000
-0.5442900000
-1.0917000000
0.5965900000
1.0951000000
-0.6219800000
-1.0869000000
0.5616300000
1.0958000000
-0.6267200000
-1.0846000000
0.5450800000
1.0919000000
-0.5984000000
-1.0948000000
0.6192600000
1.0881000000
-0.5703600000
-1.0967000000
0.6339100000
1.0807000000
-0.5168900000
-1.0796000000
0.5089800000
1.0748000000
-0.4753800000
-1.0487000000
0.2979500000
0.7737800000
0.8849100000
0.5471200000
1.0925000000
-0.6029000000
-1.0937000000
0.6114700000
1.0911000000
-0.5924200000
-1.0958000000
0.6273000000
1.0843000000
-0.5429500000
-1.0912000000
0.5934100000
1.0957000000
-0.6261500000
-1.0849000000
0.5471700000
1.0925000000
-0.6030100000
-1.0937000000
0.6112700000
1.0912000000
-0.5929400000
-1.0958000000
0.6267000000
1.0846000000
-0.5451300000
-1.0919000000
0.5985300000
1.0947000000
-0.6190700000
-1.0882000000
0.5709500000
1.0968000000
-0.6342000000
-1.0805000000
0.5156800000
1.0789000000
-0.5040600000
-1.0716000000
0.4527900000
1.0259000000
-0.1533300000
-0.4267100000
-0.9946900000
-0.0300130000
-0.0854610000
-0.2417800000
-0.6488000000
-1.0707000000
0.4469000000
1.0193000000
-0.1131800000
-0.3184200000
-0.8154800000
-0.7785600000
-0.8739100000
-0.5885000000
-1.0963000000
0.6311000000
1.0823000000
-0.5283300000
-1.0854000000
0.5511800000
1.0936000000
-0.6110300000
-1.0913000000
0.5935300000
1.0957000000
-0.6260100000
-1.0849000000
0.5476500000
1.0927000000
-0.6040400000
-1.0934000000
0.6092600000
1.0918000000
-0.5978600000
-1.0949000000
0.6201000000
1.0877000000
-0.5677300000
-1.0965000000
0.6323200000
1.0816000000
-0.5234400000
-1.0831000000
0.5341200000
1.0880000000
-0.5695300000
-1.0967000000
0.6334600000
1.0809000000
-0.5187700000
-1.0806000000
0.5164300000
1.0793000000
-0.5071400000
-1.0736000000
0.4671100000
1.0408000000
-0.2469300000
-0.6608500000
-1.0609000000
0.3794400000
0.9257000000
0.3774700000
0.9225100000
0.3916900000
0.9450500000
0.2878800000
0.7524600000
0.9303000000
0.3567000000
0.8872500000
0.5380800000
1.0895000000
-0.5808600000
-1.0969000000
0.6352400000
1.0799000000
-0.5112600000
-1.0762000000
0.4854100000
1.0575000000
-0.3562600000
-0.8864800000
-0.5410500000
-1.0906000000
0.5886900000
1.0963000000
-0.6309400000
-1.0823000000
0.5289600000
1.0857000000
-0.5533100000
-1.0942000000
0.6148300000
1.0899000000
-0.5834600000
-1.0968000000
0.6343200000
1.0804000000
-0.5151700000
-1.0786000000
0.5019900000
1.0702000000
-0.4429400000
-1.0147000000
0.0857060000
0.2424700000
0.6504100000
1.0695000000
-0.4384400000
-1.0094000000
0.0540700000
0.1536500000
0.4275600000
0.9957900000
0.0238390000
0.0679040000
0.1926300000
0.5286300000
1.0856000000
-0.5522000000
-1.0939000000
0.6129000000
1.0906000000
-0.5887200000
-1.0963000000
0.6309100000
1.0824000000
-0.5290800000
-1.0858000000
0.5536700000
1.0942000000
-0.6154600000
-1.0896000000
0.5817000000
1.0969000000
-0.6349900000
-1.0800000000
0.5123000000
1.0769000000
-0.4899200000
-1.0611000000
0.3810800000
0.9283500000
0.3655500000
0.9026100000
0.4766600000
1.0498000000
-0.3055800000
-0.7895900000
-0.8473600000
-0.6809800000
-1.0408000000
0.2468800000
0.6607200000
1.0610000000
-0.3801800000
-0.9269100000
-0.3720600000
-0.9135900000
-0.4305300000
-0.9995700000
-0.0024353000
-0.0069406000
-0.0197800000
-0.0563500000
-0.1600900000
-0.4445600000
-1.0166000000
0.0969540000
0.2737200000
0.7216600000
0.9856000000
0.0803060000
0.2274000000
0.6145700000
1.0900000000
-0.5842000000
-1.0967000000
0.6339600000
1.0806000000
-0.5166500000
-1.0794000000
0.5080100000
1.0742000000
-0.4710300000
-1.0446000000
0.2714500000
0.7166200000
0.9935200000
0.0365750000
0.1041000000
0.2934700000
0.7643500000
0.9057200000
0.4637900000
1.0375000000
-0.2258200000
-0.6107800000
-1.0913000000
0.5941700000
1.0956000000
-0.6252300000
-1.0853000000
0.5504700000
1.0935000000
-0.6096900000
-1.0917000000
0.5968400000
1.0951000000
-0.6216200000
-1.0870000000
0.5628100000
1.0959000000
-0.6280100000
-1.0839000000
0.5402900000
1.0903000000
-0.5867600000
-1.0965000000
0.6324300000
1.0815000000
-0.5230000000
-1.0828000000
0.5324900000
1.0873000000
-0.5645800000
-1.0962000000
0.6297600000
1.0830000000
-0.5336200000
-1.0878000000
0.5680300000
1.0965000000
-0.6325200000
-1.0815000000
0.5226200000
1.0826000000
-0.5310900000
-1.0867000000
0.5602000000
1.0955000000
-0.6250100000
-1.0854000000
0.5512200000
1.0936000000
-0.6111100000
-1.0912000000
0.5933300000
1.0957000000
-0.6262400000
-1.0848000000
0.5468200000
1.0924000000
-0.6022600000
-1.0939000000
0.6126600000
1.0907000000
-0.5893400000
-1.0963000000
0.6303800000
1.0827000000
-0.5311900000
-1.0867000000
0.5605200000
1.0956000000
-0.6254100000
-1.0852000000
0.5498100000
1.0933000000
-0.6084100000
-1.0921000000
0.5998500000
1.0944000000
-0.6169200000
-1.0891000000
0.5774800000
1.0970000000
-0.6356900000
-1.0796000000
0.5093200000
1.0750000000
-0.4769100000
-1.0501000000
0.3070600000
0.7926200000
0.8397800000
0.7054800000
1.0099000000
-0.0574180000
-0.1631000000
-0.4524800000
-1.0255000000
0.1512000000
0.4210600000
0.9872700000
0.0711950000
0.2018800000
0.5519000000
1.0938000000
-0.6123500000
-1.0908000000
0.5901500000
1.0962000000
-0.6296400000
-1.0831000000
0.5340700000
1.0880000000
-0.5694000000
-1.0967000000
0.6333800000
1.0810000000
-0.5190700000
-1.0808000000
0.5176100000
1.0800000000
-0.5118700000
-1.0766000000
0.4880600000
1.0596000000
-0.3709800000
-0.9117800000
-0.4382800000
-1.0092000000
0.0529490000
0.1504800000
0.4191600000
0.9847200000
0.0851020000
0.2407800000
0.6464500000
1.0725000000
-0.4589800000
-1.0325000000
0.1945800000
0.5335500000
1.0877000000
-0.5678300000
-1.0965000000
0.6323800000
1.0815000000
-0.5231700000
-1.0829000000
0.5331100000
1.0876000000
-0.5665000000
-1.0964000000
0.6314000000
1.0821000000
-0.5271400000
-1.0849000000
0.5471700000
1.0925000000
-0.6030200000
-1.0937000000
0.6112400000
1.0912000000
-0.5930100000
-1.0957000000
0.6266200000
1.0846000000
-0.5454500000
-1.0920000000
0.5992500000
1.0946000000
-0.6179100000
-1.0887000000
0.5745200000
1.0969000000
-0.6354000000
-1.0798000000
0.5105800000
1.0758000000
-0.4824500000
-1.0549000000
0.3394700000
0.8559900000
0.6520400000
1.0682000000
-0.4297200000
-0.9985400000
-0.0082849000
-0.0236100000
-0.0672520000
-0.1908000000
-0.5239900000
-1.0833000000
0.5360800000
1.0888000000
-0.5752700000
-1.0969000000
0.6355300000
1.0797000000
-0.5100000000
-1.0754000000
0.4799200000
1.0527000000
-0.3248300000
-0.8280900000
-0.7416900000
-0.9510000000
-0.2591200000
-0.6889100000
-1.0316000000
0.1885400000
0.5182500000
1.0803000000
-0.5143900000
-1.0781000000
0.4987600000
1.0679000000
-0.4270400000
-0.9951200000
-0.0276000000
-0.0786000000
-0.2226300000
-0.6030400000
-1.0937000000
0.6112000000
1.0912000000
-0.5931100000
-1.0957000000
0.6265100000
1.0847000000
-0.5458500000
-1.0922000000
0.6001300000
1.0944000000
-0.6164600000
-1.0892000000
0.5788300000
1.0970000000
-0.6356100000
-1.0796000000
0.5096600000
1.0752000000
-0.4784200000
-1.0514000000
0.3160400000
0.8107400000
0.7918400000
0.8417500000
0.6991900000
1.0185000000
-0.1085400000
-0.3057100000
-0.7898400000
-0.8467400000
-0.6830200000
-1.0385000000
0.2322100000
0.6261100000
1.0849000000
-0.5472900000
-1.0926000000
0.6032700000
1.0936000000
-0.6107600000
-1.0914000000
0.5942200000
1.0955000000
-0.6251600000
-1.0854000000
0.5507000000
1.0935000000
-0.6101300000
-1.0916000000
0.5957700000
1.0953000000
-0.6231300000
-1.0863000000
0.5577600000
1.0951000000
-0.6217900000
-1.0870000000
0.5622600000
1.0959000000
-0.6274200000
-1.0842000000
0.5425000000
1.0911000000
-0.5923200000
-1.0959000000
0.6274100000
1.0842000000
-0.5425400000
-1.0911000000
0.5924100000
1.0958000000
-0.6273000000
-1.0843000000
0.5429400000
1.0912000000
-0.5933900000
-1.0957000000
0.6261700000
1.0849000000
-0.5470700000
-1.0925000000
0.6027900000
1.0937000000
-0.6116700000
-1.0910000000
0.5919000000
1.0959000000
-0.6278600000
-1.0840000000
0.5408500000
1.0905000000
-0.5881800000
-1.0964000000
0.6313600000
1.0821000000
-0.5272900000
-1.0850000000
0.5476800000
1.0927000000
-0.6040800000
-1.0934000000
0.6091700000
1.0919000000
-0.5980700000
-1.0948000000
0.6197800000
1.0879000000
-0.5687600000
-1.0966000000
0.6329900000
1.0812000000
-0.5206700000
-1.0816000000
0.5237900000
1.0832000000
-0.5353600000
-1.0885000000
0.5732000000
1.0969000000
-0.6350600000
-1.0800000000
0.5120200000
1.0767000000
-0.4887300000
-1.0602000000
0.3746200000
0.9178400000
0.4122000000
0.9751600000
0.1363300000
0.3813200000
0.9287400000
0.3637800000
0.8995800000
0.4890700000
1.0605000000
-0.3764600000
-0.9208600000
-0.3989800000
-0.9560800000
-0.2340800000
-0.6305800000
-1.0825000000
0.5303900000
1.0864000000
-0.5579500000
-1.0951000000
0.6220600000
1.0868000000
-0.5613500000
-1.0957000000
0.6263900000
1.0848000000
-0.5462700000
-1.0923000000
0.6010700000
1.0941000000
-0.6148200000
-1.0899000000
0.5834900000
1.0968000000
-0.6343000000
-1.0804000000
0.5152300000
1.0786000000
-0.5022400000
-1.0703000000
0.4441400000
1.0161000000
-0.0940670000
-0.2657200000
-0.7038300000
-1.0122000000
0.0710330000
0.2014200000
0.5507700000
1.0935000000
-0.6102500000
-1.0915000000
0.5954700000
1.0953000000
-0.6235400000
-1.0862000000
0.5563700000
1.0948000000
-0.6197700000
-1.0879000000
0.5687700000
1.0966000000
-0.6330100000
-1.0812000000
0.5206300000
1.0816000000
-0.5236100000
-1.0832000000
0.5347300000
1.0882000000
-0.5713500000
-1.0968000000
0.6343700000
1.0804000000
-0.5149300000
-1.0784000000
0.5009900000
1.0695000000
-0.4380800000
-1.0089000000
0.0515230000
0.1464500000
0.4084300000
0.9698600000
0.1641300000
0.4551800000
1.0285000000
-0.1693500000
-0.4688200000
-1.0425000000
0.2576700000
0.6856100000
1.0355000000
-0.2132200000
-0.5800600000
-1.0969000000
0.6354200000
1.0798000000
-0.5104700000
-1.0757000000
0.4820000000
1.0546000000
-0.3368600000
-0.8511100000
-0.6685400000
-1.0538000000
0.3315900000
0.8411200000
0.7012300000
1.0158000000
-0.0921780000
-0.2604700000
-0.6919900000
-1.0278000000
0.1651400000
0.4578000000
1.0313000000
-0.1868000000
-0.5137900000
-1.0778000000
0.4962500000
1.0660000000
-0.4144000000
-0.9782200000
-0.1201200000
-0.3373900000
-0.8521100000
-0.6652000000
-1.0569000000
0.3527800000
0.8802900000
0.5647200000
1.0962000000
-0.6298800000
-1.0829000000
0.5331400000
1.0876000000
-0.5665900000
-1.0964000000
0.6314700000
1.0821000000
-0.5268600000
-1.0848000000
0.5462200000
1.0923000000
-0.6009600000
-1.0942000000
0.6150100000
1.0898000000
-0.5829600000
-1.0968000000
0.6345300000
1.0803000000
-0.5142600000
-1.0780000000
0.4981900000
1.0674000000
-0.4242200000
-0.9914500000
-0.0481100000
-0.1368000000
-0.3825700000
-0.9307500000
-0.3546900000
-0.8836900000
-0.5517700000
-1.0938000000
0.6121200000
1.0909000000
-0.5907600000
-1.0961000000
0.6290500000
1.0834000000
-0.5363500000
-1.0889000000
0.5760400000
1.0970000000
-0.6356300000
-1.0796000000
0.5095900000
1.0752000000
-0.4780900000
-1.0511000000
0.3141100000
0.8068800000
0.8024400000
0.8143600000
0.7817200000
0.8664700000
0.6154500000
1.0896000000
-0.5817200000
-1.0969000000
0.6349900000
1.0800000000
-0.5123300000
-1.0769000000
0.4900500000
1.0612000000
-0.3817800000
-0.9294800000
-0.3604700000
-0.8938400000
-0.5121600000
-1.0768000000
0.4893200000
1.0607000000
-0.3778100000
-0.9230600000
-0.3892200000
-0.9412300000
-0.3060300000
-0.7905000000
-0.8451000000
-0.6883700000
-1.0322000000
0.1926400000
0.5286500000
1.0856000000
-0.5522700000
-1.0939000000
0.6130100000
1.0906000000
-0.5884300000
-1.0964000000
0.6311600000
1.0822000000
-0.5280900000
-1.0853000000
0.5503900000
1.0934000000
-0.6095300000
-1.0918000000
0.5972200000
1.0950000000
-0.6210700000
-1.0873000000
0.5646200000
1.0962000000
-0.6297900000
-1.0830000000
0.5334700000
1.0877000000
-0.5675900000
-1.0965000000
0.6322100000
1.0816000000
-0.5238700000
-1.0833000000
0.5356500000
1.0886000000
-0.5740400000
-1.0969000000
0.6352900000
1.0798000000
-0.5110300000
-1.0761000000
0.4844500000
1.0566000000
-0.3508400000
-0.8768300000
-0.5776900000
-1.0970000000
0.6356900000
1.0796000000
-0.5093300000
-1.0750000000
0.4769800000
1.0501000000
-0.3074900000
-0.7934800000
-0.8376000000
-0.7124000000
-0.9999100000
-0.0005288100
-0.0015071000
-0.0042953000
-0.0122410000
-0.0348820000
-0.0992940000
-0.2802000000
-0.7358700000
-0.9615700000
-0.2065800000
-0.5636200000
-1.0960000000
0.6288300000
1.0835000000
-0.5371900000
-1.0892000000
0.5784100000
1.0970000000
-0.6356500000
-1.0796000000
0.5094900000
1.0751000000
-0.4776800000
-1.0508000000
0.3116800000
0.8019900000
0.8155600000
0.7783500000
0.8744000000
0.5867000000
1.0965000000
-0.6324700000
-1.0815000000
0.5228200000
1.0828000000
-0.5318400000
-1.0870000000
0.5625800000
1.0959000000
-0.6277600000
-1.0841000000
0.5412300000
1.0907000000
-0.5891600000
-1.0963000000
0.6305400000
1.0826000000
-0.5305500000
-1.0864000000
0.5584900000
1.0952000000
-0.6228000000
-1.0865000000
0.5588800000
1.0953000000
-0.6233300000
-1.0863000000
0.5570900000
1.0950000000
-0.6208300000
-1.0874000000
0.5653800000
1.0963000000
-0.6304700000
-1.0826000000
0.5308400000
1.0866000000
-0.5594000000
-1.0954000000
0.6240100000
1.0859000000
-0.5547300000
-1.0945000000
0.6172000000
1.0889000000
-0.5766300000
-1.0970000000
0.6356700000
1.0796000000
-0.5094000000
-1.0751000000
0.4772500000
1.0504000000
-0.3091300000
-0.7968300000
-0.8290400000
-0.7388200000
-0.9562600000
-0.2331800000
-0.6284400000
-1.0837000000
0.5386700000
1.0897000000
-0.5824600000
-1.0968000000
0.6347300000
1.0802000000
-0.5134200000
-1.0775000000
0.4946900000
1.0648000000
-0.4063400000
-0.9668500000
-0.1796500000
-0.4954900000
-1.0654000000
0.4104700000
0.9727400000
0.1490600000
0.4153900000
0.9795800000
0.1128500000
0.3175100000
0.8136800000
0.7836300000
0.8619000000
0.6316300000
1.0820000000
-0.5262400000
-1.0844000000
0.5440500000
1.0916000000
-0.5960400000
-1.0952000000
0.6227600000
1.0865000000
-0.5590100000
-1.0953000000
0.6235000000
1.0862000000
-0.5564900000
-1.0948000000
0.6199500000
1.0878000000
-0.5682200000
-1.0966000000
0.6326500000
1.0814000000
-0.5220900000
-1.0824000000
0.5291500000
1.0858000000
-0.5539000000
-1.0943000000
0.6158500000
1.0895000000
-0.5805900000
-1.0969000000
0.6353100000
1.0798000000
-0.5109700000
-1.0760000000
0.4841700000
1.0564000000
-0.3492700000
-0.8739900000
-0.5882200000
-1.0964000000
0.6313300000
1.0821000000
-0.5274100000
-1.0850000000
0.5480800000
1.0928000000
-0.6049200000
-1.0932000000
0.6074700000
1.0924000000
-0.6020000000
-1.0939000000
0.6131400000
1.0905000000
-0.5880700000
-1.0964000000
0.6314500000
1.0821000000
-0.5269400000
-1.0848000000
0.5465000000
1.0924000000
-0.6015600000
-1.0940000000
0.6139500000
1.0902000000
-0.5858900000
-1.0966000000
0.6330000000
1.0812000000
-0.5206400000
-1.0816000000
0.5236700000
1.0832000000
-0.5349300000
-1.0883000000
0.5719200000
1.0968000000
-0.6346100000
-1.0802000000
0.5139200000
1.0778000000
-0.4967600000
-1.0664000000
0.4169900000
0.9817800000
0.1010100000
0.2849300000
0.7461300000
0.9426400000
0.2993800000
0.7767600000
0.8780700000
0.5730400000
1.0969000000
-0.6350100000
-1.0800000000
0.5122300000
1.0768000000
-0.4896000000
-1.0609000000
0.3793400000
0.9255500000
0.3781600000
0.9236400000
0.3866800000
0.9372500000
0.3247000000
0.8278300000
0.7424800000
0.9495300000
0.2662400000
0.7050100000
1.0106000000
-0.0613550000
-0.1742000000
-0.4814200000
-1.0541000000
0.3335200000
0.8448000000
0.6893400000
1.0311000000
-0.1853600000
-0.5101100000
-1.0755000000
0.4804200000
1.0532000000
-0.3277600000
-0.8337600000
-0.7243800000
-0.9811900000
-0.1042000000
-0.2937600000
-0.7649600000
-0.9044000000
-0.4692800000
-1.0429000000
0.2605300000
0.6921000000
1.0277000000
-0.1642400000
-0.4554500000
-1.0288000000
0.1711500000
0.4734900000
1.0469000000
-0.2865200000
-0.7495400000
-0.9360500000
-0.3302900000
-0.8386300000
-0.7091300000
-1.0047000000
0.0271070000
0.0771980000
0.2187000000
0.5934900000
1.0957000000
-0.6260600000
-1.0849000000
0.5474900000
1.0926000000
-0.6036900000
-1.0935000000
0.6099300000
1.0916000000
-0.5962400000
-1.0952000000
0.6224700000
1.0867000000
-0.5599800000
-1.0955000000
0.6247400000
1.0856000000
-0.5521900000
-1.0939000000
0.6128700000
1.0906000000
-0.5888000000
-1.0963000000
0.6308500000
1.0824000000
-0.5293100000
-1.0859000000
0.5544600000
1.0944000000
-0.6167600000
-1.0891000000
0.5779400000
1.0970000000
-0.6356800000
-1.0796000000
0.5093700000
1.0750000000
-0.4771400000
-1.0503000000
0.3084300000
0.7954000000
0.8327100000
0.7276000000
0.9758500000
0.1326900000
0.3715000000
0.9126500000
0.4345600000
1.0046000000
-0.0265180000
-0.0755220000
-0.2140100000
-0.5820000000
-1.0969000000
0.6349000000
1.0801000000
-0.5127200000
-1.0771000000
0.4916900000
1.0625000000
-0.3905800000
-0.9433400000
-0.2960400000
-0.7697700000
-0.8938800000
-0.5120000000
-1.0767000000
0.4886300000
1.0601000000
-0.3740800000
-0.9169300000
-0.4161300000
-0.9806000000
-0.1073600000
-0.3024400000
-0.7831200000
-0.8631300000
-0.6272900000
-1.0843000000
0.5429800000
1.0912000000
-0.5934700000
-1.0957000000
0.6260800000
1.0849000000
-0.5474100000
-1.0926000000
0.6035300000
1.0935000000
-0.6102500000
-1.0915000000
0.5954700000
1.0953000000
-0.6235400000
-1.0862000000
0.5563600000
1.0948000000
-0.6197500000
-1.0879000000
0.5688300000
1.0966000000
-0.6330400000
-1.0812000000
0.5204700000
1.0815000000
-0.5230400000
-1.0829000000
0.5326300000
1.0873000000
-0.5650100000
-1.0962000000
0.6301400000
1.0828000000
-0.5321100000
-1.0871000000
0.5634200000
1.0960000000
-0.6286300000
-1.0836000000
0.5379500000
1.0895000000
-0.5805200000
-1.0969000000
0.6353200000
1.0798000000
-0.5109000000
-1.0760000000
0.4838700000
1.0562000000
-0.3475600000
-0.8708900000
-0.5995300000
-1.0945000000
0.6174500000
1.0888000000
-0.5758900000
-1.0970000000
0.6356100000
1.0796000000
-0.5096500000
-1.0752000000
0.4784000000
1.0514000000
-0.3159000000
-0.8104700000
-0.7925900000
-0.8398400000
-0.7052900000
-1.0102000000
0.0590330000
0.1676600000
0.4644000000
1.0381000000
-0.2296900000
-0.6200800000
-1.0877000000
0.5677800000
1.0965000000
-0.6323500000
-1.0816000000
0.5233000000
1.0830000000
-0.5335900000
-1.0877000000
0.5679300000
1.0965000000
-0.6324500000
-1.0815000000
0.5228800000
1.0828000000
-0.5320500000
-1.0871000000
0.5632200000
1.0960000000
-0.6284300000
-1.0837000000
0.5387200000
1.0898000000
-0.5826000000
-1.0968000000
0.6346800000
1.0802000000
-0.5136500000
-1.0777000000
0.4956400000
1.0656000000
-0.4112500000
-0.9738300000
-0.1433600000
-0.4001900000
-0.9578800000
-0.2251300000
-0.6091000000
-1.0919000000
0.5982300000
1.0948000000
-0.6195400000
-1.0880000000
0.5695100000
1.0967000000
-0.6334500000
-1.0809000000
0.5188000000
1.0806000000
-0.5165700000
-1.0794000000
0.5076900000
1.0740000000
-0.4696000000
-1.0432000000
0.2625400000
0.6966700000
1.0218000000
-0.1286500000
-0.3605900000
-0.8940500000
-0.5113100000
-1.0763000000
0.4856500000
1.0577000000
-0.3575800000
-0.8888000000
-0.5320200000
-1.0871000000
0.5631400000
1.0960000000
-0.6283400000
-1.0838000000
0.5390300000
1.0899000000
-0.5834300000
-1.0968000000
0.6343300000
1.0804000000
-0.5151000000
-1.0785000000
0.5017000000
1.0699000000
-0.4415200000
-1.0130000000
0.0757560000
0.2146700000
0.5836100000
1.0968000000
-0.6342500000
-1.0805000000
0.5154500000
1.0787000000
-0.5031400000
-1.0709000000
0.4484300000
1.0210000000
-0.1236400000
-0.3469800000
-0.8698300000
-0.6033800000
-1.0936000000
0.6105500000
1.0914000000
-0.5947300000
-1.0955000000
0.6245000000
1.0857000000
-0.5530100000
-1.0941000000
0.6143200000
1.0901000000
-0.5848700000
-1.0967000000
0.6336100000
1.0808000000
-0.5181400000
-1.0802000000
0.5139500000
1.0779000000
-0.4969200000
-1.0665000000
0.4178200000
0.9829100000
0.0949310000
0.2681100000
0.7092000000
1.0046000000
-0.0265350000
-0.0755720000
-0.2141500000
-0.5823400000
-1.0968000000
0.6347800000
1.0801000000
-0.5132300000
-1.0774000000
0.4938700000
1.0642000000
-0.4020800000
-0.9606700000
-0.2111400000
-0.5749200000
-1.0969000000
0.6354800000
1.0797000000
-0.5102400000
-1.0756000000
0.4810000000
1.0537000000
-0.3310900000
-0.8401700000
-0.7042600000
-1.0116000000
0.0674910000
0.1914700000
0.5256900000
1.0842000000
-0.5421400000
-1.0910000000
0.5914400000
1.0960000000
-0.6283500000
-1.0837000000
0.5390100000
1.0899000000
-0.5833800000
-1.0968000000
0.6343500000
1.0804000000
-0.5150100000
-1.0785000000
0.5013200000
1.0697000000
-0.4396700000
-1.0108000000
0.0627780000
0.1782100000
0.4917700000
1.0626000000
-0.3910300000
-0.9440400000
-0.2927000000
-0.7627300000
-0.9091600000
-0.4493700000
-1.0221000000
0.1300900000
0.3644900000
0.9007900000
0.4841200000
1.0564000000
-0.3489800000
-0.8734600000
-0.5901500000
-1.0962000000
0.6296400000
1.0831000000
-0.5340700000
-1.0879000000
0.5693800000
1.0967000000
-0.6333700000
-1.0810000000
0.5191200000
1.0808000000
-0.5178000000
-1.0801000000
0.5126100000
1.0770000000
-0.4912400000
-1.0622000000
0.3881700000
0.9396000000
0.3137100000
0.8060900000
0.8045700000
0.8086700000
0.7975500000
0.8271800000
0.7444100000
0.9459100000
0.2837600000
0.7436000000
0.9474400000
0.2764000000
0.7275500000
0.9759400000
0.1322500000
0.3703100000
0.9106600000
0.4430100000
1.0148000000
-0.0861760000
-0.2437800000
-0.6534800000
-1.0671000000
0.4218300000
0.9882900000
0.0655790000
0.1861000000
0.5120000000
1.0767000000
-0.4886500000
-1.0601000000
0.3741800000
0.9171100000
0.4153700000
0.9795600000
0.1129900000
0.3179000000
0.8144500000
0.7814800000
0.8670300000
0.6134400000
1.0904000000
-0.5872600000
-1.0965000000
0.6320600000
1.0817000000
-0.5244700000
-1.0836000000
0.5378100000
1.0894000000
-0.5801300000
-1.0969000000
0.6354100000
1.0798000000
-0.5105400000
-1.0758000000
0.4823000000
1.0548000000
-0.3385900000
-0.8543500000
-0.6576300000
-1.0637000000
0.3983900000
0.9552000000
0.2384300000
0.6409000000
1.0763000000
-0.4859300000
-1.0579000000
0.3591400000
0.8915300000
0.5213100000
1.0820000000
-0.5261900000
-1.0844000000
0.5439000000
1.0915000000
-0.5956700000
-1.0953000000
0.6232700000
1.0863000000
-0.5572900000
-1.0950000000
0.6211300000
1.0873000000
-0.5644200000
-1.0961000000
0.6296000000
1.0831000000
-0.5342200000
-1.0880000000
0.5698400000
1.0967000000
-0.6336300000
-1.0808000000
0.5180500000
1.0802000000
-0.5136000000
-1.0776000000
0.4954400000
1.0654000000
-0.4102300000
-0.9724000000
-0.1508600000
-0.4201600000
-0.9860600000
-0.0777990000
-0.2203800000
-0.5975900000
-1.0949000000
0.6205100000
1.0875000000
-0.5664100000
-1.0964000000
0.6313300000
1.0821000000
-0.5274300000
-1.0850000000
0.5481600000
1.0928000000
-0.6051000000
-1.0931000000
0.6071100000
1.0925000000
-0.6028000000
-1.0937000000
0.6116600000
1.0910000000
-0.5919300000
-1.0959000000
0.6278300000
1.0840000000
-0.5409600000
-1.0906000000
0.5884700000
1.0964000000
-0.6311300000
-1.0822000000
0.5282300000
1.0854000000
-0.5508700000
-1.0936000000
0.6104500000
1.0915000000
-0.5949900000
-1.0954000000
0.6241700000
1.0859000000
-0.5541600000
-1.0943000000
0.6162800000
1.0893000000
-0.5793400000
-1.0969000000
0.6355500000
1.0797000000
-0.5099400000
-1.0754000000
0.4796600000
1.0525000000
-0.3233100000
-0.8251200000
-0.7505600000
-0.9340600000
-0.3395200000
-0.8560900000
-0.6517100000
-1.0685000000
0.4314600000
1.0008000000
-0.0043111000
-0.0122860000
-0.0350110000
-0.0996600000
-0.2812100000
-0.7380700000
-0.9576300000
-0.2263900000
-0.6121500000
-1.0909000000
0.5906700000
1.0961000000
-0.6291300000
-1.0833000000
0.5360300000
1.0887000000
-0.5751400000
-1.0969000000
0.6355100000
1.0797000000
-0.5100900000
-1.0755000000
0.4803100000
1.0531000000
-0.3270800000
-0.8324500000
-0.7284200000
-0.9744700000
-0.1399700000
-0.3911000000
-0.9441400000
-0.2922200000
-0.7617100000
-0.9113300000
-0.4401700000
-1.0114000000
0.0662580000
0.1880100000
0.5168800000
1.0795000000
-0.5089300000
-1.0748000000
0.4751600000
1.0485000000
-0.2965800000
-0.7709000000
-0.8913700000
-0.5219300000
-1.0823000000
0.5285500000
1.0855000000
-0.5519200000
-1.0938000000
0.6123900000
1.0908000000
-0.5900500000
-1.0962000000
0.6297300000
1.0830000000
-0.5337000000
-1.0878000000
0.5682900000
1.0966000000
-0.6327000000
-1.0814000000
0.5218900000
1.0823000000
-0.5283900000
-1.0855000000
0.5513900000
1.0937000000
-0.6114100000
-1.0911000000
0.5925800000
1.0958000000
-0.6271200000
-1.0844000000
0.5436100000
1.0915000000
-0.5950000000
-1.0954000000
0.6241600000
1.0859000000
-0.5542000000
-1.0944000000
0.6163400000
1.0893000000
-0.5791500000
-1.0969000000
0.6355700000
1.0797000000
-0.5098300000
-1.0753000000
0.4791700000
1.0521000000
-0.3204400000
-0.8194900000
-0.7670800000
-0.8998000000
-0.4881700000
-1.0597000000
0.3715300000
0.9127000000
0.4343500000
1.0044000000
-0.0249680000
-0.0711150000
-0.2016500000
-0.5513400000
-1.0937000000
0.6113200000
1.0912000000
-0.5928000000
-1.0958000000
0.6268600000
1.0845000000
-0.5445500000
-1.0918000000
0.5971900000
1.0950000000
-0.6211000000
-1.0873000000
0.5645100000
1.0962000000
-0.6296800000
-1.0830000000
0.5339000000
1.0879000000
-0.5688700000
-1.0966000000
0.6330600000
1.0812000000
-0.5203900000
-1.0815000000
0.5227000000
1.0827000000
-0.5313800000
-1.0868000000
0.5611300000
1.0957000000
-0.6261400000
-1.0849000000
0.5471900000
1.0926000000
-0.6030600000
-1.0937000000
0.6111700000
1.0912000000
-0.5931900000
-1.0957000000
0.6264100000
1.0847000000
-0.5462100000
-1.0923000000
0.6009200000
1.0942000000
-0.6150800000
-1.0898000000
0.5827700000
1.0968000000
-0.6346100000
-1.0802000000
0.5139200000
1.0778000000
-0.4968000000
-1.0664000000
0.4172000000
0.9820600000
0.0995300000
0.2808500000
0.7372900000
0.9590300000
0.2193800000
0.5951400000
1.0954000000
-0.6239700000
-1.0859000000
0.5548800000
1.0945000000
-0.6174400000
-1.0888000000
0.5759200000
1.0970000000
-0.6356200000
-1.0796000000
0.5096400000
1.0752000000
-0.4783200000
-1.0513000000
0.3154500000
0.8095700000
0.7950800000
0.8335400000
0.7250600000
0.9800800000
0.1101900000
0.3102300000
0.7990600000
0.8232700000
0.7560500000
0.9230600000
0.3892300000
0.9412400000
0.3059700000
0.7903900000
0.8453800000
0.6874700000
1.0333000000
-0.1994000000
-0.5457000000
-1.0921000000
0.5998100000
1.0944000000
-0.6169900000
-1.0890000000
0.5772800000
1.0970000000
-0.6356900000
-1.0796000000
0.5093200000
1.0750000000
-0.4769000000
-1.0500000000
0.3070200000
0.7925200000
0.8400200000
0.7047200000
1.0110000000
-0.0637160000
-0.1808500000
-0.4985700000
-1.0677000000
0.4261200000
0.9939200000
0.0343290000
0.0977230000
0.2758500000
0.7263500000
0.9779500000
0.1215800000
0.3413700000
0.8595300000
0.6398800000
1.0770000000
-0.4906800000
-1.0617000000
0.3851700000
0.9348700000
0.3357400000
0.8490000000
0.6755800000
1.0466000000
-0.2847000000
-0.7456300000
-0.9435900000
-0.2948200000
-0.7672000000
-0.8995400000
-0.4892200000
-1.0606000000
0.3772700000
0.9221800000
0.3931400000
0.9472700000
0.2772200000
0.7293500000
0.9729000000
0.1482300000
0.4131800000
0.9765300000
0.1291300000
0.3618700000
0.8962800000
0.5024000000
1.0704000000
-0.4449200000
-1.0170000000
0.0994340000
0.2805900000
0.7367100000
0.9600700000
0.2141600000
0.5823600000
1.0968000000
-0.6347700000
-1.0802000000
0.5132700000
1.0774000000
-0.4940300000
-1.0643000000
0.4029400000
0.9619200000
0.2048000000
0.5591900000
1.0954000000
-0.6237400000
-1.0861000000
0.5556700000
1.0947000000
-0.6187000000
-1.0883000000
0.5721200000
1.0968000000
-0.6346900000
-1.0802000000
0.5136000000
1.0776000000
-0.4954300000
-1.0654000000
0.4101700000
0.9723200000
0.1512800000
0.4212700000
0.9875500000
0.0696670000
0.1975900000
0.5411400000
1.0906000000
-0.5889200000
-1.0963000000
0.6307400000
1.0825000000
-0.5297500000
-1.0861000000
0.5558800000
1.0947000000
-0.6190200000
-1.0882000000
0.5711300000
1.0968000000
-0.6342700000
-1.0804000000
0.5153400000
1.0787000000
-0.5026900000
-1.0706000000
0.4462900000
1.0186000000
-0.1089700000
-0.3068800000
-0.7922300000
-0.8407600000
-0.7023800000
-1.0142000000
0.0828390000
0.2344700000
0.6315000000
1.0820000000
-0.5267200000
-1.0847000000
0.5457400000
1.0921000000
-0.5998900000
-1.0944000000
0.6168600000
1.0891000000
-0.5776500000
-1.0970000000
0.6356900000
1.0796000000
-0.5093300000
-1.0750000000
0.4769600000
1.0501000000
-0.3073700000
-0.7932500000
-0.8381900000
-0.7105200000
-1.0027000000
0.0153880000
0.0438460000
0.1247200000
0.3499300000
0.8751700000
0.5838400000
1.0968000000
-0.6341400000
-1.0805000000
0.5159100000
1.0790000000
-0.5050100000
-1.0722000000
0.4572900000
1.0307000000
-0.1833900000
-0.5050800000
-1.0723000000
0.4575900000
1.0311000000
-0.1853700000
-0.5101600000
-1.0755000000
0.4806200000
1.0534000000
-0.3289000000
-0.8359600000
-0.7175200000
-0.9921200000
-0.0443750000
-0.1262200000
-0.3539900000
-0.8824600000
-0.5564900000
-1.0948000000
0.6199500000
1.0878000000
-0.5682000000
-1.0966000000
0.6326400000
1.0814000000
-0.5221400000
-1.0824000000
0.5293200000
1.0859000000
-0.5544800000
-1.0944000000
0.6167900000
1.0891000000
-0.5778400000
-1.0970000000
0.6356800000
1.0796000000
-0.5093500000
-1.0750000000
0.4770600000
1.0502000000
-0.3080000000
-0.7945200000
-0.8349600000
-0.7206400000
-0.9872200000
-0.0714330000
-0.2025500000
-0.5535700000
-1.0942000000
0.6152900000
1.0897000000
-0.5821800000
-1.0969000000
0.6348300000
1.0801000000
-0.5129900000
-1.0773000000
0.4928400000
1.0634000000
-0.3966800000
-0.9526400000
-0.2510700000
-0.6704400000
-1.0519000000
0.3191900000
0.8170200000
0.7741900000
0.8839700000
0.5507100000
1.0935000000
-0.6101400000
-1.0916000000
0.5957300000
1.0953000000
-0.6231800000
-1.0863000000
0.5575700000
1.0951000000
-0.6215300000
-1.0871000000
0.5631100000
1.0960000000
-0.6283100000
-1.0838000000
0.5391500000
1.0899000000
-0.5837600000
-1.0968000000
0.6341800000
1.0805000000
-0.5157400000
-1.0789000000
0.5043300000
1.0718000000
-0.4540800000
-1.0273000000
0.1620100000
0.4496200000
1.0224000000
-0.1317800000
-0.3690600000
-0.9085500000
-0.4519300000
-1.0249000000
0.1474800000
0.4111700000
0.9737300000
0.1439100000
0.4016600000
0.9600500000
0.2142700000
0.5826300000
1.0968000000
-0.6346700000
-1.0802000000
0.5136900000
1.0777000000
-0.4958200000
-1.0657000000
0.4121600000
0.9751100000
0.1366100000
0.3820800000
0.9299600000
0.3582600000
0.8900000000
0.5273400000
1.0850000000
-0.5478600000
-1.0927000000
0.6044800000
1.0933000000
-0.6083800000
-1.0921000000
0.5999300000
1.0944000000
-0.6167900000
-1.0891000000
0.5778600000
1.0970000000
-0.6356800000
-1.0796000000
0.5093600000
1.0750000000
-0.4770700000
-1.0502000000
0.3080600000
0.7946500000
0.8346300000
0.7216900000
0.9855600000
0.0805590000
0.2281000000
0.6162700000
1.0893000000
-0.5793800000
-1.0969000000
0.6355400000
1.0797000000
-0.5099600000
-1.0754000000
0.4797700000
1.0526000000
-0.3239500000
-0.8263600000
-0.7468800000
-0.9412000000
-0.3061900000
-0.7908300000
-0.8442800000
-0.6910600000
-1.0290000000
0.1722800000
0.4764200000
1.0496000000
-0.3041900000
-0.7867200000
-0.8544100000
-0.6574200000
-1.0639000000
0.3995500000
0.9569400000
0.2298400000
0.6204400000
1.0876000000
-0.5666600000
-1.0964000000
0.6315200000
1.0820000000
-0.5266500000
-1.0846000000
0.5454900000
1.0920000000
-0.5993300000
-1.0946000000
0.6177800000
1.0887000000
-0.5749100000
-1.0969000000
0.6354700000
1.0797000000
-0.5102500000
-1.0756000000
0.4810400000
1.0537000000
-0.3313300000
-0.8406300000
-0.7028000000
-1.0137000000
0.0794170000
0.2249100000
0.6085700000
1.0921000000
-0.5994900000
-1.0945000000
0.6175200000
1.0888000000
-0.5756700000
-1.0970000000
0.6355900000
1.0797000000
-0.5097600000
-1.0753000000
0.4788600000
1.0518000000
-0.3186100000
-0.8158600000
-0.7774800000
-0.8764000000
-0.5792700000
-1.0969000000
0.6355600000
1.0797000000
-0.5099000000
-1.0754000000
0.4794600000
1.0523000000
-0.3221500000
-0.8228500000
-0.7572800000
-0.9205500000
-0.4003100000
-0.9580500000
-0.2242700000
-0.6070100000
-1.0925000000
0.6030200000
1.0937000000
-0.6112500000
-1.0912000000
0.5929900000
1.0957000000
-0.6266500000
-1.0846000000
0.5453400000
1.0920000000
-0.5989900000
-1.0946000000
0.6183300000
1.0885000000
-0.5732300000
-1.0969000000
0.6350700000
1.0800000000
-0.5119800000
-1.0767000000
0.4885300000
1.0600000000
-0.3735100000
-0.9160000000
-0.4201600000
-0.9860600000
-0.0777800000
-0.2203300000
-0.5974600000
-1.0949000000
0.6207000000
1.0875000000
-0.5658000000
-1.0963000000
0.6308300000
1.0824000000
-0.5294200000
-1.0859000000
0.5548200000
1.0945000000
-0.6173500000
-1.0889000000
0.5761900000
1.0970000000
-0.6356400000
-1.0796000000
0.5095300000
1.0751000000
-0.4778400000
-1.0509000000
0.3126000000
0.8038500000
0.8106100000
0.7922100000
0.8408100000
0.7022100000
1.0145000000
-0.0842130000
-0.2383100000
-0.6406000000
-1.0765000000
0.4873300000
1.0590000000
-0.3669500000
-0.9050000000
-0.4668000000
-1.0405000000
0.2449800000
0.6562900000
1.0648000000
-0.4060600000
-0.9664500000
-0.1817200000
-0.5007900000
-1.0693000000
0.4371100000
1.0077000000
-0.0446120000
-0.1268900000
-0.3558200000
-0.8856900000
-0.5441000000
-1.0916000000
0.5961400000
1.0952000000
-0.6226100000
-1.0866000000
0.5595000000
1.0954000000
-0.6241400000
-1.0859000000
0.5542900000
1.0944000000
-0.6164800000
-1.0892000000
0.5787500000
1.0970000000
-0.6356200000
-1.0796000000
0.5096300000
1.0752000000
-0.4782800000
-1.0513000000
0.3151900000
0.8090500000
0.7965100000
0.8298700000
0.7363200000
0.9607700000
0.2106100000
0.5736200000
1.0969000000
-0.6351800000
-1.0799000000
0.5115000000
1.0764000000
-0.4864800000
-1.0583000000
0.3622400000
0.8969300000
0.4998100000
1.0686000000
-0.4322600000
-1.0018000000
0.0100620000
0.0286750000
0.0816560000
0.2311700000
0.6236200000
1.0861000000
-0.5560800000
-1.0948000000
0.6193300000
1.0881000000
-0.5701500000
-1.0967000000
0.6337900000
1.0807000000
-0.5173600000
-1.0798000000
0.5108600000
1.0760000000
-0.4836900000
-1.0560000000
0.3465600000
0.8690700000
0.6061300000
1.0928000000
-0.6049300000
-1.0931000000
0.6074400000
1.0924000000
-0.6020500000
-1.0939000000
0.6130500000
1.0905000000
-0.5883100000
-1.0964000000
0.6312500000
1.0822000000
-0.5277300000
-1.0852000000
0.5491600000
1.0931000000
-0.6071300000
-1.0925000000
0.6027600000
1.0937000000
-0.6117300000
-1.0910000000
0.5917500000
1.0959000000
-0.6280200000
-1.0839000000
0.5402500000
1.0903000000
-0.5866500000
-1.0965000000
0.6325000000
1.0815000000
-0.5226800000
-1.0827000000
0.5313300000
1.0868000000
-0.5609700000
-1.0957000000
0.6259400000
1.0850000000
-0.5478900000
-1.0928000000
0.6045400000
1.0933000000
-0.6082500000
-1.0922000000
0.6002300000
1.0943000000
-0.6162800000
-1.0893000000
0.5793300000
1.0969000000
-0.6355500000
-1.0797000000
0.5099400000
1.0754000000
-0.4796400000
-1.0525000000
0.3232200000
0.8249400000
0.7511100000
0.9329700000
0.3445300000
0.8653600000
0.6194100000
1.0880000000
-0.5699200000
-1.0967000000
0.6336700000
1.0808000000
-0.5178600000
-1.0801000000
0.5128500000
1.0772000000
-0.4922800000
-1.0630000000
0.3937200000
0.9481500000
0.2729400000
0.7199400000
0.9883500000
0.0652750000
0.1852400000
0.5098200000
1.0753000000
-0.4791300000
-1.0520000000
0.3201900000
0.8189800000
0.7685400000
0.8966000000
0.5011000000
1.0695000000
-0.4386200000
-1.0096000000
0.0553380000
0.1572300000
0.4370300000
1.0076000000
-0.0440560000
-0.1253200000
-0.3515500000
-0.8780800000
-0.5730000000
-1.0969000000
0.6350000000
1.0800000000
-0.5122800000
-1.0769000000
0.4898400000
1.0611000000
-0.3806700000
-0.9277000000
-0.3684800000
-0.9075800000
-0.4560100000
-1.0294000000
0.1749200000
0.4832700000
1.0556000000
-0.3441700000
-0.8647000000
-0.6217500000
-1.0870000000
0.5624000000
1.0959000000
-0.6275600000
-1.0842000000
0.5419600000
1.0909000000
-0.5910000000
-1.0960000000
0.6288100000
1.0835000000
-0.5372700000
-1.0892000000
0.5786200000
1.0970000000
-0.6356300000
-1.0796000000
0.5095700000
1.0752000000
-0.4780200000
-1.0511000000
0.3136800000
0.8060300000
0.8047500000
0.8082000000
0.7988300000
0.8238600000
0.7543100000
0.9265900000
0.3735100000
0.9159900000
0.4202000000
0.9861200000
0.0774710000
0.2194700000
0.5953500000
1.0953000000
-0.6236900000
-1.0861000000
0.5558400000
1.0947000000
-0.6189600000
-1.0882000000
0.5713000000
1.0968000000
-0.6343500000
-1.0804000000
0.5150200000
1.0785000000
-0.5013400000
-1.0697000000
0.4397700000
1.0109000000
-0.0634390000
-0.1800700000
-0.4965700000
-1.0663000000
0.4160000000
0.9804200000
0.1083400000
0.3051500000
0.7887000000
0.8495600000
0.6737200000
1.0486000000
-0.2973700000
-0.7725500000
-0.8876800000
-0.5364200000
-1.0889000000
0.5762300000
1.0970000000
-0.6356500000
-1.0796000000
0.5095100000
1.0751000000
-0.4777800000
-1.0508000000
0.3122400000
0.8031300000
0.8125300000
0.7868800000
0.8540300000
0.6587200000
1.0627000000
-0.3920200000
-0.9455600000
-0.2854500000
-0.7472400000
-0.9405100000
-0.3094400000
-0.7974500000
-0.8274300000
-0.7436700000
-0.9473100000
-0.2770300000
-0.7289300000
-0.9736100000
-0.1445000000
-0.4032200000
-0.9623300000
-0.2027400000
-0.5540700000
-1.0943000000
0.6161200000
1.0894000000
-0.5798100000
-1.0969000000
0.6354700000
1.0797000000
-0.5102700000
-1.0756000000
0.4811300000
1.0538000000
-0.3318600000
-0.8416300000
-0.6995800000
-1.0180000000
0.1054400000
0.2971800000
0.7721500000
0.8885700000
0.5329300000
1.0875000000
-0.5659400000
-1.0963000000
0.6309500000
1.0823000000
-0.5289500000
-1.0857000000
0.5532500000
1.0941000000
-0.6147400000
-1.0899000000
0.5837100000
1.0968000000
-0.6342000000
-1.0805000000
0.5156500000
1.0788000000
-0.5039400000
-1.0715000000
0.4522500000
1.0253000000
-0.1496900000
-0.4170700000
-0.9818800000
-0.1004900000
-0.2835100000
-0.7430500000
-0.9484600000
-0.2714600000
-0.7166500000
-0.9934700000
-0.0368460000
-0.1048700000
-0.2955900000
-0.7688300000
-0.8959700000
-0.5036500000
-1.0713000000
0.4508600000
1.0238000000
-0.1402500000
-0.3918600000
-0.9453100000
-0.2866000000
-0.7497200000
-0.9357000000
-0.3319200000
-0.8417500000
-0.6991900000
-1.0185000000
0.1085600000
0.3057500000
0.7899300000
0.8465000000
0.6837900000
1.0376000000
-0.2265900000
-0.6126200000
-1.0907000000
0.5894500000
1.0962000000
-0.6302800000
-1.0827000000
0.5315700000
1.0869000000
-0.5617100000
-1.0958000000
0.6268100000
1.0845000000
-0.5447500000
-1.0918000000
0.5976500000
1.0949000000
-0.6204200000
-1.0876000000
0.5667100000
1.0964000000
-0.6315600000
-1.0820000000
0.5265000000
1.0846000000
-0.5449700000
-1.0919000000
0.5981600000
1.0948000000
-0.6196500000
-1.0879000000
0.5691500000
1.0966000000
-0.6332300000
-1.0811000000
0.5196800000
1.0811000000
-0.5199800000
-1.0813000000
0.5211400000
1.0819000000
-0.5255600000
-1.0841000000
0.5417000000
1.0908000000
-0.5903400000
-1.0961000000
0.6294600000
1.0832000000
-0.5347800000
-1.0882000000
0.5714900000
1.0968000000
-0.6344300000
-1.0803000000
0.5146700000
1.0783000000
-0.4999100000
-1.0687000000
0.4327700000
1.0024000000
-0.0136520000
-0.0389000000
-0.1107000000
-0.3116200000
-0.8018800000
-0.8158500000
-0.7775000000
-0.8763700000
-0.5794000000
-1.0969000000
0.6355400000
1.0797000000
-0.5099800000
-1.0754000000
0.4798400000
1.0527000000
-0.3243600000
-0.8271600000
-0.7444800000
-0.9457700000
-0.2844200000
-0.7450200000
-0.9447500000
-0.2893200000
-0.7555400000
-0.9241100000
-0.3845600000
-0.9339200000
-0.3401400000
-0.8572500000
-0.6477500000
-1.0715000000
0.4523300000
1.0254000000
-0.1502200000
-0.4184700000
-0.9837800000
-0.0901950000
-0.2549600000
-0.6794100000
-1.0425000000
0.2580300000
0.6864200000
1.0345000000
-0.2072000000
-0.5651800000
-1.0962000000
0.6302900000
1.0827000000
-0.5315300000
-1.0869000000
0.5615800000
1.0957000000
-0.6266500000
-1.0846000000
0.5453200000
1.0920000000
-0.5989500000
-1.0946000000
0.6184000000
1.0885000000
-0.5730400000
-1.0969000000
0.6350100000
1.0800000000
-0.5122300000
-1.0768000000
0.4896100000
1.0609000000
-0.3794100000
-0.9256600000
-0.3776800000
-0.9228400000
-0.3902100000
-0.9427600000
-0.2987800000
-0.7755100000
-0.8809400000
-0.5622400000
-1.0958000000
0.6273900000
1.0842000000
-0.5426000000
-1.0911000000
0.5925600000
1.0958000000
-0.6271300000
-1.0844000000
0.5435500000
1.0914000000
-0.5948400000
-1.0954000000
0.6243700000
1.0858000000
-0.5534900000
-1.0942000000
0.6151500000
1.0898000000
-0.5825700000
-1.0968000000
0.6346900000
1.0802000000
-0.5136000000
-1.0776000000
0.4954400000
1.0654000000
-0.4102100000
-0.9723700000
-0.1510000000
-0.4205500000
-0.9865800000
-0.0749600000
-0.2124400000
-0.5781200000
-1.0970000000
0.6356700000
1.0796000000
-0.5094100000
-1.0751000000
0.4773100000
1.0504000000
-0.3094800000
-0.7975300000
-0.8272300000
-0.7442600000
-0.9461900000
-0.2823900000
-0.7406400000
-0.9529300000
-0.2496300000
-0.6671200000
-1.0551000000
0.3406800000
0.8582500000
0.6442800000
1.0740000000
-0.4697500000
-1.0434000000
0.2634700000
0.6987700000
1.0191000000
-0.1119300000
-0.3150100000
-0.8086900000
-0.7975000000
-0.8273000000
-0.7440600000
-0.9465800000
-0.2805500000
-0.7366400000
-0.9602000000
-0.2134900000
-0.5807100000
-1.0969000000
0.6352800000
1.0798000000
-0.5111000000
-1.0761000000
0.4847400000
1.0569000000
-0.3524600000
-0.8797300000
-0.5668200000
-1.0964000000
0.6316500000
1.0820000000
-0.5261400000
-1.0844000000
0.5437100000
1.0915000000
-0.5952300000
-1.0954000000
0.6238600000
1.0860000000
-0.5552500000
-1.0946000000
0.6180500000
1.0886000000
-0.5741000000
-1.0969000000
0.6353100000
1.0798000000
-0.5109700000
-1.0760000000
0.4841900000
1.0564000000
-0.3493500000
-0.8741300000
-0.5876800000
-1.0964000000
0.6317500000
1.0819000000
-0.5257200000
-1.0842000000
0.5422500000
1.0910000000
-0.5917000000
-1.0959000000
0.6280700000
1.0839000000
-0.5400500000
-1.0902000000
0.5861200000
1.0966000000
-0.6328600000
-1.0813000000
0.5212400000
1.0819000000
-0.5259500000
-1.0843000000
0.5430400000
1.0913000000
-0.5936200000
-1.0956000000
0.6258900000
1.0850000000
-0.5480800000
-1.0928000000
0.6049200000
1.0932000000
-0.6074700000
-1.0924000000
0.6019800000
1.0939000000
-0.6131800000
-1.0905000000
0.5879700000
1.0964000000
-0.6315200000
-1.0820000000
0.5266400000
1.0846000000
-0.5454500000
-1.0920000000
0.5992500000
1.0946000000
-0.6179200000
-1.0887000000
0.5744900000
1.0969000000
-0.6353900000
-1.0798000000
0.5106100000
1.0758000000
-0.4825900000
-1.0551000000
0.3402500000
0.8574500000
0.6470400000
1.0720000000
-0.4559700000
-1.0293000000
0.1746100000
0.4824600000
1.0550000000
-0.3395100000
-0.8560600000
-0.6518000000
-1.0684000000
0.4310100000
1.0002000000
-0.0010324000
-0.0029423000
-0.0083855000
-0.0238970000
-0.0680680000
-0.1930900000
-0.5298000000
-1.0861000000
0.5560400000
1.0948000000
-0.6192700000
-1.0881000000
0.5703300000
1.0967000000
-0.6338900000
-1.0807000000
0.5169500000
1.0796000000
-0.5092200000
-1.0750000000
0.4764800000
1.0497000000
-0.3045000000
-0.7873700000
-0.8528400000
-0.6627300000
-1.0592000000
0.3680500000
0.9068500000
0.4590600000
1.0326000000
-0.1950500000
-0.5347400000
-1.0882000000
0.5713800000
1.0968000000
-0.6343900000
-1.0804000000
0.5148700000
1.0784000000
-0.5007400000
-1.0693000000
0.4368400000
1.0074000000
-0.0427200000
-0.1215300000
-0.3412500000
-0.8593000000
-0.6406700000
-1.0765000000
0.4870300000
1.0588000000
-0.3652500000
-0.9020800000
-0.4788200000
-1.0518000000
0.3183900000
0.8154200000
0.7787400000
0.8734800000
0.5900800000
1.0962000000
-0.6297000000
-1.0830000000
0.5338400000
1.0879000000
-0.5687000000
-1.0966000000
0.6329600000
1.0812000000
-0.5208300000
-1.0817000000
0.5243900000
1.0835000000
-0.5375200000
-1.0893000000
0.5793300000
1.0969000000
-0.6355500000
-1.0797000000
0.5099300000
1.0754000000
-0.4796400000
-1.0525000000
0.3231700000
0.8248500000
0.7513700000
0.9324600000
0.3468700000
0.8696300000
0.6041100000
1.0934000000
-0.6091200000
-1.0919000000
0.5981900000
1.0948000000
-0.6195900000
-1.0879000000
0.5693300000
1.0966000000
-0.6333400000
-1.0810000000
0.5192500000
1.0809000000
-0.5183000000
-1.0803000000
0.5146000000
1.0782000000
-0.4996400000
-1.0685000000
0.4314200000
1.0007000000
-0.0039826000
-0.0113500000
-0.0323440000
-0.0920840000
-0.2602100000
-0.6914000000
-1.0285000000
0.1696700000
0.4696400000
1.0433000000
-0.2628100000
-0.6972700000
-1.0211000000
0.1238900000
0.3476800000
0.8711000000
0.5987700000
1.0947000000
-0.6186900000
-1.0883000000
0.5721500000
1.0968000000
-0.6347000000
-1.0802000000
0.5135400000
1.0776000000
-0.4951900000
-1.0652000000
0.4089400000
0.9705700000
0.1604200000
0.4454400000
1.0176000000
-0.1030600000
-0.2905900000
-0.7582600000
-0.9185400000
-0.4091400000
-0.9708600000
-0.1589000000
-0.4414300000
-1.0129000000
0.0751110000
0.2128600000
0.5791600000
1.0969000000
-0.6355700000
-1.0797000000
0.5098300000
1.0753000000
-0.4791800000
-1.0521000000
0.3205200000
0.8196400000
0.7666400000
0.9007700000
0.4842200000
1.0565000000
-0.3495600000
-0.8745100000
-0.5862900000
-1.0966000000
0.6327400000
1.0813000000
-0.5217100000
-1.0822000000
0.5277200000
1.0852000000
-0.5491300000
-1.0931000000
0.6070600000
1.0925000000
-0.6029200000
-1.0937000000
0.6114300000
1.0911000000
-0.5925200000
-1.0958000000
0.6271900000
1.0844000000
-0.5433600000
-1.0914000000
0.5944000000
1.0955000000
-0.6249400000
-1.0855000000
0.5514900000
1.0937000000
-0.6116100000
-1.0911000000
0.5920700000
1.0959000000
-0.6276800000
-1.0841000000
0.5415100000
1.0908000000
-0.5898700000
-1.0962000000
0.6299000000
1.0829000000
-0.5330600000
-1.0875000000
0.5663500000
1.0964000000
-0.6312800000
-1.0822000000
0.5276300000
1.0851000000
-0.5488300000
-1.0930000000
0.6064600000
1.0927000000
-0.6042300000
-1.0933000000
0.6088800000
1.0920000000
-0.5987600000
-1.0947000000
0.6187000000
1.0883000000
-0.5721000000
-1.0968000000
0.6346800000
1.0802000000
-0.5136300000
-1.0777000000
0.4955600000
1.0655000000
-0.4108300000
-0.9732400000
-0.1464700000
-0.4084900000
-0.9699300000
-0.1637300000
-0.4541300000
-1.0273000000
0.1623400000
0.4504700000
1.0233000000
-0.1375900000
-0.3847100000
-0.9341500000
-0.3390900000
-0.8552900000
-0.6544200000
-1.0663000000
0.4165800000
0.9812100000
0.1040900000
0.2934500000
0.7643100000
0.9057900000
0.4635100000
1.0372000000
-0.2240100000
-0.6064000000
-1.0927000000
0.6043600000
1.0933000000
-0.6086000000
-1.0921000000
0.5994000000
1.0945000000
-0.6176600000
-1.0888000000
0.5752600000
1.0969000000
-0.6355300000
-1.0797000000
0.5100000000
1.0754000000
-0.4799300000
-1.0528000000
0.3248900000
0.8282000000
0.7413500000
0.9516400000
0.2560000000
0.6817800000
1.0399000000
-0.2411000000
-0.6472000000
-1.0719000000
0.4551800000
1.0285000000
-0.1693800000
-0.4688900000
-1.0425000000
0.2581200000
0.6866300000
1.0343000000
-0.2056300000
-0.5612700000
-1.0957000000
0.6263000000
1.0848000000
-0.5466000000
-1.0924000000
0.6017900000
1.0940000000
-0.6135400000
-1.0904000000
0.5870000000
1.0965000000
-0.6322600000
-1.0816000000
0.5236900000
1.0832000000
-0.5350000000
-1.0883000000
0.5721500000
1.0968000000
-0.6347000000
-1.0802000000
0.5135500000
1.0776000000
-0.4952100000
-1.0652000000
0.4090400000
0.9707100000
0.1596600000
0.4434400000
1.0153000000
-0.0891890000
-0.2521700000
-0.6729700000
-1.0493000000
0.3023600000
0.7829500000
0.8635300000
0.6259000000
1.0850000000
-0.5480700000
-1.0928000000
0.6049000000
1.0932000000
-0.6075200000
-1.0924000000
0.6018800000
1.0940000000
-0.6133700000
-1.0904000000
0.5874600000
1.0965000000
-0.6319200000
-1.0818000000
0.5250600000
1.0839000000
-0.5399300000
-1.0902000000
0.5858000000
1.0966000000
-0.6330600000
-1.0812000000
0.5204100000
1.0815000000
-0.5228100000
-1.0827000000
0.5317900000
1.0870000000
-0.5623900000
-1.0959000000
0.6275600000
1.0842000000
-0.5419800000
-1.0909000000
0.5910300000
1.0960000000
-0.6287800000
-1.0835000000
0.5373900000
1.0893000000
-0.5789500000
-1.0970000000
0.6356000000
1.0797000000
-0.5097200000
-1.0753000000
0.4787000000
1.0517000000
-0.3176600000
-0.8139700000
-0.7828400000
-0.8638000000
-0.6249500000
-1.0855000000
0.5514600000
1.0937000000
-0.6115400000
-1.0911000000
0.5922500000
1.0959000000
-0.6274900000
-1.0842000000
0.5422500000
1.0910000000
-0.5917000000
-1.0959000000
0.6280800000
1.0839000000
-0.5400200000
-1.0902000000
0.5860600000
1.0966000000
-0.6328900000
-1.0812000000
0.5210900000
1.0818000000
-0.5253700000
-1.0840000000
0.5410300000
1.0906000000
-0.5886500000
-1.0963000000
0.6309700000
1.0823000000
-0.5288400000
-1.0857000000
0.5528900000
1.0941000000
-0.6141100000
-1.0902000000
0.5854700000
1.0966000000
-0.6332600000
-1.0810000000
0.5195600000
1.0810000000
-0.5195400000
-1.0810000000
0.5194300000
1.0810000000
-0.5190200000
-1.0807000000
0.5174300000
1.0799000000
-0.5111500000
-1.0762000000
0.4849700000
1.0571000000
-0.3538000000
-0.8821200000
-0.5577700000
-1.0951000000
0.6218100000
1.0870000000
-0.5621800000
-1.0958000000
0.6273300000
1.0843000000
-0.5428300000
-1.0912000000
0.5931100000
1.0957000000
-0.6265000000
-1.0847000000
0.5458700000
1.0922000000
-0.6001900000
-1.0944000000
0.6163500000
1.0893000000
-0.5791400000
-1.0969000000
0.6355700000
1.0797000000
-0.5098200000
-1.0753000000
0.4791300000
1.0520000000
-0.3201900000
-0.8189800000
-0.7685500000
-0.8965900000
-0.5011600000
-1.0696000000
0.4389100000
1.0099000000
-0.0573470000
-0.1629000000
-0.4519500000
-1.0250000000
0.1476200000
0.4115400000
0.9742400000
0.1411900000
0.3943600000
0.9491300000
0.2681900000
0.7093700000
1.0044000000
-0.0250520000
-0.0713520000
-0.2023200000
-0.5530100000
-1.0941000000
0.6143200000
1.0901000000
-0.5848900000
-1.0967000000
0.6336000000
1.0808000000
-0.5181800000
-1.0803000000
0.5141300000
1.0780000000
-0.4976600000
-1.0671000000
0.4215500000
0.9879100000
0.0676430000
0.1919000000
0.5267700000
1.0847000000
-0.5459100000
-1.0922000000
0.6002600000
1.0943000000
-0.6162200000
-1.0893000000
0.5795100000
1.0969000000
-0.6355200000
-1.0797000000
0.5100500000
1.0755000000
-0.4801600000
-1.0530000000
0.3262400000
0.8308300000
0.7333800000
0.9659500000
0.1842600000
0.5073200000
1.0737000000
-0.4679100000
-1.0416000000
0.2519700000
0.6725200000
1.0498000000
-0.3054000000
-0.7892100000
-0.8482900000
-0.6779100000
-1.0441000000
0.2685500000
0.7101700000
1.0032000000
-0.0183610000
-0.0523120000
-0.1486800000
-0.4143700000
-0.9781900000
-0.1203000000
-0.3378900000
-0.8530400000
-0.6620500000
-1.0598000000
0.3721600000
0.9137600000
0.4298200000
0.9986800000
0.0075255000
0.0214460000
0.0610940000
0.1734700000
0.4795100000
1.0524000000
-0.3224300000
-0.8233900000
-0.7557000000
-0.9237900000
-0.3860200000
-0.9362200000
-0.3295000000
-0.8371200000
-0.7138900000
-0.9976900000
-0.0131390000
-0.0374400000
-0.1065500000
-0.3002300000
-0.7785300000
-0.8739600000
-0.5883100000
-1.0964000000
0.6312500000
1.0822000000
-0.5277200000
-1.0852000000
0.5491400000
1.0931000000
-0.6070800000
-1.0925000000
0.6028500000
1.0937000000
-0.6115600000
-1.0911000000
0.5922100000
1.0959000000
-0.6275300000
-1.0842000000
0.5420900000
1.0910000000
-0.5913000000
-1.0960000000
0.6285000000
1.0837000000
-0.5384400000
-1.0897000000
0.5818400000
1.0969000000
-0.6349500000
-1.0800000000
0.5125000000
1.0770000000
-0.4907600000
-1.0618000000
0.3856200000
0.9355900000
0.3324200000
0.8427000000
0.6961300000
1.0225000000
-0.1328400000
-0.3719200000
-0.9133500000
-0.4315500000
-1.0009000000
0.0049406000
0.0140800000
0.0401210000
0.1141600000
0.3211200000
0.8208200000
0.7632200000
0.9081200000
0.4537600000
1.0269000000
-0.1598700000
-0.4439700000
-1.0159000000
0.0928750000
0.2624100000
0.6963700000
1.0222000000
-0.1309900000
-0.3669000000
-0.9049100000
-0.4671600000
-1.0408000000
0.2472400000
0.6615600000
1.0603000000
-0.3751100000
-0.9186500000
-0.4086700000
-0.9701900000
-0.1624100000
-0.4506500000
-1.0235000000
0.1388400000
0.3880600000
0.9394200000
0.3145800000
0.8078400000
0.7998300000
0.8212600000
0.7619500000
0.9108200000
0.4423400000
1.0140000000
-0.0815030000
-0.2307400000
-0.6226000000
-1.0866000000
0.5595500000
1.0954000000
-0.6241900000
-1.0858000000
0.5541000000
1.0943000000
-0.6161700000
-1.0894000000
0.5796600000
1.0969000000
-0.6354900000
-1.0797000000
0.5101600000
1.0755000000
-0.4806400000
-1.0534000000
0.3290100000
0.8361800000
0.7168600000
0.9931600000
0.0386140000
0.1098900000
0.3093900000
0.7973600000
0.8276700000
0.7429600000
0.9486400000
0.2705900000
0.7147200000
0.9964300000
0.0202530000
0.0576970000
0.1638900000
0.4545400000
1.0278000000
-0.1650900000
-0.4576800000
-1.0312000000
0.1859900000
0.5117300000
1.0765000000
-0.4874500000
-1.0591000000
0.3676100000
0.9061100000
0.4621800000
1.0358000000
-0.2154200000
-0.5854500000
-1.0966000000
0.6332700000
1.0810000000
-0.5195200000
-1.0810000000
0.5193500000
1.0809000000
-0.5187200000
-1.0806000000
0.5162700000
1.0792000000
-0.5064700000
-1.0732000000
0.4640200000
1.0377000000
-0.2272700000
-0.6142700000
-1.0901000000
0.5850200000
1.0967000000
-0.6335200000
-1.0809000000
0.5184800000
1.0804000000
-0.5153100000
-1.0786000000
0.5025400000
1.0705000000
-0.4455500000
-1.0177000000
0.1038600000
0.2928000000
0.7629500000
0.9087100000
0.4512800000
1.0242000000
-0.1430900000
-0.3994700000
-0.9568100000
-0.2304600000
-0.6219200000
-1.0869000000
0.5618100000
1.0958000000
-0.6269200000
-1.0845000000
0.5443600000
1.0917000000
-0.5967400000
-1.0951000000
0.6217600000
1.0870000000
-0.5623400000
-1.0959000000
0.6275100000
1.0842000000
-0.5421700000
-1.0910000000
0.5915000000
1.0960000000
-0.6282900000
-1.0838000000
0.5392500000
1.0900000000
-0.5840200000
-1.0967000000
0.6340500000
1.0806000000
-0.5162800000
-1.0792000000
0.5065300000
1.0732000000
-0.4643200000
-1.0380000000
0.2292000000
0.6189100000
1.0882000000
-0.5714500000
-1.0968000000
0.6344200000
1.0804000000
-0.5147400000
-1.0783000000
0.5002100000
1.0689000000
-0.4342200000
-1.0042000000
0.0240790000
0.0685860000
0.1945500000
0.5334800000
1.0877000000
-0.5676100000
-1.0965000000
0.6322300000
1.0816000000
-0.5237900000
-1.0832000000
0.5353700000
1.0885000000
-0.5732300000
-1.0969000000
0.6350700000
1.0800000000
-0.5119800000
-1.0767000000
0.4885200000
1.0600000000
-0.3734900000
-0.9159600000
-0.4203200000
-0.9862800000
-0.0766200000
-0.2170800000
-0.5895400000
-1.0962000000
0.6302100000
1.0828000000
-0.5318600000
-1.0870000000
0.5626300000
1.0959000000
-0.6278200000
-1.0840000000
0.5410100000
1.0906000000
-0.5886100000
-1.0963000000
0.6310100000
1.0823000000
-0.5286800000
-1.0856000000
0.5523700000
1.0939000000
-0.6131900000
-1.0905000000
0.5879300000
1.0964000000
-0.6315600000
-1.0820000000
0.5265100000
1.0846000000
-0.5449900000
-1.0919000000
0.5982000000
1.0948000000
-0.6195800000
-1.0879000000
0.5693600000
1.0967000000
-0.6333600000
-1.0810000000
0.5191600000
1.0808000000
-0.5179800000
-1.0802000000
0.5133300000
1.0775000000
-0.4942900000
-1.0645000000
0.4042700000
0.9638600000
0.1949700000
0.5345300000
1.0881000000
-0.5707700000
-1.0968000000
0.6341100000
1.0805000000
-0.5160400000
-1.0791000000
0.5055400000
1.0726000000
-0.4597500000
-1.0333000000
0.1995700000
0.5461200000
1.0922000000
-0.6007400000
-1.0942000000
0.6154000000
1.0897000000
-0.5818600000
-1.0969000000
0.6349400000
1.0800000000
-0.5125100000
-1.0770000000
0.4908300000
1.0619000000
-0.3860100000
-0.9362100000
-0.3295400000
-0.8372100000
-0.7136300000
-0.9980700000
-0.0109810000
-0.0312910000
-0.0890920000
-0.2519000000
-0.6723500000
-1.0500000000
0.3065200000
0.7915000000
0.8425900000
0.6964900000
1.0221000000
-0.1300700000
-0.3644300000
-0.9006800000
-0.4845700000
-1.0567000000
0.3515100000
0.8780200000
0.5732600000
1.0969000000
-0.6350800000
-1.0800000000
0.5119500000
1.0766000000
-0.4884000000
-1.0599000000
0.3728200000
0.9148500000
0.4251300000
0.9926400000
0.0414920000
0.1180500000
0.3317500000
0.8414400000
0.7002100000
1.0172000000
-0.1004100000
-0.2832900000
-0.7425900000
-0.9493200000
-0.2672700000
-0.7073100000
-1.0073000000
0.0422850000
0.1203000000
0.3378800000
0.8530300000
0.6620900000
1.0598000000
-0.3719200000
-0.9133500000
-0.4315800000
-1.0009000000
0.0051486000
0.0146730000
0.0418100000
0.1189500000
0.3342100000
0.8461000000
0.6851000000
1.0361000000
-0.2170100000
-0.5893400000
-1.0963000000
0.6303800000
1.0827000000
-0.5311800000
-1.0867000000
0.5604900000
1.0956000000
-0.6253800000
-1.0853000000
0.5499200000
1.0933000000
-0.6086300000
-1.0920000000
0.5993300000
1.0945000000
-0.6177800000
-1.0887000000
0.5749200000
1.0969000000
-0.6354800000
-1.0797000000
0.5102500000
1.0756000000
-0.4810000000
-1.0537000000
0.3311300000
0.8402500000
0.7039900000
1.0120000000
-0.0696720000
-0.1976000000
-0.5411700000
-1.0906000000
0.5890100000
1.0963000000
-0.6306700000
-1.0825000000
0.5300500000
1.0862000000
-0.5568700000
-1.0949000000
0.6205100000
1.0875000000
-0.5664200000
-1.0964000000
0.6313400000
1.0821000000
-0.5273900000
-1.0850000000
0.5480300000
1.0928000000
-0.6048300000
-1.0932000000
0.6076600000
1.0923000000
-0.6015600000
-1.0940000000
0.6139600000
1.0902000000
-0.5858800000
-1.0966000000
0.6330100000
1.0812000000
-0.5206000000
-1.0816000000
0.5235300000
1.0831000000
-0.5344300000
-1.0881000000
0.5704700000
1.0967000000
-0.6339600000
-1.0806000000
0.5166700000
1.0794000000
-0.5081000000
-1.0742000000
0.4714500000
1.0450000000
-0.2739900000
-0.7222500000
-0.9846500000
-0.0855090000
-0.2419200000
-0.6491200000
-1.0705000000
0.4452600000
1.0174000000
-0.1018500000
-0.2872600000
-0.7511300000
-0.9329400000
-0.3446500000
-0.8655700000
-0.6186600000
-1.0883000000
0.5722300000
1.0968000000
-0.6347300000
-1.0802000000
0.5134200000
1.0775000000
-0.4946700000
-1.0648000000
0.4062500000
0.9667300000
0.1803000000
0.4971500000
1.0667000000
-0.4189700000
-0.9844700000
-0.0864720000
-0.2446000000
-0.6554100000
-1.0655000000
0.4110700000
0.9735800000
0.1446900000
0.4037300000
0.9630700000
0.1989700000
0.5446100000
1.0918000000
-0.5973300000
-1.0950000000
0.6209100000
1.0874000000
-0.5651400000
-1.0962000000
0.6302600000
1.0827000000
-0.5316400000
-1.0869000000
0.5619400000
1.0958000000
-0.6270700000
-1.0844000000
0.5438000000
1.0915000000
-0.5954300000
-1.0953000000
0.6235900000
1.0861000000
-0.5561900000
-1.0948000000
0.6195000000
1.0880000000
-0.5696300000
-1.0967000000
0.6335100000
1.0809000000
-0.5185300000
-1.0805000000
0.5155200000
1.0788000000
-0.5034200000
-1.0711000000
0.4497900000
1.0226000000
-0.1329500000
-0.3722200000
-0.9138600000
-0.4293900000
-0.9981300000
-0.0106440000
-0.0303310000
-0.0863650000
-0.2443000000
-0.6547100000
-1.0661000000
0.4149700000
0.9790200000
0.1158800000
0.3258100000
0.8299900000
0.7359300000
0.9614600000
0.2071400000
0.5650100000
1.0962000000
-0.6301500000
-1.0828000000
0.5320900000
1.0871000000
-0.5633400000
-1.0960000000
0.6285500000
1.0836000000
-0.5382500000
-1.0896000000
0.5813200000
1.0969000000
-0.6351100000
-1.0799000000
0.5118000000
1.0766000000
-0.4877600000
-1.0594000000
0.3692900000
0.9089400000
0.4503100000
1.0231000000
-0.1365000000
-0.3817900000
-0.9294900000
-0.3604100000
-0.8937400000
-0.5125600000
-1.0770000000
0.4910300000
1.0620000000
-0.3870800000
-0.9378900000
-0.3217200000
-0.8219900000
-0.7597900000
-0.9153500000
-0.4229500000
-0.9897800000
-0.0573760000
-0.1629800000
-0.4521600000
-1.0252000000
0.1490900000
0.4154600000
0.9796800000
0.1123300000
0.3161000000
0.8108700000
0.7914800000
0.8426300000
0.6963600000
1.0222000000
-0.1310900000
-0.3671800000
-0.9053800000
-0.4652100000
-1.0389000000
0.2348600000
0.6324400000
1.0815000000
-0.5229400000
-1.0828000000
0.5322700000
1.0872000000
-0.5639200000
-1.0961000000
0.6291300000
1.0833000000
-0.5360500000
-1.0887000000
0.5751900000
1.0969000000
-0.6355200000
-1.0797000000
0.5100500000
1.0755000000
-0.4801500000
-1.0529000000
0.3261900000
0.8307300000
0.7336800000
0.9654300000
0.1869500000
0.5142000000
1.0780000000
-0.4979300000
-1.0673000000
0.4229200000
0.9897400000
0.0575720000
0.1635400000
0.4536100000
1.0268000000
-0.1588700000
-0.4413500000
-1.0128000000
0.0745780000
0.2113700000
0.5754800000
1.0969000000
-0.6355600000
-1.0797000000
0.5098700000
1.0754000000
-0.4793400000
-1.0522000000
0.3214400000
0.8214600000
0.7613600000
0.9120600000
0.4370600000
1.0077000000
-0.0442610000
-0.1259000000
-0.3531200000
-0.8809000000
-0.5623900000
-1.0959000000
0.6275600000
1.0842000000
-0.5419900000
-1.0909000000
0.5910500000
1.0960000000
-0.6287500000
-1.0835000000
0.5374700000
1.0893000000
-0.5791900000
-1.0969000000
0.6355700000
1.0797000000
-0.5098500000
-1.0754000000
0.4792700000
1.0522000000
-0.3210100000
-0.8206000000
-0.7638700000
-0.9067400000
-0.4595500000
-1.0331000000
0.1982600000
0.5428400000
1.0912000000
-0.5931400000
-1.0957000000
0.6264700000
1.0847000000
-0.5459800000
-1.0922000000
0.6004300000
1.0943000000
-0.6159400000
-1.0894000000
0.5803100000
1.0969000000
-0.6353700000
-1.0798000000
0.5107000000
1.0759000000
-0.4830000000
-1.0554000000
0.3425900000
0.8617800000
0.6320300000
1.0817000000
-0.5246000000
-1.0836000000
0.5382700000
1.0896000000
-0.5814000000
-1.0969000000
0.6350900000
1.0800000000
-0.5119000000
-1.0766000000
0.4881900000
1.0597000000
-0.3716600000
-0.9129200000
-0.4333800000
-1.0032000000
0.0180800000
0.0515120000
0.1464200000
0.4083500000
0.9697400000
0.1647500000
0.4567900000
1.0302000000
-0.1800600000
-0.4965200000
-1.0662000000
0.4157800000
0.9801200000
0.1099800000
0.3096500000
0.7978800000
0.8263300000
0.7469800000
0.9410200000
0.3070200000
0.7925200000
0.8400200000
0.7047200000
1.0110000000
-0.0636690000
-0.1807200000
-0.4982300000
-1.0675000000
0.4244200000
0.9917100000
0.0466460000
0.1326500000
0.3714100000
0.9125000000
0.4352200000
1.0054000000
-0.0311850000
-0.0887910000
-0.2510600000
-0.6704200000
-1.0519000000
0.3193400000
0.8173000000
0.7733800000
0.8858000000
0.5436800000
1.0915000000
-0.5951600000
-1.0954000000
0.6239500000
1.0860000000
-0.5549300000
-1.0945000000
0.6175300000
1.0888000000
-0.5756700000
-1.0970000000
0.6355900000
1.0797000000
-0.5097600000
-1.0753000000
0.4788800000
1.0518000000
-0.3187400000
-0.8161100000
-0.7767700000
-0.8780600000
-0.5731000000
-1.0969000000
0.6350300000
1.0800000000
-0.5121400000
-1.0768000000
0.4892500000
1.0606000000
-0.3774400000
-0.9224600000
-0.3918900000
-0.9453600000
-0.2864000000
-0.7492800000
-0.9365600000
-0.3279100000
-0.8340500000
-0.7234600000
-0.9826900000
-0.0961180000
-0.2714100000
-0.7165300000
-0.9936600000
-0.0358040000
-0.1019100000
-0.2874300000
-0.7514900000
-0.9322200000
-0.3479600000
-0.8716100000
-0.5969200000
-1.0951000000
0.6215100000
1.0871000000
-0.5631700000
-1.0960000000
0.6283800000
