-9.0250000000
-0.7631000000
0.6031300000
3.0134000000
-15.3550000000
0.5127800000
0.7143600000
-2.3588000000
-1.0671000000
9.7477000000
-2.0369000000
-3.8068000000
1.3574000000
11.2990000000
-2.8229000000
-0.2798800000
5.2178000000
-7.1257000000
-1.1264000000
0.5228100000
3.1358000000
-7.5742000000
-1.1602000000
0.7953600000
3.0413000000
-16.5540000000
3.6885000000
0.1244600000
-7.7258000000
0.7545100000
9.0829000000
-2.9643000000
-1.2013000000
1.7692000000
8.6020000000
-2.4260000000
2.5969000000
7.3065000000
-2.6538000000
2.9937000000
3.0236000000
-2.5629000000
0.2512000000
-2.2837000000
-4.1554000000
6.5926000000
-0.7334000000
-5.6520000000
0.3684800000
11.2990000000
-2.6741000000
-0.3904300000
5.2054000000
-6.9676000000
-1.1219000000
0.3957400000
2.8807000000
-2.2722000000
-1.9044000000
-0.1221500000
1.2928000000
3.3604000000
-12.2710000000
-0.2786100000
0.8289200000
-0.8432300000
-1.5125000000
9.1711000000
-1.7230000000
-4.3691000000
1.0007000000
11.2920000000
-2.6615000000
-0.4093800000
5.1895000000
-6.8369000000
-1.1484000000
0.3951800000
2.8888000000
-2.1382000000
-1.9256000000
-0.1300600000
1.2487000000
3.3076000000
-10.7920000000
-0.5827200000
0.8472300000
0.5358000000
-2.3283000000
8.2891000000
-1.2939000000
-5.5663000000
1.1134000000
11.3590000000
-3.0824000000
0.1608000000
5.7058000000
-12.1770000000
0.0949550000
0.2715800000
2.2478000000
-4.6039000000
-1.3236000000
-0.2696200000
-7.1790000000
0.5984700000
10.0160000000
-2.9739000000
-1.2501000000
3.0724000000
8.7025000000
-3.5267000000
0.7828400000
5.5655000000
-14.5290000000
3.0172000000
-0.1067800000
0.6407200000
-14.1170000000
1.1092000000
-0.7060700000
-0.8598500000
1.3610000000
6.9347000000
-8.5382000000
2.4328000000
0.4238500000
-1.7562000000
6.7849000000
-8.6243000000
2.9416000000
-2.8066000000
-0.9425700000
9.9459000000
-2.0566000000
-3.8439000000
2.0335000000
10.6850000000
-3.4162000000
0.5525400000
5.8838000000
-15.8170000000
1.8194000000
-0.0165870000
1.3247000000
-6.1113000000
-0.7048900000
3.1442000000
-12.0680000000
4.6582000000
-0.1381800000
-7.0735000000
0.5462300000
10.1630000000
-2.9567000000
-1.2441000000
3.2108000000
8.0301000000
-3.5402000000
0.8624700000
5.2997000000
-11.1870000000
3.9602000000
-0.3623500000
0.2525700000
-11.2300000000
0.7280800000
-0.0174870000
-5.6860000000
6.6664000000
-0.6369800000
-6.0888000000
2.2305000000
6.1899000000
-3.0182000000
-0.4011800000
2.4550000000
7.8845000000
-2.6154000000
3.0336000000
4.5841000000
-2.7405000000
0.1609200000
-1.3502000000
-8.7416000000
3.2272000000
-3.6038000000
-0.9486800000
8.9876000000
-1.4561000000
-4.3373000000
2.6982000000
6.2233000000
-3.1814000000
0.3582600000
4.4354000000
-2.8627000000
-2.2646000000
1.0650000000
1.1373000000
-2.0755000000
8.2282000000
-1.5081000000
-1.6608000000
-5.2959000000
3.7792000000
-4.3034000000
-0.5901300000
9.9549000000
-2.4105000000
-2.5015000000
0.9669000000
9.2337000000
-2.0014000000
-1.3626000000
-2.9980000000
3.4784000000
2.0197000000
-2.5925000000
-0.0796650000
2.2981000000
5.9589000000
-3.0206000000
5.3469000000
-8.1068000000
-0.0703200000
4.1412000000
-3.4644000000
6.3663000000
-1.7337000000
0.7807600000
5.0253000000
-6.4923000000
-1.4817000000
0.9361800000
2.1374000000
-4.2212000000
6.9522000000
-0.8393300000
-5.8463000000
0.5627000000
11.3520000000
-2.8113000000
-0.2234500000
5.3294000000
-8.0718000000
-0.8998900000
0.4231000000
2.8599000000
-4.3750000000
-1.5992000000
0.2445100000
2.6543000000
2.5711000000
-2.2934000000
3.3400000000
-8.5266000000
-1.0249000000
0.8567000000
2.1638000000
-6.1305000000
6.3221000000
-0.5924800000
-6.9835000000
1.0685000000
10.0090000000
-3.1405000000
-0.4152700000
4.1940000000
1.7065000000
-2.9427000000
1.0444000000
3.4069000000
-4.2820000000
6.4758000000
-0.8963000000
-1.5419000000
-8.4747000000
4.0860000000
-1.1951000000
-0.2440600000
2.9590000000
8.4168000000
-3.1726000000
-0.4054500000
3.4866000000
6.6642000000
-3.4105000000
0.8606400000
5.2735000000
-14.9460000000
3.1575000000
0.0131000000
-0.2539800000
-10.4090000000
5.0278000000
-0.2289200000
-7.2396000000
0.7282000000
9.9708000000
-3.0187000000
-1.0541000000
3.2955000000
7.7096000000
-3.5249000000
0.8776100000
5.2359000000
-10.9240000000
4.0536000000
-0.3647600000
0.1638800000
-12.1900000000
1.0082000000
-1.3031000000
-7.1732000000
5.6748000000
-0.4452900000
-6.0760000000
0.3247200000
11.0910000000
-2.7800000000
-0.6425800000
4.6885000000
-2.8113000000
-2.0436000000
0.7976400000
3.9722000000
-18.1630000000
1.3435000000
0.6057900000
-5.8756000000
-0.1930900000
9.7741000000
-2.6458000000
-1.6512000000
0.5747400000
6.9999000000
-5.5447000000
1.9328000000
9.7109000000
-3.3863000000
0.4582400000
5.5288000000
-13.2320000000
0.1724500000
0.6171600000
1.8441000000
-13.0150000000
4.6509000000
-0.0948600000
-7.6866000000
1.3593000000
7.9574000000
-3.0255000000
-0.7991000000
1.7571000000
7.4989000000
-4.0938000000
3.4005000000
3.3172000000
-2.8670000000
0.3895100000
3.9546000000
-0.2396700000
-2.6121000000
1.0111000000
3.5594000000
-6.2200000000
5.8637000000
-0.5939800000
-3.3234000000
-1.2008000000
9.1155000000
-1.4509000000
-3.0981000000
3.5033000000
2.2709000000
-2.6665000000
0.0982110000
2.9954000000
5.6602000000
-2.8038000000
0.4116100000
-1.0401000000
-11.1390000000
3.7247000000
-0.4670300000
0.4531300000
-4.3902000000
-0.4444900000
10.6290000000
-2.2975000000
-1.9301000000
3.7533000000
2.8007000000
-2.9126000000
0.7802000000
4.7367000000
-16.0820000000
0.6803500000
0.7024400000
-3.5962000000
-0.7669900000
9.9208000000
-2.2957000000
-2.8570000000
1.0333000000
9.8733000000
-2.1475000000
-3.4812000000
1.3279000000
11.0560000000
-2.6735000000
-0.8591500000
4.5254000000
-1.6949000000
-2.2314000000
0.7909300000
4.1281000000
-17.1700000000
0.9606700000
0.6728900000
-5.2934000000
-0.3615400000
9.8134000000
-2.5650000000
-1.7412000000
0.3434900000
6.8215000000
-5.7866000000
1.7431000000
10.0890000000
-3.3501000000
0.3843300000
5.5199000000
-12.3430000000
-0.0453610000
0.6313700000
2.1676000000
-15.9790000000
3.8984000000
0.0835820000
-7.8780000000
1.0028000000
8.5624000000
-2.9903000000
-0.9681800000
1.5399000000
7.4162000000
-4.9203000000
3.0069000000
4.2023000000
-2.9000000000
0.0174670000
3.1552000000
6.2331000000
-3.0109000000
-0.4391700000
2.2612000000
7.6126000000
-2.6590000000
3.9178000000
3.6694000000
-3.1940000000
1.0220000000
3.9779000000
-5.3488000000
5.9152000000
-0.7705500000
-0.9847500000
-11.1130000000
2.8309000000
-2.5296000000
-2.4919000000
5.8587000000
-2.2324000000
0.7386200000
6.9131000000
-6.9704000000
1.9128000000
7.2051000000
-3.0858000000
-0.4949300000
2.7090000000
8.5240000000
-2.9200000000
-0.6621700000
0.2529800000
3.9560000000
3.4320000000
-3.1746000000
1.0328000000
3.7836000000
-4.7310000000
6.1753000000
-0.8594200000
-0.9533600000
-10.5940000000
2.4872000000
-2.8582000000
-1.6446000000
8.7554000000
-1.3195000000
-3.6394000000
3.2393000000
3.3098000000
-2.7962000000
0.0508000000
3.0549000000
6.0644000000
-2.8995000000
-0.2579000000
-0.0124320000
1.7343000000
5.1913000000
-17.4480000000
2.3206000000
0.2965800000
-1.2770000000
-2.2049000000
8.5998000000
-1.2622000000
-3.8056000000
3.1712000000
3.5191000000
-2.8155000000
0.0147430000
2.9920000000
6.3426000000
-2.8737000000
0.0566570000
-0.6986000000
-5.5052000000
1.4062000000
10.9440000000
-3.2536000000
0.3113100000
5.7081000000
-13.1700000000
0.3093700000
0.3836000000
2.2908000000
-12.0650000000
-0.0716560000
0.5726800000
2.4440000000
-18.9680000000
2.1434000000
0.4421500000
-6.0570000000
-0.0969820000
9.9777000000
-2.6858000000
-2.0522000000
1.5539000000
9.7665000000
-2.3549000000
-1.8995000000
-0.3389900000
6.2901000000
-6.4314000000
1.2578000000
10.5950000000
-3.2087000000
0.0940750000
5.2356000000
-8.0337000000
-1.0657000000
0.7909200000
2.9199000000
-15.5930000000
3.9530000000
0.0629770000
-7.7597000000
0.8536700000
8.9770000000
-2.9871000000
-1.1477000000
1.8913000000
8.7804000000
-2.4274000000
2.2792000000
5.8001000000
-3.0127000000
5.4643000000
-8.3152000000
0.1697600000
5.6429000000
-2.5408000000
5.3897000000
-8.5002000000
-0.6954200000
-0.0547720000
1.4403000000
2.3516000000
-16.1310000000
3.8642000000
0.0921850000
-7.8872000000
1.0049000000
8.5402000000
-2.9884000000
-0.9558700000
1.4936000000
7.2652000000
-5.8538000000
2.8772000000
2.8687000000
-2.5488000000
0.1646300000
-2.2102000000
-4.8436000000
5.9084000000
-0.6794600000
-1.9576000000
-5.5974000000
5.9209000000
-0.5779800000
-4.1759000000
-0.4208800000
10.3110000000
-1.9410000000
-1.4135000000
4.5195000000
-2.6074000000
-1.8986000000
0.1382500000
2.4702000000
4.1463000000
-2.3192000000
5.6884000000
-12.4690000000
0.1652500000
0.2870100000
2.2520000000
-5.7015000000
-1.1705000000
-0.4763400000
-3.0941000000
0.2467500000
8.9712000000
-1.7055000000
-3.4224000000
-0.0127460000
9.0843000000
-1.6523000000
-4.7178000000
1.1732000000
11.5000000000
-2.9309000000
0.0441110000
5.6825000000
-11.4710000000
-0.0530560000
0.1728400000
2.0734000000
-0.9812500000
-1.6542000000
4.8870000000
-17.6830000000
2.4695000000
0.2996200000
-2.4850000000
-1.1344000000
9.7750000000
-1.7843000000
-3.1003000000
3.2742000000
4.2165000000
-3.0083000000
0.5155600000
4.4137000000
-5.2449000000
-1.8361000000
1.0388000000
0.1749800000
-1.7279000000
8.7024000000
-1.6925000000
-1.8661000000
-3.7299000000
4.4772000000
-5.6500000000
-0.0331290000
10.7750000000
-2.6186000000
-1.5918000000
3.6652000000
4.2981000000
-3.1893000000
0.9294100000
4.8558000000
-13.5490000000
3.7463000000
-0.0555530000
-1.6695000000
-3.0563000000
7.8721000000
-1.0008000000
-4.3697000000
2.9838000000
3.8681000000
-2.8189000000
-0.1654000000
2.4445000000
6.8127000000
-2.5999000000
4.4661000000
-1.0731000000
-2.5190000000
1.0440000000
2.6967000000
-3.4888000000
7.0384000000
-1.0172000000
-2.4861000000
-3.6723000000
6.4271000000
-0.7993300000
-2.7267000000
-2.6616000000
7.4751000000
-0.9686000000
-6.3502000000
1.2213000000
10.5340000000
-3.2069000000
0.0665300000
5.1658000000
-7.3321000000
-1.2299000000
0.8299800000
2.9343000000
-13.2770000000
4.4791000000
-0.0723360000
-7.6150000000
0.8693900000
9.2428000000
-3.0176000000
-1.1682000000
2.4372000000
9.7955000000
-2.9797000000
-1.3144000000
2.7580000000
9.7227000000
-3.3786000000
0.4356500000
5.4929000000
-12.6690000000
0.0107150000
0.6539200000
1.8853000000
-11.7650000000
4.9464000000
-0.1701700000
-7.5571000000
1.4526000000
7.8363000000
-3.0378000000
-0.7675000000
1.9266000000
7.8535000000
-2.9436000000
3.5300000000
5.9419000000
-3.4090000000
0.9528500000
4.7835000000
-8.5428000000
4.7885000000
-0.4871500000
-0.4027300000
-13.3790000000
2.2013000000
-1.6267000000
-2.9282000000
3.5076000000
1.9257000000
-2.5825000000
-0.0655760000
2.3399000000
5.9661000000
-2.8234000000
5.3512000000
-8.1525000000
-0.3563700000
0.7653400000
-15.2790000000
3.7472000000
0.0704870000
-6.0920000000
0.0488900000
10.5340000000
-2.7260000000
-1.8143000000
3.0859000000
8.1094000000
-3.5472000000
0.8626300000
5.2929000000
-10.9210000000
4.0180000000
-0.3905500000
0.2557100000
-10.4010000000
0.5705000000
1.5504000000
-3.6577000000
7.3104000000
-0.9362800000
-6.1661000000
0.8986700000
11.1560000000
-3.0500000000
-0.0185010000
5.3670000000
-8.7714000000
-0.8116600000
0.5959000000
3.0470000000
-14.4500000000
0.2793200000
0.7438600000
-1.5941000000
-1.2867000000
9.4953000000
-1.8595000000
-4.2978000000
1.3699000000
11.4620000000
-2.9919000000
0.0898820000
5.6939000000
-11.7450000000
0.0042882000
0.2114800000
2.1507000000
-2.1626000000
-1.5770000000
2.6684000000
-17.3720000000
1.2119000000
0.5927100000
-3.2540000000
-0.8321000000
10.0300000000
-2.1914000000
-3.5382000000
1.7754000000
11.2770000000
-3.1680000000
0.2592700000
5.7786000000
-13.3040000000
0.4172900000
0.2312100000
2.0824000000
-5.2472000000
-1.1656000000
-0.1728400000
-9.5382000000
0.8105900000
4.6011000000
-2.3697000000
5.6180000000
-11.3250000000
-0.1242600000
0.2870600000
2.3404000000
-3.7978000000
-1.4708000000
-0.1294700000
-7.3076000000
0.4478600000
9.5944000000
-2.8980000000
-1.5150000000
1.9247000000
9.6388000000
-2.5331000000
-1.0413000000
-0.9869300000
3.7207000000
4.4478000000
-3.2421000000
0.9696800000
4.6261000000
-9.2546000000
4.7234000000
-0.3761500000
-1.1231000000
-9.0250000000
4.9956000000
-0.3074200000
-4.1583000000
-0.4685700000
10.4840000000
-2.0488000000
-1.3684000000
4.5008000000
-2.3780000000
-1.9619000000
0.2491200000
2.8426000000
3.2648000000
-2.4759000000
1.8431000000
-3.6385000000
-1.2614000000
3.0577000000
-18.9630000000
2.6375000000
0.3517600000
-7.1156000000
0.2880900000
9.5728000000
-2.8365000000
-1.5071000000
1.3932000000
8.3616000000
-2.4372000000
2.5238000000
8.5854000000
-2.7751000000
0.5088400000
0.3543700000
-9.6921000000
0.3742000000
2.6345000000
-3.2792000000
7.1200000000
-1.0785000000
-1.9778000000
-5.9550000000
4.9334000000
-1.0706000000
0.1528800000
2.0294000000
5.2498000000
-7.4176000000
4.7671000000
-0.9473500000
0.1800600000
1.0955000000
2.2927000000
-12.5490000000
0.0270160000
0.5954000000
2.2400000000
-18.0680000000
3.1837000000
0.2391900000
-7.6155000000
0.5881200000
9.2144000000
-2.9195000000
-1.2564000000
1.4759000000
7.9938000000
-2.9764000000
2.8820000000
9.2447000000
-3.4839000000
0.6755300000
5.6874000000
-16.4690000000
1.9095000000
0.1903800000
1.1419000000
-17.4690000000
2.0961000000
0.3379300000
-0.9407300000
-2.5897000000
8.2946000000
-1.1536000000
-4.1623000000
3.0232000000
3.9838000000
-2.8594000000
-0.0519600000
2.8959000000
6.7674000000
-2.8328000000
0.7033500000
-0.2854000000
-13.2160000000
3.9153000000
-0.0487470000
-2.9667000000
-1.0919000000
9.7053000000
-1.6821000000
-2.2475000000
3.9649000000
0.2512400000
-2.3786000000
0.1510900000
