0.7310000000
1.0610000000
1.0300000000
1.1040000000
0.9040000000
1.1670000000
1.1340000000
0.9450000000
1.0430000000
1.0270000000
0.7830000000
1.0580000000
1.0290000000
0.8860000000
0.9790000000
1.0750000000
1.1610000000
0.9750000000
0.8550000000
1.1730000000
1.2070000000
1.3980000000
1.2370000000
1.1340000000
1.1720000000
1.4350000000
0.9830000000
1.1130000000
1.1870000000
1.2470000000
1.1220000000
0.8370000000
1.1040000000
1.1200000000
1.2100000000
1.3330000000
1.0190000000
0.9220000000
0.7310000000
0.8180000000
0.7880000000
0.7990000000
0.9270000000
1.0040000000
0.9080000000
1.1470000000
1.0940000000
0.8740000000
0.8890000000
1.1100000000
1.2190000000
1.1420000000
1.2580000000
0.9330000000
0.5750000000
0.6190000000
0.7360000000
0.9180000000
0.8640000000
0.9790000000
0.7050000000
0.8770000000
0.6300000000
0.8020000000
0.6990000000
0.9700000000
0.8110000000
0.9420000000
1.1120000000
0.9280000000
0.7490000000
0.9310000000
1.0280000000
0.9350000000
1.0650000000
0.8090000000
0.9290000000
0.8300000000
1.0050000000
1.1090000000
0.9940000000
1.6010000000
1.0450000000
1.0250000000
1.3570000000
1.2250000000
1.1070000000
1.4910000000
1.5270000000
1.2230000000
1.2860000000
1.4070000000
1.1690000000
1.1440000000
1.2420000000
1.3170000000
1.2520000000
1.2260000000
1.2330000000
1.4670000000
1.0880000000
0.8130000000
0.9030000000
0.6880000000
0.9340000000
0.6960000000
0.6400000000
0.5120000000
0.6460000000
0.7060000000
0.6670000000
0.8280000000
0.8390000000
0.8040000000
0.8480000000
0.8380000000
0.9420000000
0.9160000000
1.0010000000
1.0020000000
0.6670000000
0.7450000000
0.6480000000
0.6960000000
1.0570000000
0.6110000000
0.9380000000
0.8010000000
0.6900000000
0.6850000000
0.8980000000
0.6240000000
0.7590000000
0.7030000000
0.4650000000
0.9580000000
0.5640000000
0.8030000000
1.0390000000
0.8750000000
1.0680000000
1.0210000000
0.9300000000
0.8610000000
0.7500000000
1.2770000000
1.4490000000
1.1340000000
1.1320000000
1.1930000000
1.5770000000
1.0280000000
1.6110000000
1.0790000000
1.9080000000
1.8880000000
1.4040000000
1.2120000000
1.3050000000
1.7010000000
1.1670000000
1.5810000000
1.6940000000
1.6690000000
1.5060000000
1.4230000000
1.1160000000
1.3420000000
1.4470000000
1.2280000000
0.9930000000
1.2830000000
1.3230000000
1.4720000000
1.0790000000
1.0520000000
1.4210000000
1.0170000000
0.9630000000
0.9560000000
0.9150000000
0.9770000000
0.8030000000
0.9410000000
0.6590000000
0.5720000000
0.8200000000
0.6900000000
0.7830000000
0.6610000000
1.0210000000
0.9600000000
0.6970000000
0.7080000000
0.8020000000
0.9260000000
0.6120000000
1.0780000000
0.9470000000
0.8500000000
0.7350000000
0.7290000000
0.7450000000
0.6770000000
0.6730000000
0.5200000000
0.6430000000
0.8450000000
0.9560000000
1.0480000000
1.1860000000
0.8860000000
1.3620000000
1.1470000000
1.1560000000
1.4940000000
1.0760000000
1.1670000000
1.2740000000
1.1840000000
1.5850000000
1.1240000000
1.4230000000
1.6140000000
1.1570000000
1.6340000000
1.2960000000
1.4970000000
1.1290000000
1.1340000000
1.5910000000
1.3260000000
1.5900000000
1.3910000000
1.3810000000
1.2720000000
1.5880000000
1.1150000000
1.3230000000
1.3480000000
1.0880000000
1.2450000000
1.4740000000
1.5700000000
0.6310000000
1.0260000000
0.8420000000
1.0560000000
1.0460000000
1.1280000000
1.3780000000
0.8980000000
0.8840000000
0.6860000000
0.8330000000
0.8920000000
0.7080000000
1.0650000000
0.7490000000
1.0830000000
0.9370000000
0.8840000000
0.9360000000
0.7470000000
0.8180000000
0.9710000000
1.2190000000
0.6330000000
1.1240000000
1.0080000000
0.8170000000
0.5660000000
0.7240000000
0.4210000000
0.6590000000
0.9140000000
0.8400000000
0.5750000000
0.8740000000
0.8550000000
0.8040000000
0.8530000000
0.9060000000
0.8150000000
1.0500000000
0.9510000000
1.3910000000
1.0980000000
1.2390000000
1.6810000000
1.6990000000
1.6350000000
1.3220000000
1.7140000000
1.1890000000
1.3270000000
1.0450000000
1.3750000000
1.1710000000
0.9670000000
1.2520000000
1.2150000000
0.9880000000
1.2010000000
0.9540000000
1.4350000000
1.3930000000
1.2310000000
1.1490000000
1.0670000000
0.9050000000
1.4000000000
1.0300000000
0.8800000000
1.1180000000
0.7810000000
0.9520000000
0.8260000000
1.0820000000
1.0410000000
1.1270000000
0.8900000000
1.2160000000
1.1820000000
1.0080000000
1.1780000000
0.9640000000
0.5440000000
0.8950000000
0.8380000000
0.7960000000
0.7830000000
0.7560000000
0.5580000000
0.8860000000
0.7870000000
0.6270000000
0.9330000000
0.8900000000
1.0660000000
0.9360000000
0.6740000000
0.7640000000
0.7870000000
0.7200000000
0.6100000000
0.8470000000
0.8260000000
0.7300000000
0.8120000000
0.8860000000
0.8580000000
1.0880000000
1.2080000000
1.3040000000
0.7280000000
1.2990000000
1.2110000000
1.2640000000
1.3550000000
1.0440000000
1.3940000000
1.1350000000
1.1550000000
1.0760000000
1.2240000000
0.6900000000
1.0970000000
1.2280000000
1.1700000000
1.0530000000
1.2620000000
1.4590000000
1.0870000000
1.1900000000
1.0890000000
1.1800000000
1.5090000000
1.0930000000
1.1040000000
1.1850000000
1.4250000000
1.0970000000
0.9820000000
1.3090000000
0.8810000000
1.0180000000
0.9730000000
0.8370000000
0.8620000000
0.6560000000
0.9300000000
0.9760000000
0.6750000000
0.8830000000
0.7250000000
0.7330000000
0.8480000000
0.9010000000
0.9260000000
0.4200000000
0.9330000000
0.8370000000
0.7260000000
0.7160000000
0.9880000000
0.7000000000
0.5580000000
0.8810000000
0.7920000000
0.7620000000
0.9030000000
0.8070000000
0.7290000000
0.7150000000
0.7380000000
0.7460000000
0.8080000000
0.7910000000
0.6440000000
0.7160000000
0.7310000000
0.7480000000
1.0070000000
0.9160000000
1.1130000000
0.9840000000
0.9990000000
1.0220000000
1.0720000000
1.2650000000
0.8690000000
1.1590000000
1.2090000000
1.1970000000
1.0260000000
1.2100000000
0.8870000000
1.0940000000
1.0050000000
1.1900000000
1.1220000000
1.2520000000
0.9880000000
1.0790000000
0.9800000000
0.9840000000
0.8730000000
1.1040000000
0.6820000000
1.1770000000
0.9160000000
0.8750000000
1.0560000000
0.8520000000
0.7590000000
1.1620000000
0.9430000000
1.0260000000
1.0310000000
0.9110000000
0.9870000000
0.8770000000
0.9270000000
0.7530000000
0.9450000000
1.1510000000
1.1130000000
1.0110000000
0.9940000000
0.7210000000
0.9960000000
0.8730000000
0.7630000000
0.7960000000
0.6710000000
0.8830000000
0.9780000000
0.6280000000
0.7490000000
0.9500000000
0.8010000000
0.8760000000
0.8730000000
0.5330000000
0.7110000000
0.7970000000
0.9550000000
0.8080000000
0.5870000000
0.7080000000
0.7590000000
0.8360000000
0.6510000000
0.8740000000
0.7140000000
1.2750000000
1.6070000000
1.1900000000
0.8100000000
1.1500000000
1.1700000000
1.3820000000
1.2110000000
1.2240000000
1.1840000000
1.1420000000
1.3520000000
1.0990000000
1.2520000000
1.1310000000
1.1320000000
0.9810000000
1.2390000000
1.2850000000
0.8540000000
1.1240000000
0.9630000000
0.9420000000
1.1280000000
1.2600000000
0.8240000000
1.1480000000
0.9410000000
1.1000000000
0.6080000000
1.3090000000
1.1610000000
1.1180000000
1.0630000000
0.6440000000
0.7630000000
0.8030000000
0.7850000000
1.0480000000
0.7840000000
1.1660000000
0.8860000000
0.8370000000
1.1440000000
0.6720000000
1.2150000000
0.9550000000
0.8320000000
0.8320000000
0.8300000000
0.8670000000
0.7750000000
0.8680000000
0.7790000000
0.9010000000
0.9010000000
1.1860000000
0.9640000000
0.9830000000
0.8610000000
0.8740000000
0.9620000000
0.8180000000
0.7770000000
0.8560000000
1.1340000000
1.0530000000
0.8930000000
1.0510000000
0.4940000000
0.7590000000
1.1810000000
0.8870000000
0.9880000000
1.3580000000
1.2820000000
0.9870000000
1.1950000000
1.2360000000
1.1420000000
1.2750000000
1.0120000000
1.0160000000
1.4580000000
0.8280000000
1.1050000000
1.1110000000
0.9810000000
1.1300000000
1.0860000000
1.4170000000
1.0700000000
0.7630000000
0.6450000000
1.1920000000
1.2290000000
1.2010000000
1.2090000000
1.4350000000
1.2110000000
1.0430000000
0.8550000000
1.3150000000
1.4750000000
1.0510000000
1.2740000000
0.9320000000
1.0110000000
1.1310000000
0.8210000000
0.9800000000
1.0180000000
0.9590000000
0.8540000000
1.0540000000
0.7340000000
0.9140000000
0.9320000000
1.0330000000
1.2120000000
1.1770000000
1.0530000000
0.9380000000
1.0640000000
0.8250000000
1.0080000000
1.0570000000
0.9640000000
1.2120000000
0.7990000000
1.1270000000
1.0240000000
0.7140000000
0.6590000000
0.9270000000
0.9760000000
1.0060000000
0.9450000000
0.5540000000
0.7640000000
0.8490000000
0.8290000000
0.9500000000
0.9560000000
1.3840000000
1.0650000000
1.5060000000
1.4480000000
1.7310000000
1.3350000000
0.8060000000
1.1500000000
1.3080000000
1.1730000000
1.1680000000
1.2560000000
1.0850000000
1.2820000000
1.5140000000
0.8810000000
1.4460000000
1.2390000000
1.2160000000
1.3050000000
1.0030000000
0.9810000000
1.3460000000
0.6220000000
1.0820000000
1.0340000000
0.9700000000
1.1030000000
1.3020000000
0.9020000000
1.2400000000
0.9320000000
0.7660000000
0.8090000000
0.9060000000
0.9040000000
0.7880000000
0.5740000000
0.7950000000
0.7080000000
0.7840000000
0.7300000000
0.9430000000
0.8860000000
1.0540000000
0.8140000000
1.1040000000
0.8630000000
0.9830000000
0.9080000000
0.6650000000
0.7060000000
0.8550000000
0.7570000000
0.7990000000
0.9010000000
0.6970000000
0.7800000000
0.5870000000
0.7360000000
0.6700000000
0.6890000000
0.9030000000
0.7340000000
0.6310000000
0.7750000000
0.7160000000
0.6320000000
0.7570000000
0.8560000000
0.7380000000
0.8780000000
0.8800000000
0.7600000000
0.9470000000
1.1430000000
1.1770000000
1.0300000000
0.9900000000
1.4240000000
1.4070000000
1.1630000000
1.0490000000
1.3210000000
1.2930000000
1.2340000000
0.9560000000
1.1230000000
1.2850000000
1.0850000000
1.2840000000
0.9090000000
1.0200000000
0.8670000000
1.3020000000
1.0860000000
0.9930000000
1.1480000000
1.1770000000
1.0710000000
0.8630000000
1.0830000000
1.0360000000
0.6130000000
1.1220000000
0.7410000000
0.9690000000
1.1840000000
1.1880000000
1.1770000000
1.1090000000
1.2990000000
1.1170000000
0.7900000000
0.8910000000
1.1350000000
0.9060000000
1.1000000000
0.6900000000
1.0330000000
0.8840000000
0.8020000000
0.9440000000
0.8780000000
0.9390000000
1.0590000000
1.0050000000
1.0000000000
1.2910000000
0.8290000000
0.9340000000
1.0900000000
0.8060000000
1.0560000000
0.7210000000
0.8220000000
0.8450000000
0.8060000000
1.0010000000
0.9620000000
1.0930000000
0.9530000000
1.2170000000
1.0970000000
1.3040000000
1.0420000000
1.3260000000
1.3940000000
1.6710000000
1.2150000000
1.4450000000
1.2190000000
1.2650000000
1.0610000000
0.6310000000
1.2020000000
1.1400000000
1.1880000000
1.2200000000
1.3100000000
1.3560000000
1.3530000000
0.9760000000
1.3680000000
1.4440000000
0.9440000000
1.2890000000
1.2720000000
1.0630000000
0.8200000000
1.1620000000
1.1180000000
1.1040000000
0.9520000000
0.8900000000
1.0120000000
1.1750000000
1.1850000000
0.9590000000
0.6970000000
0.7950000000
1.0080000000
0.9730000000
0.7090000000
1.1010000000
0.7120000000
1.2100000000
0.9980000000
1.1650000000
0.8400000000
1.1620000000
0.8260000000
0.6140000000
0.9500000000
0.9170000000
1.0640000000
1.0810000000
0.7950000000
1.0460000000
1.0770000000
0.7070000000
0.8710000000
0.6090000000
0.7070000000
0.7620000000
0.6670000000
0.8680000000
0.7360000000
0.8920000000
0.9320000000
0.8980000000
0.5240000000
0.6750000000
0.6620000000
0.7870000000
1.0760000000
1.0390000000
1.0880000000
1.0710000000
1.0350000000
1.1600000000
1.5150000000
1.3960000000
1.6200000000
1.2120000000
1.0340000000
1.3350000000
1.3120000000
1.4370000000
1.6560000000
0.7310000000
1.1850000000
1.0530000000
1.0730000000
1.0530000000
1.3170000000
1.1930000000
0.7310000000
0.9180000000
1.0320000000
0.8570000000
1.0920000000
1.2470000000
0.9300000000
0.8680000000
1.0170000000
1.1560000000
1.1280000000
0.7670000000
1.0480000000
0.9400000000
0.7460000000
0.9030000000
0.7230000000
0.9310000000
0.9770000000
0.7580000000
0.8700000000
0.9230000000
0.8560000000
1.0250000000
0.7750000000
0.9910000000
0.9220000000
0.8870000000
0.7930000000
0.8180000000
0.7870000000
0.9330000000
0.7770000000
1.0410000000
0.8020000000
0.8340000000
0.9430000000
1.0950000000
0.8960000000
1.0530000000
1.2440000000
0.9930000000
1.0740000000
0.8640000000
1.1710000000
1.0130000000
1.0860000000
1.0800000000
0.9120000000
1.0610000000
1.1440000000
1.2750000000
0.8780000000
0.9510000000
1.0220000000
1.0260000000
1.0930000000
0.8640000000
0.9250000000
1.1910000000
0.9650000000
0.8800000000
1.1450000000
1.1840000000
1.0630000000
1.2360000000
1.0100000000
0.7150000000
0.7950000000
0.9910000000
0.8250000000
0.9060000000
0.8530000000
0.6500000000
0.6730000000
0.7840000000
0.8020000000
0.8210000000
0.6460000000
0.7220000000
0.8570000000
0.6190000000
0.8040000000
1.0290000000
0.9190000000
0.8770000000
0.7140000000
0.8660000000
0.7910000000
1.1450000000
1.0460000000
0.9390000000
1.1100000000
1.0470000000
0.7210000000
0.9280000000
0.7590000000
0.9260000000
0.7660000000
0.7890000000
0.8590000000
0.9200000000
0.8680000000
0.6870000000
0.7710000000
0.8980000000
0.6220000000
0.7340000000
0.9280000000
0.8020000000
0.9090000000
0.9680000000
0.7240000000
0.6680000000
0.9550000000
1.0910000000
0.8780000000
0.6870000000
0.5950000000
0.7860000000
0.7320000000
0.8180000000
1.0370000000
0.7230000000
0.8990000000
1.0000000000
1.1330000000
1.2080000000
0.9740000000
0.8250000000
1.1540000000
1.3130000000
1.1810000000
1.1330000000
0.9490000000
1.0170000000
1.0700000000
0.8390000000
0.7230000000
0.8640000000
0.9690000000
0.8310000000
0.8990000000
0.7500000000
0.7280000000
0.7330000000
0.9340000000
0.8610000000
0.8530000000
0.9570000000
0.5860000000
0.6680000000
0.8760000000
1.0160000000
1.1910000000
1.0890000000
1.3700000000
1.3270000000
1.2790000000
1.1540000000
1.2030000000
0.9980000000
0.7050000000
0.9730000000
0.8170000000
0.5350000000
0.5390000000
0.7470000000
0.6640000000
0.7850000000
0.8640000000
0.8500000000
0.8840000000
0.9190000000
0.9180000000
0.8570000000
0.8230000000
0.8660000000
0.9760000000
0.9720000000
1.0670000000
0.9200000000
0.9090000000
0.9610000000
0.8620000000
0.9250000000
0.8780000000
0.9770000000
0.9620000000
1.1890000000
1.1830000000
1.3980000000
0.6730000000
1.0870000000
1.2420000000
0.9860000000
1.0120000000
1.1300000000
0.9070000000
1.2930000000
0.9960000000
1.1700000000
1.2180000000
1.3070000000
1.2980000000
1.0310000000
1.4580000000
1.3990000000
1.2490000000
1.1130000000
1.2220000000
1.0580000000
1.1510000000
1.1650000000
1.0980000000
1.2310000000
1.3090000000
1.1690000000
1.0720000000
1.1140000000
0.8810000000
0.6310000000
0.7990000000
0.9650000000
0.8780000000
0.8920000000
0.8980000000
1.0560000000
0.9550000000
1.0910000000
1.0090000000
0.9200000000
1.1050000000
1.0570000000
1.1270000000
1.1960000000
1.1320000000
0.9140000000
0.7160000000
0.7670000000
0.8660000000
0.8860000000
0.8880000000
1.0550000000
1.0930000000
1.0200000000
0.7960000000
0.6050000000
0.8430000000
0.9000000000
0.8850000000
0.9600000000
0.9920000000
0.9330000000
0.7720000000
0.8720000000
0.9250000000
0.9270000000
0.8840000000
1.0370000000
0.9300000000
0.9870000000
1.0090000000
0.9010000000
0.6310000000
0.9320000000
1.1730000000
1.3090000000
1.3800000000
1.5900000000
1.6690000000
1.1340000000
1.3770000000
1.5500000000
1.3730000000
1.5280000000
1.6620000000
1.4610000000
1.6630000000
1.5070000000
1.5780000000
0.6820000000
1.0410000000
1.3610000000
1.3880000000
1.3580000000
0.7750000000
1.0140000000
1.1120000000
1.0060000000
1.0670000000
1.2680000000
1.1310000000
1.0140000000
0.5770000000
0.8470000000
1.0050000000
0.9040000000
1.1250000000
1.0770000000
1.1130000000
1.1210000000
1.2700000000
0.8550000000
0.8910000000
0.9680000000
0.9560000000
0.9250000000
1.0420000000
0.7590000000
0.8880000000
0.8240000000
0.7860000000
0.8430000000
0.7090000000
0.9640000000
0.9900000000
0.7800000000
0.9380000000
0.9470000000
0.9660000000
0.9290000000
0.8930000000
1.0930000000
1.1300000000
1.0830000000
1.2460000000
1.2270000000
1.2750000000
1.1640000000
1.2350000000
1.1930000000
1.1980000000
1.1310000000
1.1280000000
1.1240000000
1.1560000000
1.0750000000
1.0050000000
1.0630000000
1.2010000000
1.2700000000
1.2140000000
1.1840000000
1.2890000000
1.4020000000
1.2230000000
0.5300000000
0.8150000000
1.0070000000
0.9460000000
0.9260000000
0.8410000000
0.8380000000
0.8710000000
0.8620000000
0.9290000000
0.8960000000
0.9350000000
0.9680000000
0.9910000000
1.0530000000
1.0420000000
1.0710000000
1.1210000000
1.2350000000
1.1650000000
1.1680000000
0.7790000000
0.7580000000
0.8690000000
0.8690000000
0.9470000000
0.9180000000
1.0320000000
0.6490000000
1.0660000000
0.8790000000
0.8800000000
0.8430000000
0.8580000000
0.4960000000
0.6170000000
0.7210000000
0.7840000000
0.8990000000
1.0130000000
1.0550000000
0.9840000000
1.1630000000
0.9790000000
1.1150000000
1.1230000000
1.0660000000
0.6730000000
0.6790000000
0.7280000000
0.7520000000
0.8090000000
0.7800000000
0.4710000000
0.5910000000
0.5640000000
0.5990000000
0.6870000000
0.7660000000
0.7850000000
0.7270000000
0.8400000000
0.9090000000
1.1180000000
0.9980000000
1.0390000000
1.2030000000
1.2490000000
1.1050000000
1.0020000000
1.2400000000
1.3770000000
0.9550000000
0.6090000000
0.8940000000
0.9520000000
1.0720000000
0.9760000000
1.0250000000
0.9930000000
0.8570000000
1.1480000000
1.0200000000
0.9500000000
1.1600000000
1.2190000000
0.9640000000
1.0270000000
0.9760000000
1.0250000000
1.0540000000
1.1020000000
1.1530000000
1.2290000000
1.0610000000
0.9320000000
1.0280000000
1.0320000000
0.9510000000
1.0280000000
1.0300000000
0.4960000000
0.6820000000
0.7610000000
0.7760000000
0.5770000000
0.8300000000
0.7870000000
0.8660000000
0.9540000000
0.9350000000
0.9800000000
0.9680000000
1.0010000000
0.8650000000
1.1290000000
1.0560000000
0.8110000000
0.9160000000
1.0410000000
0.9930000000
0.9740000000
0.9900000000
1.1590000000
0.9720000000
1.1350000000
1.0470000000
0.6980000000
0.8750000000
0.9550000000
0.8990000000
1.0040000000
1.0180000000
1.1480000000
1.2840000000
1.3750000000
1.3500000000
1.3790000000
1.3730000000
1.0050000000
1.0650000000
1.3740000000
1.1640000000
1.1960000000
1.2290000000
1.2310000000
1.0830000000
1.1860000000
1.1660000000
1.1250000000
0.4850000000
0.4770000000
0.6160000000
0.6420000000
0.6750000000
0.5970000000
0.6600000000
0.9330000000
0.8740000000
0.8850000000
0.9600000000
1.2860000000
1.2090000000
1.4740000000
1.6770000000
1.6050000000
1.4900000000
1.6050000000
1.0120000000
1.0840000000
1.5180000000
1.3740000000
1.2870000000
1.2360000000
1.2310000000
1.2080000000
0.8250000000
1.0570000000
1.0540000000
1.0670000000
1.0200000000
1.0880000000
1.1410000000
1.0430000000
1.2390000000
1.1100000000
0.3840000000
0.6150000000
0.7870000000
0.7680000000
0.7740000000
0.8240000000
0.8820000000
0.9130000000
0.8450000000
0.8120000000
0.7860000000
0.9600000000
0.9080000000
0.9550000000
0.8280000000
0.8600000000
0.5840000000
0.8940000000
0.6780000000
0.7150000000
0.6880000000
1.0010000000
1.0000000000
1.0810000000
1.0040000000
1.1660000000
0.4500000000
0.7180000000
0.6700000000
0.9240000000
0.9350000000
0.9740000000
1.0560000000
1.1970000000
1.1090000000
1.2110000000
1.3260000000
1.1130000000
1.3300000000
1.2990000000
1.1870000000
1.1710000000
1.2710000000
1.2810000000
1.2230000000
1.1680000000
0.7500000000
1.0400000000
0.9920000000
1.2090000000
1.1390000000
1.4000000000
1.3970000000
1.4170000000
1.3770000000
1.0750000000
1.5140000000
1.3390000000
1.2560000000
1.3100000000
0.6410000000
0.5940000000
0.6530000000
0.9010000000
0.9950000000
1.1650000000
0.8540000000
1.0300000000
0.8140000000
0.8610000000
0.8920000000
1.0140000000
0.6550000000
0.8040000000
1.1220000000
1.0910000000
0.8820000000
1.0680000000
1.3300000000
1.1170000000
1.0450000000
1.1390000000
1.3530000000
0.9390000000
1.3840000000
0.8480000000
0.9900000000
1.1440000000
0.8850000000
0.9190000000
1.0200000000
1.0970000000
0.8940000000
0.6920000000
0.7830000000
0.9270000000
1.1980000000
1.1720000000
0.9860000000
1.2880000000
1.2330000000
1.1070000000
1.0750000000
1.1470000000
0.9670000000
1.0830000000
0.7400000000
0.5480000000
0.5890000000
0.7670000000
0.4970000000
0.6780000000
0.8410000000
0.6890000000
0.8670000000
0.9120000000
0.7390000000
0.8860000000
0.6260000000
0.7850000000
0.7700000000
0.9220000000
0.8370000000
0.9310000000
