0.9536800000
-0.7166100000
0.2586000000
0.2020800000
0.7857700000
-0.2347700000
0.9937700000
-0.8068000000
0.1253300000
0.3835400000
0.4106500000
0.4936700000
0.3660800000
0.6244900000
0.1214000000
1.1059000000
-0.8192700000
0.1601700000
0.3180700000
0.5393700000
0.2421100000
0.8581000000
-0.3377100000
0.8549400000
-0.6222500000
0.3696400000
0.0604860000
1.0820000000
-0.8091500000
0.1654500000
0.3141700000
0.5486400000
0.2243900000
0.8928600000
-0.4056700000
0.7567900000
-0.4893900000
0.5464400000
-0.1736500000
0.9780200000
-0.7494600000
0.2149200000
0.2599000000
0.6656300000
-0.0016278000
1.3300000000
-1.2619000000
-0.4802000000
-0.4472900000
-0.0004979300
0.7755100000
-0.3186100000
0.8461100000
-0.5977000000
0.4069700000
0.0093056000
1.1877000000
-1.0144000000
-0.1306100000
0.2707800000
0.4743700000
0.3289600000
0.6779600000
0.0119480000
1.3187000000
-1.2358000000
-0.4414600000
-0.3683600000
0.1530600000
0.5556200000
0.1319700000
1.0535000000
-0.7249100000
0.2943900000
0.1370900000
0.9141400000
-0.4855000000
0.6317300000
-0.3166800000
0.7775000000
-0.4800900000
0.5725900000
-0.2134500000
0.9234300000
-0.6765500000
0.3115700000
0.1320500000
0.9313100000
-0.5172000000
0.5864200000
-0.2555100000
0.8588500000
-0.5877900000
0.4301800000
-0.0251980000
1.1723000000
-1.0054000000
-0.1231000000
0.2880100000
0.4488300000
0.3810000000
0.5767000000
0.2101000000
0.9311800000
-0.4779500000
0.6530800000
-0.3492100000
0.7328900000
-0.4205100000
0.6515700000
-0.3179300000
0.7853100000
-0.4939900000
0.5528700000
-0.1868800000
0.9587400000
-0.7233000000
0.2497600000
0.2137500000
0.7615000000
-0.1876800000
1.0617000000
-0.8987300000
0.0030075000
0.5455200000
0.0741170000
1.1468000000
-0.9124400000
0.0222400000
0.5059700000
0.1509600000
0.9963500000
-0.6183100000
0.4470500000
-0.0691420000
1.1060000000
-0.9147500000
-0.0020749000
0.5391000000
0.0824930000
1.1293000000
-0.8785800000
0.0710620000
0.4399000000
0.2877000000
0.7308600000
-0.0986180000
1.1978000000
-1.0855000000
-0.2465200000
0.0381460000
0.8118900000
-0.3611400000
0.7920000000
-0.5269800000
0.5001400000
-0.1137200000
1.0567000000
-0.8533200000
0.0777310000
0.4412000000
0.2888300000
0.7295900000
-0.0958910000
1.2018000000
-1.0910000000
-0.2537600000
0.0231150000
0.8338200000
-0.4059400000
0.7268100000
-0.4385500000
0.6178700000
-0.2696500000
0.8505200000
-0.5807200000
0.4380400000
-0.0350310000
1.1595000000
-0.9886100000
-0.1009100000
0.3341500000
0.3814900000
0.5185500000
0.3092100000
0.7336200000
-0.0925520000
1.2095000000
-1.1024000000
-0.2693100000
-0.0090115000
0.8500300000
-0.4495500000
0.6607800000
-0.3480900000
0.7386300000
-0.4297100000
0.6388000000
-0.3008200000
0.8080100000
-0.5240200000
0.5131600000
-0.1343900000
1.0281000000
-0.8149900000
0.1285700000
0.3739400000
0.4285900000
0.4583700000
0.4350700000
0.4895600000
0.3852900000
0.5897900000
0.1900000000
0.9719000000
-0.5572300000
0.5386600000
-0.1943400000
0.9389500000
-0.6933900000
0.2907200000
0.1590900000
0.8749100000
-0.4078000000
0.7441900000
-0.4690300000
0.5747500000
-0.2115800000
0.9276800000
-0.6828500000
0.3029900000
0.1434800000
0.9075700000
-0.4711300000
0.6528600000
-0.3454300000
0.7392000000
-0.4293600000
0.6396900000
-0.3021600000
0.8061800000
-0.5215800000
0.5164000000
-0.1386700000
1.0225000000
-0.8075200000
0.1384400000
0.3608900000
0.4557100000
0.4057300000
0.5381200000
0.2880700000
0.7793500000
-0.1808600000
1.0822000000
-0.9302000000
-0.0402310000
0.4665100000
0.1868200000
0.9156500000
-0.4632000000
0.6703800000
-0.3712500000
0.7040600000
-0.3825300000
0.7017300000
-0.3842100000
0.6977100000
-0.3782200000
0.7058900000
-0.3891200000
0.6914400000
-0.3700100000
0.7167100000
-0.4034100000
0.6725600000
-0.3450600000
0.7496800000
-0.4469800000
0.6149700000
-0.2689400000
0.8502900000
-0.5799600000
0.4392100000
-0.0366440000
1.1573000000
-0.9857500000
-0.0971250000
0.3420100000
0.3700200000
0.5419700000
0.2636500000
0.8227800000
-0.2668900000
0.9576700000
-0.7614800000
0.1843100000
0.3059300000
0.5720800000
0.1804300000
0.9793100000
-0.5746000000
0.5128300000
-0.1591100000
0.9859300000
-0.7556400000
0.2083800000
0.2679300000
0.6487100000
0.0311510000
1.2714000000
-1.1458000000
-0.3121700000
-0.1035800000
0.6678200000
-0.1870900000
1.0159000000
-0.8205000000
0.1130800000
0.3975200000
0.3807600000
0.5514700000
0.2528700000
0.8458500000
-0.3115100000
0.8933600000
-0.6744600000
0.3000900000
0.1526100000
0.8906100000
-0.4377300000
0.7011600000
-0.4108400000
0.6521500000
-0.3140800000
0.7921500000
-0.5036900000
0.5398100000
-0.1695200000
0.9817300000
-0.7536900000
0.2095800000
0.2668600000
0.6511300000
0.0265070000
1.2805000000
-1.1636000000
-0.3378700000
-0.1561900000
0.5655400000
-0.0395170000
1.2156000000
-1.0863000000
-0.2388600000
0.0508120000
0.7941900000
-0.3247200000
0.8450700000
-0.5989800000
0.4042700000
0.0132560000
1.1796000000
-0.9986900000
-0.1079700000
0.3171100000
0.4069300000
0.4667700000
0.4099600000
0.5364400000
0.2930300000
0.7700700000
-0.1626100000
1.1086000000
-0.9659200000
-0.0877710000
0.3678300000
0.3308100000
0.6215400000
0.1087900000
1.1258000000
-0.8595100000
0.1017500000
0.3972700000
0.3755200000
0.5602600000
0.2353200000
0.8800900000
-0.3784900000
0.7966100000
-0.5434800000
0.4743800000
-0.0781920000
1.1043000000
-0.9163500000
-0.0056558000
0.5322100000
0.0924110000
1.1090000000
-0.8391100000
0.1280200000
0.3628100000
0.4472400000
0.4211000000
0.5077600000
0.3473600000
0.6633600000
0.0459680000
1.2535000000
-1.1080000000
-0.2568700000
0.0093045000
0.8557500000
-0.4501200000
0.6626800000
-0.3516100000
0.7336100000
-0.4229300000
0.6478200000
-0.3127500000
0.7922300000
-0.5031600000
0.5407400000
-0.1708400000
0.9799500000
-0.7513300000
0.2127100000
0.2627200000
0.6597300000
0.0098140000
1.3132000000
-1.2275000000
-0.4301600000
-0.3450300000
0.1983600000
0.4902700000
0.2657300000
0.7934000000
-0.2159100000
1.0296000000
-0.8583600000
0.0556150000
0.4762700000
0.2181400000
0.8673000000
-0.3653400000
0.8125800000
-0.5640500000
0.4474000000
-0.0426130000
1.1513000000
-0.9784500000
-0.0877340000
0.3616300000
0.3413700000
0.6004900000
0.1498500000
1.0455000000
-0.7024400000
0.3286100000
0.0901430000
1.0111000000
-0.6737300000
0.3601800000
0.0508190000
1.0937000000
-0.8338800000
0.1292500000
0.3633300000
0.4469700000
0.4218100000
0.5064000000
0.3500200000
0.6581700000
0.0561250000
1.2337000000
-1.0692000000
-0.2007700000
0.1241100000
0.6886300000
-0.1086200000
1.1597000000
-1.0257000000
-0.1639200000
0.2084700000
0.5636400000
0.1460500000
1.0335000000
-0.6839600000
0.3540200000
0.0561790000
1.0815000000
-0.8104700000
0.1629500000
0.3177400000
0.5413100000
0.2386400000
0.8649600000
-0.3511100000
0.8356000000
-0.5960700000
0.4044800000
0.0143470000
1.1779000000
-0.9951700000
-0.1028700000
0.3275300000
0.3917600000
0.4977800000
0.3496600000
0.6544700000
0.0622400000
1.2214000000
-1.0453000000
-0.1663000000
0.1946400000
0.5859700000
0.1011700000
1.1210000000
-0.8551000000
0.1068200000
0.3908500000
0.3889600000
0.5342000000
0.2863400000
0.7803200000
-0.1833700000
1.0784000000
-0.9250200000
-0.0333180000
0.4808500000
0.1659000000
0.9584000000
-0.5463300000
0.5504400000
-0.2089100000
0.9200700000
-0.6685700000
0.3234600000
0.1158300000
0.9648300000
-0.5822900000
0.4925200000
-0.1284200000
1.0279000000
-0.8117100000
0.1340700000
0.3662300000
0.4444400000
0.4275600000
0.4953700000
0.3716500000
0.6158800000
0.1388400000
1.0719000000
-0.7528400000
0.2561300000
0.1881600000
0.8082000000
-0.2798500000
0.9283500000
-0.7181200000
0.2433700000
0.2272000000
0.7354400000
-0.1366500000
1.1354000000
-0.9985400000
-0.1298100000
0.2800600000
0.4590000000
0.3597300000
0.6179500000
0.1293500000
1.0891000000
-0.7867500000
0.2070700000
0.2546100000
0.6706900000
-0.0128630000
1.3135000000
-1.2393000000
-0.4501400000
-0.3849200000
0.1205700000
0.6025700000
0.0359120000
1.2402000000
-1.0904000000
-0.2336400000
0.0575880000
0.7852800000
-0.3061800000
0.8721300000
-0.6357100000
0.3553500000
0.0780430000
1.0450000000
-0.7374800000
0.2687800000
0.1743300000
0.8380200000
-0.3374800000
0.8453000000
-0.6057500000
0.3928700000
0.0292420000
1.1467000000
-0.9348100000
-0.0158130000
0.5057100000
0.1323800000
1.0278000000
-0.6810900000
0.3560500000
0.0541640000
1.0859000000
-0.8190300000
0.1506200000
0.3344200000
0.5067900000
0.3056700000
0.7337600000
-0.0945550000
1.2061000000
-1.0977000000
-0.2630400000
0.0039854000
0.8617100000
-0.4629100000
0.6439100000
-0.3261000000
0.7675900000
-0.4679500000
0.5882800000
-0.2340500000
0.8962500000
-0.6406500000
0.3590200000
0.0693430000
1.0616000000
-0.7700900000
0.2216500000
0.2381400000
0.7059800000
-0.0811020000
1.2151000000
-1.1063000000
-0.2730700000
-0.0173450000
0.8339800000
-0.4264400000
0.6920500000
-0.3897000000
0.6835400000
-0.3568600000
0.7351000000
-0.4281100000
0.6397700000
-0.3016600000
0.8070600000
-0.5228300000
0.5147200000
-0.1364400000
1.0254000000
-0.8114200000
0.1332900000
0.3677000000
0.4415500000
0.4332200000
0.4843000000
0.3932900000
0.5735600000
0.2216000000
0.9100600000
-0.4363100000
0.7133100000
-0.4307800000
0.6243300000
-0.2767400000
0.8417000000
-0.5692600000
0.4531100000
-0.0549170000
1.1332000000
-0.9538900000
-0.0550180000
0.4295200000
0.2423000000
0.8028500000
-0.2436900000
0.9871500000
-0.7999900000
0.1335800000
0.3729100000
0.4328400000
0.4506300000
0.4503400000
0.4597300000
0.4436200000
0.4757100000
0.4131100000
0.5355700000
0.2960800000
0.7644400000
-0.1515100000
1.1246000000
-0.9876600000
-0.1167000000
0.3077900000
0.4184200000
0.4425900000
0.4568100000
0.4447100000
0.4724000000
0.4192800000
0.5234200000
0.3198200000
0.7180100000
-0.0607150000
1.2558000000
-1.1652000000
-0.3529500000
-0.1826200000
0.5130700000
0.0364700000
1.1945000000
-1.0125000000
-0.1239400000
0.2830600000
0.4568200000
0.3649300000
0.6080300000
0.1488200000
1.0510000000
-0.7123300000
0.3145500000
0.1091000000
0.9717900000
-0.5975000000
0.4701500000
-0.0980040000
1.0685000000
-0.8654000000
0.0630570000
0.4601000000
0.2493500000
0.8061500000
-0.2457900000
0.9852400000
-0.7978000000
0.1363600000
0.3692900000
0.4403900000
0.4359900000
0.4790100000
0.4036800000
0.5532500000
0.2613100000
0.8324000000
-0.2844200000
0.9326800000
-0.7277600000
0.2291400000
0.2465800000
0.6953800000
-0.0588580000
1.2476000000
-1.1504000000
-0.3318700000
-0.1393800000
0.5971200000
-0.0847900000
1.1544000000
-1.0049000000
-0.1311300000
0.2746300000
0.4675600000
0.3424700000
0.6515800000
0.0635450000
1.2178000000
-1.0384000000
-0.1564400000
0.2148400000
0.5565600000
0.1612700000
1.0041000000
-0.6263700000
0.4372300000
-0.0564740000
1.1226000000
-0.9366700000
-0.0310360000
0.4789000000
0.1703500000
0.9498600000
-0.5295900000
0.5746300000
-0.2416600000
0.8764900000
-0.6108600000
0.3997800000
0.0149430000
1.1745000000
-0.9891600000
-0.0943230000
0.3450700000
0.3662200000
0.5499700000
0.2481600000
0.8531100000
-0.3262100000
0.8720000000
-0.6455000000
0.3386500000
0.1015500000
0.9966900000
-0.6435900000
0.4042400000
-0.0090051000
1.1868000000
-1.0221000000
-0.1441400000
0.2439300000
0.5132500000
0.2494300000
0.8325900000
-0.2906900000
0.9221200000
-0.7129500000
0.2490400000
0.2201500000
0.7502600000
-0.1653700000
1.0940000000
-0.9424900000
-0.0552310000
0.4348600000
0.2331200000
0.8211300000
-0.2793600000
0.9356500000
-0.7302800000
0.2263400000
0.2500800000
0.6880400000
-0.0446300000
1.2681000000
-1.1782000000
-0.3688100000
-0.2160600000
0.4482900000
0.1298800000
1.0034000000
-0.6407600000
0.4123800000
-0.0214320000
1.1698000000
-0.9993000000
-0.1139400000
0.3066500000
0.4217200000
0.4364000000
0.4689800000
0.4209400000
0.5188900000
0.3283600000
0.7012200000
-0.0279000000
1.3032000000
-1.2294000000
-0.4383200000
-0.3598300000
0.1691300000
0.5325600000
0.1792200000
0.9616100000
-0.5451200000
0.5540900000
-0.2145200000
0.9123600000
-0.6582700000
0.3371200000
0.0977650000
1.0024000000
-0.6551300000
0.3874600000
0.0137510000
1.1704000000
-0.9827300000
-0.0854590000
0.3633600000
0.3395600000
0.6044200000
0.1422700000
1.0603000000
-0.7314600000
0.2867000000
0.1468800000
0.8936500000
-0.4457600000
0.6890300000
-0.3942300000
0.6743300000
-0.3434700000
0.7532600000
-0.4522800000
0.6077500000
-0.2593200000
0.8630300000
-0.5968100000
0.4169400000
-0.0071970000
1.1962000000
-1.0372000000
-0.1651100000
0.2007100000
0.5762400000
0.1207500000
1.0829000000
-0.7804800000
0.2146100000
0.2449200000
0.6909500000
-0.0521560000
1.2568000000
-1.1627000000
-0.3481100000
-0.1731100000
0.5316600000
0.0096259000
1.2495000000
-1.1193000000
-0.2780400000
-0.0323060000
0.8060600000
-0.3864500000
0.7460600000
-0.4615200000
0.5884400000
-0.2311000000
0.9013400000
-0.6478300000
0.3493600000
0.0821760000
1.0350000000
-0.7183800000
0.2962500000
0.1371900000
0.9149000000
-0.4867400000
0.6299900000
-0.3143600000
0.7805900000
-0.4841800000
0.5671900000
-0.2063100000
0.9328700000
-0.6890400000
0.2950700000
0.1538500000
0.8859800000
-0.4292500000
0.7132800000
-0.4271900000
0.6304100000
-0.2853000000
0.8302000000
-0.5539900000
0.4733200000
-0.0816370000
1.0979000000
-0.9072100000
0.0066836000
0.5350300000
0.0937850000
1.1081000000
-0.8368500000
0.1314000000
0.3582000000
0.4567700000
0.4026000000
0.5439700000
0.2765500000
0.8018500000
-0.2248600000
1.0187000000
-0.8441500000
0.0742770000
0.4516500000
0.2693300000
0.7679700000
-0.1708900000
1.0935000000
-0.9443500000
-0.0586520000
0.4281200000
0.2428700000
0.8011800000
-0.2405600000
0.9916300000
-0.8060500000
0.1255200000
0.3835800000
0.4106700000
0.4936500000
0.3661200000
0.6244200000
0.1215500000
1.1056000000
-0.8187000000
0.1609900000
0.3169600000
0.5416500000
0.2376700000
0.8667900000
-0.3547100000
0.8303900000
-0.5890200000
0.4138600000
0.0019279000
1.2037000000
-1.0452000000
-0.1750900000
0.1797200000
0.6069200000
0.0580890000
1.2047000000
-1.0190000000
-0.1298800000
0.2697200000
0.4765400000
0.3247500000
0.6861900000
-0.0041508000
1.3360000000
-1.2733000000
-0.4966600000
-0.4810000000
-0.0660270000
0.6472600000
-0.1333500000
1.0969000000
-0.9314700000
-0.0350250000
0.4747200000
0.1754600000
0.9390800000
-0.5087100000
0.6047300000
-0.2823900000
0.8222900000
-0.5391000000
0.4946800000
-0.1105100000
1.0595000000
-0.8563600000
0.0739240000
0.4461500000
0.2785100000
0.7496100000
-0.1350800000
1.1452000000
-1.0143000000
-0.1517600000
0.2348400000
0.5248900000
0.2251000000
0.8797700000
-0.3830600000
0.7886900000
-0.5323000000
0.4894400000
-0.0981900000
1.0778000000
-0.8813500000
0.0406080000
0.4902900000
0.1868100000
0.9275800000
-0.4834800000
0.6418800000
-0.3329300000
0.7549600000
-0.4498900000
0.6126600000
-0.2664700000
0.8533300000
-0.5838900000
0.4340500000
-0.0298250000
1.1663000000
-0.9976600000
-0.1128600000
0.3093100000
0.4177400000
0.4445000000
0.4532100000
0.4517900000
0.4585600000
0.4463400000
0.4705100000
0.4233000000
0.5156500000
0.3350500000
0.6882400000
-0.0024931000
1.3399000000
-1.2790000000
-0.5044400000
-0.4970800000
-0.0972520000
0.5861300000
-0.0450530000
1.2165000000
-1.0905000000
-0.2456700000
0.0370850000
0.8141200000
-0.3654600000
0.7857800000
-0.5185600000
0.5113400000
-0.1285600000
1.0371000000
-0.8273800000
0.1120200000
0.3958800000
0.3830000000
0.5468400000
0.2618800000
0.8282200000
-0.2770300000
0.9431500000
-0.7418800000
0.2103900000
0.2714000000
0.6438100000
0.0412320000
1.2518000000
-1.1075000000
-0.2567700000
0.0097547000
0.8550300000
-0.4486700000
0.6647700000
-0.3544500000
0.7298300000
-0.4179300000
0.6544300000
-0.3215000000
0.7806600000
-0.4878800000
0.5609400000
-0.1975400000
0.9446600000
-0.7046900000
0.2743600000
0.1812500000
0.8290600000
-0.3187800000
0.8726000000
-0.6428100000
0.3435200000
0.0946130000
1.0109000000
-0.6712500000
0.3643300000
0.0450100000
1.1056000000
-0.8571000000
0.0957550000
0.4086700000
0.3531500000
0.6039900000
0.1498000000
1.0473000000
-0.7055700000
0.3241900000
0.0960860000
0.9987500000
-0.6498300000
0.3946600000
0.0041622000
1.1903000000
-1.0214000000
-0.1411700000
0.2493400000
0.5055400000
0.2652400000
0.8018600000
-0.2305400000
1.0090000000
-0.8306000000
0.0924920000
0.4274600000
0.3195600000
0.6704900000
0.0199520000
1.3013000000
-1.2023000000
-0.3932100000
-0.2695900000
0.3450900000
0.2785600000
0.6990000000
-0.0490200000
1.2662000000
-1.1770000000
-0.3678000000
-0.2137600000
0.4527100000
0.1235200000
1.0164000000
-0.6660800000
0.3758600000
0.0280070000
1.1403000000
-0.9245300000
-0.0015483000
0.5351000000
0.0895530000
1.1153000000
-0.8512500000
0.1105300000
0.3864700000
0.3982600000
0.5162000000
0.3216000000
0.7113900000
-0.0485590000
1.2731000000
-1.1886000000
-0.3840900000
-0.2472600000
0.3876200000
0.2174200000
0.8242000000
-0.2924300000
0.9149700000
-0.7016700000
0.2646500000
0.1992600000
0.7935800000
-0.2494500000
0.9727300000
-0.7783600000
0.1631500000
0.3334600000
0.5147000000
0.2917500000
0.7613800000
-0.1484700000
1.1283000000
-0.9923400000
-0.1228300000
0.2950300000
0.4370400000
0.4045400000
0.5308000000
0.2999200000
0.7555400000
-0.1344600000
1.1492000000
-1.0208000000
-0.1608400000
0.2161400000
0.5521300000
0.1694500000
0.9880100000
-0.5948900000
0.4826900000
-0.1180200000
1.0407000000
-0.8282100000
0.1123900000
0.3948300000
0.3849900000
0.5429300000
0.2695200000
0.8132800000
-0.2478100000
0.9853600000
-0.7990200000
0.1343400000
0.3721100000
0.4345900000
0.4472500000
0.4569600000
0.4467900000
0.4689400000
0.4261900000
0.5099500000
0.3461800000
0.6664800000
0.0400790000
1.2651000000
-1.1306000000
-0.2895300000
-0.0575230000
0.7574500000
-0.3164200000
0.8408100000
-0.5875900000
0.4215000000
-0.0103520000
1.1932000000
-1.0335000000
-0.1604400000
0.2104900000
0.5619500000
0.1499300000
1.0261000000
-0.6693900000
0.3750800000
0.0276610000
1.1405000000
-0.9250500000
-0.0023266000
0.5335200000
0.0918530000
1.1106000000
-0.8421100000
0.1237200000
0.3686200000
0.4352000000
0.4444600000
0.4620100000
0.4368100000
0.4884300000
0.3880800000
0.5844800000
0.2004300000
0.9515100000
-0.5173600000
0.5962400000
-0.2723000000
0.8352200000
-0.5560200000
0.4723700000
-0.0810450000
1.0984000000
-0.9078200000
0.0059110000
0.5360400000
0.0916850000
1.1122000000
-0.8448200000
0.1198800000
0.3737900000
0.4244900000
0.4652600000
0.4213100000
0.5164000000
0.3327700000
0.6925000000
-0.0108580000
1.3278000000
-1.2627000000
-0.4826500000
-0.4518300000
-0.0094366000
0.7580400000
-0.2933900000
0.8802600000
-0.6431300000
0.3468000000
0.0888720000
1.0223000000
-0.6935000000
0.3322000000
0.0885060000
1.0156000000
-0.6823300000
0.3478500000
0.0674840000
1.0592000000
-0.7669000000
0.2258600000
0.2325800000
0.7175500000
-0.1035400000
1.1828000000
-1.0624000000
-0.2147900000
0.1036400000
0.7164200000
-0.1660900000
1.0759000000
-0.9120000000
-0.0124730000
0.5228000000
0.1050100000
1.0829000000
-0.7883900000
0.2011800000
0.2638000000
0.6521200000
0.0232900000
1.2865000000
-1.1754000000
-0.3548700000
-0.1909500000
0.4979600000
0.0580000000
1.1504000000
-0.9266400000
-0.0001022300
0.5365100000
0.0878900000
1.1188000000
-0.8580800000
0.1006800000
0.3998000000
0.3706700000
0.5697600000
0.2167500000
0.9164100000
-0.4495300000
0.6940100000
-0.4045800000
0.6592200000
-0.3229700000
0.7805700000
-0.4884500000
0.5599200000
-0.1960900000
0.9466100000
-0.7072800000
0.2709300000
0.1857800000
0.8196500000
-0.3005100000
0.8989500000
-0.6784700000
0.2960700000
0.1574400000
0.8803800000
-0.4179300000
0.7297200000
-0.4494800000
0.6007400000
-0.2460000000
0.8821700000
-0.6226900000
0.3825200000
0.0383770000
1.1260000000
-0.8950400000
0.0414380000
0.4820300000
0.2012600000
0.8988700000
-0.4274500000
0.7227700000
-0.4424300000
0.6092500000
-0.2569400000
0.8678200000
-0.6037700000
0.4075000000
0.0053623000
1.1946000000
-1.0282000000
-0.1506200000
0.2298500000
0.5339500000
0.2072100000
0.9147100000
-0.4514100000
0.6899700000
-0.3986500000
0.6672800000
-0.3337100000
0.7663400000
-0.4696300000
0.5847900000
-0.2289700000
0.9031500000
-0.6498400000
0.3468400000
0.0854480000
1.0282000000
-0.7051500000
0.3153300000
0.1113600000
0.9683500000
-0.5905100000
0.4803100000
-0.1117800000
1.0501000000
-0.8411100000
0.0951780000
0.4176400000
0.3376000000
0.6349000000
0.0894620000
1.1654000000
-0.9363900000
-0.0091849000
0.5161900000
0.1178900000
1.0577000000
-0.7391300000
0.2723300000
0.1674800000
0.8514500000
-0.3637300000
0.8073900000
-0.5544200000
0.4611800000
-0.0612140000
1.1265000000
-0.9457000000
-0.0444290000
0.4516200000
0.2100300000
0.8687600000
-0.3718700000
0.8021900000
-0.5496700000
0.4666600000
-0.0681610000
1.1175000000
-0.9337600000
-0.0286620000
0.4843900000
0.1622000000
0.9664600000
-0.5618800000
0.5280300000
-0.1785900000
0.9604100000
-0.7219900000
0.2528200000
0.2092100000
0.7707500000
-0.2056700000
1.0357000000
-0.8635800000
0.0497780000
0.4835900000
0.2027900000
0.8970500000
-0.4235800000
0.7284400000
-0.4501300000
0.5990000000
-0.2433600000
0.8857900000
-0.6275200000
0.3761100000
0.0468560000
1.1084000000
-0.8608500000
0.0907540000
0.4152900000
0.3393800000
0.6307000000
0.0974940000
1.1496000000
-0.9055900000
0.0352980000
0.4872000000
0.1894100000
0.9216000000
-0.4720100000
0.6583900000
-0.3552600000
0.7252500000
-0.4105500000
0.6646800000
-0.3352400000
0.7624400000
-0.4637600000
0.5928200000
-0.2396800000
0.8889600000
-0.6310700000
0.3716600000
0.0526460000
1.0963000000
-0.8374400000
0.1245200000
0.3696000000
0.4339400000
0.4471000000
0.4569000000
0.4468200000
0.4688600000
0.4263500000
0.5096400000
0.3467900000
0.6652700000
0.0424430000
1.2605000000
-1.1216000000
-0.2764700000
-0.0308010000
0.8094000000
-0.3913800000
0.7393500000
-0.4525900000
0.6002800000
-0.2467700000
0.8806400000
-0.6204700000
0.3855300000
0.0343710000
1.1343000000
-0.9111800000
0.0181620000
0.5135400000
0.1360700000
1.0254000000
-0.6752200000
0.3648400000
0.0421570000
1.1108000000
-0.8672000000
0.0811320000
0.4284700000
0.3121600000
0.6835600000
-0.0059785000
1.3316000000
-1.2667000000
-0.4876500000
-0.4623800000
-0.0298630000
0.7180500000
-0.2356100000
0.9584900000
-0.7472300000
0.2089500000
0.2711700000
0.6434800000
0.0416760000
1.2509000000
-1.1057000000
-0.2542000000
0.0150220000
0.8473600000
-0.4330100000
0.6875700000
-0.3853700000
0.6886500000
-0.3633900000
0.7265600000
-0.4168400000
0.6546400000
-0.3213100000
0.7810900000
-0.4885000000
0.5600900000
-0.1964000000
0.9461600000
-0.7066800000
0.2717300000
0.1847200000
0.8218300000
-0.3047600000
0.8928300000
-0.6701900000
0.3070900000
0.1428500000
0.9106900000
-0.4767500000
0.6448700000
-0.3346600000
0.7535200000
-0.4483100000
0.6146400000
-0.2690300000
0.8499600000
-0.5794500000
0.4399200000
-0.0375840000
1.1561000000
-0.9841000000
-0.0949430000
0.3465400000
0.3634000000
0.5554900000
0.2373700000
0.8742100000
-0.3674800000
0.8124000000
-0.5648100000
0.4460200000
-0.0406330000
1.1539000000
-0.9820000000
-0.0924340000
0.3518600000
0.3556200000
0.5713800000
0.2064600000
0.9347100000
-0.4857700000
0.6415400000
-0.3335100000
0.7538000000
-0.4482200000
0.6149200000
-0.2694800000
0.8493400000
-0.5786200000
0.4410100000
-0.0390280000
1.1542000000
-0.9815800000
-0.0916080000
0.3534800000
0.3532900000
0.5761500000
0.1971800000
0.9528700000
-0.5212800000
0.5902500000
-0.2640700000
0.8462100000
-0.5705800000
0.4531100000
-0.0555780000
1.1321000000
-0.9523100000
-0.0528940000
0.4339200000
0.2358800000
0.8159600000
-0.2692000000
0.9503400000
-0.7501800000
0.1998600000
0.2851500000
0.6151800000
0.0967700000
1.1431000000
-0.8948500000
0.0502930000
0.4670800000
0.2311200000
0.8406400000
-0.3135300000
0.8873200000
-0.6652100000
0.3128100000
0.1356200000
0.9258500000
-0.5061300000
0.6025100000
-0.2773300000
0.8298000000
-0.5493200000
0.4810600000
-0.0924570000
1.0834000000
-0.8879300000
0.0321990000
0.5013000000
0.1638900000
0.9720300000
-0.5705000000
0.5161600000
-0.1627300000
0.9814400000
-0.7498200000
0.2160300000
0.2578400000
0.6696900000
-0.0095508000
1.3186000000
-1.2464000000
-0.4595900000
-0.4045100000
0.0825390000
0.6574300000
-0.0763590000
1.1989000000
-1.0763000000
-0.2302900000
0.0703550000
0.7652500000
-0.2657500000
0.9308500000
-0.7153100000
0.2493900000
0.2183800000
0.7534400000
-0.1716600000
1.0849000000
-0.9301600000
-0.0388210000
0.4689200000
0.1834200000
0.9226500000
-0.4768000000
0.6507700000
-0.3447100000
0.7393800000
-0.4293000000
0.6398800000
-0.3024500000
0.8057700000
-0.5210400000
0.5171100000
-0.1396200000
1.0212000000
-0.8058700000
0.1406300000
0.3579900000
0.4617400000
0.3940400000
0.5609900000
0.2433300000
0.8668300000
-0.3519500000
0.8351000000
-0.5956400000
0.4049500000
0.0137560000
1.1791000000
-0.9975800000
-0.1063400000
0.3204400000
0.4020800000
0.4766800000
0.3906900000
0.5741700000
0.2192500000
0.9143700000
-0.4448000000
0.7010200000
-0.4141400000
0.6464700000
-0.3060800000
0.8029100000
-0.5179800000
0.5208900000
-0.1445000000
1.0148000000
-0.7974100000
0.1518100000
0.3432200000
0.4924200000
0.3345000000
0.6775700000
0.0153820000
1.3126000000
-1.2238000000
-0.4241200000
-0.3329000000
0.2220000000
0.4561400000
0.3355600000
0.6576300000
0.0498090000
1.2441000000
-1.0901000000
-0.2311600000
0.0619690000
0.7790800000
-0.2934400000
0.8906800000
-0.6608800000
0.3218400000
0.1224300000
0.9527900000
-0.5585200000
0.5269100000
-0.1750100000
0.9659500000
-0.7296100000
0.2426400000
0.2227100000
0.7427000000
-0.1512400000
1.1142000000
-0.9698300000
-0.0915960000
0.3593700000
0.3432700000
0.5961200000
0.1582300000
1.0291000000
-0.6703100000
0.3750000000
0.0273380000
1.1410000000
-0.9260800000
-0.0038181000
0.5304700000
0.0962910000
1.1015000000
-0.8244700000
0.1491700000
0.3341800000
0.5064800000
0.3060800000
0.7329000000
-0.0928950000
1.2085000000
-1.1009000000
-0.2673500000
-0.0049629000
0.8578900000
-0.4608900000
0.6454200000
-0.3276700000
0.7656700000
-0.4654800000
0.5915200000
-0.2383200000
0.8906100000
-0.6332000000
0.3688700000
0.0563280000
1.0887000000
-0.8225800000
0.1459500000
0.3406000000
0.4939500000
0.3305800000
0.6849800000
0.0008192300
1.3411000000
-1.2795000000
-0.5045300000
-0.4974300000
-0.0978990000
0.5848600000
-0.0432030000
1.2190000000
-1.0939000000
-0.2500900000
0.0279130000
0.8275000000
-0.3928000000
0.7459900000
-0.4645900000
0.5832000000
-0.2237300000
0.9112500000
-0.6610000000
0.3319300000
0.1052200000
0.9870900000
-0.6254400000
0.4303000000
-0.0442250000
1.1400000000
-0.9600600000
-0.0621100000
0.4143800000
0.2644900000
0.7575600000
-0.1556000000
1.1143000000
-0.9720300000
-0.0953290000
0.3519200000
0.3540600000
0.5740500000
0.2011400000
0.9450800000
-0.5060700000
0.6122200000
-0.2938100000
0.8066400000
-0.5181800000
0.5224000000
-0.1471800000
1.0110000000
-0.7922800000
0.1586200000
0.3342100000
0.5111500000
0.2981500000
0.7487200000
-0.1237500000
1.1640000000
-1.0407000000
-0.1871200000
0.1615700000
0.6317700000
0.0067751000
1.3044000000
-1.2140000000
-0.4116800000
-0.3068800000
0.2724700000
0.3833600000
0.4845300000
0.3679900000
0.6166800000
0.1356300000
1.0778000000
-0.7644000000
0.2394100000
0.2108000000
0.7613400000
-0.1888800000
1.0596000000
-0.8957200000
0.0070649000
0.5401300000
0.0853120000
1.1250000000
-0.8699000000
0.0836810000
0.4227900000
0.3231000000
0.6621300000
0.0359240000
1.2700000000
-1.1410000000
-0.3047500000
-0.0885940000
0.6970100000
-0.2292200000
0.9588300000
-0.7446300000
0.2135500000
0.2646500000
0.6568700000
0.0156410000
1.3018000000
-1.2053000000
-0.3981200000
-0.2794600000
0.3258700000
0.3063000000
0.6422300000
0.0613620000
1.2168000000
-1.0379000000
-0.1559900000
0.2158800000
0.5550100000
0.1644200000
0.9979900000
-0.6143600000
0.4545700000
-0.0799570000
1.0914000000
-0.8952900000
0.0236870000
0.5120900000
0.1413000000
1.0158000000
-0.6562800000
0.3922500000
0.0050426000
1.1876000000
-1.0163000000
-0.1339600000
0.2641100000
0.4840300000
0.3092000000
0.7163700000
-0.0632230000
1.2507000000
-1.1578000000
-0.3429200000
-0.1618800000
0.5533500000
-0.0216320000
1.2399000000
-1.1186000000
-0.2817500000
-0.0382950000
0.7940200000
-0.3689900000
0.7697300000
-0.4930400000
0.5467000000
-0.1759100000
0.9743000000
-0.7442700000
0.2218900000
0.2506500000
0.6848500000
-0.0389200000
1.2763000000
-1.1891000000
-0.3833400000
-0.2462400000
0.3897200000
0.2143500000
0.8304700000
-0.3046200000
0.8973900000
-0.6778600000
0.2963200000
0.1573200000
0.8807200000
-0.4185700000
0.7287900000
-0.4482300000
0.6024000000
-0.2482000000
0.8792600000
-0.6188400000
0.3876000000
0.0316560000
1.1400000000
-0.9221500000
0.0023417000
0.5349500000
0.0917640000
1.1115000000
-0.8436200000
0.1215800000
0.3715100000
0.4292300000
0.4560700000
0.4393000000
0.4812200000
0.4015700000
0.5579400000
0.2522900000
0.8500800000
-0.3189900000
0.8827600000
-0.6601900000
0.3190600000
0.1275100000
0.9427700000
-0.5389600000
0.5551600000
-0.2132500000
0.9150500000
-0.6622200000
0.3317600000
0.1049000000
0.9875500000
-0.6263800000
0.4289300000
-0.0423660000
1.1424000000
-0.9633300000
-0.0664450000
0.4053800000
0.2776400000
0.7307100000
-0.1033900000
1.1896000000
-1.0740000000
-0.2310100000
0.0702720000
0.7650300000
-0.2654200000
0.9313100000
-0.7159300000
0.2485700000
0.2194600000
0.7512000000
-0.1673100000
1.0912000000
-0.9386500000
-0.0501120000
0.4454900000
0.2176200000
0.8528000000
-0.3409400000
0.8467900000
-0.6100200000
0.3863600000
0.0381700000
1.1283000000
-0.8990100000
0.0358250000
0.4895900000
0.1856100000
0.9292600000
-0.4869400000
0.6368300000
-0.3260900000
0.7640700000
-0.4619600000
0.5967000000
-0.2453700000
0.8812200000
-0.6207700000
0.3853100000
0.0345890000
1.1339000000
-0.9102600000
0.0194890000
0.5117400000
0.1397900000
1.0182000000
-0.6611000000
0.3852400000
0.0145410000
1.1679000000
-0.9781600000
-0.0789240000
0.3767500000
0.3200600000
0.6442700000
0.0647800000
1.2120000000
-1.0280000000
-0.1416300000
0.2452200000
0.5123200000
0.2516700000
0.8283100000
-0.2823000000
0.9342500000
-0.7293800000
0.2271800000
0.2491000000
0.6901200000
-0.0486620000
1.2623000000
-1.1703000000
-0.3583500000
-0.1943400000
0.4904400000
0.0690810000
1.1278000000
-0.8826900000
0.0633180000
0.4510100000
0.2649400000
0.7751200000
-0.1852300000
1.0727000000
-0.9161500000
-0.0211220000
0.5060200000
0.1292100000
1.0333000000
-0.6920900000
0.3401200000
0.0757460000
1.0413000000
-0.7323200000
0.2756900000
0.1651600000
0.8570800000
-0.3744600000
0.7919600000
-0.5335700000
0.4889200000
-0.0979480000
1.0779000000
-0.8814900000
0.0404460000
0.4905000000
0.1863800000
0.9284100000
-0.4851100000
0.6395200000
-0.3297400000
0.7592100000
-0.4555200000
0.6052200000
-0.2566300000
0.8663400000
-0.6010900000
0.4113200000
0.0002174200
1.2053000000
-1.0489000000
-0.1804500000
0.1687900000
0.6228400000
0.0255710000
1.2679000000
-1.1427000000
-0.3086600000
-0.0960790000
0.6823400000
-0.2080100000
0.9875500000
-0.7828400000
0.1629500000
0.3315700000
0.5178100000
0.2855000000
0.7735500000
-0.1722800000
1.0939000000
-0.9457600000
-0.0608430000
0.4236900000
0.2493100000
0.7880200000
-0.2149800000
1.0285000000
-0.8560200000
0.0590410000
0.4716200000
0.2277700000
0.8486100000
-0.3287500000
0.8654300000
-0.6356000000
0.3521900000
0.0834770000
1.0342000000
-0.7163700000
0.2992600000
0.1330700000
0.9234000000
-0.5032500000
0.6061800000
-0.2821400000
0.8234600000
-0.5409500000
0.4921100000
-0.1070600000
1.0640000000
-0.8624100000
0.0659270000
0.4567200000
0.2565400000
0.7922400000
-0.2185400000
1.0246000000
-0.8511000000
0.0654320000
0.4632200000
0.2452500000
0.8146800000
-0.2623400000
0.9613700000
-0.7654900000
0.1793500000
0.3123700000
0.5586500000
0.2064800000
0.9283200000
-0.4749000000
0.6568200000
-0.3540500000
0.7265200000
-0.4121200000
0.6626600000
-0.3325800000
0.7659400000
-0.4683800000
0.5867100000
-0.2316100000
0.8996300000
-0.6451700000
0.3530300000
0.0772690000
1.0452000000
-0.7381300000
0.2677600000
0.1757500000
0.8351000000
-0.3318000000
0.8534900000
-0.6168300000
0.3781400000
0.0487560000
1.1062000000
-0.8561300000
0.0976680000
0.4059000000
0.3588100000
0.5929800000
0.1713400000
1.0052000000
-0.6232000000
0.4431700000
-0.0649840000
1.1111000000
-0.9213800000
-0.0107900000
0.5209700000
0.1089600000
1.0752000000
-0.7734400000
0.2227700000
0.2345700000
0.7126200000
-0.0941720000
1.1962000000
-1.0807000000
-0.2390100000
0.0533610000
0.7897800000
-0.3159500000
0.8577800000
-0.6162000000
0.3813600000
0.0435970000
1.1166000000
-0.8763600000
0.0684690000
0.4454200000
0.2770200000
0.7517800000
-0.1395200000
1.1387000000
-1.0056000000
-0.1401000000
0.2590500000
0.4895700000
0.2972600000
0.7394500000
-0.1084400000
1.1854000000
-1.0694000000
-0.2252400000
0.0824120000
0.7472800000
-0.2291700000
0.9840500000
-0.7874700000
0.1533300000
0.3456000000
0.4891400000
0.3412700000
0.6644100000
0.0411370000
1.2623000000
-1.1253000000
-0.2818600000
-0.0418120000
0.7879900000
-0.3604900000
0.7811700000
-0.5082300000
0.5266000000
-0.1493300000
1.0094000000
-0.7907200000
0.1605100000
0.3317800000
0.5162200000
0.2883200000
0.7679700000
-0.1614000000
1.1096000000
-0.9670300000
-0.0891520000
0.3649200000
0.3350500000
0.6128700000
0.1256400000
1.0929000000
-0.7950300000
0.1948800000
0.2711900000
0.6364200000
0.0536880000
1.2269000000
-1.0590000000
-0.1867500000
0.1530500000
0.6464400000
-0.0224320000
1.2851000000
-1.1959000000
-0.3904300000
-0.2616600000
0.3599600000
0.2572300000
0.7426800000
-0.1339500000
1.1436000000
-1.0111000000
-0.1471400000
0.2443000000
0.5111300000
0.2532300000
0.8250700000
-0.2760100000
0.9433200000
-0.7416500000
0.2108600000
0.2707100000
0.6452100000
0.0384930000
1.2572000000
-1.1179000000
-0.2719200000
-0.0212310000
0.8279500000
-0.4181300000
0.7031600000
-0.4044300000
0.6640500000
-0.3310900000
0.7691600000
-0.4731300000
0.5802700000
-0.2230200000
0.9110000000
-0.6602100000
0.3331400000
0.1035600000
0.9905200000
-0.6321000000
0.4206900000
-0.0312190000
1.1573000000
-0.9829700000
-0.0924140000
0.3514100000
0.3564000000
0.5698300000
0.2094800000
0.9288000000
-0.4742100000
0.6582300000
-0.3561000000
0.7237400000
-0.4084100000
0.6675700000
-0.3390800000
0.7573500000
-0.4570300000
0.6017200000
-0.2514400000
0.8734200000
-0.6105300000
0.3988100000
0.0167590000
1.1709000000
-0.9821800000
-0.0842420000
0.3657000000
0.3361900000
0.6113300000
0.1288400000
1.0866000000
-0.7828800000
0.2124300000
0.2474300000
0.6855900000
-0.0417890000
1.2718000000
-1.1829000000
-0.3750100000
-0.2289600000
0.4232700000
0.1659600000
0.9295000000
-0.4971600000
0.6195700000
-0.3018600000
0.7966300000
-0.5052000000
0.5394700000
-0.1697100000
0.9812300000
-0.7529500000
0.2106000000
0.2655100000
0.6539400000
0.0210630000
1.2912000000
-1.1844000000
-0.3679700000
-0.2177700000
0.4458100000
0.1332400000
0.9964000000
-0.6272600000
0.4318500000
-0.0477790000
1.1347000000
-0.9528800000
-0.0525490000
0.4342300000
0.2355400000
0.8166900000
-0.2706100000
0.9483100000
-0.7474300000
0.2035200000
0.2803000000
0.6252500000
0.0772310000
1.1813000000
-0.9696500000
-0.0577330000
0.4170300000
0.2621800000
0.7628100000
-0.1656800000
1.0997000000
-0.9524100000
-0.0692170000
0.4061300000
0.2749700000
0.7356100000
-0.1130500000
1.1756000000
-1.0551000000
-0.2058200000
0.1225600000
0.6887400000
-0.1095700000
1.1581000000
-1.0235000000
-0.1609800000
0.2145600000
0.5547600000
0.1641900000
0.9982600000
-0.6149500000
0.4537100000
-0.0787830000
1.0929000000
-0.8973600000
0.0209460000
0.5157100000
0.1337700000
1.0305000000
-0.6848900000
0.3509200000
0.0609960000
1.0718000000
-0.7915000000
0.1903300000
0.2806900000
0.6179900000
0.0897570000
1.1564000000
-0.9210200000
0.0124740000
0.5182900000
0.1251500000
1.0464000000
-0.7162800000
0.3055200000
0.1224800000
0.9445400000
-0.5444700000
0.5466700000
-0.2015700000
0.9306700000
-0.6829200000
0.3043700000
0.1411100000
0.9123000000
-0.4803500000
0.6395500000
-0.3274100000
0.7631800000
-0.4611100000
0.5977000000
-0.2466400000
0.8795500000
-0.6185600000
0.3882200000
0.0307460000
1.1418000000
-0.9257600000
-0.0028680000
0.5322500000
0.0937490000
1.1067000000
-0.8346000000
0.1345500000
0.3539600000
0.4655500000
0.3855400000
0.5773500000
0.2112700000
0.9295100000
-0.4745400000
0.6580400000
-0.3559400000
0.7239200000
-0.4086400000
0.6672700000
-0.3386900000
0.7578700000
-0.4577200000
0.6008100000
-0.2502300000
0.8750100000
-0.6126300000
0.3960400000
0.0204230000
1.1633000000
-0.9674000000
-0.0629250000
0.4093300000
0.2726800000
0.7411100000
-0.1235500000
1.1605000000
-1.0347000000
-0.1786700000
0.1789400000
0.6064700000
0.0584610000
1.2039000000
-1.0173000000
-0.1275200000
0.2745600000
0.4694800000
0.3391600000
0.6581700000
0.0506810000
1.2429000000
-1.0876000000
-0.2275200000
0.0693920000
0.7682700000
-0.2713700000
0.9228100000
-0.7044700000
0.2638100000
0.1992800000
0.7931300000
-0.2486800000
0.9738100000
-0.7798200000
0.1612100000
0.3360300000
0.5093500000
0.3021300000
0.7410500000
-0.1087300000
1.1857000000
-1.0700000000
-0.2262100000
0.0804190000
0.7501800000
-0.2351000000
0.9754300000
-0.7757700000
0.1689000000
0.3249800000
0.5319800000
0.2581300000
0.8271700000
-0.2771200000
0.9424800000
-0.7407700000
0.2119300000
0.2693400000
0.6480800000
0.0329260000
1.2681000000
-1.1393000000
-0.3027000000
-0.0842080000
0.7055000000
-0.2414500000
0.9422800000
-0.7226000000
0.2427100000
0.2260800000
0.7370200000
-0.1398800000
1.1307000000
-0.9921400000
-0.1212900000
0.2977400000
0.4331900000
0.4124500000
0.5154400000
0.3299800000
0.6967500000
-0.0194900000
1.3152000000
-1.2457000000
-0.4600000000
-0.4048300000
0.0817970000
0.6585300000
-0.0786060000
1.1956000000
-1.0719000000
-0.2243800000
0.0826040000
0.7473800000
-0.2292500000
0.9839700000
-0.7873800000
0.1534500000
0.3454500000
0.4894500000
0.3406600000
0.6656000000
0.0388160000
1.2668000000
-1.1342000000
-0.2946900000
-0.0680530000
0.7369700000
-0.2868700000
0.8808000000
-0.6408000000
0.3510400000
0.0828300000
1.0347000000
-0.7175900000
0.2974500000
0.1355400000
0.9183100000
-0.4933700000
0.6204300000
-0.3014200000
0.7978000000
-0.5069700000
0.5370500000
-0.1664700000
0.9855300000
-0.7586400000
0.2030900000
0.2754400000
0.6333000000
0.0611090000
1.2128000000
-1.0311000000
-0.1465700000
0.2352600000
0.5267700000
0.2221300000
0.8857700000
-0.3947500000
0.7718200000
-0.5094600000
0.5198200000
-0.1384300000
1.0246000000
-0.8110000000
0.1335800000
0.3674000000
0.4422100000
0.4319500000
0.4867800000
0.3884500000
0.5830300000
0.2030700000
0.9462900000
-0.5071600000
0.6109800000
-0.2922400000
0.8086800000
-0.5208800000
0.5188500000
-0.1424800000
1.0172000000
-0.8004900000
0.1477800000
0.3485400000
0.4813700000
0.3559300000
0.6356000000
0.0974510000
1.1521000000
-0.9099000000
0.0292380000
0.4953500000
0.1725300000
0.9543700000
-0.5361600000
0.5657100000
-0.2297900000
0.8922100000
-0.6316600000
0.3722900000
0.0512800000
1.0990000000
-0.8426100000
0.1170500000
0.3797000000
0.4130300000
0.4877000000
0.3774200000
0.6022400000
0.1649000000
1.0208000000
-0.6528900000
0.4004800000
-0.0072547000
1.1879000000
-1.0231000000
-0.1452600000
0.2415300000
0.5167700000
0.2422500000
0.8465600000
-0.3180300000
0.8826400000
-0.6594900000
0.3201800000
0.1259500000
0.9459800000
-0.5451900000
0.5461700000
-0.2010800000
0.9312500000
-0.6836600000
0.3034000000
0.1423800000
0.9096500000
-0.4752100000
0.6469700000
-0.3374500000
0.7498200000
-0.4434200000
0.6211000000
-0.2775700000
0.8386700000
-0.5645300000
0.4596400000
-0.0636450000
1.1216000000
-0.9385800000
-0.0347730000
0.4716000000
0.1809000000
0.9282700000
-0.4876100000
0.6352000000
-0.3236400000
0.7674100000
-0.4664200000
0.5908000000
-0.2375600000
0.8915400000
-0.6344000000
0.3672900000
0.0584090000
1.0843000000
-0.8141900000
0.1580500000
0.3242200000
0.5278600000
0.2647500000
0.8138600000
-0.2511900000
0.9799100000
-0.7914500000
0.1445000000
0.3586300000
0.4625800000
0.3929300000
0.5633100000
0.2388400000
0.8756300000
-0.3691500000
0.8102500000
-0.5620100000
0.4497100000
-0.0455160000
1.1475000000
-0.9734700000
-0.0811630000
0.3752900000
0.3214300000
0.6412100000
0.0706560000
1.2005000000
-1.0055000000
-0.1091100000
0.3117600000
0.4154600000
0.4496000000
0.4434100000
0.4710000000
0.4210100000
0.5197700000
0.3268900000
0.7041600000
-0.0336330000
1.2949000000
-1.2182000000
-0.4234100000
-0.3288800000
0.2291900000
0.4459300000
0.3565100000
0.6169000000
0.1295200000
1.0883000000
-0.7852900000
0.2091400000
0.2518200000
0.6764700000
-0.0240910000
1.2973000000
-1.2174000000
-0.4209800000
-0.3243800000
0.2380700000
0.4330900000
0.3827700000
0.5658300000
0.2294700000
0.8928100000
-0.4030400000
0.7612400000
-0.4956300000
0.5380500000
-0.1625000000
0.9927700000
-0.7689600000
0.1891500000
0.2939600000
0.5948400000
0.1357500000
1.0667000000
-0.7454400000
0.2660800000
0.1749400000
0.8356400000
-0.3331200000
0.8515100000
-0.6141300000
0.3817300000
0.0439860000
1.1161000000
-0.8753600000
0.0699310000
0.4434400000
0.2811200000
0.7438100000
-0.1239100000
1.1612000000
-1.0361000000
-0.1807100000
0.1747400000
0.6125800000
0.0459900000
1.2281000000
-1.0648000000
-0.1960800000
0.1342700000
0.6737000000
-0.0781590000
1.2040000000
-1.0858000000
-0.2439500000
0.0423620000
0.8060100000
-0.3490400000
0.8096400000
-0.5509100000
0.4682700000
-0.0715200000
1.1126000000
-0.9271000000
-0.0197930000
0.5028000000
0.1353400000
1.0213000000
-0.6685800000
0.3740700000
0.0297840000
1.1364000000
-0.9170000000
0.0093082000
0.5256800000
0.1110000000
1.0741000000
-0.7705300000
0.2271700000
0.2285500000
0.7250500000
-0.1183100000
1.1614000000
-1.0335000000
-0.1763100000
0.1835100000
0.5998800000
0.0719630000
1.1776000000
-0.9659400000
-0.0533020000
0.4264100000
0.2484400000
0.7908500000
-0.2202300000
1.0210000000
-0.8458800000
0.0725190000
0.4537800000
0.2648400000
0.7766600000
-0.1879000000
1.0689000000
-0.9110700000
-0.0143730000
0.5200300000
0.1087600000
1.0751000000
-0.7733200000
0.2229100000
0.2343900000
0.7130000000
-0.0949050000
1.1952000000
-1.0792000000
-0.2371000000
0.0573090000
0.7840200000
-0.3041800000
0.8749000000
-0.6394200000
0.3504300000
0.0845520000
1.0315000000
-0.7112400000
0.3066300000
0.1231000000
0.9440400000
-0.5433200000
0.5483800000
-0.2039000000
0.9275600000
-0.6788000000
0.3098200000
0.1339000000
0.9272800000
-0.5094300000
0.5976100000
-0.2706500000
0.8386900000
-0.5611100000
0.4654700000
-0.0718480000
1.1106000000
-0.9239300000
-0.0153880000
0.5118800000
0.1221200000
1.0483000000
-0.7211100000
0.2982800000
0.1323700000
0.9241100000
-0.5047900000
0.6039000000
-0.2790300000
0.8276000000
-0.5464300000
0.4848600000
-0.0974860000
1.0767000000
-0.8791400000
0.0438080000
0.4859500000
0.1957800000
0.9101500000
-0.4493600000
0.6911600000
-0.3996500000
0.6661700000
-0.3323100000
0.7681500000
-0.4720100000
0.5816500000
-0.2248100000
0.9086400000
-0.6571000000
0.3372600000
0.0981170000
1.0018000000
-0.6540500000
0.3890300000
0.0116230000
1.1748000000
-0.9912700000
-0.0977880000
0.3381200000
0.3763000000
0.5293600000
0.2882400000
0.7746700000
-0.1728200000
1.0935000000
-0.9454300000
-0.0604650000
0.4244900000
0.2481300000
0.7904200000
-0.2196600000
1.0218000000
-0.8468800000
0.0712010000
0.4555200000
0.2612200000
0.7836800000
-0.2016500000
1.0490000000
-0.8841800000
0.0214050000
0.5215200000
0.1241200000
1.0498000000
-0.7225200000
0.2965900000
0.1345400000
0.9195700000
-0.4960000000
0.6165900000
-0.2962000000
0.8047600000
-0.5161900000
0.5248600000
-0.1503500000
1.0068000000
-0.7867900000
0.1658700000
0.3246200000
0.5310800000
0.2594700000
0.8244400000
-0.2718100000
0.9501500000
-0.7511500000
0.1981100000
0.2876300000
0.6100800000
0.1066700000
1.1237000000
-0.8569500000
0.1050400000
0.3929600000
0.3844900000
0.5428500000
0.2694000000
0.8134500000
-0.2481600000
0.9848500000
-0.7983200000
0.1352800000
0.3708700000
0.4371600000
0.4422700000
0.4667300000
0.4277000000
0.5062800000
0.3531700000
0.6527500000
0.0669040000
1.2126000000
-1.0280000000
-0.1413400000
0.2457100000
0.5116300000
0.2530800000
0.8255700000
-0.2769400000
0.9420000000
-0.7398600000
0.2132300000
0.2675700000
0.6517400000
0.0258270000
1.2820000000
-1.1664000000
-0.3419400000
-0.1645200000
0.5493400000
-0.0161450000
1.2472000000
-1.1284000000
-0.2945900000
-0.0649840000
0.7422300000
-0.2942900000
0.8708300000
-0.6275600000
0.3685700000
0.0596510000
1.0829000000
-0.8110700000
0.1626200000
0.3180100000
0.5407000000
0.2398200000
0.8626500000
-0.3466000000
0.8421100000
-0.6048800000
0.3927600000
0.0298760000
1.1456000000
-0.9325600000
-0.0125630000
0.5123600000
0.1227000000
1.0476000000
-0.7195500000
0.3005700000
0.1292700000
0.9305300000
-0.5172700000
0.5859000000
-0.2546700000
0.8600100000
-0.5893500000
0.4281100000
-0.0224580000
1.1759000000
-1.0102000000
-0.1294300000
0.2748600000
0.4680200000
0.3417900000
0.6529700000
0.0608440000
1.2231000000
-1.0488000000
-0.1713800000
0.1842800000
0.6010400000
0.0703730000
1.1809000000
-0.9723200000
-0.0625000000
0.4075900000
0.2758500000
0.7348600000
-0.1113300000
1.1782000000
-1.0585000000
-0.2104400000
0.1129800000
0.7027200000
-0.1381400000
1.1165000000
-0.9671700000
-0.0859180000
0.3703600000
0.3274300000
0.6285400000
0.0951980000
1.1524000000
-0.9115400000
0.0266040000
0.4990000000
0.1649900000
0.9690100000
-0.5648200000
0.5243100000
-0.1737300000
0.9668100000
-0.7304400000
0.2416600000
0.2239600000
0.7400900000
-0.1461800000
1.1215000000
-0.9797100000
-0.1047400000
0.3320900000
0.3830800000
0.5148100000
0.3163600000
0.7196000000
-0.0651420000
1.2491000000
-1.1560000000
-0.3406200000
-0.1570400000
0.5627200000
-0.0351400000
1.2216000000
-1.0943000000
-0.2495400000
0.0286160000
0.8265800000
-0.3908800000
0.7487900000
-0.4683900000
0.5781400000
-0.2170300000
0.9201200000
-0.6727200000
0.3164300000
0.1257000000
0.9445200000
-0.5428400000
0.5494300000
-0.2054500000
0.9254400000
-0.6759800000
0.3135600000
0.1289700000
0.9375300000
-0.5293300000
0.5689100000
-0.2318200000
0.8903700000
-0.6295400000
0.3749700000
0.0477790000
1.1063000000
-0.8567500000
0.0966480000
0.4073200000
0.3558800000
0.5986700000
0.1602100000
1.0270000000
-0.6657700000
0.3816900000
0.0182510000
1.1598000000
-0.9625600000
-0.0564470000
0.4227600000
0.2530800000
0.7811400000
-0.2013900000
1.0482000000
-0.8826500000
0.0236060000
0.5185500000
0.1302700000
1.0378000000
-0.6991400000
0.3303700000
0.0888030000
1.0142000000
-0.6797700000
0.3515000000
0.0625700000
1.0694000000
-0.7866600000
0.1973700000
0.2711500000
0.6377300000
0.0514270000
1.2314000000
-1.0677000000
-0.1994300000
0.1271000000
0.6842100000
-0.0996110000
1.1728000000
-1.0435000000
-0.1875800000
0.1593500000
0.6353100000
-0.0003515500
1.3171000000
-1.2392000000
-0.4480700000
-0.3813000000
0.1277600000
0.5921600000
0.0572050000
1.1988000000
-1.0094000000
-0.1165900000
0.2971000000
0.4366400000
0.4062600000
0.5276800000
0.3060800000
0.7435000000
-0.1109100000
1.1832000000
-1.0669000000
-0.2221200000
0.0889480000
0.7377300000
-0.2096600000
1.0124000000
-0.8259800000
0.1020600000
0.4135100000
0.3480700000
0.6150400000
0.1284600000
1.0891000000
-0.7873100000
0.2061500000
0.2559000000
0.6680500000
-0.0077414000
1.3209000000
-1.2493000000
-0.4634500000
-0.4125400000
0.0669650000
0.6798900000
-0.1223300000
1.1320000000
-0.9855300000
-0.1094100000
0.3212300000
0.3992000000
0.4819800000
0.3802300000
0.5946100000
0.1792800000
0.9925300000
-0.5976700000
0.4802300000
-0.1152300000
1.0442000000
-0.8328000000
0.1063600000
0.4028000000
0.3684200000
0.5750800000
0.2065800000
0.9363600000
-0.4885300000
0.6376900000
-0.3283300000
0.7606800000
-0.4573200000
0.6028900000
-0.2535800000
0.8703700000
-0.6064100000
0.4042800000
0.0095108000
1.1860000000
-1.0114000000
-0.1263900000
0.2794300000
0.4617700000
0.3547100000
0.6278900000
0.1099500000
1.1270000000
-0.8609800000
0.0998500000
0.3997600000
0.3703200000
0.5703300000
0.2156000000
0.9186400000
-0.4538900000
0.6877000000
-0.3960400000
0.6705800000
-0.3380100000
0.7606700000
-0.4621500000
0.5946800000
-0.2420400000
0.8858800000
-0.6270100000
0.3770200000
0.0455670000
1.1110000000
-0.8659900000
0.0833360000
0.4253300000
0.3186000000
0.6710400000
0.0185330000
1.3040000000
-1.2076000000
-0.4008400000
-0.2852000000
0.3147300000
0.3223500000
0.6093700000
0.1252400000
1.0918000000
-0.7934100000
0.1971000000
0.2682300000
0.6425500000
0.0417720000
1.2503000000
-1.1046000000
-0.2526300000
0.0182550000
0.8426500000
-0.4233800000
0.7015700000
-0.4043700000
0.6633600000
-0.3299000000
0.7708500000
-0.4754000000
0.5772500000
-0.2190200000
0.9162900000
-0.6672100000
0.3239000000
0.1157700000
0.9651300000
-0.5828400000
0.4917500000
-0.1273900000
1.0293000000
-0.8135300000
0.1316500000
0.3694200000
0.4378100000
0.4404400000
0.4701600000
0.4209600000
0.5194500000
0.3274100000
0.7031300000
-0.0316200000
1.2978000000
-1.2221000000
-0.4286500000
-0.3397400000
0.2081100000
0.4763400000
0.2942800000
0.7378800000
-0.1072600000
1.1866000000
-1.0708000000
-0.2271400000
0.0784290000
0.7531000000
-0.2410500000
0.9667600000
-0.7640200000
0.1845500000
0.3042600000
0.5750400000
0.1745600000
0.9907700000
-0.5970400000
0.4804200000
-0.1152400000
1.0443000000
-0.8329400000
0.1061500000
0.4030700000
0.3678600000
0.5761700000
0.2044400000
0.9405300000
-0.4966800000
0.6259100000
-0.3123900000
0.7819000000
-0.4854200000
0.5657400000
-0.2044600000
0.9352800000
-0.6922100000
0.2908800000
0.1594000000
0.8744600000
-0.4068900000
0.7455200000
-0.4708300000
0.5723400000
-0.2084000000
0.9318900000
-0.6884100000
0.2956400000
0.1532000000
0.8873700000
-0.4319400000
0.7094000000
-0.4219400000
0.6374000000
-0.2945400000
0.8179700000
-0.5378300000
0.4946800000
-0.1098700000
1.0606000000
-0.8578900000
0.0718730000
0.4488700000
0.2728500000
0.7605900000
-0.1565700000
1.1141000000
-0.9723000000
-0.0958430000
0.3509200000
0.3555200000
0.5710800000
0.2069300000
0.9337600000
-0.4839200000
0.6442100000
-0.3371200000
0.7490100000
-0.4418700000
0.6233300000
-0.2805900000
0.8346600000
-0.5592200000
0.4666600000
-0.0729300000
1.1093000000
-0.9223600000
-0.0133340000
0.5161500000
0.1158700000
1.0611000000
-0.7459300000
0.2624700000
0.1808300000
0.8238200000
-0.3100800000
0.8847700000
-0.6591500000
0.3218300000
0.1233200000
0.9512800000
-0.5555100000
0.5312700000
-0.1809200000
0.9580800000
-0.7191900000
0.2564100000
0.2045000000
0.7805600000
-0.2246900000
1.0083000000
-0.8264600000
0.0991760000
0.4181700000
0.3386900000
0.6333100000
0.0927190000
1.1590000000
-0.9239900000
0.0087255000
0.5231700000
0.1149700000
1.0661000000
-0.7549300000
0.2496800000
0.1980700000
0.7881200000
-0.2407600000
0.9847700000
-0.7944800000
0.1417600000
0.3617600000
0.4558900000
0.4058700000
0.5379700000
0.2883800000
0.7787400000
-0.1796700000
1.0839000000
-0.9325200000
-0.0433200000
0.4600900000
0.1961800000
0.8965400000
-0.4260300000
0.7240200000
-0.4438500000
0.6074700000
-0.2546200000
0.8708800000
-0.6078000000
0.4021700000
0.0124030000
1.1800000000
-0.9998000000
-0.1096600000
0.3136800000
0.4119200000
0.4565700000
0.4297900000
0.4976500000
0.3688900000
0.6217200000
0.1275300000
1.0941000000
-0.7961400000
0.1935900000
0.2728200000
0.6330000000
0.0603200000
1.2140000000
-1.0336000000
-0.1500800000
0.2280900000
0.5372100000
0.2007900000
0.9272600000
-0.4759500000
0.6545200000
-0.3506500000
0.7311500000
-0.4182800000
0.6545000000
-0.3217900000
0.7802100000
-0.4872600000
0.5617700000
-0.1986400000
0.9432000000
-0.7027500000
0.2769200000
0.1778700000
0.8360800000
-0.3324100000
0.8529500000
-0.6162100000
0.3789100000
0.0477470000
1.1083000000
-0.8602100000
0.0917810000
0.4138700000
0.3423200000
0.6249900000
0.1086800000
1.1277000000
-0.8628200000
0.0970790000
0.4035600000
0.3624900000
0.5855400000
0.1858300000
0.9768600000
-0.5677400000
0.5232700000
-0.1734300000
0.9668100000
-0.7302900000
0.2419100000
0.2236000000
0.7408300000
-0.1476100000
1.1195000000
-0.9769100000
-0.1010200000
0.3398200000
0.3718100000
0.5378400000
0.2715800000
0.8072400000
-0.2365200000
1.0015000000
-0.8208700000
0.1052800000
0.4105800000
0.3546600000
0.6023700000
0.1532900000
1.0406000000
-0.6923600000
0.3432800000
0.0702400000
1.0522000000
-0.7536800000
0.2448700000
0.2068900000
0.7707300000
-0.2067900000
1.0338000000
-0.8608800000
0.0534110000
0.4787600000
0.2128100000
0.8776000000
-0.3855200000
0.7834200000
-0.5245700000
0.4999400000
-0.1121900000
1.0593000000
-0.8568300000
0.0730230000
0.4474500000
0.2758500000
0.7547800000
-0.1451900000
1.1306000000
-0.9945500000
-0.1254500000
0.2894600000
0.4451900000
0.3879100000
0.5631500000
0.2365900000
0.8793700000
-0.3766300000
0.7994100000
-0.5473100000
0.4692700000
-0.0714230000
1.1132000000
-0.9281800000
-0.0213010000
0.4997000000
0.1398600000
1.0121000000
-0.6506000000
0.4000200000
-0.0053313000
1.1909000000
-1.0273000000
-0.1508900000
0.2298500000
0.5338200000
0.2074400000
0.9142600000
-0.4505300000
0.6912300000
-0.4003600000
0.6650100000
-0.3306900000
0.7703300000
-0.4749000000
0.5778300000
-0.2197700000
0.9153200000
-0.6659200000
0.3256000000
0.1135300000
0.9698000000
-0.5919000000
0.4786700000
-0.1096900000
1.0529000000
-0.8447000000
0.0904320000
0.4239100000
0.3245600000
0.6602000000
0.0399360000
1.2622000000
-1.1258000000
-0.2827400000
-0.0435460000
0.7846000000
-0.3556000000
0.7877800000
-0.5170300000
0.5149400000
-0.1339100000
1.0298000000
-0.8176500000
0.1249000000
0.3788400000
0.4184100000
0.4781200000
0.3964000000
0.5651800000
0.2374000000
0.8790000000
-0.3756000000
0.8009800000
-0.5494600000
0.4664000000
-0.0676130000
1.1183000000
-0.9348500000
-0.0301080000
0.4813900000
0.1665800000
0.9575200000
-0.5444900000
0.5531300000
-0.2125600000
0.9152100000
-0.6621300000
0.3319800000
0.1045700000
0.9882100000
-0.6276800000
0.4270500000
-0.0398300000
1.1458000000
-0.9678000000
-0.0723550000
0.3931000000
0.2955600000
0.6941000000
-0.0321860000
1.2923000000
-1.2131000000
-0.4160300000
-0.3137800000
0.2585500000
0.4035700000
0.4432000000
0.4483400000
0.4594200000
0.4431600000
0.4763400000
0.4118000000
0.5381100000
0.2911200000
0.7741600000
-0.1705100000
1.0972000000
-0.9505200000
-0.0672810000
0.4103600000
0.2687500000
0.7483100000
-0.1377500000
1.1400000000
-1.0068000000
-0.1416300000
0.2558200000
0.4942900000
0.2876100000
0.7582100000
-0.1451500000
1.1323000000
-0.9975600000
-0.1296800000
0.2807600000
0.4578600000
0.3620200000
0.6135000000
0.1380700000
1.0720000000
-0.7534300000
0.2551900000
0.1894600000
0.8055200000
-0.2746600000
0.9358400000
-0.7282600000
0.2298700000
0.2450800000
0.6983000000
-0.0645630000
1.2394000000
-1.1392000000
-0.3170200000
-0.1085700000
0.6569300000
-0.1710600000
1.0377000000
-0.8495600000
0.0745820000
0.4484300000
0.2749600000
0.7567900000
-0.1490600000
1.1250000000
-0.9870300000
-0.1154400000
0.3102300000
0.4148800000
0.4498200000
0.4427500000
0.4722400000
0.4185700000
0.5245600000
0.3175400000
0.7224600000
-0.0694150000
1.2432000000
-1.1482000000
-0.3303100000
-0.1356200000
0.6042800000
-0.0950960000
1.1405000000
-0.9863600000
-0.1065800000
0.3256400000
0.3931300000
0.4945000000
0.3559200000
0.6421900000
0.0862330000
1.1745000000
-0.9535300000
-0.0337560000
0.4658500000
0.1911800000
0.9079200000
-0.4478700000
0.6925700000
-0.4013100000
0.6640600000
-0.3295500000
0.7717900000
-0.4768200000
0.5753100000
-0.2164300000
0.9197300000
-0.6717500000
0.3178900000
0.1237100000
0.9486400000
-0.5508300000
0.5379100000
-0.1898600000
0.9461900000
-0.7034600000
0.2772200000
0.1770000000
0.8377200000
-0.3356200000
0.8483000000
-0.6099200000
0.3872800000
0.0366630000
1.1313000000
-0.9049000000
0.0273280000
0.5010900000
0.1618100000
0.9754800000
-0.5774100000
0.5061500000
-0.1491500000
0.9995100000
-0.7737500000
0.1843800000
0.2996700000
0.5827500000
0.1591600000
1.0208000000
-0.6557800000
0.3955800000
-0.0003755900
1.1972000000
-1.0353000000
-0.1615100000
0.2077600000
0.5660600000
0.1415800000
1.0424000000
-0.7012100000
0.3291200000
0.0898900000
1.0117000000
-0.6750300000
0.3583300000
0.0533250000
1.0885000000
-0.8238100000
0.1437800000
0.3436700000
0.4876600000
0.3428100000
0.6610500000
0.0476270000
1.2496000000
-1.1004000000
-0.2459600000
0.0316510000
0.8232100000
-0.3836400000
0.7594200000
-0.4828400000
0.5588800000
-0.1915200000
0.9538500000
-0.7173100000
0.2575000000
0.2036000000
0.7826300000
-0.2286800000
1.0026000000
-0.8187000000
0.1094900000
0.4045200000
0.3670700000
0.5782400000
0.2005200000
0.9482400000
-0.5117500000
0.6041400000
-0.2829100000
0.8211200000
-0.5373600000
0.4970500000
-0.1136700000
1.0553000000
-0.8508300000
0.0812380000
0.4364800000
0.2986000000
0.7106200000
-0.0587520000
1.2554000000
-1.1636000000
-0.3504200000
-0.1775200000
0.5230100000
0.0221270000
1.2239000000
-1.0695000000
-0.2062800000
0.1145500000
0.7021300000
-0.1363400000
1.1193000000
-0.9709500000
-0.0909740000
0.3598700000
0.3427300000
0.5972900000
0.1559800000
1.0335000000
-0.6789200000
0.3625800000
0.0441540000
1.1062000000
-0.8585100000
0.0936450000
0.4115500000
0.3471900000
0.6155500000
0.1271600000
1.0916000000
-0.7921500000
0.1991500000
0.2653700000
0.6484500000
0.0303260000
1.2727000000
-1.1484000000
-0.3159000000
-0.1112300000
0.6529600000
-0.1656500000
1.0449000000
-0.8591100000
0.0619460000
0.4651400000
0.2402400000
0.8241500000
-0.2809400000
0.9344800000
-0.7290800000
0.2278000000
0.2482000000
0.6919600000
-0.0522360000
1.2572000000
-1.1633000000
-0.3490600000
-0.1750600000
0.5278600000
0.0151060000
1.2383000000
-1.0975000000
-0.2465800000
0.0320800000
0.8221700000
-0.3816600000
0.7622700000
-0.4866900000
0.5537600000
-0.1847400000
0.9628200000
-0.7291600000
0.2418300000
0.2243000000
0.7396000000
-0.1451700000
1.1230000000
-0.9817100000
-0.1074000000
0.3265600000
0.3911400000
0.4983400000
0.3484000000
0.6568800000
0.0574970000
1.2307000000
-1.0634000000
-0.1924900000
0.1410400000
0.6639800000
-0.0582510000
1.2330000000
-1.1252000000
-0.2963000000
-0.0662940000
0.7391500000
-0.2897000000
0.8770800000
-0.6358900000
0.3575300000
0.0742560000
1.0525000000
-0.7521700000
0.2475800000
0.2030400000
0.7786200000
-0.2221400000
1.0117000000
-0.8309100000
0.0932870000
0.4259600000
0.3225200000
0.6647000000
0.0312720000
1.2792000000
-1.1590000000
-0.3306800000
-0.1416400000
0.5938700000
-0.0804020000
1.1603000000
-1.0126000000
-0.1413500000
0.2534000000
0.4985500000
0.2791600000
0.7747000000
-0.1774100000
1.0857000000
-0.9344800000
-0.0457380000
0.4550100000
0.2036200000
0.8813500000
-0.3964800000
0.7666600000
-0.5015600000
0.5306800000
-0.1529400000
1.0053000000
-0.7855600000
0.1672200000
0.3229400000
0.5346100000
0.2526300000
0.8378400000
-0.2980200000
0.9122900000
-0.6999000000
0.2663200000
0.1973100000
0.7977300000
-0.2574900000
0.9611300000
-0.7626700000
0.1840300000
0.3058100000
0.5721400000
0.1802700000
0.9796000000
-0.5751900000
0.5119900000
-0.1579700000
0.9874500000
-0.7576400000
0.2057300000
0.2714400000
0.6414200000
0.0453130000
1.2437000000
-1.0916000000
-0.2338700000
0.0566230000
0.7868100000
-0.3092600000
0.8676700000
-0.6296600000
0.3634100000
0.0673710000
1.0672000000
-0.7805100000
0.2067200000
0.2583300000
0.6642000000
0.0000184480
1.3321000000
-1.2645000000
-0.4836300000
-0.4544300000
-0.0143450000
0.7484000000
-0.2794500000
0.8991300000
-0.6682500000
0.3135400000
0.1328600000
0.9309100000
-0.5161200000
0.5880600000
-0.2577500000
0.8558500000
-0.5838200000
0.4354300000
-0.0321470000
1.1631000000
-0.9932900000
-0.1070600000
0.3213600000
0.4001600000
0.4804100000
0.3833800000
0.5884500000
0.1913200000
0.9689900000
-0.5516200000
0.5467400000
-0.2052700000
0.9244100000
-0.6741400000
0.3161800000
0.1254300000
0.9448500000
-0.5435300000
0.5484300000
-0.2040900000
0.9272600000
-0.6783900000
0.3103700000
0.1331800000
0.9287800000
-0.5123400000
0.5934200000
-0.2649800000
0.8462400000
-0.5711000000
0.4522500000
-0.0543700000
1.1337000000
-0.9544600000
-0.0557420000
0.4280100000
0.2445200000
0.7983200000
-0.2348900000
0.9998500000
-0.8171900000
0.1107000000
0.4032200000
0.3698800000
0.5728100000
0.2111500000
0.9274400000
-0.4710800000
0.6628900000
-0.3624500000
0.7152700000
-0.3971900000
0.6824100000
-0.3586900000
0.7314300000
-0.4227800000
0.6470000000
-0.3112800000
0.7943200000
-0.5059900000
0.5369900000
-0.1658700000
0.9865200000
-0.7600100000
0.2012300000
0.2778900000
0.6282000000
0.0710100000
1.1934000000
-0.9932400000
-0.0918240000
0.3472800000
0.3637200000
0.5553200000
0.2378100000
0.8733900000
-0.3658500000
0.8147500000
-0.5680000000
0.4417800000
-0.0350250000
1.1613000000
-0.9918000000
-0.1053900000
0.3249300000
0.3949200000
0.4911000000
0.3625900000
0.6291500000
0.1117500000
1.1246000000
-0.8559500000
0.1071900000
0.3898000000
0.3909300000
0.5303300000
0.2939100000
0.7655200000
-0.1544200000
1.1202000000
-0.9816200000
-0.1086400000
0.3245000000
0.3940200000
0.4924100000
0.3599100000
0.6343600000
0.1015400000
1.1446000000
-0.8949900000
0.0508060000
0.4661400000
0.2329700000
0.8370200000
-0.3064500000
0.8975500000
-0.6790500000
0.2943800000
0.1600200000
0.8751500000
-0.4077500000
0.7444000000
-0.4693600000
0.5742900000
-0.2109800000
0.9284900000
-0.6839200000
0.3015800000
0.1453500000
0.9037000000
-0.4636200000
0.6637000000
-0.3601000000
0.7196800000
-0.4035100000
0.6738800000
-0.3473500000
0.7464500000
-0.4426300000
0.6207500000
-0.2765800000
0.8401800000
-0.5666000000
0.4568800000
-0.0599860000
1.1265000000
-0.9449800000
-0.0432300000
0.4540200000
0.2065500000
0.8758700000
-0.3857100000
0.7822300000
-0.5226400000
0.5026200000
-0.1157800000
1.0545000000
-0.8505200000
0.0813660000
0.4364200000
0.2987700000
0.7103000000
-0.0581250000
1.2563000000
-1.1648000000
-0.3520500000
-0.1809100000
0.5164300000
0.0316210000
1.2045000000
-1.0318000000
-0.1517700000
0.2261000000
0.5397400000
0.1954900000
0.9375300000
-0.4960600000
0.6254700000
-0.3113300000
0.7834800000
-0.4875700000
0.5628600000
-0.2006500000
0.9403200000
-0.6988700000
0.2820800000
0.1710300000
0.8502900000
-0.3599700000
0.8131900000
-0.5624100000
0.4505000000
-0.0470550000
1.1453000000
-0.9704600000
-0.0771610000
0.3835900000
0.3093100000
0.6659700000
0.0225030000
1.2947000000
-1.1898000000
-0.3752800000
-0.2328700000
0.4164800000
0.1755500000
0.9098100000
-0.4589000000
0.6747800000
-0.3765700000
0.6972200000
-0.3735600000
0.7135600000
-0.3998300000
0.6770700000
-0.3509400000
0.7419400000
-0.4367700000
0.6284600000
-0.2867700000
0.8267200000
-0.5488100000
0.4803800000
-0.0910590000
1.0854000000
-0.8907000000
0.0285120000
0.5061800000
0.1537500000
0.9917200000
-0.6090500000
0.4604700000
-0.0873300000
1.0818000000
-0.8826800000
0.0403250000
0.4901100000
0.1869800000
0.9271800000
-0.4827200000
0.6429700000
-0.3344100000
0.7529900000
-0.4472900000
0.6161000000
-0.2710200000
0.8473200000
-0.5759600000
0.4445400000
-0.0436900000
1.1480000000
-0.9734400000
-0.0808460000
0.3758400000
0.3206400000
0.6428300000
0.0675160000
1.2066000000
-1.0175000000
-0.1264700000
0.2762300000
0.4671700000
0.3439300000
0.6489100000
0.0688130000
1.2075000000
-1.0183000000
-0.1273700000
0.2743200000
0.4699700000
0.3382200000
0.6600200000
0.0470760000
1.2500000000
-1.1014000000
-0.2474400000
0.0286460000
0.8275800000
-0.3925700000
0.7464200000
-0.4652000000
0.5823700000
-0.2226200000
0.9127200000
-0.6629400000
0.3293600000
0.1086100000
0.9800400000
-0.6117700000
0.4500200000
-0.0709130000
1.1045000000
-0.9130300000
0.0000726030
0.5433600000
0.0763240000
1.1419000000
-0.9031200000
0.0356640000
0.4878100000
0.1885500000
0.9233700000
-0.4754500000
0.6534200000
-0.3485400000
0.7341900000
-0.4223900000
0.6490200000
-0.3145400000
0.7898000000
-0.4999200000
0.5450300000
-0.1765100000
0.9724500000
-0.7414100000
0.2258200000
0.2454000000
0.6957300000
-0.0600440000
1.2458000000
-1.1479000000
-0.3284800000
-0.1323500000
0.6107700000
-0.1044800000
1.1278000000
-0.9694400000
-0.0841710000
0.3721900000
0.3252000000
0.6332600000
0.0860520000
1.1703000000
-0.9465500000
-0.0239720000
0.4859700000
0.1618600000
0.9678200000
-0.5643500000
0.5245100000
-0.1738400000
0.9667300000
-0.7303600000
0.2417600000
0.2238400000
0.7403600000
-0.1466900000
1.1208000000
-0.9787200000
-0.1034200000
0.3348300000
0.3790900000
0.5229700000
0.3005000000
0.7506400000
-0.1258400000
1.1614000000
-1.0373000000
-0.1826900000
0.1707800000
0.6183300000
0.0342290000
1.2510000000
-1.1095000000
-0.2607400000
0.0019741000
0.8662800000
-0.4716800000
0.6312800000
-0.3090200000
0.7903100000
-0.4980400000
0.5484900000
-0.1814500000
0.9657700000
-0.7325400000
0.2375600000
0.2298700000
0.7280100000
-0.1226700000
1.1555000000
-1.0256000000
-0.1658100000
0.2053100000
0.5680600000
0.1369500000
1.0512000000
-0.7186000000
0.3039900000
0.1239200000
0.9413200000
-0.5382900000
0.5555700000
-0.2136100000
0.9146400000
-0.6617000000
0.3324400000
0.1040100000
0.9894000000
-0.6299800000
0.4237300000
-0.0353390000
1.1518000000
-0.9757100000
-0.0828180000
0.3713500000
0.3272900000
0.6292800000
0.0938650000
1.1551000000
-0.9166900000
0.0191650000
0.5090700000
0.1441600000
1.0095000000
-0.6440300000
0.4098900000
-0.0188290000
1.1729000000
-1.0034000000
-0.1193200000
0.2954500000
0.4380800000
0.4029900000
0.5339500000
0.2937900000
0.7675400000
-0.1579200000
1.1153000000
-0.9749700000
-0.0998060000
0.3428400000
0.3672600000
0.5470700000
0.2536100000
0.8424100000
-0.3052900000
0.9022200000
-0.6864100000
0.2842100000
0.1736400000
0.8469100000
-0.3529300000
0.8234700000
-0.5763700000
0.4319100000
-0.0224250000
1.1778000000
-1.0135000000
-0.1340800000
0.2653100000
0.4819400000
0.3133600000
0.7082500000
-0.0473520000
1.2736000000
-1.1888000000
-0.3842200000
-0.2476000000
0.3869700000
0.2183500000
0.8222900000
-0.2887200000
0.9203200000
-0.7089000000
0.2550300000
0.2120000000
0.7671100000
-0.1980800000
1.0468000000
-0.8786300000
0.0297360000
0.5101300000
0.1476400000
1.0041000000
-0.6331100000
0.4257500000
-0.0403320000
1.1443000000
-0.9654900000
-0.0691850000
0.3996400000
0.2860200000
0.7135800000
-0.0700730000
1.2377000000
-1.1391000000
-0.3175800000
-0.1094200000
0.6551900000
-0.1685300000
1.0411000000
-0.8541200000
0.0685450000
0.4564100000
0.2583700000
0.7889800000
-0.2120900000
1.0339000000
-0.8637400000
0.0486050000
0.4855000000
0.1989500000
0.9045300000
-0.4382200000
0.7072900000
-0.4215000000
0.6371000000
-0.2938100000
0.8190700000
-0.5393200000
0.4926900000
-0.1072300000
1.0640000000
-0.8625000000
0.0657750000
0.4569300000
0.2561000000
0.7930900000
-0.2202100000
1.0222000000
-0.8478300000
0.0697820000
0.4574500000
0.2572200000
0.7914600000
-0.2168700000
1.0271000000
-0.8544300000
0.0610030000
0.4690800000
0.2330600000
0.8383300000
-0.3086400000
0.8944800000
-0.6749400000
0.2998400000
0.1528000000
0.8901700000
-0.4368800000
0.7023800000
-0.4124900000
0.6499500000
-0.3111700000
0.7959900000
-0.5087700000
0.5330900000
-0.1606400000
0.9934600000
-0.7692000000
0.1890800000
0.2939600000
0.5948200000
0.1357900000
1.0666000000
-0.7452600000
0.2663300000
0.1746000000
0.8363500000
-0.3344900000
0.8495400000
-0.6114700000
0.3852800000
0.0392910000
1.1258000000
-0.8942900000
0.0426280000
0.4803900000
0.2046600000
0.8922800000
-0.4145400000
0.7414200000
-0.4676800000
0.5756600000
-0.2124500000
0.9266600000
-0.6815400000
0.3047100000
0.1412300000
0.9122600000
-0.4802400000
0.6397300000
-0.3276600000
0.7628400000
-0.4606600000
0.5983000000
-0.2474300000
0.8785100000
-0.6171900000
0.3900400000
0.0283400000
1.1468000000
-0.9354600000
-0.0168640000
0.5036000000
0.1354500000
1.0215000000
-0.6688900000
0.3736500000
0.0303410000
1.1352000000
-0.9147500000
0.0125500000
0.5212900000
0.1200800000
1.0565000000
-0.7360200000
0.2770200000
0.1610600000
0.8647000000
-0.3894600000
