19.1000000000
20.4600000000
12.8700000000
8.4300000000
25.3500000000
3.2200000000
5.3400000000
26.6600000000
3.0600000000
58.4700000000
25.9000000000
27.4700000000
43.8100000000
29.5600000000
24.2000000000
21.9500000000
4.5100000000
10.6000000000
20.4100000000
20.1300000000
44.5100000000
13.3900000000
25.3800000000
32.6500000000
34.1400000000
22.0100000000
23.6100000000
25.9600000000
14.1300000000
4.4800000000
16.6900000000
11.7200000000
7.6100000000
12.9000000000
4.7900000000
16.8000000000
29.0200000000
21.4800000000
23.4100000000
22.1600000000
5.6200000000
1.9700000000
1.0400000000
4.7800000000
23.6800000000
22.9900000000
24.2700000000
96.9500000000
50.4700000000
38.0700000000
19.9000000000
11.4200000000
20.9100000000
3.4600000000
1.5900000000
1.8900000000
34.8600000000
15.0200000000
26.0300000000
45.2700000000
29.7600000000
32.3200000000
16.3000000000
6.0000000000
6.0400000000
5.4300000000
2.8200000000
6.1400000000
4.5000000000
44.0700000000
20.7800000000
26.2000000000
22.5100000000
25.3000000000
17.5200000000
19.8800000000
4.5500000000
11.4400000000
21.4400000000
6.6400000000
36.8700000000
25.2300000000
10.2000000000
23.6300000000
46.0600000000
35.5800000000
38.5500000000
26.3000000000
9.3000000000
19.6200000000
22.1300000000
21.7100000000
28.1600000000
49.2900000000
53.2000000000
54.3600000000
61.0800000000
16.3400000000
25.7500000000
6.4300000000
7.1200000000
3.6200000000
7.6700000000
10.4100000000
6.2600000000
16.1100000000
17.0800000000
8.4900000000
24.2200000000
20.3800000000
20.5600000000
12.9600000000
10.2800000000
3.8500000000
2.4300000000
14.7300000000
18.8400000000
30.1000000000
25.1100000000
26.2900000000
49.4000000000
10.7000000000
7.8800000000
6.7100000000
4.4300000000
7.9700000000
22.9500000000
13.0000000000
23.0400000000
36.7000000000
45.3800000000
26.0700000000
14.1800000000
39.7800000000
43.9500000000
25.5400000000
5.3800000000
7.7500000000
6.4300000000
9.5300000000
26.1500000000
18.9500000000
28.3700000000
115.8700000000
69.4900000000
31.9500000000
39.8300000000
34.9500000000
14.7900000000
6.4100000000
23.9300000000
40.7500000000
14.2000000000
31.6800000000
45.6900000000
23.8800000000
31.9800000000
16.1600000000
12.2300000000
16.5600000000
25.8900000000
10.4400000000
4.3300000000
19.9000000000
13.1200000000
19.2400000000
34.3200000000
24.6800000000
9.4000000000
28.7500000000
17.6900000000
15.3000000000
6.3500000000
19.4100000000
18.6900000000
23.6700000000
9.3800000000
8.1700000000
12.6000000000
16.7500000000
7.1700000000
22.6100000000
10.6300000000
18.3300000000
6.8800000000
5.4100000000
27.9200000000
6.4300000000
24.4400000000
36.2600000000
26.5200000000
29.5700000000
13.6000000000
31.5000000000
33.4200000000
10.7300000000
17.5000000000
8.4000000000
20.3600000000
36.3700000000
24.7000000000
33.3400000000
38.8500000000
32.4900000000
23.3900000000
26.1600000000
24.0200000000
31.9300000000
8.2000000000
20.9900000000
22.2000000000
8.4600000000
13.2700000000
21.6200000000
36.2800000000
51.6900000000
74.5800000000
41.0200000000
20.9800000000
17.3700000000
6.0400000000
8.3900000000
16.7100000000
7.9600000000
23.1400000000
23.4300000000
20.3200000000
24.3600000000
54.5300000000
24.5200000000
21.6300000000
14.6100000000
5.1000000000
1.6900000000
20.9700000000
3.8000000000
7.3700000000
12.5000000000
13.4500000000
31.9300000000
24.1900000000
26.4900000000
20.4700000000
11.9400000000
21.3900000000
5.1300000000
2.5200000000
2.5900000000
9.4500000000
27.5600000000
18.3000000000
12.0000000000
32.5200000000
9.9100000000
19.6800000000
22.8400000000
26.2000000000
4.6900000000
25.1800000000
5.7200000000
12.4100000000
43.8600000000
31.3500000000
44.3000000000
27.6400000000
13.9200000000
14.0100000000
9.6400000000
7.3400000000
2.0700000000
1.6000000000
3.3000000000
16.9500000000
9.3300000000
26.6900000000
23.0300000000
11.2200000000
12.7700000000
25.1700000000
12.1700000000
6.2200000000
6.6400000000
27.9800000000
7.9400000000
5.0300000000
9.5500000000
64.8300000000
17.5700000000
12.3600000000
16.1500000000
17.5000000000
20.4800000000
7.5900000000
2.1400000000
4.9000000000
16.8800000000
4.7200000000
35.1100000000
12.1300000000
15.3900000000
36.8300000000
10.9000000000
20.7600000000
9.3200000000
8.6900000000
10.5600000000
7.0600000000
27.5900000000
9.0900000000
12.8100000000
31.3700000000
10.6100000000
19.8200000000
5.9600000000
14.1600000000
18.9500000000
6.7700000000
3.8600000000
17.6500000000
32.1500000000
19.8800000000
29.0600000000
29.0000000000
47.7100000000
23.3400000000
32.9900000000
8.9400000000
7.9000000000
24.1500000000
19.2900000000
6.0100000000
28.5800000000
29.6200000000
46.3500000000
15.9800000000
9.6900000000
16.7300000000
27.3900000000
8.9600000000
5.6400000000
8.1200000000
3.3700000000
10.5600000000
11.9400000000
11.7300000000
15.1100000000
17.0200000000
24.9500000000
29.4600000000
67.1400000000
28.4200000000
19.5700000000
18.4000000000
14.1400000000
13.7900000000
15.8800000000
4.5100000000
32.3300000000
20.3500000000
25.6000000000
22.8900000000
16.1900000000
35.9300000000
10.5400000000
4.3800000000
3.9600000000
35.1100000000
12.8900000000
4.7800000000
25.8500000000
40.1200000000
34.0700000000
20.6200000000
14.4100000000
30.7400000000
11.0600000000
3.5200000000
12.1900000000
9.3800000000
6.0200000000
20.9600000000
25.2700000000
9.1800000000
32.4700000000
14.2500000000
22.8400000000
48.3200000000
15.6100000000
6.5200000000
9.5400000000
4.7100000000
18.1800000000
17.4800000000
13.6800000000
18.9500000000
29.6200000000
23.0600000000
28.2100000000
12.6000000000
21.6300000000
12.1200000000
6.3700000000
3.3900000000
17.0000000000
3.8200000000
31.8000000000
21.0700000000
34.6600000000
63.7900000000
28.2300000000
16.4100000000
24.8000000000
24.1500000000
4.9600000000
16.9300000000
4.5700000000
24.7800000000
19.6400000000
25.1500000000
23.2700000000
37.6500000000
44.4700000000
8.7900000000
20.7600000000
7.1300000000
18.0600000000
5.6200000000
26.9600000000
5.2900000000
41.9300000000
32.0600000000
32.6800000000
23.9300000000
12.1900000000
19.5000000000
13.2100000000
5.3800000000
3.8200000000
3.5900000000
5.8200000000
4.4600000000
13.0100000000
44.5400000000
27.3500000000
17.8700000000
13.1700000000
13.3700000000
10.6400000000
9.8000000000
3.3900000000
12.4200000000
8.9700000000
4.9200000000
18.3100000000
18.0000000000
28.9100000000
46.4600000000
49.3400000000
49.4700000000
14.7300000000
21.1700000000
4.7100000000
13.0500000000
19.1800000000
18.8300000000
109.1900000000
20.7300000000
23.8200000000
33.7600000000
21.6500000000
21.5800000000
19.7600000000
19.1500000000
5.2200000000
6.0800000000
11.0400000000
4.3100000000
6.7900000000
19.7100000000
18.6500000000
12.0300000000
15.1400000000
19.2300000000
19.7800000000
3.5300000000
1.7300000000
0.7700000000
12.1900000000
9.6600000000
13.2500000000
34.2000000000
10.1500000000
34.7900000000
20.2100000000
19.4800000000
7.9600000000
21.0500000000
2.9700000000
2.3000000000
10.1900000000
3.2400000000
25.1000000000
27.2600000000
17.0500000000
25.2000000000
23.6700000000
21.9400000000
12.3500000000
23.9500000000
19.2200000000
9.2000000000
9.2200000000
2.9900000000
31.6400000000
19.0000000000
38.1200000000
24.4400000000
28.0000000000
37.0600000000
20.5900000000
15.9700000000
4.5200000000
7.7900000000
11.4700000000
18.3000000000
16.7100000000
18.1900000000
11.9000000000
19.6500000000
21.4100000000
27.5500000000
20.6800000000
6.6800000000
7.6200000000
11.3000000000
10.6500000000
8.6000000000
21.5900000000
9.1900000000
31.3100000000
30.4700000000
44.7100000000
13.8600000000
21.3800000000
11.2900000000
4.7100000000
14.5100000000
24.7100000000
3.1400000000
15.2900000000
19.7700000000
23.2900000000
14.9800000000
32.2200000000
17.9800000000
13.5200000000
6.9000000000
8.6200000000
2.6600000000
5.2100000000
7.9900000000
18.2100000000
33.5900000000
47.3100000000
28.7300000000
25.8400000000
27.5900000000
5.3800000000
9.3100000000
27.3000000000
18.8000000000
31.4400000000
13.8500000000
22.6000000000
22.5600000000
35.5100000000
33.5000000000
22.6600000000
48.2200000000
32.5200000000
13.7600000000
5.9400000000
3.3000000000
2.2100000000
10.9500000000
16.2300000000
21.1500000000
21.2500000000
24.1700000000
33.5800000000
26.0700000000
9.6500000000
7.8300000000
7.8600000000
6.1000000000
5.9100000000
7.5400000000
10.4000000000
39.2300000000
73.1300000000
37.7000000000
43.0000000000
14.2800000000
9.8600000000
6.4400000000
2.1300000000
7.9400000000
10.7200000000
4.4300000000
5.3200000000
11.0300000000
46.3800000000
32.9200000000
42.2300000000
33.5700000000
16.6700000000
21.0200000000
6.0100000000
13.0700000000
8.5500000000
8.3900000000
43.9700000000
33.6600000000
30.6600000000
25.9800000000
17.6200000000
17.5000000000
12.3200000000
8.5500000000
4.3200000000
2.7400000000
36.0400000000
7.5300000000
24.8600000000
23.2800000000
18.7200000000
30.5000000000
33.4500000000
11.1800000000
7.5000000000
6.6900000000
2.4500000000
14.3500000000
17.2200000000
54.3500000000
26.0700000000
20.6000000000
41.1400000000
30.1700000000
17.0200000000
27.4500000000
12.7200000000
5.4600000000
2.7100000000
2.2000000000
5.1900000000
3.9000000000
17.5400000000
23.5900000000
32.7200000000
46.0800000000
29.7300000000
33.0600000000
36.6800000000
27.6000000000
5.4300000000
22.1700000000
5.6100000000
5.2700000000
14.7800000000
12.2600000000
26.1400000000
58.1200000000
7.8200000000
22.2200000000
7.5500000000
6.2700000000
2.0500000000
2.0900000000
16.4800000000
4.7900000000
14.1800000000
16.2100000000
39.8100000000
26.7400000000
41.7900000000
24.9700000000
25.0600000000
5.5400000000
3.5100000000
16.9700000000
7.7800000000
21.4900000000
10.8700000000
9.2900000000
40.9800000000
24.4400000000
47.5100000000
18.0700000000
21.2100000000
14.6900000000
3.0600000000
5.8100000000
22.9400000000
14.3900000000
35.5700000000
39.2200000000
17.3300000000
36.6400000000
10.7300000000
10.3300000000
11.2800000000
29.3200000000
5.4100000000
20.2300000000
8.9500000000
18.6000000000
26.9900000000
20.0700000000
43.2500000000
36.0000000000
43.7600000000
17.7900000000
28.7600000000
24.7200000000
1.9800000000
1.4200000000
6.5000000000
9.3800000000
22.9500000000
12.3100000000
43.7600000000
35.1600000000
27.8800000000
19.3900000000
11.1300000000
8.4700000000
8.2900000000
15.1400000000
12.0600000000
21.5400000000
23.7900000000
39.8000000000
14.4700000000
27.5600000000
14.7700000000
21.9500000000
19.7100000000
8.6700000000
8.6100000000
19.9300000000
42.1400000000
37.8500000000
27.8600000000
35.6300000000
17.0300000000
68.6600000000
36.5200000000
30.5100000000
7.9300000000
6.9700000000
24.0200000000
5.7200000000
32.3800000000
4.9200000000
23.8700000000
41.9200000000
16.5800000000
13.7100000000
8.4900000000
4.9000000000
6.5500000000
4.9700000000
3.6300000000
10.0600000000
11.5500000000
5.9300000000
20.3900000000
33.3800000000
62.4600000000
55.4100000000
16.7500000000
23.9700000000
21.2200000000
5.3400000000
4.0100000000
20.2100000000
28.4900000000
23.0100000000
29.5700000000
31.8300000000
25.9700000000
26.7300000000
27.6500000000
9.3400000000
21.5700000000
14.1700000000
19.5500000000
21.6500000000
19.7600000000
9.8600000000
10.9300000000
26.8600000000
18.8200000000
34.7100000000
8.8900000000
18.8800000000
23.3700000000
16.7400000000
4.0800000000
14.5300000000
6.1100000000
17.8700000000
33.3000000000
20.3000000000
22.8000000000
23.4500000000
31.6900000000
25.8900000000
13.0600000000
10.1400000000
6.0900000000
7.1200000000
4.0700000000
5.0500000000
20.3000000000
18.2900000000
8.4700000000
26.6000000000
6.1300000000
21.3000000000
23.4500000000
9.1200000000
5.2200000000
6.4700000000
10.5600000000
8.6100000000
33.2500000000
14.9300000000
40.5300000000
19.1000000000
45.8500000000
18.2500000000
24.1100000000
3.9600000000
6.3800000000
3.1600000000
3.9100000000
35.9900000000
42.1800000000
46.8400000000
27.7200000000
41.2900000000
24.8600000000
27.5600000000
8.8200000000
7.9100000000
12.3600000000
12.4600000000
6.9200000000
25.8100000000
22.9000000000
28.6900000000
36.2300000000
36.6900000000
42.2300000000
29.2600000000
22.1000000000
15.5500000000
4.2200000000
3.7900000000
2.9700000000
7.4100000000
11.2300000000
9.4600000000
22.8900000000
37.1200000000
17.2500000000
13.7700000000
5.5600000000
11.6800000000
10.0700000000
12.7700000000
12.2500000000
6.6100000000
54.3900000000
38.6300000000
36.6200000000
78.0600000000
36.9200000000
32.3500000000
12.4900000000
4.0700000000
5.6600000000
17.4500000000
12.0600000000
5.3900000000
30.6200000000
36.3800000000
14.1500000000
7.4500000000
28.3900000000
24.3300000000
14.9300000000
5.9300000000
2.1100000000
15.1900000000
4.1500000000
9.4300000000
25.4100000000
28.6700000000
25.4800000000
22.4800000000
33.8400000000
34.9600000000
13.9700000000
6.8400000000
2.2500000000
1.2000000000
5.5900000000
1.6800000000
18.8900000000
21.5500000000
13.3300000000
20.1200000000
10.2700000000
26.2500000000
11.3900000000
8.1700000000
2.9100000000
6.5300000000
9.3600000000
11.6500000000
18.6000000000
8.7000000000
25.3200000000
35.4400000000
22.3900000000
14.1900000000
15.0700000000
18.2500000000
6.7600000000
5.6000000000
26.5200000000
18.6400000000
22.4500000000
21.4300000000
18.8700000000
29.4200000000
17.6700000000
6.3000000000
9.4900000000
5.3900000000
6.0300000000
13.8300000000
6.0300000000
30.9200000000
26.4300000000
59.7200000000
36.4000000000
42.7800000000
42.5200000000
15.7400000000
17.8200000000
19.5000000000
8.8300000000
5.3100000000
17.0100000000
8.7700000000
28.8300000000
8.2700000000
14.4000000000
23.0500000000
21.5100000000
12.9600000000
8.8800000000
6.9200000000
4.8100000000
13.0500000000
20.0500000000
26.9100000000
8.0400000000
52.0400000000
32.9800000000
27.1500000000
6.6200000000
59.9800000000
77.3100000000
9.6200000000
15.7300000000
13.5500000000
2.3600000000
9.9700000000
5.8400000000
23.9000000000
23.7700000000
77.1800000000
30.9800000000
21.4500000000
22.4800000000
5.8400000000
15.6300000000
3.9400000000
18.4900000000
19.3300000000
14.5800000000
16.8600000000
23.3500000000
15.2600000000
22.0000000000
9.0400000000
19.0900000000
5.1200000000
2.1700000000
3.7500000000
3.5100000000
6.3300000000
24.7800000000
39.1800000000
50.7400000000
21.4800000000
58.5100000000
15.0400000000
20.5600000000
8.8200000000
4.3000000000
10.6300000000
25.6700000000
27.7100000000
20.8700000000
41.0000000000
18.7800000000
26.3300000000
33.2500000000
28.5900000000
21.7300000000
14.7800000000
3.1900000000
2.1200000000
11.5800000000
8.0000000000
6.4700000000
67.4500000000
60.3300000000
29.4000000000
22.1800000000
14.7100000000
11.1200000000
6.6800000000
3.7300000000
2.8600000000
12.3400000000
16.4300000000
22.3500000000
19.6300000000
22.9000000000
10.6000000000
16.8600000000
6.0500000000
16.6200000000
9.6900000000
5.6500000000
12.3400000000
21.4000000000
14.2300000000
10.8700000000
22.3700000000
12.5200000000
23.2300000000
21.9000000000
17.5400000000
6.0200000000
18.8100000000
8.2600000000
6.8200000000
25.8300000000
25.5200000000
55.4500000000
63.8500000000
47.1100000000
31.8900000000
15.5000000000
21.6400000000
7.3500000000
11.7200000000
5.9800000000
3.6900000000
2.6200000000
3.2000000000
9.2300000000
11.7500000000
40.3700000000
28.6700000000
23.3100000000
17.0600000000
7.0600000000
4.4100000000
4.8000000000
12.0000000000
40.3100000000
22.7800000000
20.2100000000
10.7100000000
34.0800000000
33.9400000000
28.3900000000
19.8000000000
5.3700000000
6.8000000000
3.4400000000
15.1700000000
25.3900000000
21.1900000000
25.3000000000
16.3100000000
29.6500000000
24.6300000000
48.6300000000
24.6200000000
10.9700000000
23.5200000000
12.0300000000
11.3700000000
18.0700000000
18.4100000000
18.6400000000
7.2900000000
29.0200000000
22.6900000000
8.2900000000
10.9600000000
19.1000000000
3.1600000000
2.5900000000
2.9100000000
1.4900000000
1.2000000000
8.9200000000
30.1500000000
47.6700000000
49.2700000000
34.2100000000
23.8800000000
15.6700000000
7.9600000000
2.9900000000
16.3900000000
10.8000000000
10.6100000000
43.6700000000
40.9400000000
38.4800000000
49.6500000000
31.0100000000
16.7500000000
24.3000000000
8.3600000000
4.3500000000
16.1600000000
14.0900000000
8.4200000000
29.5400000000
20.2000000000
24.8700000000
51.1200000000
24.8400000000
12.3900000000
22.8100000000
12.9000000000
3.4800000000
5.0200000000
18.1800000000
17.4200000000
7.9600000000
16.2600000000
19.3100000000
8.2400000000
5.2800000000
51.1000000000
17.5700000000
8.4800000000
17.3800000000
5.6800000000
18.6500000000
20.0800000000
18.6600000000
57.2100000000
14.5100000000
14.3100000000
12.1300000000
23.0900000000
16.7400000000
7.6100000000
6.8100000000
5.6500000000
9.9100000000
8.6100000000
7.3400000000
14.1700000000
29.1700000000
39.1900000000
17.7400000000
24.2100000000
25.2900000000
12.2400000000
7.4000000000
11.1200000000
12.7900000000
25.8900000000
14.0800000000
23.1100000000
53.0100000000
23.8700000000
49.4000000000
21.2200000000
30.0300000000
16.7100000000
12.0700000000
6.9200000000
19.4600000000
13.4200000000
26.3000000000
24.3400000000
37.7700000000
20.2400000000
43.0700000000
26.3200000000
12.3400000000
29.1700000000
5.4100000000
12.5900000000
21.3800000000
19.6600000000
53.6000000000
29.7700000000
26.1500000000
27.6900000000
18.9500000000
40.5100000000
16.9000000000
11.7800000000
8.6100000000
11.1100000000
7.8100000000
24.7300000000
28.9200000000
19.1500000000
26.6600000000
28.2300000000
21.6300000000
31.5400000000
21.6100000000
18.4200000000
14.1400000000
4.3900000000
6.1700000000
10.3300000000
5.7400000000
35.4200000000
20.8300000000
30.9700000000
31.1900000000
19.5600000000
23.6700000000
4.9100000000
2.8200000000
10.3200000000
10.7500000000
9.9500000000
22.5300000000
35.4700000000
25.9200000000
23.3400000000
21.1000000000
23.3500000000
21.4100000000
6.6100000000
7.8400000000
6.3800000000
24.9900000000
3.8300000000
16.4300000000
20.8000000000
11.5300000000
31.9700000000
25.2300000000
24.0100000000
19.5400000000
22.8800000000
11.1100000000
6.9100000000
4.8000000000
3.0400000000
2.8100000000
22.1000000000
25.3700000000
20.9800000000
18.3600000000
8.6500000000
20.5300000000
16.1800000000
4.4200000000
15.3000000000
17.2400000000
7.2200000000
12.7600000000
10.6800000000
21.4800000000
49.3600000000
28.3400000000
25.5000000000
7.1100000000
4.9500000000
3.7000000000
10.1800000000
8.4100000000
17.9700000000
16.6100000000
32.8000000000
53.3700000000
46.5000000000
13.6000000000
12.6400000000
18.1000000000
5.6200000000
2.7800000000
10.9000000000
15.3000000000
17.9000000000
9.9200000000
15.7100000000
13.3100000000
27.0700000000
20.2600000000
17.4900000000
8.8800000000
21.1400000000
2.7300000000
1.9700000000
1.2200000000
30.2700000000
51.4800000000
15.9900000000
29.9400000000
33.8300000000
33.4200000000
27.1300000000
23.4500000000
8.1300000000
9.2600000000
3.7700000000
5.2000000000
6.9300000000
16.7700000000
31.8200000000
29.8200000000
42.7500000000
27.7900000000
27.7600000000
10.7100000000
5.4100000000
3.3800000000
2.8700000000
12.9700000000
18.4200000000
8.8700000000
22.6100000000
75.7900000000
27.0500000000
29.1100000000
64.0600000000
17.7300000000
25.5600000000
3.9900000000
2.3000000000
10.6300000000
6.2900000000
17.0700000000
29.7200000000
60.4300000000
33.5900000000
30.9800000000
31.7500000000
5.1600000000
3.2800000000
23.3000000000
6.8200000000
18.4800000000
9.4400000000
26.6800000000
27.8200000000
31.3100000000
29.7500000000
22.0100000000
45.1700000000
17.0100000000
13.8800000000
6.0700000000
4.6300000000
3.6900000000
23.8400000000
36.2600000000
38.0500000000
26.6200000000
37.8100000000
16.5100000000
27.0900000000
6.1600000000
6.3400000000
16.5700000000
4.6500000000
12.3300000000
10.2800000000
19.4000000000
46.8900000000
34.5500000000
42.2100000000
23.9700000000
23.6500000000
26.6600000000
21.8600000000
5.1000000000
2.9500000000
1.9200000000
8.5800000000
22.7500000000
10.4800000000
40.3900000000
48.9600000000
23.9800000000
25.1900000000
5.6700000000
3.0500000000
2.6300000000
1.2700000000
2.3500000000
16.3100000000
24.6900000000
48.9900000000
24.1400000000
27.5200000000
8.5900000000
21.4500000000
19.3600000000
17.4900000000
5.3500000000
16.8400000000
30.7500000000
20.2600000000
10.0100000000
23.4800000000
31.2100000000
49.1000000000
18.3000000000
26.0600000000
33.5400000000
24.9900000000
4.0700000000
2.2900000000
24.5800000000
3.6400000000
20.2800000000
29.5700000000
48.0900000000
24.7700000000
23.3900000000
30.6000000000
17.0400000000
5.8200000000
15.3500000000
16.2000000000
7.3500000000
15.8800000000
33.1000000000
26.8000000000
23.4700000000
51.3700000000
29.3400000000
27.3800000000
11.9000000000
8.1700000000
2.6800000000
26.7800000000
13.6700000000
9.9900000000
30.8500000000
21.9200000000
26.3200000000
15.1900000000
29.5200000000
29.9600000000
23.2900000000
3.9300000000
2.9300000000
1.2700000000
1.6700000000
0.8600000000
9.8700000000
7.8900000000
22.4200000000
47.0200000000
69.0400000000
17.5600000000
8.6500000000
5.9900000000
5.0500000000
4.0000000000
3.6700000000
6.1100000000
19.8900000000
17.9300000000
43.1000000000
37.7000000000
44.8700000000
31.1100000000
14.5200000000
4.2300000000
4.8900000000
3.0100000000
2.4300000000
3.0000000000
16.0400000000
29.2600000000
32.3900000000
16.7300000000
17.5000000000
28.7900000000
22.0600000000
4.6900000000
1.7800000000
2.8200000000
13.2500000000
17.2900000000
18.9600000000
27.9900000000
25.8700000000
37.5800000000
9.2400000000
8.1300000000
27.8700000000
23.6800000000
4.0100000000
9.0500000000
11.9100000000
20.3800000000
17.4900000000
14.1600000000
45.9400000000
52.7000000000
28.8700000000
44.6300000000
26.2500000000
5.2800000000
2.6800000000
1.5200000000
5.2600000000
14.4500000000
17.9900000000
28.0100000000
65.6200000000
69.7500000000
72.8900000000
39.9400000000
10.5900000000
7.8500000000
2.4600000000
1.2300000000
0.5400000000
3.2100000000
6.4500000000
20.1700000000
21.9100000000
21.4200000000
31.9900000000
11.4800000000
12.1500000000
7.4400000000
2.3000000000
2.0700000000
6.0000000000
3.5200000000
15.4500000000
28.4100000000
24.3700000000
7.8000000000
67.9000000000
18.6100000000
7.1200000000
12.3400000000
18.0600000000
10.2300000000
5.9000000000
4.8800000000
7.4000000000
21.3400000000
35.3800000000
45.6300000000
15.3600000000
29.5500000000
28.8800000000
8.9500000000
19.1100000000
10.5400000000
8.9100000000
9.1400000000
56.4000000000
30.4400000000
25.5800000000
57.7200000000
20.4700000000
27.8400000000
19.2100000000
10.6400000000
10.4200000000
3.6600000000
5.0600000000
15.7900000000
17.4600000000
16.6600000000
69.5700000000
31.3400000000
34.8000000000
25.8300000000
41.4000000000
10.1200000000
17.7700000000
6.0000000000
7.5700000000
26.6400000000
42.7400000000
72.9900000000
56.6600000000
29.8900000000
44.4300000000
17.5500000000
25.2800000000
3.9400000000
2.6900000000
2.4300000000
6.6600000000
20.0100000000
32.2100000000
23.1900000000
23.6100000000
30.8900000000
98.2200000000
23.1800000000
11.4800000000
16.6400000000
6.8500000000
9.8400000000
12.5400000000
4.9700000000
32.7700000000
30.7600000000
37.9100000000
