-24.5670000000
-23.0270000000
-23.6740000000
-25.3780000000
-26.2250000000
-27.9510000000
-28.0720000000
-26.4410000000
-26.5460000000
-28.1640000000
-27.9900000000
-26.2550000000
-25.5280000000
-23.9370000000
-22.7730000000
-24.2270000000
-24.8010000000
-23.0740000000
-21.4710000000
-20.0630000000
-21.1740000000
-21.5530000000
-19.8090000000
-18.2610000000
-17.2420000000
-18.6980000000
-20.3910000000
-21.6450000000
-20.5380000000
-20.6810000000
-22.5330000000
-24.3540000000
-24.0080000000
-23.6820000000
-25.5340000000
-26.9720000000
-26.2390000000
-27.3380000000
-29.3160000000
-29.9660000000
-29.0890000000
-30.5660000000
-32.5550000000
-33.4730000000
-32.4870000000
-33.7480000000
-35.7370000000
-36.8590000000
-35.9160000000
-37.0430000000
-39.0200000000
-39.4470000000
-39.0230000000
-40.8260000000
-42.5550000000
-41.9480000000
-42.1530000000
-44.1150000000
-45.9130000000
-45.4010000000
-45.3580000000
-47.2870000000
-49.1870000000
-48.9740000000
-48.6360000000
-50.4830000000
-52.2550000000
-51.7800000000
-52.2940000000
-54.2590000000
-54.8990000000
-53.9270000000
-55.2050000000
-57.0350000000
-58.2390000000
-56.9750000000
-56.2570000000
-56.3400000000
-55.4590000000
-53.8550000000
-53.2830000000
-53.3420000000
-54.6680000000
-54.6190000000
-52.7980000000
-51.0430000000
-51.5000000000
-51.2810000000
-49.3820000000
-49.3330000000
-50.7820000000
-52.5190000000
-52.9370000000
-51.9000000000
-53.1260000000
-54.8890000000
-54.3520000000
-54.4810000000
-56.3850000000
-58.1140000000
-57.5770000000
-56.6690000000
-58.0260000000
-59.3390000000
-60.7390000000
-60.8340000000
-58.9710000000
-57.5960000000
-58.1570000000
-56.7520000000
-55.3930000000
-56.7070000000
-58.4060000000
-58.1130000000
-59.3720000000
-60.6290000000
-59.1470000000
-58.3090000000
-58.5270000000
-56.7200000000
-55.2330000000
-56.3130000000
-58.2290000000
-58.4460000000
-58.7420000000
-60.4980000000
-59.7970000000
-58.1550000000
-58.4830000000
-57.1490000000
-55.4870000000
-56.2860000000
-58.0640000000
-57.7240000000
-58.5350000000
-60.4710000000
-60.9650000000
-59.4950000000
-58.0100000000
-56.7570000000
-57.8190000000
-57.9620000000
-56.1480000000
-54.2870000000
-54.4600000000
-54.8450000000
-53.0100000000
-51.7590000000
-52.6510000000
-51.6360000000
-49.6910000000
-48.4150000000
-49.5030000000
-49.0060000000
-47.0700000000
-45.2790000000
-45.7770000000
-46.1560000000
-44.2880000000
-42.3000000000
-41.8190000000
-42.8580000000
-41.4790000000
-39.5490000000
-38.2770000000
-39.3550000000
-38.8340000000
-36.9140000000
-35.3010000000
-36.0100000000
-35.5280000000
-33.5750000000
-33.1570000000
-33.9250000000
-32.3640000000
-30.4880000000
-29.7790000000
-31.0530000000
-30.4500000000
-28.7620000000
-27.2520000000
-27.1490000000
-28.9950000000
-30.4240000000
-29.8760000000
-31.2230000000
-32.4930000000
-31.0700000000
-29.6470000000
-30.0040000000
-28.4230000000
-27.2120000000
-28.6970000000
-29.7720000000
-29.2880000000
-30.9200000000
-32.6930000000
-32.2600000000
-30.7430000000
-28.9810000000
-28.8260000000
-30.0080000000
-28.8170000000
-26.8870000000
-25.9020000000
-26.7100000000
-25.3440000000
-23.7560000000
-24.6620000000
-25.6720000000
-27.0120000000
-28.2220000000
-27.4610000000
-27.0360000000
-28.8630000000
-29.6240000000
-28.6250000000
-29.6080000000
-31.2400000000
-32.6140000000
-31.7990000000
-30.0530000000
-30.6100000000
-30.5560000000
-28.7240000000
-27.1000000000
-27.4330000000
-29.3250000000
-30.4250000000
-29.9620000000
-31.5960000000
-32.2900000000
-30.5410000000
-29.8460000000
-29.8170000000
-27.9380000000
-27.2780000000
-29.0410000000
-29.8060000000
-29.5210000000
-31.3300000000
-32.8540000000
-31.8420000000
-30.2970000000
-28.6580000000
-29.2910000000
-29.7340000000
-27.9280000000
-26.2910000000
-26.8530000000
-25.8910000000
-24.0100000000
-24.1930000000
-25.4960000000
-26.7150000000
-28.1550000000
-27.4450000000
-26.8020000000
-28.5320000000
-30.1880000000
-29.6520000000
-30.6190000000
-32.5130000000
-32.4120000000
-31.1080000000
-30.0310000000
-28.4390000000
-28.8740000000
-29.8070000000
-28.2710000000
-26.5210000000
-26.9840000000
-26.2620000000
-24.2950000000
-23.6330000000
-24.7330000000
-23.7190000000
-22.0070000000
-20.5380000000
-21.4620000000
-23.3610000000
-24.3030000000
-23.7330000000
-25.3270000000
-26.0420000000
-24.3310000000
-23.3250000000
-23.4120000000
-21.6040000000
-21.4140000000
-23.1940000000
-23.0310000000
-23.7460000000
-25.6510000000
-26.3410000000
-24.6520000000
-23.0790000000
-23.5070000000
-22.1980000000
-21.0280000000
-22.5650000000
-23.5080000000
-23.2960000000
-25.1020000000
-26.3920000000
-25.0420000000
-23.3030000000
-23.6250000000
-22.5360000000
-20.9570000000
-22.0240000000
-23.5820000000
-23.1220000000
-24.4350000000
-26.2380000000
-25.8790000000
-24.0770000000
-22.7390000000
-23.3000000000
-21.9750000000
-21.1510000000
-22.8230000000
-23.7720000000
-23.8490000000
-25.6540000000
-25.4020000000
-23.7880000000
-24.0660000000
-22.6750000000
-21.0140000000
-21.7030000000
-23.3710000000
-22.7960000000
-23.4040000000
-25.3000000000
-26.6640000000
-25.4810000000
-23.8130000000
-22.3750000000
-23.2790000000
-23.1740000000
-21.2480000000
-20.0340000000
-20.6920000000
-19.2460000000
-17.4580000000
-17.9790000000
-18.7640000000
-17.4390000000
-16.1660000000
-14.9560000000
-14.4140000000
-16.2000000000
-17.4800000000
-16.8300000000
-18.2330000000
-20.1280000000
-20.0560000000
-19.1870000000
-20.6550000000
-22.2440000000
-23.4660000000
-22.1440000000
-20.2300000000
-20.1670000000
-19.8710000000
-18.0390000000
-18.4140000000
-20.2800000000
-20.2950000000
-20.9910000000
-22.8200000000
-22.4970000000
-20.6450000000
-20.7560000000
-20.2310000000
-18.2870000000
-17.4950000000
-18.9710000000
-20.6560000000
-21.6130000000
-20.5080000000
-21.1920000000
-23.1590000000
-23.7440000000
-23.3510000000
-25.1490000000
-26.7340000000
-25.8810000000
-25.7760000000
-27.5620000000
-29.1450000000
-29.4810000000
-27.6820000000
-26.1530000000
-26.6670000000
-25.4110000000
-24.0690000000
-25.4360000000
-26.8550000000
-26.4840000000
-28.0550000000
-29.4000000000
-28.0560000000
-26.6550000000
-27.1760000000
-25.7460000000
-23.9390000000
-24.2960000000
-25.8850000000
-27.6630000000
-27.4630000000
-26.7660000000
-28.4610000000
-29.9910000000
-29.2700000000
-30.1680000000
-32.1490000000
-33.2680000000
-32.2460000000
-33.2460000000
-35.2390000000
-36.7390000000
-35.8330000000
-36.3780000000
-38.3450000000
-40.0210000000
-39.3280000000
-39.6260000000
-41.5850000000
-42.7900000000
-42.0440000000
-43.3990000000
-45.3300000000
-45.3740000000
-44.8420000000
-46.6180000000
-48.5660000000
-48.8730000000
-48.0560000000
-49.6740000000
-51.6690000000
-52.5510000000
-51.5100000000
-52.6930000000
-54.6670000000
-55.6770000000
-54.8470000000
-56.2030000000
-58.0170000000
-57.5720000000
-57.4000000000
-59.2540000000
-61.0600000000
-60.9610000000
-59.8020000000
-60.7810000000
-62.2580000000
-63.5300000000
-64.3070000000
-62.6600000000
-60.8070000000
-60.9980000000
-60.5740000000
-58.7760000000
-59.3350000000
-61.2130000000
-61.2930000000
-62.0060000000
-63.6980000000
-62.8300000000
-61.4020000000
-61.8890000000
-60.4900000000
-58.6770000000
-58.7910000000
-60.6020000000
-62.0000000000
-61.4750000000
-62.8200000000
-63.6830000000
-62.0060000000
-61.1670000000
-61.0720000000
-59.2280000000
-59.1550000000
-60.9090000000
-60.6310000000
-61.3630000000
-63.2630000000
-64.1370000000
-62.5370000000
-60.7830000000
-61.1000000000
-60.1580000000
-58.7270000000
-60.0380000000
-61.2880000000
-60.9870000000
-62.6870000000
-63.9930000000
-62.6260000000
-61.1970000000
-61.7370000000
-60.3560000000
-58.5180000000
-58.7570000000
-60.2400000000
-61.9430000000
-62.4440000000
-61.1830000000
-62.0080000000
-63.9130000000
-65.2760000000
-64.4600000000
-65.3930000000
-67.2170000000
-66.7730000000
-65.7950000000
-65.9200000000
-66.3330000000
-67.7570000000
-68.9210000000
-68.9390000000
-69.0150000000
-70.1720000000
-70.0860000000
-68.1690000000
-67.7580000000
-68.3510000000
-66.6680000000
-64.7910000000
-64.5280000000
-65.6930000000
-64.6360000000
-63.0340000000
-61.5290000000
-62.0670000000
-63.9890000000
-64.9340000000
-64.5060000000
-66.2100000000
-66.9070000000
-65.1720000000
-64.2710000000
-64.3890000000
-62.5550000000
-61.9010000000
-63.6730000000
-64.2160000000
-64.0430000000
-65.9000000000
-67.4420000000
-66.4680000000
-65.0020000000
-63.2680000000
-63.6090000000
-64.5730000000
-63.0570000000
-61.1300000000
-60.4880000000
-61.2800000000
-59.7590000000
-58.1940000000
-59.0540000000
-59.1350000000
-57.3820000000
-55.9920000000
-55.3550000000
-57.1170000000
-57.8850000000
-56.9920000000
-58.2050000000
-59.9040000000
-61.0840000000
-59.7000000000
-57.9300000000
-58.2960000000
-57.4350000000
-55.5560000000
-55.6920000000
-57.3790000000
-59.0380000000
-58.5570000000
-59.0660000000
-60.6740000000
-59.6520000000
-57.8760000000
-58.0000000000
-56.7740000000
-55.7840000000
-57.4430000000
-57.8910000000
-58.3950000000
-60.2460000000
-60.2550000000
-58.5100000000
-58.8920000000
-58.4950000000
-56.6330000000
-55.2190000000
-56.3070000000
-58.1760000000
-58.0330000000
-58.6190000000
-60.5240000000
-60.5960000000
-58.8380000000
-57.3720000000
-57.8400000000
-56.5290000000
-55.7660000000
-57.4620000000
-58.3050000000
-58.5170000000
-60.2980000000
-59.7740000000
-58.3090000000
-58.5270000000
-56.9030000000
-55.5270000000
-56.7900000000
-57.8050000000
-57.0690000000
-58.3270000000
-60.0390000000
-60.9540000000
-59.3300000000
-58.1100000000
-58.8280000000
-57.4990000000
-55.5690000000
-55.0110000000
-56.1830000000
-55.2270000000
-53.5360000000
-52.0070000000
-52.7030000000
-54.5720000000
-55.8020000000
-55.1240000000
-56.4390000000
-57.6090000000
-56.1410000000
-54.6320000000
-54.9190000000
-53.3630000000
-52.6760000000
-54.4280000000
-54.6170000000
-55.1500000000
-57.0460000000
-57.5250000000
-55.7080000000
-55.0920000000
-55.4020000000
-53.5880000000
-51.9100000000
-52.6420000000
-53.6140000000
-53.3750000000
-52.5150000000
-50.8110000000
-50.4940000000
-50.4210000000
-49.1950000000
-48.9600000000
-50.7780000000
-52.4730000000
-51.9840000000
-52.7600000000
-54.4700000000
-53.6600000000
-51.7680000000
-51.6060000000
-50.9920000000
-49.4170000000
-50.5630000000
-51.7610000000
-51.5640000000
-53.3230000000
-54.4970000000
-53.0010000000
-52.0160000000
-52.6470000000
-51.1400000000
-49.2990000000
-49.0090000000
-50.5540000000
-52.1670000000
-53.1330000000
-51.8880000000
-52.1270000000
-53.9310000000
-55.7770000000
-55.7430000000
-54.6270000000
-56.0000000000
-57.7760000000
-59.3300000000
-58.3570000000
-57.7260000000
-59.4220000000
-60.7250000000
-62.4510000000
-62.3650000000
-60.6200000000
-60.9080000000
-62.7950000000
-63.8410000000
-65.5050000000
-65.8210000000
-64.0760000000
-63.5470000000
-65.4010000000
-66.9590000000
-68.6560000000
-68.7780000000
-66.8540000000
-65.6070000000
-66.4660000000
-68.1990000000
-68.5170000000
-69.8050000000
-71.7620000000
-71.8400000000
-70.0810000000
-68.3520000000
-66.5970000000
-67.4280000000
-68.9510000000
-67.9320000000
-66.3350000000
-64.5650000000
-64.1650000000
-65.5000000000
-64.5490000000
-62.6830000000
-60.9510000000
-61.5780000000
-62.0260000000
-60.1850000000
-58.2030000000
-57.5890000000
-58.6630000000
-57.3570000000
-55.4160000000
-53.9570000000
-54.9850000000
-54.9030000000
-53.0530000000
-51.1800000000
-50.9850000000
-52.2760000000
-51.1500000000
-49.4780000000
-47.7160000000
-47.6510000000
-49.3750000000
-49.0760000000
-47.1420000000
-45.7230000000
-44.0540000000
-44.9080000000
-46.8540000000
-47.1910000000
-45.5080000000
-44.7460000000
-43.4000000000
-41.4480000000
-40.6270000000
-42.2450000000
-43.0720000000
-44.5540000000
-46.1930000000
-47.7070000000
-47.0360000000
-45.3870000000
-44.5130000000
-44.5260000000
-42.8240000000
-41.0020000000
-40.0910000000
-39.6470000000
-37.8660000000
-37.2290000000
-38.8410000000
-40.6520000000
-41.8530000000
-43.1340000000
-44.2120000000
-42.6700000000
-40.7450000000
-40.0490000000
-38.8930000000
-37.4590000000
-38.1310000000
-40.1040000000
-40.7370000000
-39.0270000000
-37.6920000000
-35.7410000000
-35.2530000000
-37.0750000000
-37.9420000000
-36.7720000000
-35.3140000000
-34.8500000000
-33.0810000000
-31.7420000000
-33.2190000000
-35.1470000000
-36.9000000000
-37.5090000000
-35.6760000000
-33.8280000000
-32.2790000000
-31.3630000000
-33.0780000000
-34.9430000000
-36.7210000000
-37.8070000000
-36.1780000000
-34.6870000000
-32.7400000000
-31.3730000000
-32.8210000000
-34.4070000000
-36.3830000000
-37.3310000000
-35.6020000000
-33.8920000000
-32.5890000000
-31.3290000000
-32.7710000000
-34.6070000000
-34.4230000000
-32.6680000000
-32.1100000000
-30.5800000000
-28.6490000000
-28.0520000000
-29.6980000000
-30.4840000000
-31.7290000000
-33.3320000000
-35.0500000000
-34.7380000000
-33.4040000000
-31.8980000000
-32.1000000000
-31.1920000000
-29.4770000000
-27.7140000000
-27.3980000000
-25.9770000000
-24.6900000000
-25.6800000000
-27.5240000000
-29.1060000000
-30.0310000000
-31.6040000000
-30.6390000000
-28.6640000000
-27.6490000000
-27.4250000000
-25.6850000000
-24.6860000000
-25.6840000000
-27.6380000000
-28.7990000000
-28.2250000000
-27.2380000000
-25.5660000000
-25.4790000000
-25.5890000000
-23.8850000000
-21.9880000000
-21.4930000000
-21.8530000000
-20.9550000000
-19.3710000000
-18.7220000000
-18.3330000000
-19.8420000000
-21.7640000000
-22.5270000000
-22.0950000000
-22.5880000000
-24.3200000000
-25.0150000000
-25.6210000000
-25.0210000000
-23.1150000000
-21.4760000000
-21.5830000000
-20.9550000000
-19.2600000000
-18.3740000000
-19.0980000000
-20.9980000000
-22.5920000000
-22.7060000000
-24.1760000000
-25.5080000000
-24.9710000000
-23.0980000000
-21.3700000000
-20.8200000000
-19.0980000000
-18.7470000000
-20.5520000000
-22.1950000000
-21.4320000000
-19.8920000000
-19.1550000000
-17.2930000000
-15.4780000000
-15.6200000000
-17.3170000000
-18.0920000000
-18.7610000000
-20.6100000000
-22.3960000000
-22.4630000000
-22.7220000000
-24.4680000000
-25.4970000000
-25.2900000000
-23.4530000000
-21.6160000000
-20.9990000000
-19.5060000000
-18.5460000000
-20.0210000000
-21.9390000000
-22.1250000000
-20.4910000000
-19.6140000000
-18.8030000000
-16.8810000000
-15.3310000000
-16.1590000000
-17.8150000000
-18.1790000000
-19.8820000000
-21.6000000000
-22.6550000000
-22.2590000000
-23.2030000000
-24.7540000000
-25.5920000000
-25.1590000000
-23.3240000000
-21.5120000000
-20.9620000000
-19.3870000000
-18.5620000000
-20.1360000000
-22.0320000000
-22.1640000000
-20.6550000000
-19.5120000000
-19.1730000000
-17.3510000000
-15.6240000000
-16.4070000000
-17.8480000000
-19.1650000000
-21.1150000000
-22.1620000000
-20.5800000000
-19.5730000000
-17.8260000000
-15.9460000000
-15.5440000000
-17.2660000000
-17.8980000000
-19.3420000000
-20.6870000000
-22.3950000000
-21.8120000000
-20.1410000000
-19.8750000000
-18.2060000000
-18.1960000000
-18.0410000000
-16.2670000000
-15.0110000000
-15.5340000000
-16.8950000000
-17.0400000000
-18.8340000000
-19.4430000000
-17.7590000000
-17.2190000000
-15.5290000000
-15.7910000000
-17.3140000000
-18.4190000000
-19.6290000000
-18.8390000000
-17.8770000000
-16.1620000000
-16.0590000000
-16.5390000000
-14.9700000000
-14.3110000000
-12.7790000000
-12.3490000000
-14.0670000000
-15.4470000000
-16.8740000000
-18.1810000000
-19.0940000000
-17.4100000000
-15.8200000000
-14.1280000000
-12.3860000000
-13.0240000000
-14.4560000000
-15.5760000000
-17.0390000000
-18.5020000000
-19.0530000000
-17.3510000000
-16.4680000000
-14.8100000000
-14.4190000000
-12.6870000000
-12.3480000000
-14.1300000000
-15.9400000000
-17.1540000000
-18.8650000000
-18.3960000000
-16.6680000000
-14.8150000000
-13.0340000000
-12.5180000000
-14.2290000000
-15.2720000000
-17.0780000000
-18.8550000000
-19.0650000000
-17.3310000000
-16.6930000000
-15.6090000000
-14.2620000000
-12.7460000000
-12.3830000000
-14.0850000000
-14.7080000000
-16.3880000000
-15.9920000000
-14.8270000000
-13.1050000000
-13.1240000000
-13.2760000000
-11.5900000000
-11.3050000000
-9.7009000000
-8.9697000000
-10.6490000000
-11.9470000000
-13.4750000000
-13.9630000000
-15.7270000000
-15.7500000000
-13.9030000000
-12.0580000000
-11.0950000000
-9.3862000000
-9.9621000000
-11.8940000000
-13.4920000000
-14.8730000000
-15.8260000000
-14.1400000000
-12.2310000000
-10.8860000000
-9.2748000000
-10.3850000000
-12.1480000000
-13.9910000000
-15.7500000000
-15.0220000000
-13.5010000000
-11.7840000000
-9.8650000000
-9.5314000000
-11.2430000000
-12.4470000000
-14.3780000000
-15.8870000000
-14.6560000000
-13.4160000000
-11.7700000000
-9.8493000000
-9.3784000000
-11.0960000000
-11.9180000000
-13.7070000000
-15.4740000000
-16.1510000000
-14.8060000000
-13.3380000000
-13.2180000000
-11.5730000000
-9.8221000000
-8.6973000000
-8.6508000000
-6.9602000000
-5.7549000000
-6.5312000000
-8.1856000000
-9.9659000000
-10.6040000000
-12.2360000000
-12.7170000000
-10.9250000000
-9.0607000000
-8.3543000000
-6.7249000000
-6.1663000000
-7.8926000000
-9.4836000000
-8.4414000000
-7.0586000000
-5.4618000000
-3.6179000000
-4.2417000000
-6.2274000000
-7.8282000000
-9.4355000000
-8.3124000000
-6.3585000000
-4.8290000000
-3.1170000000
-3.9069000000
-5.6984000000
-7.5783000000
-9.3726000000
-8.7730000000
-7.1590000000
-5.3710000000
-3.4709000000
-3.7372000000
-5.5156000000
-7.4049000000
-9.0621000000
-7.9762000000
-6.1232000000
-5.5598000000
-4.2511000000
-2.9392000000
-3.6206000000
-5.4712000000
-5.2238000000
-3.2794000000
-1.9796000000
-0.2597400000
-0.4666100000
-2.4132000000
-3.1789000000
-1.5335000000
-0.5292300000
1.2443000000
2.9395000000
1.9214000000
0.0254650000
-1.9520000000
-2.7338000000
-0.9548400000
0.4144800000
0.1879800000
0.2652100000
1.7488000000
2.8624000000
3.3538000000
3.4232000000
1.7548000000
0.2543000000
1.5572000000
3.5146000000
5.4520000000
5.7361000000
3.8312000000
2.6479000000
2.7031000000
1.3829000000
0.0091162000
-0.3510700000
1.2003000000
2.9642000000
2.1618000000
0.4493400000
-1.4687000000
-2.4894000000
-0.9512900000
-0.6027400000
-2.4525000000
-4.4009000000
-5.4549000000
-4.1590000000
-4.6930000000
-6.6423000000
-8.5260000000
-8.8297000000
-7.1376000000
-7.3944000000
-9.3663000000
-11.1460000000
-12.4480000000
-10.9560000000
-9.1923000000
-9.1676000000
-9.6903000000
-10.7770000000
-12.2880000000
-12.3600000000
-12.1380000000
-13.5700000000
-15.3980000000
-14.7650000000
-12.9240000000
-10.9490000000
-9.9763000000
-11.5820000000
-12.1710000000
-10.4040000000
-8.5838000000
-7.2062000000
-8.3578000000
-8.2473000000
-6.2835000000
-4.3164000000
-3.9102000000
-5.3258000000
-4.4317000000
-2.6356000000
-1.0127000000
-0.1634000000
-1.8396000000
-2.9345000000
-1.3375000000
0.4656600000
2.2762000000
1.6647000000
0.6506800000
2.2595000000
4.2080000000
5.8843000000
4.9387000000
3.5872000000
4.9644000000
6.9403000000
8.8231000000
8.5307000000
6.7101000000
6.9058000000
8.6458000000
10.3410000000
11.6170000000
10.3630000000
10.3750000000
12.3090000000
14.2880000000
14.6900000000
13.5290000000
14.8160000000
16.6940000000
18.4170000000
17.6640000000
16.4800000000
17.9570000000
19.5320000000
20.9870000000
21.9600000000
20.4010000000
19.1730000000
20.7130000000
22.6770000000
24.5570000000
24.1650000000
22.3250000000
22.4210000000
24.1170000000
25.4220000000
27.2530000000
26.8900000000
25.4840000000
26.6330000000
28.4770000000
30.2720000000
29.7450000000
29.1510000000
30.9550000000
32.9350000000
33.9410000000
32.6150000000
33.0810000000
34.9190000000
36.6050000000
37.4730000000
35.8350000000
35.0260000000
36.7920000000
38.7540000000
40.4700000000
39.5440000000
37.8390000000
38.5140000000
40.0900000000
41.6490000000
43.1410000000
42.0040000000
41.3890000000
43.1730000000
45.1130000000
46.2170000000
45.0030000000
45.6670000000
47.6240000000
49.5090000000
49.3530000000
47.9810000000
49.1630000000
50.8430000000
52.3060000000
53.3610000000
51.8330000000
50.5680000000
52.0750000000
54.0300000000
55.9150000000
55.5130000000
53.7740000000
54.3060000000
56.0710000000
57.9200000000
58.5880000000
57.2540000000
58.1220000000
60.1140000000
61.9820000000
61.5590000000
60.6950000000
62.3410000000
64.0730000000
65.7220000000
64.7980000000
63.2890000000
64.4840000000
66.4600000000
68.3510000000
68.5860000000
66.6830000000
65.6740000000
66.7710000000
68.3110000000
68.6970000000
70.4130000000
72.1140000000
71.1360000000
69.3840000000
67.4150000000
66.5870000000
68.2470000000
68.7210000000
66.9510000000
65.2100000000
63.8420000000
64.9960000000
64.9400000000
62.9930000000
61.0170000000
60.7370000000
61.8320000000
60.4440000000
58.5770000000
56.9470000000
57.8730000000
58.7860000000
57.1490000000
55.7600000000
54.2300000000
53.4850000000
55.0960000000
55.9240000000
54.1680000000
52.5380000000
50.8930000000
50.4780000000
52.3430000000
53.7300000000
52.8890000000
51.2070000000
50.8310000000
49.2220000000
47.3110000000
47.4180000000
49.0800000000
50.1850000000
52.1200000000
53.5990000000
52.3480000000
51.1400000000
49.5410000000
47.6320000000
46.9370000000
48.6160000000
49.3630000000
50.9560000000
52.4340000000
53.9650000000
53.0730000000
51.3410000000
51.1500000000
49.6660000000
48.4790000000
46.7730000000
47.3290000000
48.8850000000
49.2850000000
50.9550000000
50.3110000000
48.4840000000
48.1030000000
47.3220000000
46.0200000000
45.6570000000
43.8590000000
43.7100000000
45.4140000000
46.7710000000
47.9780000000
48.0350000000
49.7640000000
50.9390000000
49.8020000000
48.5830000000
46.9630000000
46.8480000000
48.6350000000
49.1090000000
50.2100000000
51.1480000000
50.5960000000
51.7590000000
53.2490000000
54.2110000000
53.1000000000
52.0880000000
51.0170000000
49.7970000000
51.3130000000
52.5500000000
54.2670000000
55.0190000000
56.7230000000
56.0570000000
54.2620000000
52.4560000000
50.8810000000
50.1480000000
51.8580000000
53.2200000000
55.0310000000
56.7830000000
56.1920000000
54.6430000000
53.9840000000
52.3120000000
51.3420000000
49.8670000000
51.2050000000
52.4040000000
54.1480000000
55.1520000000
56.8200000000
55.8880000000
54.4610000000
52.7170000000
51.2930000000
49.8540000000
51.1870000000
52.1780000000
53.5000000000
54.4080000000
55.0110000000
56.7760000000
56.7640000000
55.0680000000
53.6140000000
52.5430000000
52.2790000000
50.4830000000
49.6500000000
51.1950000000
52.4760000000
54.1270000000
54.0540000000
55.1980000000
56.8030000000
57.0470000000
55.3500000000
54.4230000000
52.8660000000
54.0180000000
55.1500000000
55.8620000000
57.2570000000
55.9190000000
54.8060000000
54.4760000000
52.7840000000
53.6700000000
54.8800000000
55.1480000000
56.9410000000
56.6680000000
55.1840000000
54.7230000000
53.0050000000
53.7250000000
55.0650000000
56.4210000000
57.1970000000
55.9960000000
54.2300000000
54.1280000000
53.5790000000
51.9430000000
50.4050000000
49.7460000000
51.1570000000
52.6070000000
52.6560000000
54.2910000000
55.6300000000
57.1680000000
56.3810000000
54.5900000000
54.1750000000
53.4790000000
51.7820000000
50.0390000000
49.6590000000
49.7090000000
48.0230000000
46.8290000000
46.7120000000
48.4610000000
50.0390000000
51.1600000000
51.7600000000
53.5100000000
53.5140000000
51.6800000000
49.8320000000
48.9300000000
47.2190000000
47.4140000000
49.3400000000
50.9970000000
51.9760000000
53.5490000000
52.5820000000
50.6070000000
49.9820000000
51.3460000000
52.6570000000
53.0660000000
54.8960000000
56.6500000000
55.9650000000
54.4810000000
53.3730000000
51.4910000000
49.8910000000
50.7240000000
52.3240000000
52.7430000000
54.4860000000
55.9320000000
57.1400000000
55.9590000000
54.3470000000
54.2280000000
52.6330000000
51.4280000000
49.7740000000
50.5960000000
52.1460000000
52.4410000000
54.1260000000
53.7860000000
52.8650000000
51.2850000000
50.4480000000
51.1360000000
50.3650000000
49.1740000000
49.2740000000
47.5400000000
46.2010000000
47.3500000000
48.2310000000
47.7150000000
49.2340000000
50.8720000000
51.1900000000
49.3630000000
49.3470000000
50.1760000000
49.1210000000
47.6750000000
46.6800000000
45.9370000000
47.6120000000
48.1180000000
46.7430000000
45.0200000000
44.4450000000
45.3090000000
43.9770000000
42.8860000000
44.3030000000
46.1000000000
45.9890000000
46.8380000000
47.9920000000
46.6400000000
44.9880000000
45.0960000000
43.6600000000
43.2390000000
44.0570000000
44.2100000000
44.8560000000
46.5700000000
47.1830000000
47.0240000000
46.2020000000
47.2990000000
48.1900000000
48.2370000000
50.0570000000
51.2370000000
49.8490000000
49.2270000000
49.7820000000
48.2700000000
46.7140000000
46.1150000000
47.8620000000
47.9390000000
46.7840000000
45.5170000000
44.1370000000
44.7770000000
45.0280000000
43.2080000000
43.2830000000
44.9440000000
46.4440000000
45.9970000000
47.1370000000
47.9630000000
46.6020000000
44.8340000000
44.8840000000
44.1770000000
42.8710000000
42.6430000000
40.8390000000
40.3190000000
42.0110000000
42.8610000000
44.5050000000
43.5800000000
42.2310000000
41.7980000000
40.1720000000
41.1730000000
42.5390000000
42.6740000000
44.4280000000
44.0230000000
42.5600000000
42.3930000000
40.6190000000
40.5900000000
42.1940000000
42.7770000000
44.4430000000
43.4940000000
42.3270000000
41.1370000000
40.2480000000
41.8560000000
42.7400000000
43.3400000000
44.7720000000
43.5660000000
42.0280000000
42.0370000000
40.3770000000
40.5530000000
42.3840000000
42.5910000000
43.6930000000
44.6770000000
43.0180000000
42.5230000000
41.8010000000
40.1370000000
41.0270000000
42.1500000000
42.2910000000
44.1250000000
44.6580000000
42.9480000000
42.9580000000
41.8940000000
40.1550000000
40.4210000000
42.0320000000
41.4320000000
41.8940000000
43.6720000000
45.0430000000
44.2470000000
42.7540000000
43.6820000000
44.5030000000
45.8340000000
47.0700000000
46.5220000000
46.0360000000
47.7850000000
47.7870000000
46.1130000000
44.7230000000
45.0840000000
43.6540000000
43.2430000000
44.3240000000
45.7910000000
46.8950000000
46.1880000000
46.7910000000
48.1290000000
47.1620000000
45.8790000000
44.3090000000
44.7530000000
44.8080000000
43.0920000000
43.7170000000
45.4800000000
46.3870000000
46.2100000000
47.8860000000
47.8610000000
48.3020000000
50.1130000000
51.2590000000
49.9460000000
49.2560000000
49.9960000000
48.8760000000
47.3850000000
46.2550000000
46.9690000000
48.1990000000
47.5250000000
48.4520000000
50.0790000000
51.2160000000
50.1560000000
49.2270000000
49.9080000000
48.7550000000
47.2130000000
46.1470000000
47.3620000000
48.1200000000
47.4800000000
48.7640000000
50.2590000000
51.2520000000
49.8980000000
49.3140000000
49.8700000000
48.4260000000
46.9650000000
46.1450000000
47.7200000000
47.9600000000
47.4030000000
48.8250000000
50.1630000000
51.1920000000
50.1140000000
49.2210000000
49.5550000000
47.9110000000
46.3370000000
46.5700000000
48.2620000000
47.6170000000
46.9630000000
47.2670000000
48.3970000000
49.8920000000
50.0370000000
50.3850000000
51.4340000000
50.3770000000
49.1710000000
50.4380000000
52.2680000000
52.6270000000
52.5460000000
54.2400000000
53.7490000000
52.4210000000
50.7460000000
51.0160000000
50.9650000000
49.3210000000
49.9080000000
50.6050000000
51.4970000000
53.1320000000
53.3150000000
52.4940000000
53.3870000000
54.4580000000
54.0950000000
55.6660000000
57.2550000000
57.1360000000
55.4460000000
56.0620000000
56.6560000000
56.0630000000
54.3390000000
53.7170000000
53.2430000000
52.2710000000
53.5150000000
54.3800000000
53.0240000000
51.2110000000
51.0420000000
51.0300000000
49.3650000000
49.8810000000
50.5580000000
51.2590000000
52.9770000000
53.4190000000
52.6930000000
52.9310000000
54.4690000000
54.1440000000
55.4150000000
57.1110000000
57.2650000000
55.5140000000
55.9320000000
56.4520000000
55.1290000000
53.8650000000
52.9320000000
52.3310000000
54.0490000000
54.1370000000
52.6300000000
50.9160000000
51.1890000000
50.8070000000
49.3070000000
50.2390000000
51.9140000000
52.8830000000
52.4160000000
53.8950000000
54.3210000000
54.5460000000
56.3850000000
57.5520000000
56.1900000000
55.5210000000
56.2850000000
55.1780000000
53.6840000000
52.5350000000
53.1900000000
54.4800000000
53.6920000000
54.0020000000
55.7270000000
56.6800000000
57.5300000000
56.1110000000
55.6300000000
55.9490000000
54.2780000000
52.7880000000
52.7240000000
54.4340000000
53.8930000000
53.1810000000
52.9700000000
51.4960000000
50.3330000000
50.2220000000
51.1720000000
50.8460000000
49.2360000000
50.1270000000
51.8920000000
52.7420000000
52.4120000000
54.0550000000
54.0590000000
53.5300000000
54.7290000000
56.0970000000
56.9610000000
57.3540000000
55.6660000000
55.6810000000
54.8300000000
53.0310000000
52.5870000000
54.3420000000
54.1460000000
53.7450000000
55.3560000000
56.6160000000
57.5840000000
56.2180000000
55.6320000000
56.5730000000
56.6850000000
56.5990000000
57.0230000000
58.6910000000
59.5160000000
59.7270000000
59.8470000000
59.1660000000
58.7590000000
60.4780000000
60.2290000000
59.0140000000
57.2780000000
56.9980000000
57.7240000000
56.2150000000
55.7670000000
57.3720000000
58.8520000000
58.5950000000
60.0680000000
60.4170000000
59.5250000000
58.8820000000
57.1570000000
56.5900000000
57.2890000000
56.8810000000
55.4280000000
55.4210000000
53.7060000000
52.6220000000
54.1030000000
54.6800000000
55.7950000000
57.1370000000
55.7890000000
54.6950000000
53.0120000000
53.0300000000
54.3990000000
55.9760000000
55.7810000000
56.7340000000
58.2240000000
59.9170000000
60.0750000000
58.6500000000
57.1850000000
57.2930000000
55.8980000000
54.3170000000
52.7100000000
52.7220000000
51.3680000000
49.8880000000
50.0970000000
51.7930000000
53.3680000000
54.2580000000
54.7150000000
56.5080000000
57.0500000000
55.3620000000
53.9070000000
52.4920000000
51.9050000000
50.1610000000
50.3610000000
52.2450000000
54.0180000000
54.8080000000
56.5320000000
56.1890000000
54.2240000000
53.0000000000
53.8650000000
55.6170000000
55.9310000000
57.0330000000
59.0150000000
59.5700000000
57.8490000000
56.4760000000
54.5050000000
53.9780000000
55.8410000000
57.3110000000
58.5990000000
59.7830000000
58.3840000000
56.7510000000
57.8030000000
59.5970000000
61.5590000000
61.9020000000
60.3700000000
61.0850000000
63.0760000000
65.0240000000
65.2210000000
63.5640000000
64.0610000000
66.0480000000
67.9450000000
68.7770000000
67.0460000000
65.9310000000
67.3990000000
68.5950000000
70.3060000000
71.6820000000
70.3090000000
69.1070000000
70.4400000000
71.7190000000
73.3200000000
74.5080000000
73.1380000000
72.9210000000
74.7690000000
76.6640000000
77.3800000000
76.1700000000
77.2340000000
79.2280000000
80.9680000000
80.2410000000
79.7720000000
81.5610000000
83.3340000000
84.5450000000
83.1550000000
82.5160000000
84.3080000000
85.7580000000
87.4200000000
87.7030000000
85.8530000000
85.0150000000
86.7080000000
88.3860000000
90.1850000000
89.5810000000
88.5400000000
90.1240000000
92.1080000000
93.7190000000
92.7010000000
91.9320000000
93.6770000000
95.3630000000
97.1180000000
96.5760000000
94.6500000000
94.4120000000
96.1330000000
97.1220000000
99.0120000000
100.2600000000
98.7040000000
96.7610000000
94.9360000000
94.5620000000
96.4450000000
98.2810000000
99.9880000000
100.3700000000
98.5570000000
96.6820000000
94.8140000000
94.4290000000
96.1890000000
97.8920000000
99.8530000000
100.0700000000
98.1900000000
96.2510000000
94.4920000000
95.3460000000
97.3280000000
98.8680000000
100.5500000000
99.6180000000
97.7180000000
95.9710000000
94.2310000000
94.9920000000
96.6440000000
98.5230000000
100.3700000000
99.8760000000
98.1940000000
96.3650000000
94.5870000000
95.4240000000
97.4080000000
99.0400000000
100.5700000000
99.3040000000
97.3770000000
95.7030000000
94.1290000000
95.3470000000
97.0150000000
98.9380000000
100.5600000000
99.4020000000
97.7620000000
95.8090000000
94.4770000000
95.9760000000
97.8990000000
99.5130000000
100.5400000000
98.8590000000
96.9400000000
95.3150000000
94.1210000000
95.7090000000
97.3880000000
99.3010000000
100.6100000000
99.1050000000
97.5550000000
95.5840000000
94.4640000000
96.1100000000
98.0500000000
99.8870000000
100.2100000000
98.3300000000
96.4430000000
94.6350000000
94.6100000000
96.4240000000
98.3110000000
100.1900000000
99.9300000000
98.1020000000
96.1700000000
94.4830000000
95.5250000000
97.5020000000
99.0760000000
100.6000000000
99.3220000000
97.4120000000
95.7080000000
94.1250000000
95.3310000000
96.9550000000
98.8780000000
100.5400000000
99.4530000000
97.8090000000
95.8630000000
94.4980000000
95.9670000000
97.8680000000
99.3440000000
100.6000000000
99.0690000000
97.1350000000
95.8310000000
94.1680000000
95.0990000000
96.9840000000
98.7050000000
100.4700000000
100.0100000000
98.3540000000
96.5530000000
94.6550000000
94.4250000000
96.1350000000
97.5120000000
99.4730000000
100.5800000000
98.9800000000
97.5530000000
95.5890000000
94.5420000000
96.2280000000
98.1190000000
99.8560000000
100.3300000000
98.4770000000
96.5920000000
94.8700000000
94.3330000000
96.1060000000
97.8910000000
99.8090000000
100.3900000000
98.6320000000
96.9200000000
94.9590000000
94.8790000000
96.8240000000
98.5680000000
100.3400000000
99.8800000000
97.9640000000
96.1590000000
94.3760000000
94.8150000000
96.5490000000
98.4270000000
100.2900000000
99.8910000000
98.1360000000
96.2440000000
94.5490000000
95.5770000000
97.5400000000
98.9230000000
100.5600000000
99.5620000000
97.5920000000
96.2990000000
94.6980000000
94.3560000000
96.2270000000
97.9360000000
98.5200000000
100.2500000000
100.6000000000
98.8400000000
97.5190000000
98.9760000000
100.7500000000
102.6800000000
102.5700000000
101.0500000000
102.0200000000
103.9900000000
105.9300000000
105.7800000000
104.3800000000
105.5500000000
107.4400000000
109.2400000000
109.5200000000
107.6400000000
106.7400000000
108.3100000000
109.3400000000
110.9900000000
112.7700000000
111.9300000000
109.9600000000
108.0700000000
106.9700000000
108.6200000000
110.5000000000
111.9100000000
113.2100000000
111.7100000000
109.7800000000
108.3300000000
106.6900000000
107.7500000000
109.5000000000
111.3700000000
113.1200000000
112.3500000000
110.8200000000
109.0500000000
107.1400000000
107.2700000000
108.9900000000
110.7100000000
112.5900000000
112.0800000000
110.1000000000
108.6800000000
106.9500000000
107.4500000000
109.4300000000
110.8100000000
112.0100000000
113.2700000000
111.9300000000
110.0800000000
110.4600000000
112.0700000000
113.3200000000
115.3000000000
115.8000000000
113.9300000000
112.0100000000
110.2200000000
110.8900000000
112.8700000000
114.4200000000
116.1500000000
115.5800000000
113.6900000000
111.8900000000
110.1000000000
110.4200000000
112.1200000000
113.9300000000
115.8400000000
115.9100000000
114.1700000000
112.5000000000
110.5600000000
110.6600000000
112.6100000000
114.4500000000
116.1500000000
115.2000000000
113.2600000000
111.5100000000
109.8900000000
111.0400000000
112.7900000000
114.7200000000
116.2400000000
114.9300000000
113.1600000000
111.1800000000
110.2300000000
111.9600000000
113.8200000000
115.4600000000
116.1700000000
114.3700000000
112.4700000000
110.8000000000
109.8900000000
111.5900000000
113.2800000000
115.2000000000
116.2800000000
114.6500000000
113.0900000000
111.1100000000
110.2500000000
112.0200000000
113.9300000000
115.7500000000
115.8100000000
113.9100000000
112.0400000000
110.2300000000
110.4200000000
112.2200000000
114.1100000000
115.9700000000
115.5300000000
113.7100000000
111.7600000000
110.1700000000
111.3700000000
113.3300000000
114.8400000000
116.3200000000
114.9900000000
113.0600000000
111.4700000000
109.8400000000
110.9300000000
112.6000000000
114.5100000000
116.2500000000
115.3700000000
113.8000000000
111.9500000000
110.1800000000
111.0400000000
112.9600000000
114.9000000000
116.0500000000
114.4200000000
112.5400000000
111.1100000000
109.8600000000
111.4000000000
113.3300000000
114.7200000000
116.3600000000
115.3000000000
113.5000000000
111.6700000000
109.9200000000
110.6800000000
112.2300000000
114.0000000000
115.9100000000
115.9000000000
114.2100000000
112.6600000000
110.6900000000
110.3900000000
112.2600000000
114.2000000000
115.9400000000
115.0300000000
113.0700000000
111.9800000000
110.3000000000
110.1700000000
112.0600000000
113.1100000000
111.5400000000
110.2700000000
108.3900000000
107.4000000000
109.0400000000
110.0100000000
108.5500000000
107.4300000000
105.9200000000
104.2900000000
105.3500000000
106.8300000000
105.9100000000
104.4600000000
103.1900000000
101.4100000000
102.0400000000
103.4400000000
102.2800000000
100.5900000000
98.8150000000
99.1120000000
100.1000000000
98.5780000000
96.7350000000
95.4420000000
96.5810000000
96.2830000000
94.3520000000
92.4750000000
92.6680000000
93.3200000000
91.5590000000
89.5710000000
88.7110000000
89.9080000000
88.9660000000
87.0860000000
85.3580000000
86.0320000000
86.7360000000
85.0550000000
83.4140000000
81.8910000000
82.9730000000
84.1600000000
82.6420000000
81.0200000000
79.6170000000
78.5320000000
80.0460000000
81.4970000000
80.1830000000
78.3670000000
76.4320000000
76.5180000000
77.9450000000
76.8310000000
74.8460000000
72.9500000000
73.1630000000
74.8320000000
74.1280000000
72.1470000000
70.1820000000
69.7330000000
71.4720000000
71.5790000000
69.7000000000
67.7380000000
66.7140000000
68.0990000000
67.7790000000
65.8240000000
63.9740000000
63.1780000000
64.8760000000
65.6270000000
63.8810000000
62.0030000000
60.4280000000
61.4690000000
61.9430000000
60.0840000000
58.1910000000
56.8440000000
58.2170000000
59.3050000000
57.6930000000
55.7260000000
53.9580000000
54.7420000000
56.1170000000
54.7920000000
52.8150000000
50.9380000000
51.3570000000
52.8950000000
51.8560000000
49.8690000000
47.9380000000
47.8850000000
49.6590000000
49.4670000000
47.5930000000
45.6420000000
44.8430000000
46.2330000000
45.5800000000
43.6140000000
41.7230000000
41.4320000000
43.1750000000
43.0970000000
41.1440000000
39.1790000000
38.0820000000
39.6550000000
40.5980000000
38.9490000000
37.2000000000
35.5180000000
36.3420000000
36.8660000000
35.0260000000
33.0470000000
31.9720000000
33.3540000000
33.2080000000
31.3330000000
29.8110000000
28.3470000000
29.5820000000
31.2380000000
30.2840000000
28.5950000000
26.7010000000
26.1310000000
27.5670000000
26.8140000000
24.8220000000
22.8890000000
22.9780000000
24.3470000000
23.1600000000
21.3500000000
19.6370000000
19.1360000000
20.9610000000
21.9920000000
20.4320000000
19.1780000000
17.3370000000
16.4020000000
18.0100000000
18.5380000000
16.8050000000
15.2420000000
13.7240000000
14.7200000000
15.1850000000
13.4140000000
11.6410000000
10.8190000000
12.1530000000
11.8060000000
10.0890000000
8.6246000000
8.0367000000
9.7431000000
11.5650000000
11.3070000000
11.7390000000
13.5030000000
12.8240000000
10.9680000000
10.9850000000
10.1070000000
8.5257000000
9.6251000000
10.8290000000
10.4130000000
12.0250000000
13.7320000000
13.1730000000
11.2610000000
10.5400000000
10.6890000000
8.8882000000
8.9298000000
10.7530000000
10.6940000000
11.4960000000
13.3530000000
13.2880000000
11.3960000000
11.0920000000
10.9710000000
9.0489000000
8.0896000000
9.5536000000
11.3950000000
11.8570000000
11.2460000000
12.8990000000
13.4720000000
11.7830000000
10.4780000000
10.7040000000
9.0357000000
9.0215000000
10.8250000000
10.8420000000
11.9570000000
13.4290000000
12.1950000000
11.3130000000
11.4740000000
9.6731000000
8.2292000000
9.3471000000
10.9860000000
10.4350000000
11.3810000000
13.3290000000
14.0850000000
12.8140000000
13.0630000000
14.7810000000
15.7460000000
17.1380000000
16.3800000000
14.4380000000
13.6400000000
14.0340000000
12.2820000000
11.5710000000
13.2730000000
14.4530000000
14.2020000000
15.9390000000
16.4520000000
14.6610000000
14.5350000000
14.1930000000
12.2700000000
11.2310000000
12.7300000000
14.5770000000
14.4540000000
15.0470000000
16.6230000000
15.5010000000
14.0530000000
14.3290000000
12.7060000000
11.5660000000
13.1110000000
13.8560000000
13.4140000000
15.1110000000
16.8710000000
16.6280000000
14.9000000000
13.2070000000
13.7100000000
13.4700000000
11.6300000000
11.9800000000
13.7650000000
14.9140000000
14.5430000000
16.1420000000
16.2380000000
14.4680000000
13.6110000000
13.3680000000
11.7420000000
12.5280000000
14.3410000000
14.8670000000
15.1970000000
16.7870000000
17.1090000000
18.8650000000
19.0660000000
17.3340000000
15.7870000000
14.5660000000
13.2440000000
12.3280000000
14.0060000000
15.8340000000
17.3360000000
19.0180000000
18.0880000000
16.6120000000
14.8220000000
13.0070000000
12.3800000000
14.0880000000
14.7790000000
16.4380000000
17.5700000000
19.2320000000
18.3030000000
17.0700000000
16.0100000000
14.8810000000
15.5870000000
15.5770000000
14.2320000000
12.9730000000
12.5560000000
11.7590000000
12.7370000000
13.8700000000
14.8720000000
16.1700000000
14.7080000000
13.4370000000
11.7030000000
10.8270000000
9.1769000000
10.1260000000
11.8030000000
13.6260000000
15.3250000000
15.7630000000
14.0570000000
13.0400000000
11.2990000000
9.6944000000
9.1159000000
10.8410000000
11.3890000000
12.7970000000
13.4030000000
13.3410000000
15.0910000000
16.4460000000
15.8350000000
14.5440000000
14.6590000000
12.9410000000
11.6200000000
12.8580000000
13.6730000000
13.1190000000
14.6190000000
16.2480000000
16.7020000000
14.8940000000
14.7350000000
15.6510000000
14.8460000000
13.2530000000
12.4390000000
11.2960000000
12.4410000000
13.8550000000
12.8240000000
11.8490000000
10.2120000000
9.5768000000
10.6240000000
10.0520000000
8.2553000000
8.7793000000
9.9251000000
11.3300000000
12.4590000000
11.5660000000
11.4960000000
13.3940000000
13.8020000000
12.8890000000
14.1470000000
15.7130000000
16.9890000000
15.8530000000
14.2600000000
14.9970000000
14.5820000000
12.7310000000
11.1710000000
11.9490000000
13.8030000000
14.9940000000
14.3100000000
15.6340000000
16.7370000000
15.2250000000
13.7940000000
14.0580000000
12.4310000000
11.9000000000
13.6730000000
13.7390000000
14.4360000000
16.3120000000
16.5750000000
14.7180000000
14.3790000000
14.5400000000
12.6680000000
11.0230000000
11.8120000000
12.7040000000
12.0070000000
10.2740000000
9.7834000000
8.7854000000
7.8166000000
9.3399000000
11.2620000000
11.6330000000
11.1850000000
12.9580000000
13.6390000000
12.0580000000
10.3180000000
10.5780000000
9.7270000000
8.5413000000
9.9436000000
11.4550000000
11.3430000000
12.9680000000
12.9430000000
11.1100000000
10.8450000000
9.8611000000
8.6877000000
10.2570000000
10.8350000000
11.4590000000
13.2020000000
12.5920000000
11.2740000000
11.3290000000
9.5679000000
8.5269000000
10.0930000000
10.4500000000
10.4530000000
12.2970000000
13.7560000000
12.7590000000
11.0800000000
11.6490000000
10.9680000000
9.0248000000
7.7485000000
8.9145000000
9.1755000000
7.4864000000
6.4515000000
5.0291000000
5.2962000000
7.1883000000
8.4980000000
7.9007000000
9.2996000000
10.5210000000
9.0789000000
7.5653000000
7.8974000000
6.3753000000
5.3738000000
7.0176000000
7.5716000000
7.4880000000
9.3535000000
10.7970000000
9.6672000000
7.7562000000
7.2848000000
7.3938000000
5.6108000000
5.9630000000
7.7829000000
7.7283000000
8.7670000000
10.3350000000
9.2479000000
8.0799000000
8.5748000000
7.0332000000
5.2581000000
5.3922000000
7.2393000000
8.4940000000
8.0179000000
9.5595000000
10.2210000000
8.4605000000
7.9137000000
7.6728000000
5.7892000000
5.5111000000
7.3481000000
7.4458000000
7.5061000000
9.4130000000
10.9420000000
9.9648000000
8.5966000000
6.8594000000
6.7645000000
8.0797000000
7.0752000000
5.3259000000
3.5952000000
4.1937000000
5.1439000000
3.5905000000
2.1194000000
0.3748800000
0.6186500000
2.3415000000
1.8145000000
-0.0976130000
-1.3851000000
-3.0650000000
-2.3196000000
-0.3955100000
-0.3188500000
-2.0285000000
-3.3219000000
-5.2552000000
-5.3837000000
-3.5539000000
-3.1619000000
-4.8359000000
-5.6813000000
-7.1947000000
-8.9739000000
-8.1704000000
-6.1914000000
-4.6049000000
-3.1122000000
-4.4197000000
-6.3746000000
-7.7678000000
-9.4624000000
-8.6373000000
-6.7702000000
-4.9823000000
-3.2052000000
-3.6822000000
-5.3229000000
-7.1018000000
-9.0131000000
-9.1976000000
-7.4836000000
-6.0111000000
-4.0311000000
-3.3494000000
-5.1176000000
-6.9602000000
-8.8453000000
-8.3883000000
-6.4794000000
-5.9590000000
-6.7220000000
-8.3962000000
-9.0890000000
-9.0335000000
-10.5070000000
-12.1550000000
-11.0830000000
-9.1234000000
-7.4905000000
-6.2868000000
-7.8671000000
-9.7871000000
-11.0750000000
-12.6740000000
-11.5760000000
-9.6539000000
-8.0809000000
-6.3420000000
-6.8215000000
-8.5637000000
-10.4400000000
-12.3010000000
-12.2430000000
-10.5620000000
-9.0114000000
-7.0507000000
-6.3788000000
-8.1063000000
-9.6630000000
-11.6430000000
-11.9840000000
-10.0740000000
-8.4676000000
-6.8239000000
-6.4832000000
-8.3685000000
-10.0490000000
-10.8850000000
-12.5790000000
-12.0970000000
-10.1460000000
-9.6573000000
-11.3990000000
-12.9500000000
-14.8020000000
-14.3600000000
-12.9470000000
-14.1280000000
-16.0290000000
-17.8560000000
-17.3360000000
-16.6440000000
-18.4020000000
-20.2940000000
-21.6410000000
-20.3330000000
-19.6380000000
-21.4230000000
-23.0440000000
-24.7980000000
-24.5390000000
-22.5840000000
-21.8230000000
-23.3620000000
-24.3230000000
-25.5590000000
-27.5210000000
-28.4580000000
-26.8540000000
-25.9490000000
-24.3030000000
-22.4940000000
-21.5210000000
-22.7630000000
-24.2880000000
-24.4810000000
-26.1530000000
-27.8950000000
-28.9850000000
-28.9240000000
-30.5400000000
-31.8380000000
-31.5120000000
-29.7900000000
-28.0750000000
-27.2830000000
-26.0780000000
-24.7660000000
-25.9540000000
-27.8780000000
-29.1230000000
-30.1020000000
-31.6150000000
-30.7490000000
-28.7780000000
-28.3570000000
-30.0740000000
-31.0960000000
-32.9940000000
-34.4820000000
-33.1520000000
-31.3690000000
-29.3830000000
-28.9110000000
-30.7270000000
-31.4280000000
-29.8070000000
-28.8200000000
-27.1720000000
-25.5860000000
-26.7610000000
-28.5550000000
-29.2350000000
-30.8910000000
-31.5040000000
-29.9750000000
-28.9740000000
-30.6020000000
-31.7820000000
-31.4830000000
-31.0840000000
-29.8150000000
-28.4820000000
-28.4170000000
-28.6430000000
-27.4520000000
-25.8600000000
-26.9120000000
-28.3150000000
-27.3570000000
-25.9250000000
-24.7430000000
-22.9400000000
-23.4210000000
-24.8850000000
-23.8430000000
-22.1570000000
-20.3770000000
-20.5040000000
-21.6120000000
-20.2390000000
-18.4540000000
-17.0020000000
-18.0500000000
-18.3780000000
-16.6270000000
-15.0770000000
-14.1750000000
-15.7150000000
-17.5760000000
-18.1760000000
-17.3130000000
-18.7540000000
-20.2990000000
-19.4050000000
-19.1220000000
-20.7920000000
-21.8740000000
-23.1560000000
-22.5270000000
-20.7350000000
-21.2330000000
-21.7230000000
-20.1240000000
-18.8900000000
-17.6910000000
-18.6850000000
-20.0460000000
-18.9500000000
-17.5100000000
-16.0280000000
-16.7150000000
-16.6350000000
-14.7910000000
-15.0520000000
-16.7030000000
-18.2380000000
-17.7280000000
-18.6080000000
-19.7720000000
-18.4090000000
-16.7300000000
-16.8640000000
-15.4960000000
-14.9970000000
-16.3080000000
-18.0790000000
-18.1180000000
-18.3210000000
-19.9240000000
-20.0990000000
-21.8070000000
-22.5100000000
-20.8380000000
-19.7390000000
-18.1440000000
-18.6440000000
-19.4240000000
-21.0310000000
-21.8430000000
-21.2750000000
-21.9680000000
-23.4180000000
-24.7420000000
-25.5390000000
-23.8370000000
-23.3270000000
-21.8180000000
-21.5940000000
-23.3930000000
-23.8010000000
-24.8170000000
-25.8380000000
-24.2240000000
-23.4710000000
-22.9490000000
-21.3050000000
-22.3250000000
-23.3850000000
-23.7170000000
-25.5250000000
-25.3490000000
-23.8220000000
-23.5080000000
-21.7440000000
-21.9750000000
-23.5300000000
-24.7350000000
-25.8390000000
-24.7640000000
-22.9790000000
-22.6700000000
-22.3230000000
-20.6130000000
-19.1110000000
-18.2410000000
-19.3430000000
-21.1150000000
-21.3400000000
-21.7760000000
-23.5360000000
-25.2800000000
-25.8990000000
-26.4860000000
-28.2520000000
-28.7830000000
-27.1030000000
-25.5830000000
-24.1900000000
-23.4280000000
-21.7740000000
-22.4430000000
-24.3690000000
-25.9030000000
-26.7490000000
-28.3910000000
-27.7230000000
-25.7460000000
-25.0660000000
-26.7320000000
-27.6290000000
-29.3470000000
-31.2450000000
-31.0940000000
-29.4490000000
-28.2680000000
-26.3320000000
-24.9140000000
-26.2270000000
-27.3750000000
-28.9480000000
-30.8030000000
-31.7960000000
-30.3500000000
-29.2680000000
-28.4540000000
-26.8260000000
-25.2240000000
-24.7790000000
-26.4940000000
-27.1660000000
-28.1540000000
-29.3040000000
-29.5310000000
-31.3440000000
-32.0620000000
-30.4130000000
-29.6970000000
-28.0050000000
-28.4500000000
-29.8980000000
-30.7090000000
-32.1140000000
-30.8800000000
-29.4680000000
-29.3140000000
-27.6190000000
-28.1440000000
-29.9830000000
-30.2890000000
-31.2200000000
-32.2940000000
-31.3560000000
-30.2780000000
-28.6200000000
-28.7730000000
-29.1820000000
-27.5030000000
-27.5780000000
-27.6240000000
-25.8720000000
-24.5400000000
-24.5630000000
-26.1900000000
-25.7520000000
-26.4580000000
-28.2290000000
-29.3700000000
-28.0150000000
-27.2040000000
-28.3060000000
-28.9950000000
-30.6500000000
-31.3770000000
-30.5560000000
-30.7650000000
-32.4080000000
-31.5800000000
-29.8160000000
-28.9570000000
-29.2370000000
-27.5810000000
-27.5830000000
-27.6660000000
-25.9300000000
-24.6220000000
-24.5380000000
-26.1880000000
-25.9960000000
-27.2240000000
-28.9310000000
-28.8060000000
-27.1360000000
-27.7160000000
-27.7160000000
-25.9740000000
-24.7410000000
-24.1950000000
-25.9040000000
-25.7870000000
-24.8590000000
-24.0630000000
-22.3540000000
-22.1180000000
-22.9850000000
-22.0490000000
-21.0020000000
-21.9770000000
-22.6960000000
-24.3570000000
-25.0580000000
-24.2970000000
-24.7290000000
-26.1660000000
-25.4410000000
-25.5060000000
-27.2100000000
-28.1320000000
-29.1320000000
-28.4650000000
-27.2050000000
-27.7940000000
-26.6770000000
-25.0390000000
-24.1120000000
-25.6440000000
-26.0160000000
-25.1350000000
-25.4870000000
-27.1880000000
-27.9400000000
-28.6780000000
-29.3660000000
-27.7150000000
-27.5410000000
-29.0230000000
-30.7460000000
-30.5150000000
-30.9140000000
-32.3890000000
-31.5710000000
-30.5570000000
-28.8240000000
-28.6320000000
-29.3640000000
-27.9130000000
-27.4850000000
-28.7580000000
-30.5040000000
-30.9040000000
-30.3400000000
-31.9340000000
-32.0680000000
-30.6830000000
-28.9360000000
-29.0490000000
-28.9120000000
-27.3040000000
-27.8050000000
-27.5250000000
-25.7830000000
-24.6120000000
-24.5700000000
-26.2090000000
-26.1750000000
-27.6760000000
-29.0650000000
-27.9340000000
-27.0470000000
-26.5670000000
-24.7630000000
-24.8560000000
-26.4210000000
-26.8480000000
-28.5880000000
-28.0670000000
-26.6020000000
-25.1850000000
-24.3180000000
-24.3860000000
-22.6760000000
-21.3550000000
-21.9500000000
-23.3190000000
-24.1660000000
-25.6090000000
-24.2560000000
-23.1280000000
-21.4190000000
-20.9930000000
-19.6570000000
-18.3580000000
-19.5260000000
-21.1960000000
-22.8930000000
-24.0110000000
-25.3980000000
-23.9920000000
-22.2380000000
-20.5170000000
-18.7670000000
-19.4100000000
-20.8930000000
-22.4630000000
-24.2130000000
-25.5620000000
-24.3100000000
-23.0880000000
-22.3410000000
-20.7830000000
-19.6980000000
-18.4490000000
-19.9870000000
-21.0880000000
-22.8290000000
-23.6950000000
-25.3730000000
-24.5150000000
-22.9170000000
-21.0950000000
-19.4790000000
-18.5870000000
-20.2550000000
-21.0650000000
-22.7780000000
-23.7260000000
-25.4110000000
-24.5710000000
-23.1870000000
-21.5610000000
-20.4100000000
-18.7050000000
-19.2210000000
-20.7090000000
-22.1910000000
-23.4930000000
-25.1750000000
-24.9520000000
-23.3930000000
-22.2290000000
-20.8440000000
-19.7680000000
-18.4990000000
-19.9880000000
-21.6150000000
-23.3130000000
-25.0450000000
-24.9570000000
-23.3400000000
-22.1740000000
-20.5710000000
-18.9160000000
-18.7330000000
-20.4600000000
-20.9290000000
-22.6100000000
-22.5520000000
-22.3590000000
-23.9820000000
-25.1290000000
-25.9080000000
-24.5870000000
-23.5320000000
-21.9300000000
-21.9050000000
-23.5650000000
-24.0310000000
-25.7160000000
-25.0510000000
-23.3530000000
-23.2910000000
-21.7020000000
-21.6450000000
-23.4420000000
-23.5590000000
-24.8160000000
-25.8230000000
-24.1790000000
-23.8220000000
-22.7770000000
-21.2850000000
-22.4460000000
-23.3580000000
-24.2590000000
-25.6860000000
-24.3660000000
-23.2820000000
-21.6180000000
-21.5190000000
-22.5510000000
-24.2530000000
-24.7730000000
-24.2840000000
-25.7580000000
-26.5720000000
-28.0960000000
-28.4350000000
-26.7400000000
-25.5020000000
-24.0650000000
-23.1180000000
-21.6600000000
-22.9150000000
-24.6810000000
-26.3450000000
-28.0270000000
-28.1330000000
-26.4380000000
-24.9050000000
-23.1390000000
-21.6280000000
-22.7860000000
-23.9830000000
-25.0090000000
-26.4250000000
-27.7410000000
-28.5690000000
-26.8820000000
-25.8180000000
-24.1400000000
-23.2210000000
-21.6680000000
-22.8600000000
-24.4190000000
-26.2270000000
-27.9020000000
-28.3970000000
-26.6850000000
-25.8660000000
-24.1380000000
-23.0890000000
-21.5970000000
-22.9190000000
-24.0510000000
-25.7470000000
-26.6270000000
-28.3250000000
-28.0010000000
-26.3190000000
-24.5500000000
-23.0060000000
-21.6340000000
-23.0490000000
-24.0280000000
-25.5720000000
-26.5880000000
-28.2280000000
-28.1710000000
-26.5200000000
-25.0150000000
-23.5950000000
-21.8810000000
-22.2430000000
-23.7580000000
-24.8100000000
-26.2140000000
-26.9960000000
-28.5990000000
-27.6450000000
-25.8970000000
-24.1440000000
-22.6560000000
-21.8350000000
-23.5370000000
-24.9710000000
-26.7690000000
-28.5080000000
-27.8360000000
-26.3620000000
-25.5360000000
-23.9390000000
-22.7760000000
-21.6080000000
-23.1920000000
-24.2120000000
-25.9440000000
-26.6780000000
-28.3970000000
-27.9170000000
-26.1770000000
-24.3420000000
-22.7920000000
-21.7360000000
-23.3640000000
-24.4230000000
-26.2070000000
-27.7710000000
-28.6800000000
-27.0650000000
-26.3130000000
-25.1360000000
-24.1770000000
-24.0620000000
-22.2580000000
-21.1680000000
-22.5600000000
-23.2090000000
-24.1230000000
-25.6990000000
-24.7570000000
-23.5220000000
-22.0830000000
-21.5690000000
-23.3110000000
-23.8560000000
-24.9130000000
-25.8600000000
-24.3720000000
-23.0250000000
-22.9740000000
-21.2880000000
-21.5570000000
-22.5730000000
-24.2220000000
-24.8770000000
-24.1380000000
-25.2380000000
-26.1000000000
-25.4660000000
-26.6500000000
-28.1510000000
-29.1800000000
-28.0260000000
-27.1990000000
-27.1650000000
-25.3400000000
-24.1160000000
-25.4660000000
-26.2180000000
-25.4100000000
-26.4520000000
-27.9820000000
-29.1660000000
-28.5400000000
-27.1980000000
-28.1030000000
-28.7070000000
-29.8700000000
-31.2970000000
-31.1990000000
-30.3710000000
-31.6760000000
-32.3060000000
-31.3500000000
-30.9210000000
-29.4990000000
-28.3140000000
-28.5090000000
-29.2920000000
-27.9070000000
-27.3930000000
-28.0290000000
-26.8060000000
-25.3900000000
-24.3360000000
-25.0200000000
-26.2670000000
-26.1990000000
-27.9450000000
-29.1960000000
-27.8800000000
-27.1950000000
-27.4670000000
-25.7310000000
-24.1430000000
-24.6260000000
-26.4130000000
-25.9700000000
-25.9800000000
-27.8100000000
-29.4270000000
-29.0800000000
-27.1660000000
-26.2780000000
-26.6050000000
-24.8390000000
-24.2220000000
-25.9890000000
-26.7560000000
-26.6770000000
-28.5370000000
-29.3590000000
-27.6720000000
-26.5480000000
-26.9290000000
-25.2280000000
-23.8650000000
-25.1370000000
-26.9900000000
-26.9020000000
-27.6650000000
-29.1810000000
-27.9590000000
-26.7410000000
-27.0070000000
-25.2830000000
-23.9750000000
-25.3370000000
-26.7230000000
-26.1410000000
-27.5030000000
-29.3840000000
-29.4210000000
-28.0760000000
-27.3100000000
-25.5810000000
-25.2490000000
-26.4480000000
-25.9220000000
-23.9730000000
-23.5970000000
-23.8960000000
-22.0480000000
-20.3230000000
-20.9570000000
-21.0520000000
-19.1580000000
-17.2860000000
-17.3610000000
-18.1340000000
-16.4570000000
-14.4730000000
-13.5600000000
-14.6460000000
-13.5210000000
-11.5610000000
-10.0580000000
-10.9980000000
-10.7460000000
-8.8362000000
-7.0936000000
-7.6438000000
-7.4470000000
-5.5000000000
-4.7252000000
-5.5760000000
-4.1587000000
-2.2250000000
-1.3570000000
-2.4923000000
-1.4929000000
0.4574400000
2.0427000000
1.1716000000
1.3781000000
3.3456000000
5.2658000000
5.1251000000
4.3788000000
6.0533000000
7.9809000000
8.7621000000
7.6296000000
8.6848000000
10.6340000000
11.7800000000
10.9400000000
12.1600000000
13.9470000000
13.4160000000
12.8920000000
14.5290000000
15.8820000000
17.0120000000
15.6580000000
14.2940000000
15.2170000000
14.8250000000
13.0820000000
11.6690000000
11.8000000000
13.6430000000
13.3860000000
12.6020000000
13.6650000000
15.1120000000
15.9750000000
17.0470000000
15.6840000000
14.3190000000
15.2990000000
15.3060000000
13.5820000000
12.5550000000
11.3590000000
12.3500000000
13.8200000000
12.8180000000
11.6580000000
9.9232000000
9.8865000000
10.8660000000
9.4783000000
7.9847000000
8.8944000000
8.9374000000
7.2009000000
5.9819000000
5.0484000000
6.5992000000
7.4513000000
6.2365000000
5.2068000000
3.4956000000
3.5845000000
4.5203000000
3.0785000000
1.8320000000
2.9817000000
4.0340000000
5.7593000000
5.9474000000
4.8472000000
5.9672000000
7.7190000000
7.1520000000
7.1797000000
9.0336000000
10.7300000000
10.3980000000
8.7728000000
6.9780000000
6.9680000000
8.0549000000
6.6895000000
4.7571000000
3.9163000000
4.7409000000
3.3196000000
1.6912000000
2.5007000000
2.8813000000
1.2326000000
0.0911130000
-1.1934000000
-0.4583300000
1.2925000000
0.7025800000
0.2896400000
1.9247000000
3.1305000000
4.3121000000
3.2619000000
1.9514000000
3.0785000000
4.5502000000
5.9649000000
5.2236000000
5.4559000000
7.2693000000
6.8091000000
5.0794000000
3.8061000000
4.3062000000
2.9256000000
2.4093000000
3.9687000000
5.4523000000
5.2538000000
6.7531000000
7.1589000000
7.3846000000
9.2150000000
10.3930000000
9.0842000000
8.3969000000
8.9715000000
7.5136000000
5.9758000000
5.2710000000
6.9618000000
7.0703000000
5.9562000000
4.7265000000
3.3060000000
3.8601000000
4.1571000000
2.3723000000
2.5925000000
4.3454000000
5.4738000000
5.2246000000
6.8723000000
6.7984000000
5.4179000000
3.7249000000
3.9398000000
3.5882000000
2.0863000000
2.2910000000
0.8021500000
-0.7626900000
-0.2088400000
1.1664000000
0.5726500000
1.6638000000
3.3870000000
4.2764000000
2.6412000000
2.0223000000
3.0647000000
2.7869000000
1.0659000000
0.3201300000
-0.7059800000
-1.1487000000
0.6694300000
1.1321000000
0.0099565000
0.0747280000
1.4207000000
2.6970000000
3.0005000000
4.1091000000
3.9961000000
2.1377000000
2.3297000000
3.4714000000
4.4854000000
6.0920000000
5.8414000000
4.9587000000
6.4692000000
7.4690000000
6.1553000000
4.4905000000
3.5466000000
4.4476000000
3.4367000000
1.9799000000
3.1253000000
4.9925000000
5.3547000000
5.4839000000
7.1367000000
6.3514000000
4.5106000000
4.0981000000
3.5876000000
2.1405000000
2.4650000000
1.1217000000
-0.5106100000
-0.6426200000
1.0469000000
0.6195700000
0.8824200000
2.6621000000
4.0134000000
3.5073000000
2.0259000000
2.9119000000
3.8041000000
5.4191000000
6.1565000000
5.2778000000
5.8268000000
7.3195000000
6.2538000000
4.4083000000
4.0230000000
3.8036000000
2.2076000000
2.7626000000
2.8666000000
1.2452000000
0.2341000000
-0.7091200000
-0.3576300000
1.1130000000
0.9635700000
2.5613000000
4.0060000000
3.0271000000
1.9912000000
2.4303000000
0.8649100000
-0.8026900000
-0.7571800000
1.0993000000
0.9783100000
0.6330300000
2.3839000000
4.0230000000
4.1913000000
2.3247000000
1.2729000000
1.7139000000
0.0242470000
-1.2829000000
0.0227190000
1.9063000000
2.0150000000
2.3982000000
4.0087000000
2.9633000000
1.4090000000
1.5999000000
-0.0011966000
-0.7202100000
1.0092000000
1.1187000000
1.8054000000
3.6740000000
4.0099000000
2.1729000000
2.0065000000
2.2862000000
0.4779200000
-1.2598000000
-0.9569800000
0.6582800000
2.4530000000
2.4382000000
1.4241000000
2.8634000000
4.8184000000
5.1758000000
4.8610000000
6.6911000000
7.4752000000
5.9902000000
4.1562000000
3.8983000000
4.3154000000
2.5721000000
2.5441000000
4.3781000000
5.0593000000
5.3299000000
7.0203000000
6.1276000000
4.7357000000
4.8768000000
3.1534000000
2.2955000000
3.9826000000
4.1809000000
4.3182000000
6.1989000000
7.5873000000
6.4080000000
4.5986000000
4.8806000000
4.0741000000
2.1983000000
2.3306000000
4.1204000000
5.4684000000
4.9889000000
6.4156000000
7.0112000000
5.2596000000
4.5583000000
4.2299000000
2.4739000000
3.1475000000
4.5246000000
4.3147000000
5.9926000000
7.3284000000
6.0140000000
5.0130000000
5.7619000000
4.5022000000
2.7830000000
1.8565000000
3.4709000000
4.8013000000
4.1406000000
5.4689000000
7.3957000000
7.6705000000
6.6029000000
7.8012000000
9.4270000000
10.8560000000
9.9010000000
7.9610000000
7.3967000000
7.5872000000
5.7652000000
5.5783000000
7.4316000000
7.8358000000
8.1295000000
10.0140000000
10.1600000000
8.3004000000
8.1363000000
7.9716000000
6.0419000000
4.7894000000
6.0478000000
7.4762000000
9.1183000000
8.4947000000
7.7314000000
9.3763000000
11.2900000000
11.7850000000
10.9350000000
12.4430000000
14.1770000000
13.6070000000
13.9650000000
15.9290000000
17.5720000000
16.8020000000
16.9450000000
18.9060000000
20.8050000000
20.5690000000
20.1330000000
21.9550000000
23.9080000000
24.0990000000
23.4130000000
25.0980000000
26.9460000000
26.6350000000
26.9740000000
28.9390000000
29.9070000000
28.8930000000
29.9600000000
31.8620000000
33.2410000000
32.1600000000
32.2020000000
34.0330000000
35.7700000000
35.9040000000
34.4580000000
33.8710000000
32.3340000000
31.3340000000
32.1330000000
32.9870000000
31.3820000000
29.4890000000
29.5760000000
29.3320000000
27.4600000000
27.5910000000
29.4440000000
30.3090000000
30.2360000000
32.0060000000
31.6540000000
29.9410000000
30.1400000000
28.8230000000
27.2970000000
28.3960000000
29.6160000000
28.9620000000
30.2720000000
32.0870000000
32.6870000000
30.9980000000
29.2460000000
29.5880000000
28.8050000000
27.3060000000
28.5240000000
29.9720000000
29.6770000000
31.2870000000
32.4160000000
30.8610000000
30.0990000000
30.5170000000
28.8010000000
27.0480000000
27.4040000000
29.0860000000
30.8220000000
30.3890000000
30.1890000000
32.0690000000
32.7020000000
31.5770000000
32.0550000000
33.7410000000
34.6550000000
35.8970000000
34.8680000000
33.1180000000
33.6600000000
33.4510000000
31.5520000000
29.8840000000
30.5480000000
31.7220000000
32.1840000000
33.8740000000
34.6830000000
33.8540000000
32.9930000000
34.5950000000
36.4840000000
36.3820000000
36.6620000000
38.5300000000
38.3550000000
36.4900000000
35.7020000000
35.7130000000
33.9360000000
34.3570000000
36.0330000000
35.7930000000
37.1540000000
38.7040000000
37.6660000000
36.3100000000
36.9890000000
35.8340000000
33.9820000000
33.1620000000
34.7230000000
36.5970000000
36.8640000000
36.3990000000
38.1590000000
38.6020000000
36.8990000000
35.5300000000
35.8250000000
34.2320000000
34.0580000000
35.8840000000
36.1540000000
37.0010000000
38.4940000000
37.2350000000
36.3760000000
36.1900000000
34.3270000000
33.7520000000
35.5030000000
35.4470000000
35.4750000000
37.3070000000
38.8350000000
38.1570000000
36.3210000000
36.6200000000
36.3410000000
34.3980000000
32.8670000000
33.8070000000
34.1220000000
32.3900000000
30.9600000000
29.9860000000
31.5370000000
33.2810000000
32.8800000000
33.7930000000
35.6120000000
35.1720000000
33.3270000000
32.3020000000
32.6430000000
30.9660000000
30.9450000000
32.7870000000
33.0180000000
33.8430000000
35.3690000000
34.1610000000
33.2270000000
33.2070000000
31.3580000000
30.3960000000
32.0320000000
32.5670000000
31.9570000000
33.5120000000
35.1780000000
35.7090000000
33.9100000000
32.9460000000
33.5220000000
31.9040000000
30.0450000000
30.2510000000
31.0950000000
29.5960000000
28.0380000000
26.7990000000
28.0970000000
30.0130000000
30.0800000000
30.3740000000
32.2170000000
31.9040000000
30.0250000000
29.9170000000
29.3310000000
27.4890000000
27.7570000000
29.6030000000
29.4740000000
30.0010000000
31.9450000000
32.8060000000
31.3560000000
29.7300000000
28.5920000000
29.6820000000
29.3390000000
27.4040000000
26.1560000000
26.8070000000
25.3910000000
23.8230000000
24.8110000000
26.5150000000
27.7840000000
26.9990000000
27.8990000000
29.3710000000
28.1980000000
26.3640000000
26.3950000000
25.4710000000
24.3140000000
25.8380000000
26.8510000000
26.9960000000
28.7920000000
28.4460000000
26.9240000000
27.0910000000
25.4750000000
24.1770000000
25.5350000000
26.2750000000
25.7870000000
27.3950000000
29.0700000000
29.1940000000
27.3090000000
26.9080000000
27.2570000000
25.4450000000
23.6450000000
24.0370000000
24.8290000000
23.2850000000
21.7750000000
20.5180000000
21.7830000000
23.6990000000
23.7600000000
24.0650000000
25.9240000000
25.7090000000
23.8190000000
23.5120000000
23.1290000000
21.2810000000
21.5090000000
23.3170000000
23.0850000000
23.7280000000
25.6640000000
26.5230000000
25.0440000000
23.3140000000
22.4270000000
23.4990000000
22.6200000000
20.6800000000
20.5630000000
20.7600000000
18.8720000000
17.1080000000
17.6640000000
17.6860000000
15.7490000000
13.8440000000
14.0310000000
14.4460000000
12.6130000000
10.6610000000
10.5400000000
11.1200000000
9.3731000000
7.5782000000
8.0126000000
7.5437000000
5.5678000000
4.5723000000
5.5316000000
4.3428000000
2.3722000000
1.1386000000
2.1725000000
1.3246000000
-0.6705300000
-2.3236000000
-1.5432000000
-1.7175000000
-3.6428000000
-5.4013000000
-4.8702000000
-5.1072000000
-7.0600000000
-7.8853000000
-7.0360000000
-8.4477000000
-10.4010000000
-11.2550000000
-10.1830000000
-11.3360000000
-13.3290000000
-14.8010000000
-13.8540000000
-14.3710000000
-16.3270000000
-18.0670000000
-17.4530000000
-17.4530000000
-19.3680000000
-20.9350000000
-20.2750000000
-21.2270000000
-23.1440000000
-23.1390000000
-22.2250000000
-23.5450000000
-24.9980000000
-26.3510000000
-25.5820000000
-23.7820000000
-24.2240000000
-24.2100000000
-22.3500000000
-20.6610000000
-21.0770000000
-22.7070000000
-24.4990000000
-24.3670000000
-23.4080000000
-24.9130000000
-26.8640000000
-27.2230000000
-26.8350000000
-28.6410000000
-29.5140000000
-28.0970000000
-26.3500000000
-25.6310000000
-26.5320000000
-25.2670000000
-23.8960000000
-25.0760000000
-26.8470000000
-27.6870000000
-27.0440000000
-28.5260000000
-29.0390000000
-27.3390000000
-26.2220000000
-26.2340000000
-24.5110000000
-25.0230000000
-26.7630000000
-26.7010000000
-28.1260000000
-28.9540000000
-27.2540000000
-27.0410000000
-26.0560000000
-24.3970000000
-25.1530000000
-26.3770000000
-26.1470000000
-27.8420000000
-29.3290000000
-28.3280000000
-26.9400000000
-27.7550000000
-27.1020000000
-25.3510000000
-23.9620000000
-24.8260000000
-26.4910000000
-25.8040000000
-25.8480000000
-27.6300000000
-29.1090000000
-29.1670000000
-27.2910000000
-27.1990000000
-27.8260000000
-26.2330000000
-24.6440000000
-23.8750000000
-25.5770000000
-26.7450000000
-26.0500000000
-27.4570000000
-29.3860000000
-29.7500000000
-28.6910000000
-29.9500000000
-31.7070000000
-33.0730000000
-31.9150000000
-30.6160000000
-28.9260000000
-28.5940000000
-30.0310000000
-29.4760000000
-27.8420000000
-26.3890000000
-25.2270000000
-26.5680000000
-27.4080000000
-25.7410000000
-24.7110000000
-24.6630000000
-23.2140000000
-21.9570000000
-21.7900000000
-23.3650000000
-24.4500000000
-22.8760000000
-21.7960000000
-22.8840000000
-24.3340000000
-24.9940000000
-26.8470000000
-27.7700000000
-26.0440000000
-24.4560000000
-23.2190000000
-21.9090000000
-23.2070000000
-24.9010000000
-23.9750000000
-22.1810000000
-20.2210000000
-19.7340000000
-21.2640000000
-20.6540000000
-18.6630000000
-16.7120000000
-16.4070000000
-18.0730000000
-17.6980000000
-15.7140000000
-13.8160000000
-12.8740000000
-14.5600000000
-15.7590000000
-14.3570000000
-13.1320000000
-11.4570000000
-9.9989000000
-11.2910000000
-12.5800000000
-11.3430000000
-10.0270000000
-8.4824000000
-7.1371000000
-8.4138000000
-8.8817000000
-7.0788000000
-5.1989000000
-4.2235000000
-5.4483000000
-4.6517000000
-2.6570000000
-0.8124400000
-1.2878000000
-2.0187000000
-0.3192900000
1.4435000000
2.8799000000
1.6719000000
0.7190900000
2.3875000000
3.9618000000
5.5656000000
6.1203000000
4.3264000000
3.1792000000
4.7059000000
6.1411000000
8.0310000000
8.4305000000
6.8726000000
7.4433000000
9.3741000000
11.3220000000
11.3900000000
10.2900000000
11.7340000000
13.6160000000
15.3220000000
14.4960000000
13.1620000000
14.5400000000
16.3870000000
18.1190000000
18.5620000000
16.6910000000
15.2960000000
15.7340000000
16.9490000000
18.4480000000
18.3700000000
18.9970000000
20.9520000000
21.8630000000
20.1810000000
18.5000000000
16.5910000000
16.8580000000
18.4650000000
17.6590000000
15.8200000000
13.9170000000
13.8900000000
14.9630000000
13.4850000000
11.5170000000
9.9231000000
10.9320000000
11.5910000000
9.8362000000
8.3321000000
6.5889000000
6.9221000000
8.8072000000
8.8492000000
7.0269000000
5.1505000000
3.8811000000
5.1922000000
5.2891000000
3.3477000000
1.3991000000
0.4554200000
2.0197000000
2.3317000000
0.4217100000
-1.4457000000
-2.9506000000
-1.6786000000
0.0496130000
-0.4263200000
-2.0837000000
-2.8251000000
-4.6957000000
-6.2863000000
-5.1267000000
-3.5825000000
-1.6789000000
-0.4512300000
-1.9840000000
-3.3611000000
-2.5462000000
-0.9129100000
-0.3912700000
1.3499000000
2.9237000000
1.7070000000
-0.2308300000
-2.1865000000
-2.6579000000
-0.7877200000
0.5005400000
0.5655200000
2.0448000000
3.3247000000
3.2176000000
1.3553000000
0.0180060000
1.4479000000
2.9879000000
4.9253000000
5.4937000000
3.8183000000
3.7906000000
5.6169000000
7.4624000000
8.3411000000
7.0543000000
7.8203000000
9.8136000000
11.6870000000
11.2950000000
10.4890000000
12.1580000000
13.9280000000
15.4440000000
14.3170000000
13.1970000000
14.7750000000
16.5000000000
18.1770000000
18.5990000000
16.7330000000
15.4110000000
16.3870000000
17.9400000000
18.4380000000
20.2500000000
22.0550000000
21.5300000000
19.9770000000
18.9880000000
17.1330000000
15.3800000000
15.7770000000
17.5580000000
18.0170000000
19.1840000000
20.8580000000
22.5600000000
22.4610000000
22.9880000000
24.7130000000
25.6960000000
24.9230000000
23.2510000000
21.4700000000
20.9040000000
19.3400000000
18.5550000000
20.1970000000
22.1090000000
22.8290000000
24.0450000000
25.4080000000
24.5270000000
22.5510000000
22.0850000000
23.8000000000
24.9200000000
26.8510000000
28.0790000000
26.5060000000
24.5600000000
22.6470000000
22.5680000000
24.5140000000
26.0530000000
27.5750000000
28.2410000000
26.4490000000
24.7050000000
24.3650000000
22.9060000000
21.6760000000
22.4890000000
24.4670000000
25.0340000000
23.3220000000
22.0640000000
20.1110000000
19.3230000000
21.1120000000
22.7270000000
24.0830000000
25.1970000000
23.6630000000
21.9500000000
22.6570000000
24.1580000000
25.3420000000
27.3250000000
28.0920000000
26.3510000000
24.5560000000
22.6680000000
23.1080000000
24.8910000000
24.6310000000
22.9630000000
21.7110000000
19.8880000000
20.2480000000
21.6500000000
20.5040000000
18.6770000000
16.8910000000
17.4150000000
18.0200000000
16.2220000000
14.2300000000
13.2660000000
14.5420000000
13.8630000000
12.0100000000
10.1840000000
10.0090000000
11.6840000000
11.2790000000
9.3531000000
7.9094000000
6.3184000000
7.3791000000
9.2819000000
9.3289000000
7.5883000000
6.9222000000
5.2664000000
3.3470000000
3.2414000000
4.9567000000
5.7394000000
7.5530000000
9.3656000000
9.7987000000
8.4046000000
6.9922000000
6.9004000000
5.2687000000
3.4321000000
2.4787000000
2.5408000000
0.9240300000
-0.3435800000
-0.1853300000
1.6100000000
3.4083000000
4.2493000000
5.7560000000
6.4730000000
4.7559000000
2.8754000000
2.2904000000
0.9153200000
-0.2998900000
0.7561000000
2.7079000000
2.8290000000
1.1128000000
-0.2980700000
-2.2379000000
-2.2302000000
-0.3537200000
0.2416000000
-0.9252300000
-2.4608000000
-2.7229000000
-4.2117000000
-5.7574000000
-4.5532000000
-2.8601000000
-2.5153000000
-1.2071000000
0.1540500000
-0.1552000000
-2.0050000000
-2.3909000000
-0.5086900000
0.8982200000
2.4552000000
3.0571000000
1.2925000000
0.0422680000
1.5102000000
3.0083000000
4.9082000000
5.2744000000
3.7358000000
4.3903000000
6.3422000000
8.2913000000
8.2871000000
7.1470000000
8.5662000000
10.4040000000
12.1760000000
11.5800000000
9.9204000000
10.7890000000
12.7730000000
14.7190000000
15.1550000000
13.3420000000
12.7820000000
14.5010000000
15.9340000000
17.7200000000
17.2640000000
16.1850000000
17.7000000000
19.6490000000
21.1450000000
20.1210000000
20.2710000000
22.2010000000
24.1100000000
24.4730000000
22.9770000000
23.7080000000
25.4780000000
26.7680000000
28.2530000000
27.1540000000
25.5560000000
26.6520000000
28.6340000000
30.5220000000
31.0240000000
29.1590000000
27.7720000000
27.6790000000
26.2070000000
24.9170000000
25.1240000000
27.0240000000
28.3350000000
26.9120000000
25.5800000000
23.7240000000
22.3960000000
23.8690000000
25.5220000000
