272.3000000000
207.8000000000
545.7000000000
557.5000000000
260.6000000000
261.1000000000
118.5000000000
568.7000000000
97.7000000000
123.5000000000
282.8000000000
182.9000000000
49.1000000000
387.5000000000
134.9000000000
233.6000000000
104.7000000000
422.7000000000
345.6000000000
110.7000000000
323.8000000000
346.2000000000
212.9000000000
441.8000000000
169.7000000000
130.0000000000
251.0000000000
351.3000000000
298.8000000000
206.1000000000
175.4000000000
464.7000000000
443.3000000000
177.7000000000
292.9000000000
124.4000000000
146.5000000000
156.8000000000
332.8000000000
319.6000000000
42.3000000000
339.0000000000
116.4000000000
172.4000000000
281.0000000000
322.7000000000
175.3000000000
351.4000000000
764.9000000000
259.8000000000
225.2000000000
239.3000000000
72.5000000000
180.2000000000
401.2000000000
276.2000000000
440.8000000000
252.2000000000
173.6000000000
424.0000000000
313.8000000000
177.6000000000
204.6000000000
526.4000000000
131.1000000000
381.7000000000
353.5000000000
204.3000000000
432.1000000000
155.6000000000
282.1000000000
191.9000000000
430.0000000000
306.7000000000
300.8000000000
310.3000000000
424.5000000000
295.3000000000
387.1000000000
320.6000000000
268.5000000000
105.5000000000
353.5000000000
392.9000000000
116.0000000000
179.5000000000
316.7000000000
285.8000000000
487.0000000000
500.2000000000
463.7000000000
103.0000000000
244.9000000000
429.9000000000
409.4000000000
143.2000000000
225.2000000000
277.5000000000
631.7000000000
230.8000000000
159.4000000000
205.3000000000
91.4000000000
331.3000000000
400.7000000000
386.2000000000
404.2000000000
403.1000000000
378.8000000000
621.6000000000
317.0000000000
437.8000000000
341.6000000000
556.4000000000
233.5000000000
171.1000000000
155.6000000000
145.0000000000
320.6000000000
371.8000000000
123.3000000000
286.8000000000
231.6000000000
235.9000000000
232.5000000000
329.6000000000
276.3000000000
416.3000000000
160.9000000000
251.8000000000
129.7000000000
185.3000000000
205.7000000000
161.2000000000
127.0000000000
355.1000000000
286.3000000000
203.7000000000
122.3000000000
159.5000000000
383.7000000000
104.6000000000
378.4000000000
205.0000000000
215.3000000000
156.9000000000
170.2000000000
678.3000000000
191.1000000000
290.5000000000
343.1000000000
323.3000000000
358.1000000000
211.9000000000
178.3000000000
119.5000000000
158.6000000000
251.8000000000
563.1000000000
458.5000000000
553.7000000000
139.1000000000
204.5000000000
295.1000000000
217.1000000000
528.7000000000
128.8000000000
246.4000000000
133.4000000000
148.2000000000
173.5000000000
254.3000000000
338.7000000000
250.1000000000
471.0000000000
224.8000000000
266.5000000000
189.2000000000
199.0000000000
131.1000000000
314.2000000000
722.9000000000
401.6000000000
267.5000000000
214.1000000000
162.0000000000
209.3000000000
245.9000000000
357.7000000000
390.0000000000
126.0000000000
252.6000000000
116.3000000000
38.2000000000
231.7000000000
191.6000000000
228.0000000000
262.0000000000
128.3000000000
305.3000000000
326.2000000000
152.1000000000
277.1000000000
415.8000000000
355.8000000000
365.2000000000
92.2000000000
83.9000000000
