-2.1760000000
-0.4570100000
-0.3926500000
-2.4068000000
-2.8811000000
-0.5353000000
0.9411900000
0.4609000000
-0.2040100000
-0.1277300000
0.3504100000
1.0634000000
2.0524000000
1.9624000000
0.8649200000
0.8773200000
2.2017000000
2.3200000000
0.7375200000
0.3643800000
2.1875000000
2.9142000000
0.8101000000
-0.7294900000
-0.0950410000
1.4559000000
2.5146000000
1.5231000000
0.2494200000
1.2508000000
2.9422000000
1.9395000000
-0.2824200000
-0.4704900000
1.0162000000
2.6091000000
1.9962000000
0.1673000000
0.3246700000
2.4730000000
2.9137000000
0.4480700000
-1.1153000000
-0.8852400000
-1.0027000000
-2.0332000000
-2.1304000000
-0.9183300000
-0.6822300000
-2.1181000000
-2.5465000000
-0.8609400000
-0.0194460000
-1.6700000000
-3.1585000000
-1.4423000000
0.7913700000
0.9574400000
0.5618500000
1.4232000000
2.5025000000
1.6766000000
0.3018400000
1.0935000000
2.8657000000
2.1216000000
-0.1399400000
-0.4928000000
0.9837000000
2.6662000000
2.0458000000
0.0968360000
0.1008500000
2.2058000000
3.0574000000
0.7769700000
-1.0499000000
-0.9402600000
-0.9194900000
-1.9168000000
-2.2130000000
-1.0660000000
-0.5974800000
-1.9318000000
-2.6299000000
-1.0936000000
0.0112410000
-1.3929000000
-3.1346000000
-1.7687000000
0.6299500000
1.0099000000
0.5476500000
1.2306000000
2.4559000000
1.8975000000
0.3827900000
0.8276500000
2.7201000000
2.4237000000
0.0964980000
-0.6332600000
0.5854800000
2.3478000000
2.3672000000
0.5194700000
0.0695100000
1.9883000000
3.1313000000
1.0561000000
-0.9628500000
-0.9619000000
-0.8062900000
-1.7947000000
-2.3246000000
-1.2224000000
-0.4786400000
-1.7315000000
-2.7528000000
-1.3471000000
0.1276000000
-0.8409700000
-2.9595000000
-2.3729000000
0.2468800000
1.1809000000
0.8640600000
1.3287000000
2.1774000000
1.7643000000
0.7096300000
1.1022000000
2.4115000000
2.0704000000
0.4580000000
0.6008900000
2.5581000000
2.6720000000
0.3298600000
-0.7753400000
0.1116000000
1.6123000000
2.4303000000
1.3511000000
0.3472800000
1.5499000000
2.8894000000
1.5790000000
-0.2819300000
0.1262000000
2.2478000000
2.9338000000
0.7000000000
-0.8815000000
-0.4216200000
0.4533900000
0.9717700000
1.7073000000
1.9968000000
1.2781000000
0.8764900000
1.7041000000
2.2710000000
1.3318000000
0.5548700000
1.6076000000
2.6486000000
1.4858000000
0.0718050000
1.0483000000
2.9997000000
2.1693000000
-0.3295600000
-0.9790300000
-0.3376400000
-0.3431400000
-1.6796000000
-2.6547000000
-1.3642000000
-0.0287710000
-1.1383000000
-3.0501000000
-2.0648000000
0.4242300000
1.0046000000
0.4307800000
0.7256500000
2.2021000000
2.4230000000
0.7360800000
0.1665600000
1.9836000000
3.0818000000
1.0663000000
-0.8590600000
-0.6935500000
-0.0465280000
-0.3299600000
-1.6871000000
-2.5755000000
-1.3337000000
-0.1427700000
-1.3649000000
-3.0450000000
-1.8073000000
0.4718700000
0.6877700000
-0.3726900000
-1.4587000000
-2.1165000000
-1.5065000000
-0.7438200000
-1.4142000000
-2.4014000000
-1.6938000000
-0.4342400000
-1.1595000000
-2.7488000000
-2.0353000000
-0.0132360000
0.0253550000
-2.0196000000
-3.0886000000
-0.9916600000
0.9337900000
0.8219800000
0.4681100000
1.4681000000
2.5830000000
1.6255000000
0.1858900000
1.0237000000
2.9286000000
2.2019000000
-0.2193400000
-0.8046000000
0.1444200000
1.1652000000
1.9901000000
1.7806000000
0.9142600000
1.1000000000
2.1645000000
2.0482000000
0.7550400000
0.7652400000
2.3230000000
2.4672000000
0.6047300000
-0.0295970000
1.7785000000
3.1760000000
1.3060000000
-0.8924200000
-1.0523000000
-0.8806000000
-1.7285000000
-2.2340000000
-1.2938000000
-0.5949800000
-1.6572000000
-2.6053000000
-1.4217000000
-0.1245500000
-1.2264000000
-3.0270000000
-1.9686000000
0.4067200000
0.8007100000
-0.1098100000
-0.8329800000
-1.5234000000
-1.9964000000
-1.4787000000
-0.8942600000
-1.4640000000
-2.2255000000
-1.6162000000
-0.6382600000
-1.2736000000
-2.5147000000
-1.8744000000
-0.3089900000
-0.7836200000
-2.7538000000
-2.4724000000
-0.0559790000
0.7996900000
-0.1413500000
-1.4470000000
-2.2666000000
-1.5155000000
-0.5612100000
-1.3847000000
-2.6183000000
-1.7511000000
-0.1569900000
-0.7732600000
-2.8340000000
-2.4771000000
0.0537460000
1.0051000000
0.3982900000
0.1942300000
1.2848000000
2.6069000000
1.8072000000
0.1693800000
0.6920000000
2.7800000000
2.5637000000
0.0278140000
-1.0307000000
-0.4821800000
-0.3464600000
-1.5964000000
-2.6606000000
-1.4674000000
-0.0439660000
-1.0226000000
-3.0017000000
-2.1962000000
0.3286000000
1.0253000000
0.4602800000
0.6894800000
2.1485000000
2.4576000000
0.8037400000
0.1473300000
1.9068000000
3.0953000000
1.1600000000
-0.8237100000
-0.7008800000
-0.0040402000
-0.1405400000
-1.2440000000
-2.4584000000
-1.8095000000
-0.3605200000
-0.9459300000
-2.7772000000
-2.2898000000
-0.0052574000
0.5308500000
-0.8792000000
-2.6478000000
-2.1546000000
-0.1317900000
0.0503100000
-1.9498000000
-3.1212000000
-1.0805000000
0.9320900000
0.9073700000
0.6482200000
1.6770000000
2.4718000000
1.3746000000
0.3091000000
1.5004000000
2.9247000000
1.6413000000
-0.3219100000
-0.0674010000
1.9095000000
2.9610000000
1.0883000000
-0.6308300000
-0.1153800000
1.5757000000
2.6716000000
1.4143000000
-0.0000749480
1.0091000000
3.0113000000
2.2070000000
-0.3420400000
-1.0741000000
-0.5929100000
-1.0329000000
-2.3323000000
-2.1161000000
-0.5553000000
-0.6036100000
-2.4864000000
-2.6688000000
-0.4208000000
0.6473300000
-0.4148100000
-2.2760000000
-2.5235000000
-0.6165600000
0.1453800000
-1.5446000000
-3.1773000000
-1.5714000000
0.7744400000
1.0879000000
0.8456200000
1.6281000000
2.2582000000
1.4160000000
0.5779200000
1.5084000000
2.6109000000
1.6014000000
0.1467700000
1.0016000000
2.9438000000
2.2257000000
-0.2383400000
-0.8880000000
-0.0806580000
0.5020700000
0.7248000000
1.4991000000
2.2212000000
1.5440000000
0.6320400000
1.3593000000
2.5307000000
1.7729000000
0.2776200000
0.9157800000
2.8301000000
2.3250000000
-0.0637660000
-0.7283600000
0.3520300000
1.8263000000
2.3530000000
1.1144000000
0.4231300000
1.8538000000
2.8316000000
1.2078000000
-0.3154000000
0.5739900000
2.7549000000
2.5935000000
0.0473560000
-1.0622000000
-0.5754400000
-0.5937500000
-1.9572000000
-2.5415000000
-1.0409000000
-0.1175800000
-1.6559000000
-3.1029000000
-1.4625000000
0.6829200000
0.7046400000
-0.1672300000
-0.5907200000
-0.9336600000
-1.8624000000
-2.1160000000
-1.1114000000
-0.7173900000
-1.8890000000
-2.4812000000
-1.1302000000
-0.2508700000
-1.7269000000
-3.0028000000
-1.3744000000
0.5438900000
0.2309200000
-1.4396000000
-2.7044000000
-1.5655000000
0.0198550000
-0.7396100000
-2.8757000000
-2.4942000000
0.1128900000
1.1496000000
0.7842000000
1.1821000000
2.2209000000
1.9400000000
0.6741600000
0.8871300000
2.4326000000
2.3315000000
0.4568500000
0.0841430000
2.0489000000
3.1201000000
0.9817500000
-0.9964100000
-0.9781700000
-0.8845100000
-1.8417000000
-2.2439000000
-1.1590000000
-0.5695600000
-1.8169000000
-2.6519000000
-1.2341000000
-0.0031782000
-1.2592000000
-3.0976000000
-1.9249000000
0.5283000000
1.0109000000
0.4902900000
1.0020000000
2.3869000000
2.1491000000
0.4902000000
0.4842900000
2.4601000000
2.7933000000
0.4631600000
-0.8485400000
-0.1616800000
0.9979200000
2.0030000000
1.9086000000
0.9012300000
0.9431700000
2.1643000000
2.2370000000
0.7743200000
0.5250300000
2.2560000000
2.7465000000
0.7130400000
-0.4835100000
0.6565800000
2.7200000000
2.4472000000
0.0708480000
-0.7340100000
0.3113200000
1.8507000000
2.4047000000
1.0902000000
0.3454800000
1.8431000000
2.9171000000
1.2282000000
-0.4580600000
0.1798400000
2.2470000000
2.8219000000
0.6834200000
-0.6758500000
0.1511500000
1.9420000000
2.6341000000
1.0072000000
-0.0763400000
1.3527000000
3.1445000000
1.8088000000
-0.6361100000
-1.0866000000
-0.7455800000
-1.4817000000
-2.3408000000
-1.5973000000
-0.4962900000
-1.2819000000
-2.6864000000
-1.8817000000
-0.0796270000
-0.3950600000
-2.5754000000
-2.8416000000
-0.3126600000
1.1484000000
0.9042500000
1.1002000000
2.0569000000
2.0205000000
0.8795400000
0.8108100000
2.1777000000
2.3977000000
0.7742100000
0.2437100000
2.0454000000
3.0230000000
0.9897100000
-0.7996200000
-0.4551200000
0.5810700000
1.4711000000
2.0255000000
1.5063000000
0.8567700000
1.4262000000
2.2667000000
1.6658000000
0.5936100000
1.2094000000
2.5620000000
1.9565000000
0.2559800000
0.5586000000
2.6500000000
2.7072000000
0.2122100000
-1.0191000000
-0.5055600000
-0.2244900000
-1.2703000000
-2.6119000000
-1.8314000000
-0.1665200000
-0.6438200000
-2.7502000000
-2.6134000000
-0.0718480000
1.0547000000
0.5577700000
0.5166200000
1.8585000000
2.5958000000
1.1612000000
0.0690690000
1.4568000000
3.1076000000
1.6981000000
-0.6057300000
-0.8439600000
-0.1108400000
-0.0729870000
-1.0748000000
-2.4172000000
-1.9895000000
-0.4267100000
-0.7103200000
-2.6367000000
-2.5535000000
-0.2184600000
0.6969700000
-0.3740900000
-2.0829000000
-2.4692000000
-0.8337000000
-0.1319000000
-1.8588000000
-3.1037000000
-1.2180000000
0.8053000000
0.7183300000
0.0162590000
0.1390700000
1.2445000000
2.4655000000
1.8104000000
0.3516400000
0.9358300000
2.7813000000
2.3016000000
0.0009258700
-0.5618100000
0.7965200000
2.5591000000
2.2166000000
0.2506600000
0.0213740000
2.0378000000
3.1226000000
0.9853800000
-1.0011000000
-0.9954700000
-0.9174500000
-1.8428000000
-2.2070000000
-1.1544000000
-0.6135500000
-1.8270000000
-2.6000000000
-1.2168000000
-0.0833490000
-1.4178000000
-3.0931000000
-1.7444000000
0.5674600000
0.8199900000
0.0233080000
-0.2314800000
0.1558300000
0.8122700000
1.8406000000
2.1493000000
1.1255000000
0.6766500000
1.8676000000
2.5280000000
1.1607000000
0.1839300000
1.6212000000
3.0511000000
1.5035000000
-0.5761300000
-0.4889700000
0.7998700000
2.1387000000
2.0932000000
0.7470400000
0.7042200000
2.3257000000
2.5408000000
0.6085500000
-0.1731800000
1.4976000000
3.1736000000
1.6228000000
-0.7492000000
-1.0956000000
-0.8429600000
-1.6090000000
-2.2581000000
-1.4388000000
-0.5803200000
-1.4812000000
-2.6053000000
-1.6336000000
-0.1593200000
-0.9711800000
-2.9252000000
-2.2602000000
0.2065500000
0.8866200000
0.0740650000
-0.5588500000
-0.9049300000
-1.7294000000
-2.1060000000
-1.2661000000
-0.7444200000
-1.7054000000
-2.4302000000
-1.3462000000
-0.3634300000
-1.5662000000
-2.8737000000
-1.5581000000
0.2624700000
-0.2054700000
-2.3658000000
-2.8993000000
-0.5586000000
0.9603600000
0.5331000000
-0.0154780000
0.4309200000
1.8337000000
2.5172000000
1.1582000000
0.1924500000
1.6322000000
3.0448000000
1.4900000000
-0.5704600000
-0.4558400000
0.8867400000
2.2542000000
2.0426000000
0.6087300000
0.7456800000
2.4912000000
2.5068000000
0.4004000000
-0.3432800000
1.2332000000
3.0555000000
1.8830000000
-0.4855400000
-0.8481000000
-0.0523200000
0.2634000000
-0.0489990000
-0.5311700000
-1.3353000000
-2.1838000000
-1.7014000000
-0.6879000000
-1.1747000000
-2.4448000000
-1.9865000000
-0.4086100000
-0.7017200000
-2.6467000000
-2.5631000000
-0.2063100000
0.7352300000
-0.2738100000
-1.8794000000
-2.4570000000
-1.0616000000
-0.2545700000
-1.7973000000
-3.0037000000
-1.2896000000
0.5838500000
0.2240800000
-1.4146000000
-2.6587000000
-1.5852000000
-0.0514190000
-0.8510200000
-2.9184000000
-2.3846000000
0.1828200000
1.0735000000
0.5755400000
0.8329300000
2.2110000000
2.3255000000
0.7200400000
0.3413200000
2.1815000000
2.9361000000
0.8187100000
-0.7653700000
-0.2000400000
1.1809000000
2.3175000000
1.7786000000
0.5176900000
1.0624000000
2.6381000000
2.1411000000
0.1755400000
0.0634890000
2.1332000000
3.0931000000
0.8685200000
-1.0381000000
-0.9866500000
-0.9574400000
-1.8820000000
-2.1663000000
-1.1035000000
-0.6575700000
-1.8927000000
-2.5536000000
-1.1331000000
-0.1336000000
-1.5851000000
-3.0850000000
-1.5472000000
0.6181900000
0.6562300000
-0.3484300000
-1.1997000000
-1.9303000000
-1.7662000000
-0.9894800000
-1.1255000000
-2.0766000000
-2.0086000000
-0.8569000000
-0.8230900000
-2.2062000000
-2.3858000000
-0.7385900000
-0.2420700000
-2.0710000000
-3.0241000000
-0.9584600000
0.8250900000
0.4926100000
-0.4513800000
-1.1102000000
-1.8327000000
-1.8681000000
-1.1178000000
-1.0159000000
-1.9112000000
-2.1241000000
-1.0676000000
-0.7052800000
-1.9407000000
-2.5010000000
-1.0700000000
-0.2003400000
-1.7345000000
-3.0476000000
-1.3674000000
0.6262200000
0.4335800000
-0.8841300000
-2.1965000000
-2.0324000000
-0.6762200000
-0.7709400000
-2.4178000000
-2.4697000000
-0.4885100000
0.1591800000
-1.6017000000
-3.1760000000
-1.4992000000
0.8028600000
1.0639000000
0.8205100000
1.6447000000
2.2885000000
1.3988000000
0.5397300000
1.5253000000
2.6586000000
1.5859000000
0.0753550000
0.9027900000
2.9369000000
2.3310000000
-0.2151000000
-1.0368000000
-0.4776000000
-0.6039200000
-2.0374000000
-2.5306000000
-0.9423700000
-0.0917850000
-1.7116000000
-3.1237000000
-1.3954000000
0.7497900000
0.7891200000
0.1101300000
0.3012300000
1.6416000000
2.6038000000
1.3911000000
0.1116000000
1.2442000000
3.0385000000
1.9474000000
-0.4291700000
-0.8165900000
0.0594670000
0.6598300000
1.1410000000
1.9356000000
1.8990000000
1.0050000000
0.9685100000
2.0424000000
2.1943000000
0.9167500000
0.6056200000
2.1123000000
2.6382000000
0.8769700000
-0.1427100000
1.3483000000
3.1558000000
1.8053000000
-0.6574800000
-1.1341000000
-0.8656400000
-1.5513000000
-2.2232000000
-1.5045000000
-0.6289300000
-1.4070000000
-2.5393000000
-1.7163000000
-0.2600400000
-0.9846500000
-2.8666000000
-2.2471000000
0.1243000000
0.6966000000
-0.4396000000
-1.9495000000
-2.3391000000
-0.9758900000
-0.4187200000
-2.0039000000
-2.8490000000
-1.0283000000
0.4423900000
-0.4585600000
-2.5899000000
-2.6446000000
-0.2566900000
0.8346400000
0.0232540000
-1.1964000000
-2.1503000000
-1.7519000000
-0.7175000000
-1.1147000000
-2.4029000000
-2.0544000000
-0.4671600000
-0.6389400000
-2.5725000000
